1778315705457 0.21739130434782608 20
1778315720977 0.43478260869565216 40
1778315736159 0.6521739130434783 60
1778315751625 0.8695652173913043 80
1778315767002 1.0869565217391304 100
1778315782202 1.3043478260869565 120
1778315797667 1.5217391304347827 140
1778315813408 1.7391304347826086 160
1778315828746 1.9565217391304348 180
1778315844443 2.1739130434782608 200
1778315859778 2.391304347826087 220
1778315875208 2.608695652173913 240
1778315886858 2.717391304347826 250
1778315894866 2.8260869565217392 260
1778315910187 3.0434782608695654 280
1778315925168 3.260869565217391 300
1778315940438 3.4782608695652173 320
1778315955581 3.6956521739130435 340
1778315971191 3.9130434782608696 360
1778315986580 4.130434782608695 380
1778316001695 4.3478260869565215 400
1778316016949 4.565217391304348 420
1778316032234 4.782608695652174 440
1778316047801 5.0 460
1778316063256 5.217391304347826 480
1778316079272 5.434782608695652 500
1778316083536 5.434782608695652 500
1778316099434 5.6521739130434785 520
1778316114900 5.869565217391305 540
1778316130821 6.086956521739131 560
1778316146230 6.304347826086957 580
1778316162023 6.521739130434782 600
1778316177759 6.739130434782608 620
1778316193316 6.956521739130435 640
1778316209272 7.173913043478261 660
1778316224848 7.391304347826087 680
1778316240050 7.608695652173913 700
1778316255429 7.826086956521739 720
1778316271060 8.043478260869565 740
1778316282824 8.152173913043478 750
1778316291157 8.26086956521739 760
1778316306806 8.478260869565217 780
1778316322924 8.695652173913043 800
1778316338395 8.91304347826087 820
1778316354060 9.130434782608695 840
1778316369623 9.347826086956522 860
1778316385782 9.565217391304348 880
1778316401285 9.782608695652174 900
1778316416906 10.0 920
1778316417387 10.0 920
1778316421760 10.0 920
1778316426818 10.0 920
1778316427179 10.0 0
