1778315705457 1.1171396970748901 20
1778315720977 1.092742919921875 40
1778315736159 0.7124462723731995 60
1778315751625 1.9130979776382446 80
1778315767002 1.033024549484253 100
1778315782202 1.8704791069030762 120
1778315797667 1.4889428615570068 140
1778315813408 1.336346983909607 160
1778315828746 0.7986624240875244 180
1778315844443 0.8777660727500916 200
1778315859778 1.670973300933838 220
1778315875208 1.0114681720733643 240
1778315894866 2.459810256958008 260
1778315910187 1.0711352825164795 280
1778315925168 1.0150419473648071 300
1778315940438 1.7754911184310913 320
1778315955581 2.3509223461151123 340
1778315971191 2.1867892742156982 360
1778315986580 1.0927627086639404 380
1778316001695 1.8736867904663086 400
1778316016949 1.873068928718567 420
1778316032234 1.9603592157363892 440
1778316047801 4.761162281036377 460
1778316063256 1.2159850597381592 480
1778316079272 2.4483795166015625 500
1778316099434 2.163667917251587 520
1778316114900 1.5289170742034912 540
1778316130821 1.356956124305725 560
1778316146230 2.3601720333099365 580
1778316162023 1.6036356687545776 600
1778316177759 2.0549306869506836 620
1778316193316 2.3547635078430176 640
1778316209272 2.2814102172851562 660
1778316224848 1.7824735641479492 680
1778316240050 3.1639368534088135 700
1778316255429 1.731552243232727 720
1778316271060 1.883732795715332 740
1778316291157 1.5986922979354858 760
1778316306806 1.4771065711975098 780
1778316322924 1.420533299446106 800
1778316338395 1.6034259796142578 820
1778316354060 3.212721347808838 840
1778316369623 1.5423505306243896 860
1778316385782 1.698759913444519 880
1778316401285 1.5229380130767822 900
1778316416906 3.9009008407592773 920
