1778315705457 0.6994 20
1778315720977 0.6947 40
1778315736159 0.6853 60
1778315751625 0.6754 80
1778315767002 0.6643 100
1778315782202 0.6544 120
1778315797667 0.6345 140
1778315813408 0.6315 160
1778315828746 0.5886 180
1778315844443 0.5398 200
1778315859778 0.4775 220
1778315875208 0.4736 240
1778315894866 0.4254 260
1778315910187 0.3995 280
1778315925168 0.3605 300
1778315940438 0.4083 320
1778315955581 0.3807 340
1778315971191 0.3864 360
1778315986580 0.3511 380
1778316001695 0.325 400
1778316016949 0.3293 420
1778316032234 0.3338 440
1778316047801 0.33 460
1778316063256 0.3114 480
1778316079272 0.3121 500
1778316099434 0.2983 520
1778316114900 0.3053 540
1778316130821 0.2786 560
1778316146230 0.281 580
1778316162023 0.2728 600
1778316177759 0.2872 620
1778316193316 0.2689 640
1778316209272 0.2496 660
1778316224848 0.2623 680
1778316240050 0.2378 700
1778316255429 0.2443 720
1778316271060 0.2278 740
1778316291157 0.2373 760
1778316306806 0.2079 780
1778316322924 0.244 800
1778316338395 0.2203 820
1778316354060 0.2271 840
1778316369623 0.2147 860
1778316385782 0.2189 880
1778316401285 0.2224 900
1778316416906 0.2114 920
