1778603454479 1.3679078817367554 20
1778603455215 1.9323519468307495 40
1778603455943 5.5634684562683105 60
1778603456676 2.478893518447876 80
1778603457410 5.418281555175781 100
1778603458143 6.791685581207275 120
1778603458876 2.758796215057373 140
1778603459608 3.580690383911133 160
1778603460333 3.962193489074707 180
1778603461067 10.243558883666992 200
1778603461803 3.424009323120117 220
1778603462538 1.9209914207458496 240
1778603466333 5.0636820793151855 260
1778603467068 3.499674081802368 280
1778603467801 8.998236656188965 300
1778603468534 2.8512237071990967 320
1778603469266 3.345784902572632 340
1778603470004 4.244757175445557 360
1778603470737 3.1184802055358887 380
1778603471474 3.5925142765045166 400
1778603472210 1.463707685470581 420
1778603472943 3.1322906017303467 440
1778603473677 3.012160062789917 460
1778603474410 13.951210975646973 480
1778603475143 6.130184650421143 500
1778603478751 2.8774502277374268 520
1778603479485 2.295069932937622 540
1778603480217 2.5053300857543945 560
1778603480944 2.8789544105529785 580
1778603481676 4.711272716522217 600
1778603482412 2.5780961513519287 620
1778603483146 3.874371290206909 640
1778603483879 1.3821760416030884 660
1778603484610 8.965303421020508 680
1778603485346 6.307950496673584 700
1778603486081 4.037534713745117 720
1778603486815 4.8182549476623535 740
1778603490374 4.151594638824463 760
1778603491106 2.322300672531128 780
1778603491841 2.01442813873291 800
1778603492574 7.092279434204102 820
1778603493296 2.300945281982422 840
1778603494030 3.0579373836517334 860
1778603494762 3.1554441452026367 880
1778603495496 4.7494707107543945 900
1778603496228 3.186161518096924 920
1778603496963 12.357818603515625 940
1778603497697 5.072758674621582 960
1778603498430 3.500654458999634 980
1778603499163 10.988363265991211 1000
1778603502767 2.77683162689209 1020
1778603503501 8.8635892868042 1040
1778603504232 5.427623748779297 1060
1778603504965 4.266401767730713 1080
1778603505698 3.437687873840332 1100
1778603506455 3.181698799133301 1120
1778603507212 12.754864692687988 1140
1778603508010 3.910067319869995 1160
1778603508745 2.972107410430908 1180
1778603509478 5.999234676361084 1200
1778603510210 8.11721134185791 1220
1778603510942 8.603270530700684 1240
1778603514541 5.145756721496582 1260
1778603515280 3.898790121078491 1280
1778603516016 4.687443256378174 1300
1778603516752 2.615671396255493 1320
1778603517486 6.294899940490723 1340
1778603518221 3.6166694164276123 1360
1778603518955 3.654553174972534 1380
1778603519690 2.632766008377075 1400
1778603520424 2.419114828109741 1420
1778603521152 3.5932114124298096 1440
1778603521885 5.322742938995361 1460
1778603522618 1.8741172552108765 1480
1778603523353 4.356266975402832 1500
1778603526962 3.899691343307495 1520
1778603527694 8.678004264831543 1540
1778603528423 6.603275775909424 1560
1778603529154 5.391055583953857 1580
1778603529890 2.9435677528381348 1600
1778603530622 7.453925132751465 1620
1778603531359 3.1175427436828613 1640
1778603532093 4.339911937713623 1660
1778603532828 2.2283883094787598 1680
1778603533563 5.792347431182861 1700
1778603534296 3.134261131286621 1720
1778603535028 3.1851327419281006 1740
1778603538639 2.911478281021118 1760
1778603539373 5.8103861808776855 1780
1778603540108 3.6064326763153076 1800
1778603540841 3.0651674270629883 1820
1778603541572 2.1299822330474854 1840
1778603542307 3.649749517440796 1860
1778603543040 7.597062587738037 1880
1778603543779 3.149601697921753 1900
1778603544518 10.107925415039062 1920
1778603545250 12.562557220458984 1940
1778603545985 10.67287826538086 1960
1778603546721 6.119701862335205 1980
1778603547458 6.501389503479004 2000
1778603550878 7.492968559265137 2020
1778603551612 8.474739074707031 2040
1778603552347 3.778348922729492 2060
1778603553085 3.0002903938293457 2080
1778603553819 10.293843269348145 2100
1778603554554 7.917022228240967 2120
1778603555288 5.7248311042785645 2140
1778603556024 3.615036725997925 2160
1778603556759 5.081511974334717 2180
1778603557491 3.3557674884796143 2200
1778603558223 2.806818723678589 2220
1778603558956 9.532304763793945 2240
1778603562542 5.106262683868408 2260
1778603563275 6.141879558563232 2280
1778603564010 4.579627990722656 2300
1778603564741 7.189645290374756 2320
1778603565475 4.342375755310059 2340
1778603566206 17.608699798583984 2360
1778603566941 3.5229477882385254 2380
1778603567673 10.644277572631836 2400
1778603568407 4.431913375854492 2420
1778603569141 9.789125442504883 2440
1778603569873 7.567251205444336 2460
1778603570607 4.803422927856445 2480
1778603571339 3.65132212638855 2500
1778603575104 7.372134685516357 2520
1778603575838 5.804338455200195 2540
1778603576571 4.402990818023682 2560
1778603577304 3.526179790496826 2580
1778603578036 4.253237724304199 2600
1778603578772 5.542413711547852 2620
1778603579505 6.808936595916748 2640
1778603580236 4.111800193786621 2660
1778603580966 2.327157735824585 2680
1778603581698 6.09040641784668 2700
1778603582430 5.548758029937744 2720
1778603583163 4.596977710723877 2740
1778603586725 3.7211806774139404 2760
1778603587457 2.59358811378479 2780
1778603588190 4.40020751953125 2800
1778603588925 11.42934513092041 2820
1778603589657 5.16904354095459 2840
1778603590383 8.864697456359863 2860
1778603591115 6.906580924987793 2880
1778603591849 7.848151206970215 2900
1778603592582 2.940234661102295 2920
1778603593316 9.250826835632324 2940
1778603594049 9.787911415100098 2960
1778603594782 4.126706123352051 2980
1778603595515 7.921345233917236 3000
1778603598924 2.7806355953216553 3020
1778603599654 4.614686489105225 3040
1778603600388 10.700891494750977 3060
1778603601118 6.45413875579834 3080
1778603601850 4.139441013336182 3100
1778603602580 11.974376678466797 3120
1778603603313 8.853816986083984 3140
1778603604045 7.270972728729248 3160
1778603604777 30.133337020874023 3180
1778603605509 7.540714263916016 3200
1778603606241 9.302739143371582 3220
1778603606974 2.5100443363189697 3240
1778603610765 12.834546089172363 3260
1778603611495 8.870367050170898 3280
1778603612229 16.206897735595703 3300
1778603612962 2.4546358585357666 3320
1778603613697 13.727036476135254 3340
1778603614434 7.972301006317139 3360
1778603615166 4.8010478019714355 3380
1778603615900 6.342382907867432 3400
1778603616632 3.9076576232910156 3420
1778603617366 5.483956336975098 3440
1778603618098 8.277520179748535 3460
1778603618832 6.0180158615112305 3480
1778603619566 7.549298286437988 3500
1778603622985 9.93795394897461 3520
1778603623720 14.493058204650879 3540
1778603624457 4.98094367980957 3560
1778603625192 2.990199565887451 3580
1778603625927 8.962465286254883 3600
1778603626662 11.161469459533691 3620
1778603627397 8.801050186157227 3640
1778603628132 5.609060287475586 3660
1778603628868 11.571877479553223 3680
1778603629606 4.939768314361572 3700
1778603630339 11.324979782104492 3720
1778603631076 9.885797500610352 3740
1778603634708 10.034510612487793 3760
1778603635444 8.544547080993652 3780
1778603636177 6.247766971588135 3800
1778603636912 17.078311920166016 3820
1778603637649 5.869212627410889 3840
1778603638381 6.2048234939575195 3860
1778603639115 8.770342826843262 3880
1778603639846 4.598551273345947 3900
1778603640580 4.8269782066345215 3920
1778603641312 6.794247150421143 3940
1778603642045 7.9538655281066895 3960
1778603642779 8.764620780944824 3980
1778603643512 5.671238899230957 4000
1778603647114 17.083101272583008 4020
1778603647845 4.306580543518066 4040
1778603648579 12.892553329467773 4060
1778603649314 7.075150966644287 4080
1778603650049 14.079215049743652 4100
1778603650784 8.571582794189453 4120
1778603651516 7.142667770385742 4140
1778603652251 5.501961708068848 4160
1778603652982 7.123105049133301 4180
1778603653718 4.938429355621338 4200
1778603654449 3.6780142784118652 4220
1778603655176 6.4076104164123535 4240
1778603658930 10.909512519836426 4260
1778603659652 11.35612964630127 4280
1778603660386 4.305206775665283 4300
1778603661119 8.276163101196289 4320
1778603661851 17.810684204101562 4340
1778603662585 7.166619300842285 4360
1778603663318 6.57258939743042 4380
1778603664053 6.919013977050781 4400
1778603664786 15.690741539001465 4420
1778603665518 4.088070869445801 4440
1778603666249 1.225205898284912 4460
1778603666983 11.341435432434082 4480
1778603667717 9.12967300415039 4500
1778603671147 2.302091360092163 4520
1778603671884 12.88693904876709 4540
1778603672622 23.397531509399414 4560
1778603673358 7.429747581481934 4580
1778603674099 21.253026962280273 4600
1778603674842 29.460920333862305 4620
1778603675580 18.031496047973633 4640
1778603676315 7.674286365509033 4660
1778603677047 35.11392593383789 4680
1778603677781 7.135991096496582 4700
1778603678512 6.771353721618652 4720
1778603679244 9.649744033813477 4740
1778603682840 9.576055526733398 4760
1778603683572 4.854299068450928 4780
1778603684305 8.076271057128906 4800
1778603685038 2.998206853866577 4820
1778603685772 10.97502613067627 4840
1778603686504 9.681787490844727 4860
1778603687245 5.246877193450928 4880
1778603688011 18.069923400878906 4900
1778603688813 15.023660659790039 4920
1778603689548 10.813963890075684 4940
1778603690288 10.839884757995605 4960
1778603691019 5.764758110046387 4980
1778603691752 20.307395935058594 5000
1778603695326 3.035276174545288 5020
1778603696061 10.106451988220215 5040
1778603696795 36.56668472290039 5060
1778603697529 11.338866233825684 5080
1778603698263 8.757532119750977 5100
1778603698995 8.026390075683594 5120
1778603699732 10.566576957702637 5140
1778603700464 9.409071922302246 5160
1778603701199 12.565216064453125 5180
1778603701932 3.449014902114868 5200
1778603702665 18.203798294067383 5220
1778603703404 11.876656532287598 5240
1778603707169 14.23342514038086 5260
1778603707900 10.302572250366211 5280
1778603708634 13.810702323913574 5300
1778603709367 5.891298294067383 5320
1778603710102 4.9604997634887695 5340
1778603710835 12.779281616210938 5360
1778603711569 16.841846466064453 5380
1778603712303 2.0350232124328613 5400
1778603713035 2.383101224899292 5420
1778603713769 21.967294692993164 5440
1778603714501 11.376635551452637 5460
1778603715234 12.452178001403809 5480
1778603715967 11.602890968322754 5500
1778603719391 11.771976470947266 5520
1778603720124 5.084652900695801 5540
1778603720857 1.1550209522247314 5560
1778603721590 11.811871528625488 5580
1778603722326 8.935355186462402 5600
1778603723060 4.8368401527404785 5620
1778603723797 11.53616714477539 5640
1778603724531 14.225226402282715 5660
1778603725267 9.36007022857666 5680
1778603726000 6.837966442108154 5700
1778603726730 10.803932189941406 5720
1778603727464 22.539470672607422 5740
1778603731075 3.4152708053588867 5760
1778603731809 15.93513011932373 5780
1778603732545 7.824601173400879 5800
1778603733280 2.7448832988739014 5820
1778603734013 6.6662139892578125 5840
1778603734748 6.3932952880859375 5860
1778603735481 15.777877807617188 5880
1778603736216 12.244627952575684 5900
1778603736950 3.2955408096313477 5920
1778603737683 2.0963597297668457 5940
1778603738419 2.5447824001312256 5960
1778603739151 8.47172737121582 5980
1778603739887 4.5474772453308105 6000
1778603743515 0.6904964447021484 6020
1778603744249 1.4988042116165161 6040
1778603744984 10.935210227966309 6060
1778603745718 37.87715530395508 6080
1778603746455 20.295392990112305 6100
1778603747187 19.961618423461914 6120
1778603747922 1.3561521768569946 6140
1778603748656 27.070039749145508 6160
1778603749388 2.4826228618621826 6180
1778603750123 54.55842208862305 6200
1778603750855 6.621619701385498 6220
1778603751577 40.7031135559082 6240
1778603755206 13.753777503967285 6260
1778603755942 8.324095726013184 6280
1778603756676 5.502083778381348 6300
1778603757408 41.02119445800781 6320
1778603758142 22.754005432128906 6340
1778603758875 13.179110527038574 6360
1778603759599 15.160659790039062 6380
1778603760330 20.184642791748047 6400
1778603761065 14.619108200073242 6420
1778603761797 0.7938688397407532 6440
1778603762532 5.2216410636901855 6460
1778603763265 29.586801528930664 6480
1778603763999 3.738308906555176 6500
1778603767616 29.497297286987305 6520
1778603768351 1.4710166454315186 6540
1778603769088 3.046578884124756 6560
1778603769821 6.782362461090088 6580
1778603770555 22.656476974487305 6600
1778603771288 2.2259557247161865 6620
1778603772024 45.198448181152344 6640
1778603772756 1.7669830322265625 6660
1778603773492 13.074793815612793 6680
1778603774228 4.9512104988098145 6700
1778603774958 3.0515782833099365 6720
1778603775692 14.898663520812988 6740
1778603779251 1.0122929811477661 6760
1778603779985 22.40348243713379 6780
1778603780719 0.6214678287506104 6800
1778603781456 7.076579570770264 6820
1778603782190 21.810943603515625 6840
1778603782926 4.19844388961792 6860
1778603783661 23.000513076782227 6880
1778603784393 11.733266830444336 6900
1778603785131 6.716753959655762 6920
1778603785863 15.716530799865723 6940
1778603786597 1.539116382598877 6960
1778603787330 12.684489250183105 6980
1778603788064 1.115451455116272 7000
1778603791679 3.330789089202881 7020
1778603792412 12.977977752685547 7040
1778603793145 2.6996262073516846 7060
1778603793877 8.62159252166748 7080
1778603794615 21.628068923950195 7100
1778603795347 2.271219253540039 7120
