1778314985023 0.21739130434782608 20
1778315000079 0.43478260869565216 40
1778315014958 0.6521739130434783 60
1778315029854 0.8695652173913043 80
1778315044793 1.0869565217391304 100
1778315059668 1.3043478260869565 120
1778315074656 1.5217391304347827 140
1778315089590 1.7391304347826086 160
1778315104646 1.9565217391304348 180
1778315119552 2.1739130434782608 200
1778315134498 2.391304347826087 220
1778315149471 2.608695652173913 240
1778315160919 2.717391304347826 250
1778315168846 2.8260869565217392 260
1778315183863 3.0434782608695654 280
1778315198820 3.260869565217391 300
1778315213802 3.4782608695652173 320
1778315228798 3.6956521739130435 340
1778315243771 3.9130434782608696 360
1778315258765 4.130434782608695 380
1778315273655 4.3478260869565215 400
1778315288649 4.565217391304348 420
1778315303521 4.782608695652174 440
1778315318503 5.0 460
1778315333467 5.217391304347826 480
1778315348453 5.434782608695652 500
1778315352444 5.434782608695652 500
1778315367838 5.6521739130434785 520
1778315382770 5.869565217391305 540
1778315397783 6.086956521739131 560
1778315412825 6.304347826086957 580
1778315427844 6.521739130434782 600
1778315442988 6.739130434782608 620
1778315457967 6.956521739130435 640
1778315473145 7.173913043478261 660
1778315488120 7.391304347826087 680
1778315503237 7.608695652173913 700
1778315518221 7.826086956521739 720
1778315533590 8.043478260869565 740
1778315545165 8.152173913043478 750
1778315553154 8.26086956521739 760
1778315568146 8.478260869565217 780
1778315583479 8.695652173913043 800
1778315598722 8.91304347826087 820
1778315614053 9.130434782608695 840
1778315629158 9.347826086956522 860
1778315644464 9.565217391304348 880
1778315659617 9.782608695652174 900
1778315674772 10.0 920
1778315675243 10.0 920
1778315679402 10.0 920
1778315684274 10.0 920
1778315684616 10.0 0
