1778314985023 0.6971 20
1778315000079 0.691 40
1778315014958 0.6848 60
1778315029854 0.6755 80
1778315044793 0.6663 100
1778315059668 0.6463 120
1778315074656 0.6413 140
1778315089590 0.6164 160
1778315104646 0.5711 180
1778315119552 0.5282 200
1778315134498 0.5144 220
1778315149471 0.4649 240
1778315168846 0.4842 260
1778315183863 0.4215 280
1778315198820 0.386 300
1778315213802 0.3814 320
1778315228798 0.3994 340
1778315243771 0.3813 360
1778315258765 0.3861 380
1778315273655 0.3127 400
1778315288649 0.3302 420
1778315303521 0.3428 440
1778315318503 0.3316 460
1778315333467 0.3094 480
1778315348453 0.3044 500
1778315367838 0.286 520
1778315382770 0.2849 540
1778315397783 0.295 560
1778315412825 0.2416 580
1778315427844 0.285 600
1778315442988 0.2579 620
1778315457967 0.2367 640
1778315473145 0.2538 660
1778315488120 0.2466 680
1778315503237 0.2206 700
1778315518221 0.2478 720
1778315533590 0.224 740
1778315553154 0.2133 760
1778315568146 0.2005 780
1778315583479 0.188 800
1778315598722 0.2325 820
1778315614053 0.2098 840
1778315629158 0.1849 860
1778315644464 0.2026 880
1778315659617 0.198 900
1778315674772 0.1897 920
