1778163633174 0.015015015015015015 20
1778163634900 0.03003003003003003 40
1778163636636 0.04504504504504504 60
1778163638373 0.06006006006006006 80
1778163640153 0.07507507507507508 100
1778163641920 0.09009009009009009 120
1778163643665 0.10510510510510511 140
1778163645397 0.12012012012012012 160
1778163647166 0.13513513513513514 180
1778163648930 0.15015015015015015 200
1778163650698 0.16516516516516516 220
1778163652476 0.18018018018018017 240
1778163655464 0.18768768768768768 250
1778163658100 0.19519519519519518 260
1778163659874 0.21021021021021022 280
1778163661646 0.22522522522522523 300
1778163663423 0.24024024024024024 320
1778163665197 0.2552552552552553 340
1778163666970 0.2702702702702703 360
1778163668749 0.2852852852852853 380
1778163670523 0.3003003003003003 400
1778163672295 0.3153153153153153 420
1778163674074 0.3303303303303303 440
1778163675852 0.34534534534534533 460
1778163677627 0.36036036036036034 480
1778163679407 0.37537537537537535 500
1778163681506 0.37537537537537535 500
1778163685365 0.39039039039039036 520
1778163687136 0.40540540540540543 540
1778163688920 0.42042042042042044 560
1778163690692 0.43543543543543545 580
1778163692475 0.45045045045045046 600
1778163694262 0.46546546546546547 620
1778163696041 0.4804804804804805 640
1778163697813 0.4954954954954955 660
1778163699590 0.5105105105105106 680
1778163701364 0.5255255255255256 700
1778163703139 0.5405405405405406 720
1778163704922 0.5555555555555556 740
1778163707904 0.5630630630630631 750
1778163712383 0.5705705705705706 760
1778163714167 0.5855855855855856 780
1778163715948 0.6006006006006006 800
1778163717724 0.6156156156156156 820
1778163719512 0.6306306306306306 840
1778163721293 0.6456456456456456 860
1778163723075 0.6606606606606606 880
1778163724865 0.6756756756756757 900
1778163726649 0.6906906906906907 920
1778163728426 0.7057057057057057 940
1778163730210 0.7207207207207207 960
1778163731988 0.7357357357357357 980
1778163733768 0.7507507507507507 1000
1778163735893 0.7507507507507507 1000
1778163739762 0.7657657657657657 1020
1778163741545 0.7807807807807807 1040
1778163743321 0.7957957957957958 1060
1778163745113 0.8108108108108109 1080
1778163746893 0.8258258258258259 1100
1778163748675 0.8408408408408409 1120
1778163750465 0.8558558558558559 1140
1778163752250 0.8708708708708709 1160
1778163754025 0.8858858858858859 1180
1778163755818 0.9009009009009009 1200
1778163757636 0.9159159159159159 1220
1778163759418 0.9309309309309309 1240
1778163762433 0.9384384384384384 1250
1778163767417 0.9459459459459459 1260
1778163769198 0.960960960960961 1280
1778163770978 0.975975975975976 1300
1778163772766 0.990990990990991 1320
1778163774544 1.006006006006006 1340
1778163776330 1.021021021021021 1360
1778163778128 1.0360360360360361 1380
1778163779911 1.0510510510510511 1400
1778163781696 1.0660660660660661 1420
1778163783486 1.0810810810810811 1440
1778163785270 1.0960960960960962 1460
1778163787055 1.1111111111111112 1480
1778163788838 1.1261261261261262 1500
1778163790970 1.1261261261261262 1500
1778163794525 1.1411411411411412 1520
1778163796310 1.1561561561561562 1540
1778163798093 1.1711711711711712 1560
1778163799878 1.1861861861861862 1580
1778163801663 1.2012012012012012 1600
1778163803449 1.2162162162162162 1620
1778163805234 1.2312312312312312 1640
1778163807022 1.2462462462462462 1660
1778163808807 1.2612612612612613 1680
1778163810592 1.2762762762762763 1700
1778163812376 1.2912912912912913 1720
1778163814163 1.3063063063063063 1740
1778163817180 1.3138138138138138 1750
1778163822619 1.3213213213213213 1760
1778163824405 1.3363363363363363 1780
1778163826190 1.3513513513513513 1800
1778163827976 1.3663663663663663 1820
1778163829755 1.3813813813813813 1840
1778163831543 1.3963963963963963 1860
1778163833329 1.4114114114114114 1880
1778163835120 1.4264264264264264 1900
1778163836907 1.4414414414414414 1920
1778163838699 1.4564564564564564 1940
1778163840488 1.4714714714714714 1960
1778163842280 1.4864864864864864 1980
1778163844068 1.5015015015015014 2000
1778163846214 1.5015015015015014 2000
1778163850383 1.5165165165165164 2020
1778163852170 1.5315315315315314 2040
1778163853971 1.5465465465465464 2060
1778163855765 1.5615615615615615 2080
1778163857552 1.5765765765765765 2100
1778163859339 1.5915915915915915 2120
1778163861127 1.6066066066066065 2140
1778163862925 1.6216216216216215 2160
1778163864716 1.6366366366366365 2180
1778163866509 1.6516516516516515 2200
1778163868301 1.6666666666666665 2220
1778163870095 1.6816816816816815 2240
1778163873121 1.689189189189189 2250
1778163877830 1.6966966966966965 2260
1778163879616 1.7117117117117115 2280
1778163881411 1.7267267267267268 2300
1778163883200 1.7417417417417418 2320
1778163884995 1.7567567567567568 2340
1778163886788 1.7717717717717718 2360
1778163888583 1.7867867867867868 2380
1778163890376 1.8018018018018018 2400
1778163892169 1.8168168168168168 2420
1778163893960 1.8318318318318318 2440
1778163895755 1.8468468468468469 2460
1778163897548 1.8618618618618619 2480
1778163899342 1.8768768768768769 2500
1778163901490 1.8768768768768769 2500
1778163905002 1.8918918918918919 2520
1778163906792 1.906906906906907 2540
1778163908580 1.921921921921922 2560
1778163910366 1.936936936936937 2580
1778163912157 1.951951951951952 2600
1778163913947 1.966966966966967 2620
1778163915741 1.981981981981982 2640
1778163917528 1.996996996996997 2660
1778163919315 2.012012012012012 2680
1778163921109 2.027027027027027 2700
1778163922903 2.042042042042042 2720
1778163924692 2.057057057057057 2740
1778163927723 2.0645645645645647 2750
1778163931105 2.0720720720720722 2760
1778163932893 2.0870870870870872 2780
1778163934681 2.1021021021021022 2800
1778163936473 2.1171171171171173 2820
1778163938265 2.1321321321321323 2840
1778163940058 2.1471471471471473 2860
1778163941849 2.1621621621621623 2880
1778163943645 2.1771771771771773 2900
1778163945437 2.1921921921921923 2920
1778163947230 2.2072072072072073 2940
1778163949016 2.2222222222222223 2960
1778163950810 2.2372372372372373 2980
1778163952598 2.2522522522522523 3000
1778163954752 2.2522522522522523 3000
1778163958974 2.2672672672672673 3020
1778163960766 2.2822822822822824 3040
1778163962555 2.2972972972972974 3060
1778163964344 2.3123123123123124 3080
1778163966137 2.3273273273273274 3100
1778163967930 2.3423423423423424 3120
1778163969717 2.3573573573573574 3140
1778163971511 2.3723723723723724 3160
1778163973301 2.3873873873873874 3180
1778163975094 2.4024024024024024 3200
1778163976884 2.4174174174174174 3220
1778163978678 2.4324324324324325 3240
1778163981722 2.43993993993994 3250
1778163987038 2.4474474474474475 3260
1778163988834 2.4624624624624625 3280
1778163990628 2.4774774774774775 3300
1778163992430 2.4924924924924925 3320
1778163994221 2.5075075075075075 3340
1778163996015 2.5225225225225225 3360
1778163997806 2.5375375375375375 3380
1778163999600 2.5525525525525525 3400
1778164001395 2.5675675675675675 3420
1778164003193 2.5825825825825826 3440
1778164004984 2.5975975975975976 3460
1778164006780 2.6126126126126126 3480
1778164008571 2.6276276276276276 3500
1778164010736 2.6276276276276276 3500
1778164012879 2.6276276276276276 3500
1778164015452 2.6276276276276276 3500
1778164018383 2.6276276276276276 3500
1778164018953 2.6276276276276276 0
