1778163633174 1.691035509109497 20
1778163634900 1.8750563859939575 40
1778163636636 2.502868890762329 60
1778163638373 11.651381492614746 80
1778163640153 7.7754902839660645 100
1778163641920 8.438153266906738 120
1778163643665 10.184762001037598 140
1778163645397 78.38243865966797 160
1778163647166 6.518717288970947 180
1778163648930 7.052206039428711 200
1778163650698 8.206718444824219 220
1778163652476 6.052521228790283 240
1778163658100 4.641908645629883 260
1778163659874 2.8882977962493896 280
1778163661646 2.324465274810791 300
1778163663423 3.720808267593384 320
1778163665197 2.7917017936706543 340
1778163666970 2.742680072784424 360
1778163668749 2.9502007961273193 380
1778163670523 3.7631349563598633 400
1778163672295 4.708836078643799 420
1778163674074 5.417814254760742 440
1778163675852 2.8425838947296143 460
1778163677627 3.480247974395752 480
1778163679407 2.172243595123291 500
1778163685365 6.598598480224609 520
1778163687136 3.5005671977996826 540
1778163688920 3.401540994644165 560
1778163690692 2.6105446815490723 580
1778163692475 2.221853256225586 600
1778163694262 2.9067904949188232 620
1778163696041 2.727492332458496 640
1778163697813 3.3829429149627686 660
1778163699590 2.4914934635162354 680
1778163701364 2.2873849868774414 700
1778163703139 5.207855224609375 720
1778163704922 2.6932320594787598 740
1778163712383 3.467379093170166 760
1778163714167 3.151175022125244 780
1778163715948 3.661470413208008 800
1778163717724 2.4577131271362305 820
1778163719512 2.1729464530944824 840
1778163721293 2.637263774871826 860
1778163723075 3.3576414585113525 880
1778163724865 5.629906177520752 900
1778163726649 3.955868721008301 920
1778163728426 3.5699782371520996 940
1778163730210 2.8978888988494873 960
1778163731988 3.163928270339966 980
1778163733768 2.707517147064209 1000
1778163739762 3.5860939025878906 1020
1778163741545 3.2194783687591553 1040
1778163743321 2.8276665210723877 1060
1778163745113 3.160623550415039 1080
1778163746893 2.2156982421875 1100
1778163748675 2.8297390937805176 1120
1778163750465 3.1542038917541504 1140
1778163752250 2.46722412109375 1160
1778163754025 4.177932262420654 1180
1778163755818 2.7864830493927 1200
1778163757636 4.708249092102051 1220
1778163759418 2.4958150386810303 1240
1778163767417 4.440299987792969 1260
1778163769198 2.5466151237487793 1280
1778163770978 2.248530626296997 1300
1778163772766 2.3432884216308594 1320
1778163774544 3.8332176208496094 1340
1778163776330 2.740426778793335 1360
1778163778128 3.980778694152832 1380
1778163779911 2.8470189571380615 1400
1778163781696 4.800780296325684 1420
1778163783486 5.193479061126709 1440
1778163785270 2.3932583332061768 1460
1778163787055 2.5361576080322266 1480
1778163788838 3.622788429260254 1500
1778163794525 3.3537511825561523 1520
1778163796310 4.2733659744262695 1540
1778163798093 4.166520595550537 1560
1778163799878 4.015923500061035 1580
1778163801663 2.5917816162109375 1600
1778163803449 5.41316556930542 1620
1778163805234 5.257197380065918 1640
1778163807022 3.256680488586426 1660
1778163808807 2.578763246536255 1680
1778163810592 3.441021203994751 1700
1778163812376 3.2409844398498535 1720
1778163814163 2.634397268295288 1740
1778163822619 3.5329723358154297 1760
1778163824405 3.4131598472595215 1780
1778163826190 5.889124870300293 1800
1778163827976 4.183526992797852 1820
1778163829755 3.0004403591156006 1840
1778163831543 4.2687859535217285 1860
1778163833329 3.176442861557007 1880
1778163835120 2.9262499809265137 1900
1778163836907 3.0067138671875 1920
1778163838699 2.2182843685150146 1940
1778163840488 3.8446617126464844 1960
1778163842280 4.340592384338379 1980
1778163844068 5.603582382202148 2000
1778163850383 3.9451582431793213 2020
1778163852170 4.449705600738525 2040
1778163853971 3.7014944553375244 2060
1778163855765 4.01519250869751 2080
1778163857552 2.922325849533081 2100
1778163859339 5.13611364364624 2120
1778163861127 4.801858901977539 2140
1778163862925 2.8449149131774902 2160
1778163864716 2.738420248031616 2180
1778163866509 4.14769983291626 2200
1778163868301 3.956739664077759 2220
1778163870095 4.794915199279785 2240
1778163877830 3.2369699478149414 2260
1778163879616 5.3226237297058105 2280
1778163881411 4.398310661315918 2300
1778163883200 4.858731746673584 2320
1778163884995 5.560938358306885 2340
1778163886788 5.48218297958374 2360
1778163888583 5.44552755355835 2380
1778163890376 5.011984348297119 2400
1778163892169 2.617138385772705 2420
1778163893960 4.721553325653076 2440
1778163895755 2.41630482673645 2460
1778163897548 3.542562246322632 2480
1778163899342 3.463893413543701 2500
1778163905002 3.14461350440979 2520
1778163906792 3.911781072616577 2540
1778163908580 3.9935312271118164 2560
1778163910366 5.703559875488281 2580
1778163912157 4.1435546875 2600
1778163913947 4.364812850952148 2620
1778163915741 3.0794057846069336 2640
1778163917528 3.472194194793701 2660
1778163919315 4.076879978179932 2680
1778163921109 6.9258527755737305 2700
1778163922903 4.696024417877197 2720
1778163924692 4.9788594245910645 2740
1778163931105 4.884256362915039 2760
1778163932893 2.4673008918762207 2780
1778163934681 4.970935821533203 2800
1778163936473 3.8467118740081787 2820
1778163938265 3.126648426055908 2840
1778163940058 2.395874261856079 2860
1778163941849 4.291720867156982 2880
1778163943645 3.79201602935791 2900
1778163945437 6.4308342933654785 2920
1778163947230 4.427518367767334 2940
1778163949016 2.7260866165161133 2960
1778163950810 6.776315212249756 2980
1778163952598 1.9548208713531494 3000
1778163958974 7.480687618255615 3020
1778163960766 4.1778154373168945 3040
1778163962555 3.305041551589966 3060
1778163964344 5.2247209548950195 3080
1778163966137 8.679633140563965 3100
1778163967930 5.90498685836792 3120
1778163969717 8.959056854248047 3140
1778163971511 6.864546775817871 3160
1778163973301 5.7717390060424805 3180
1778163975094 6.238003730773926 3200
1778163976884 4.90662145614624 3220
1778163978678 4.1374406814575195 3240
1778163987038 5.4156084060668945 3260
1778163988834 3.1409482955932617 3280
1778163990628 4.787334442138672 3300
1778163992430 5.219054222106934 3320
1778163994221 5.407043933868408 3340
1778163996015 5.438478946685791 3360
1778163997806 6.053023815155029 3380
1778163999600 4.886696815490723 3400
1778164001395 7.786133766174316 3420
1778164003193 6.605342864990234 3440
1778164004984 4.4464592933654785 3460
1778164006780 4.858475208282471 3480
1778164008571 6.716614723205566 3500
