1778163633174 1.1400000000000001e-05 20
1778163634900 2.2800000000000002e-05 40
1778163636636 2.9960212201591515e-05 60
1778163638373 2.9852216748768474e-05 80
1778163640153 2.973853732474422e-05 100
1778163641920 2.962485790071997e-05 120
1778163643665 2.9516862447896933e-05 140
1778163645397 2.9408866995073892e-05 160
1778163647166 2.929518757104964e-05 180
1778163648930 2.9181508147025387e-05 200
1778163650698 2.9067828723001137e-05 220
1778163652476 2.8954149298976886e-05 240
1778163658100 2.8840469874952635e-05 260
1778163659874 2.8726790450928384e-05 280
1778163661646 2.861311102690413e-05 300
1778163663423 2.849943160287988e-05 320
1778163665197 2.8385752178855625e-05 340
1778163666970 2.8272072754831378e-05 360
1778163668749 2.8158393330807124e-05 380
1778163670523 2.8044713906782873e-05 400
1778163672295 2.793103448275862e-05 420
1778163674074 2.781735505873437e-05 440
1778163675852 2.770367563471012e-05 460
1778163677627 2.7589996210685867e-05 480
1778163679407 2.7476316786661616e-05 500
1778163685365 2.7362637362637362e-05 520
1778163687136 2.724895793861311e-05 540
1778163688920 2.713527851458886e-05 560
1778163690692 2.702159909056461e-05 580
1778163692475 2.6907919666540356e-05 600
1778163694262 2.6794240242516105e-05 620
1778163696041 2.6680560818491854e-05 640
1778163697813 2.6566881394467603e-05 660
1778163699590 2.6453201970443353e-05 680
1778163701364 2.63395225464191e-05 700
1778163703139 2.6225843122394848e-05 720
1778163704922 2.6112163698370594e-05 740
1778163712383 2.5998484274346343e-05 760
1778163714167 2.5884804850322092e-05 780
1778163715948 2.577112542629784e-05 800
1778163717724 2.5657446002273587e-05 820
1778163719512 2.5543766578249337e-05 840
1778163721293 2.5430087154225086e-05 860
1778163723075 2.5316407730200835e-05 880
1778163724865 2.5202728306176584e-05 900
1778163726649 2.508904888215233e-05 920
1778163728426 2.497536945812808e-05 940
1778163730210 2.4861690034103825e-05 960
1778163731988 2.4748010610079578e-05 980
1778163733768 2.4634331186055324e-05 1000
1778163739762 2.4520651762031073e-05 1020
1778163741545 2.4406972338006823e-05 1040
1778163743321 2.429329291398257e-05 1060
1778163745113 2.4179613489958318e-05 1080
1778163746893 2.4065934065934067e-05 1100
1778163748675 2.3952254641909816e-05 1120
1778163750465 2.3838575217885562e-05 1140
1778163752250 2.372489579386131e-05 1160
1778163754025 2.3611216369837057e-05 1180
1778163755818 2.349753694581281e-05 1200
1778163757636 2.338385752178856e-05 1220
1778163759418 2.3270178097764305e-05 1240
1778163767417 2.3156498673740054e-05 1260
1778163769198 2.30428192497158e-05 1280
1778163770978 2.2929139825691553e-05 1300
1778163772766 2.28154604016673e-05 1320
1778163774544 2.2701780977643048e-05 1340
1778163776330 2.2588101553618794e-05 1360
1778163778128 2.2474422129594543e-05 1380
1778163779911 2.2360742705570292e-05 1400
1778163781696 2.224706328154604e-05 1420
1778163783486 2.213338385752179e-05 1440
1778163785270 2.2019704433497537e-05 1460
1778163787055 2.1906025009473286e-05 1480
1778163788838 2.1792345585449032e-05 1500
1778163794525 2.1678666161424785e-05 1520
1778163796310 2.156498673740053e-05 1540
1778163798093 2.145130731337628e-05 1560
1778163799878 2.1337627889352026e-05 1580
1778163801663 2.1223948465327775e-05 1600
1778163803449 2.1110269041303527e-05 1620
1778163805234 2.0996589617279273e-05 1640
1778163807022 2.0882910193255023e-05 1660
1778163808807 2.076923076923077e-05 1680
1778163810592 2.0655551345206518e-05 1700
1778163812376 2.0541871921182267e-05 1720
1778163814163 2.0428192497158016e-05 1740
1778163822619 2.0314513073133762e-05 1760
1778163824405 2.020083364910951e-05 1780
1778163826190 2.008715422508526e-05 1800
1778163827976 1.9973474801061007e-05 1820
1778163829755 1.985979537703676e-05 1840
1778163831543 1.9746115953012505e-05 1860
1778163833329 1.9632436528988254e-05 1880
1778163835120 1.9518757104964e-05 1900
1778163836907 1.940507768093975e-05 1920
1778163838699 1.92913982569155e-05 1940
1778163840488 1.9177718832891248e-05 1960
1778163842280 1.9064039408866997e-05 1980
1778163844068 1.8950359984842743e-05 2000
1778163850383 1.8836680560818492e-05 2020
1778163852170 1.872300113679424e-05 2040
1778163853971 1.860932171276999e-05 2060
1778163855765 1.8495642288745737e-05 2080
1778163857552 1.8381962864721486e-05 2100
1778163859339 1.8268283440697232e-05 2120
1778163861127 1.8154604016672985e-05 2140
1778163862925 1.804092459264873e-05 2160
1778163864716 1.792724516862448e-05 2180
1778163866509 1.781356574460023e-05 2200
1778163868301 1.7699886320575975e-05 2220
1778163870095 1.7586206896551724e-05 2240
1778163877830 1.7472527472527473e-05 2260
1778163879616 1.7358848048503223e-05 2280
1778163881411 1.724516862447897e-05 2300
1778163883200 1.7131489200454718e-05 2320
1778163884995 1.7017809776430464e-05 2340
1778163886788 1.6904130352406216e-05 2360
1778163888583 1.6790450928381966e-05 2380
1778163890376 1.667677150435771e-05 2400
1778163892169 1.656309208033346e-05 2420
1778163893960 1.6449412656309207e-05 2440
1778163895755 1.633573323228496e-05 2460
1778163897548 1.6222053808260705e-05 2480
1778163899342 1.6108374384236454e-05 2500
1778163905002 1.59946949602122e-05 2520
1778163906792 1.588101553618795e-05 2540
1778163908580 1.57673361121637e-05 2560
1778163910366 1.5653656688139448e-05 2580
1778163912157 1.5539977264115197e-05 2600
1778163913947 1.5426297840090943e-05 2620
1778163915741 1.5312618416066692e-05 2640
1778163917528 1.519893899204244e-05 2660
1778163919315 1.5085259568018191e-05 2680
1778163921109 1.4971580143993939e-05 2700
1778163922903 1.4857900719969686e-05 2720
1778163924692 1.4744221295945434e-05 2740
1778163931105 1.4630541871921183e-05 2760
1778163932893 1.451686244789693e-05 2780
1778163934681 1.4403183023872678e-05 2800
1778163936473 1.4289503599848427e-05 2820
1778163938265 1.4175824175824177e-05 2840
1778163940058 1.4062144751799926e-05 2860
1778163941849 1.3948465327775673e-05 2880
1778163943645 1.3834785903751421e-05 2900
1778163945437 1.372110647972717e-05 2920
1778163947230 1.3607427055702918e-05 2940
1778163949016 1.3493747631678667e-05 2960
1778163950810 1.3380068207654415e-05 2980
1778163952598 1.3266388783630162e-05 3000
1778163958974 1.3152709359605912e-05 3020
1778163960766 1.303902993558166e-05 3040
1778163962555 1.2925350511557408e-05 3060
1778163964344 1.2811671087533158e-05 3080
1778163966137 1.2697991663508905e-05 3100
1778163967930 1.2584312239484654e-05 3120
1778163969717 1.2470632815460402e-05 3140
1778163971511 1.235695339143615e-05 3160
1778163973301 1.2243273967411899e-05 3180
1778163975094 1.2129594543387646e-05 3200
1778163976884 1.2015915119363394e-05 3220
1778163978678 1.1902235695339145e-05 3240
1778163987038 1.1788556271314893e-05 3260
1778163988834 1.1674876847290642e-05 3280
1778163990628 1.156119742326639e-05 3300
1778163992430 1.1447517999242137e-05 3320
1778163994221 1.1333838575217886e-05 3340
1778163996015 1.1220159151193634e-05 3360
1778163997806 1.1106479727169381e-05 3380
1778163999600 1.099280030314513e-05 3400
1778164001395 1.087912087912088e-05 3420
1778164003193 1.0765441455096629e-05 3440
1778164004984 1.0651762031072377e-05 3460
1778164006780 1.0538082607048124e-05 3480
1778164008571 1.0424403183023874e-05 3500
