1778163633174 0.6935 20
1778163634900 0.6784 40
1778163636636 0.617 60
1778163638373 0.603 80
1778163640153 0.5369 100
1778163641920 0.5076 120
1778163643665 0.458 140
1778163645397 0.5005 160
1778163647166 0.4947 180
1778163648930 0.5081 200
1778163650698 0.4604 220
1778163652476 0.4482 240
1778163658100 0.4398 260
1778163659874 0.4629 280
1778163661646 0.4364 300
1778163663423 0.4687 320
1778163665197 0.4503 340
1778163666970 0.4376 360
1778163668749 0.4201 380
1778163670523 0.3979 400
1778163672295 0.3884 420
1778163674074 0.4249 440
1778163675852 0.4192 460
1778163677627 0.4177 480
1778163679407 0.4314 500
1778163685365 0.3914 520
1778163687136 0.458 540
1778163688920 0.3763 560
1778163690692 0.3672 580
1778163692475 0.4058 600
1778163694262 0.4006 620
1778163696041 0.422 640
1778163697813 0.4185 660
1778163699590 0.3802 680
1778163701364 0.3963 700
1778163703139 0.3849 720
1778163704922 0.4131 740
1778163712383 0.4104 760
1778163714167 0.402 780
1778163715948 0.3815 800
1778163717724 0.3937 820
1778163719512 0.3983 840
1778163721293 0.4117 860
1778163723075 0.3647 880
1778163724865 0.4562 900
1778163726649 0.3846 920
1778163728426 0.3604 940
1778163730210 0.3929 960
1778163731988 0.3872 980
1778163733768 0.4006 1000
1778163739762 0.4588 1020
1778163741545 0.402 1040
1778163743321 0.4302 1060
1778163745113 0.4151 1080
1778163746893 0.3669 1100
1778163748675 0.4214 1120
1778163750465 0.375 1140
1778163752250 0.4198 1160
1778163754025 0.3997 1180
1778163755818 0.4227 1200
1778163757636 0.3718 1220
1778163759418 0.3797 1240
1778163767417 0.4258 1260
1778163769198 0.4051 1280
1778163770978 0.394 1300
1778163772766 0.3894 1320
1778163774544 0.3504 1340
1778163776330 0.3474 1360
1778163778128 0.3058 1380
1778163779911 0.3856 1400
1778163781696 0.3148 1420
1778163783486 0.3289 1440
1778163785270 0.3018 1460
1778163787055 0.2911 1480
1778163788838 0.3298 1500
1778163794525 0.346 1520
1778163796310 0.3215 1540
1778163798093 0.3706 1560
1778163799878 0.3512 1580
1778163801663 0.3098 1600
1778163803449 0.3105 1620
1778163805234 0.3141 1640
1778163807022 0.3162 1660
1778163808807 0.2812 1680
1778163810592 0.3485 1700
1778163812376 0.3356 1720
1778163814163 0.3385 1740
1778163822619 0.3402 1760
1778163824405 0.2902 1780
1778163826190 0.32 1800
1778163827976 0.2887 1820
1778163829755 0.3225 1840
1778163831543 0.3211 1860
1778163833329 0.3281 1880
1778163835120 0.3373 1900
1778163836907 0.334 1920
1778163838699 0.3172 1940
1778163840488 0.3366 1960
1778163842280 0.3091 1980
1778163844068 0.2992 2000
1778163850383 0.3202 2020
1778163852170 0.3109 2040
1778163853971 0.3318 2060
1778163855765 0.2982 2080
1778163857552 0.3033 2100
1778163859339 0.2743 2120
1778163861127 0.3074 2140
1778163862925 0.3267 2160
1778163864716 0.3104 2180
1778163866509 0.2681 2200
1778163868301 0.3254 2220
1778163870095 0.3434 2240
1778163877830 0.3171 2260
1778163879616 0.2889 2280
1778163881411 0.3355 2300
1778163883200 0.3439 2320
1778163884995 0.3039 2340
1778163886788 0.3097 2360
1778163888583 0.3214 2380
1778163890376 0.3333 2400
1778163892169 0.325 2420
1778163893960 0.2767 2440
1778163895755 0.3198 2460
1778163897548 0.349 2480
1778163899342 0.2952 2500
1778163905002 0.2768 2520
1778163906792 0.3059 2540
1778163908580 0.3088 2560
1778163910366 0.334 2580
1778163912157 0.3089 2600
1778163913947 0.2851 2620
1778163915741 0.2988 2640
1778163917528 0.3407 2660
1778163919315 0.2751 2680
1778163921109 0.2571 2700
1778163922903 0.2056 2720
1778163924692 0.2212 2740
1778163931105 0.2245 2760
1778163932893 0.216 2780
1778163934681 0.1645 2800
1778163936473 0.2436 2820
1778163938265 0.2217 2840
1778163940058 0.2298 2860
1778163941849 0.296 2880
1778163943645 0.2688 2900
1778163945437 0.2442 2920
1778163947230 0.2186 2940
1778163949016 0.1974 2960
1778163950810 0.2263 2980
1778163952598 0.1984 3000
1778163958974 0.1831 3020
1778163960766 0.1876 3040
1778163962555 0.2003 3060
1778163964344 0.1991 3080
1778163966137 0.2232 3100
1778163967930 0.2406 3120
1778163969717 0.2405 3140
1778163971511 0.2274 3160
1778163973301 0.1754 3180
1778163975094 0.1936 3200
1778163976884 0.206 3220
1778163978678 0.2483 3240
1778163987038 0.2102 3260
1778163988834 0.1713 3280
1778163990628 0.2178 3300
1778163992430 0.2234 3320
1778163994221 0.2096 3340
1778163996015 0.196 3360
1778163997806 0.1889 3380
1778163999600 0.2182 3400
1778164001395 0.184 3420
1778164003193 0.2599 3440
1778164004984 0.2083 3460
1778164006780 0.1879 3480
1778164008571 0.2186 3500
