1778760835499 1.1400000000000001e-05 20
1778760835818 2.3400000000000003e-05 40
1778760836136 2.9940066592674806e-05 60
1778760836455 2.9806881243063266e-05 80
1778760836774 2.967369589345172e-05 100
1778760837092 2.954051054384018e-05 120
1778760837412 2.9407325194228636e-05 140
1778760837731 2.9274139844617092e-05 160
1778760838049 2.9140954495005548e-05 180
1778760838368 2.9007769145394007e-05 200
1778760838686 2.8874583795782463e-05 220
1778760839005 2.8741398446170922e-05 240
1778760842660 2.8608213096559378e-05 260
1778760842982 2.8475027746947834e-05 280
1778760843302 2.8341842397336293e-05 300
1778760843622 2.820865704772475e-05 320
1778760843942 2.8075471698113208e-05 340
1778760844262 2.7942286348501664e-05 360
1778760844582 2.7809100998890123e-05 380
1778760844901 2.767591564927858e-05 400
1778760845221 2.7542730299667038e-05 420
1778760845541 2.7409544950055494e-05 440
1778760845861 2.7276359600443953e-05 460
1778760846180 2.714317425083241e-05 480
1778760846500 2.7009988901220868e-05 500
1778760850209 2.6876803551609324e-05 520
1778760850528 2.674361820199778e-05 540
1778760850847 2.661043285238624e-05 560
1778760851167 2.6477247502774695e-05 580
1778760851487 2.6344062153163154e-05 600
1778760851805 2.621087680355161e-05 620
1778760852124 2.607769145394007e-05 640
1778760852443 2.5944506104328525e-05 660
1778760852763 2.5811320754716984e-05 680
1778760853081 2.567813540510544e-05 700
1778760853401 2.55449500554939e-05 720
1778760853720 2.5411764705882355e-05 740
1778760857438 2.5278579356270814e-05 760
1778760857761 2.5145394006659266e-05 780
1778760858081 2.5012208657047722e-05 800
1778760858400 2.487902330743618e-05 820
1778760858719 2.4745837957824637e-05 840
1778760859038 2.4612652608213096e-05 860
1778760859357 2.4479467258601552e-05 880
1778760859677 2.434628190899001e-05 900
1778760859996 2.4213096559378467e-05 920
1778760860315 2.4079911209766926e-05 940
1778760860634 2.3946725860155382e-05 960
1778760860953 2.381354051054384e-05 980
1778760861271 2.3680355160932297e-05 1000
1778760865018 2.3547169811320756e-05 1020
1778760865337 2.3413984461709212e-05 1040
1778760865655 2.3280799112097668e-05 1060
1778760865974 2.3147613762486127e-05 1080
1778760866292 2.3014428412874583e-05 1100
1778760866611 2.2881243063263042e-05 1120
1778760866930 2.2748057713651498e-05 1140
1778760867249 2.2614872364039957e-05 1160
1778760867568 2.2481687014428413e-05 1180
1778760867887 2.2348501664816872e-05 1200
1778760868206 2.2215316315205328e-05 1220
1778760868525 2.2082130965593787e-05 1240
1778760871993 2.1948945615982243e-05 1260
1778760872318 2.1815760266370702e-05 1280
1778760872638 2.1682574916759158e-05 1300
1778760872958 2.1549389567147614e-05 1320
1778760873277 2.1416204217536073e-05 1340
1778760873596 2.128301886792453e-05 1360
1778760873917 2.1149833518312988e-05 1380
1778760874236 2.101664816870144e-05 1400
1778760874556 2.08834628190899e-05 1420
1778760874877 2.0750277469478356e-05 1440
1778760875197 2.0617092119866815e-05 1460
1778760875516 2.048390677025527e-05 1480
1778760875834 2.035072142064373e-05 1500
1778760879625 2.0217536071032186e-05 1520
1778760879944 2.0084350721420645e-05 1540
1778760880263 1.99511653718091e-05 1560
1778760880583 1.9817980022197556e-05 1580
1778760880902 1.9684794672586016e-05 1600
1778760881222 1.955160932297447e-05 1620
1778760881541 1.941842397336293e-05 1640
1778760881860 1.9285238623751386e-05 1660
1778760882180 1.9152053274139846e-05 1680
1778760882499 1.90188679245283e-05 1700
1778760882819 1.888568257491676e-05 1720
1778760883138 1.8752497225305216e-05 1740
1778760887103 1.8619311875693676e-05 1760
1778760887423 1.848612652608213e-05 1780
1778760887743 1.835294117647059e-05 1800
1778760888062 1.8219755826859047e-05 1820
1778760888383 1.8086570477247502e-05 1840
1778760888703 1.795338512763596e-05 1860
1778760889024 1.7820199778024417e-05 1880
1778760889344 1.7687014428412877e-05 1900
1778760889665 1.7553829078801332e-05 1920
1778760889985 1.742064372918979e-05 1940
1778760890306 1.7287458379578247e-05 1960
1778760890626 1.7154273029966707e-05 1980
1778760890947 1.7021087680355162e-05 2000
1778760894620 1.6887902330743618e-05 2020
1778760894940 1.6754716981132074e-05 2040
1778760895260 1.6621531631520533e-05 2060
1778760895580 1.648834628190899e-05 2080
1778760895900 1.6355160932297448e-05 2100
1778760896219 1.6221975582685904e-05 2120
1778760896539 1.608879023307436e-05 2140
1778760896858 1.595560488346282e-05 2160
1778760897178 1.5822419533851275e-05 2180
1778760897498 1.5689234184239734e-05 2200
1778760897819 1.555604883462819e-05 2220
1778760898138 1.542286348501665e-05 2240
1778760901604 1.5289678135405105e-05 2260
1778760901929 1.5156492785793564e-05 2280
1778760902250 1.502330743618202e-05 2300
1778760902570 1.4890122086570477e-05 2320
1778760902891 1.4756936736958935e-05 2340
1778760903211 1.4623751387347392e-05 2360
1778760903531 1.449056603773585e-05 2380
1778760903852 1.4357380688124307e-05 2400
1778760904172 1.4224195338512765e-05 2420
1778760904494 1.4091009988901222e-05 2440
1778760904815 1.395782463928968e-05 2460
1778760905135 1.3824639289678136e-05 2480
1778760905456 1.3691453940066592e-05 2500
1778760909237 1.3558268590455049e-05 2520
1778760909556 1.3425083240843507e-05 2540
1778760909876 1.3291897891231964e-05 2560
1778760910196 1.3158712541620422e-05 2580
1778760910516 1.3025527192008879e-05 2600
1778760910835 1.2892341842397337e-05 2620
1778760911155 1.2759156492785794e-05 2640
1778760911475 1.2625971143174252e-05 2660
1778760911794 1.2492785793562709e-05 2680
1778760912113 1.2359600443951167e-05 2700
1778760912432 1.2226415094339624e-05 2720
1778760912752 1.2093229744728082e-05 2740
1778760916716 1.1960044395116537e-05 2760
1778760917035 1.1826859045504995e-05 2780
1778760917354 1.169367369589345e-05 2800
1778760917673 1.1560488346281908e-05 2820
1778760917992 1.1427302996670366e-05 2840
1778760918311 1.1294117647058823e-05 2860
1778760918630 1.116093229744728e-05 2880
1778760918949 1.1027746947835738e-05 2900
1778760919268 1.0894561598224196e-05 2920
1778760919587 1.0761376248612653e-05 2940
1778760919905 1.062819089900111e-05 2960
1778760920224 1.0495005549389568e-05 2980
1778760920543 1.0361820199778026e-05 3000
1778760923999 1.0228634850166482e-05 3020
1778760924318 1.0095449500554939e-05 3040
1778760924637 9.962264150943397e-06 3060
1778760924959 9.829078801331854e-06 3080
1778760925277 9.69589345172031e-06 3100
1778760925596 9.562708102108767e-06 3120
1778760925915 9.429522752497225e-06 3140
1778760926235 9.296337402885682e-06 3160
1778760926554 9.16315205327414e-06 3180
1778760926872 9.029966703662597e-06 3200
1778760927191 8.896781354051055e-06 3220
1778760927510 8.763596004439512e-06 3240
1778760931297 8.63041065482797e-06 3260
1778760931616 8.497225305216426e-06 3280
1778760931935 8.364039955604883e-06 3300
1778760932254 8.23085460599334e-06 3320
1778760932574 8.097669256381798e-06 3340
1778760932893 7.964483906770256e-06 3360
1778760933212 7.831298557158713e-06 3380
1778760933531 7.69811320754717e-06 3400
1778760933851 7.5649278579356274e-06 3420
1778760934170 7.431742508324085e-06 3440
1778760934489 7.2985571587125424e-06 3460
1778760934808 7.165371809100999e-06 3480
1778760935130 7.032186459489456e-06 3500
1778760938846 6.899001109877913e-06 3520
1778760939166 6.765815760266371e-06 3540
1778760939485 6.632630410654828e-06 3560
1778760939804 6.499445061043286e-06 3580
1778760940123 6.366259711431743e-06 3600
1778760940441 6.2330743618202e-06 3620
1778760940761 6.0998890122086574e-06 3640
1778760941080 5.966703662597114e-06 3660
1778760941399 5.833518312985572e-06 3680
1778760941718 5.700332963374029e-06 3700
1778760942037 5.567147613762487e-06 3720
1778760942356 5.433962264150943e-06 3740
1778760946133 5.300776914539401e-06 3760
1778760946460 5.167591564927858e-06 3780
1778760946779 5.034406215316315e-06 3800
1778760947099 4.9012208657047725e-06 3820
1778760947418 4.76803551609323e-06 3840
1778760947738 4.6348501664816875e-06 3860
1778760948057 4.501664816870144e-06 3880
1778760948377 4.368479467258602e-06 3900
1778760948697 4.235294117647059e-06 3920
1778760949016 4.102108768035517e-06 3940
1778760949336 3.968923418423973e-06 3960
1778760949655 3.835738068812431e-06 3980
1778760949975 3.702552719200888e-06 4000
1778760953715 3.5693673695893454e-06 4020
1778760954034 3.4361820199778025e-06 4040
1778760954353 3.30299667036626e-06 4060
1778760954673 3.169811320754717e-06 4080
1778760954993 3.036625971143174e-06 4100
1778760955311 2.9034406215316316e-06 4120
1778760955631 2.770255271920089e-06 4140
1778760955949 2.637069922308546e-06 4160
1778760956269 2.5038845726970033e-06 4180
1778760956588 2.370699223085461e-06 4200
1778760956908 2.2375138734739183e-06 4220
1778760957228 2.104328523862375e-06 4240
1778760960993 1.9711431742508325e-06 4260
1778760961316 1.8379578246392898e-06 4280
1778760961635 1.704772475027747e-06 4300
1778760961954 1.5715871254162042e-06 4320
1778760962274 1.4384017758046614e-06 4340
1778760962594 1.3052164261931187e-06 4360
1778760962913 1.172031076581576e-06 4380
1778760963232 1.0388457269700333e-06 4400
1778760963552 9.056603773584906e-07 4420
1778760963871 7.724750277469479e-07 4440
1778760964191 6.392896781354051e-07 4460
1778760964510 5.061043285238624e-07 4480
1778760964829 3.7291897891231963e-07 4500
1778760968545 2.397336293007769e-07 4520
1778760968865 1.0654827968923419e-07 4540
