1779068687211 0.03003003003003003 20
1779068693474 0.06006006006006006 40
1779068699747 0.09009009009009009 60
1779068706024 0.12012012012012012 80
1779068712293 0.15015015015015015 100
1779068718518 0.18018018018018017 120
1779068724809 0.21021021021021022 140
1779068731052 0.24024024024024024 160
1779068737295 0.2702702702702703 180
1779068743542 0.3003003003003003 200
1779068749769 0.3303303303303303 220
1779068755994 0.36036036036036034 240
1779068765699 0.37537537537537535 250
1779068770241 0.39039039039039036 260
1779068776502 0.42042042042042044 280
1779068782755 0.45045045045045046 300
1779068789280 0.4804804804804805 320
1779068795544 0.5105105105105106 340
1779068801805 0.5405405405405406 360
1779068808085 0.5705705705705706 380
1779068814319 0.6006006006006006 400
1779068820560 0.6306306306306306 420
1779068826824 0.6606606606606606 440
1779068833083 0.6906906906906907 460
1779068839353 0.7207207207207207 480
1779068845651 0.7507507507507507 500
1779068852413 0.7507507507507507 500
1779068860251 0.7807807807807807 520
1779068866491 0.8108108108108109 540
1779068872714 0.8408408408408409 560
1779068878950 0.8708708708708709 580
1779068885186 0.9009009009009009 600
1779068891692 0.9309309309309309 620
1779068897922 0.960960960960961 640
1779068904139 0.990990990990991 660
1779068910400 1.021021021021021 680
1779068916696 1.0510510510510511 700
1779068922961 1.0810810810810811 720
1779068929197 1.1111111111111112 740
1779068939102 1.1261261261261262 750
1779068943633 1.1411411411411412 760
1779068949887 1.1711711711711712 780
1779068956163 1.2012012012012012 800
1779068962433 1.2312312312312312 820
1779068968704 1.2612612612612613 840
1779068974964 1.2912912912912913 860
1779068981231 1.3213213213213213 880
1779068987484 1.3513513513513513 900
1779068993739 1.3813813813813813 920
1779069000295 1.4114114114114114 940
1779069006570 1.4414414414414414 960
1779069012773 1.4714714714714714 980
1779069019026 1.5015015015015014 1000
1779069025662 1.5015015015015014 1000
1779069033413 1.5315315315315314 1020
1779069039668 1.5615615615615615 1040
1779069045893 1.5915915915915915 1060
1779069052169 1.6216216216216215 1080
1779069058445 1.6516516516516515 1100
1779069064763 1.6816816816816815 1120
1779069071057 1.7117117117117115 1140
1779069077325 1.7417417417417418 1160
1779069083578 1.7717717717717718 1180
1779069089841 1.8018018018018018 1200
1779069095828 1.8318318318318318 1220
1779069102221 1.8618618618618619 1240
1779069111887 1.8768768768768769 1250
1779069116334 1.8918918918918919 1260
1779069122472 1.921921921921922 1280
1779069128567 1.951951951951952 1300
1779069134682 1.981981981981982 1320
1779069140816 2.012012012012012 1340
1779069146937 2.042042042042042 1360
1779069153004 2.0720720720720722 1380
1779069159101 2.1021021021021022 1400
1779069165199 2.1321321321321323 1420
1779069171289 2.1621621621621623 1440
1779069177393 2.1921921921921923 1460
1779069183464 2.2222222222222223 1480
1779069188181 2.2522522522522523 1500
1779069194919 2.2522522522522523 1500
1779069203270 2.2822822822822824 1520
1779069209519 2.3123123123123124 1540
1779069215807 2.3423423423423424 1560
1779069222064 2.3723723723723724 1580
1779069228336 2.4024024024024024 1600
1779069234564 2.4324324324324325 1620
1779069240836 2.4624624624624625 1640
1779069247104 2.4924924924924925 1660
1779069253405 2.5225225225225225 1680
1779069259690 2.5525525525525525 1700
1779069265957 2.5825825825825826 1720
1779069272230 2.6126126126126126 1740
1779069282193 2.6276276276276276 1750
1779069287037 2.6426426426426426 1760
1779069293316 2.6726726726726726 1780
1779069299637 2.7027027027027026 1800
1779069306222 2.7327327327327327 1820
1779069312483 2.7627627627627627 1840
1779069318729 2.7927927927927927 1860
1779069324994 2.8228228228228227 1880
1779069331248 2.8528528528528527 1900
1779069337498 2.8828828828828827 1920
1779069343744 2.9129129129129128 1940
1779069349977 2.942942942942943 1960
1779069356238 2.972972972972973 1980
1779069362499 3.003003003003003 2000
1779069369125 3.003003003003003 2000
1779069376483 3.033033033033033 2020
1779069382715 3.063063063063063 2040
1779069388958 3.093093093093093 2060
1779069395187 3.123123123123123 2080
1779069401432 3.153153153153153 2100
1779069407921 3.1831831831831834 2120
1779069414092 3.2132132132132134 2140
1779069420343 3.2432432432432434 2160
1779069426620 3.2732732732732734 2180
1779069432866 3.3033033033033035 2200
1779069439131 3.3333333333333335 2220
1779069445369 3.3633633633633635 2240
1779069455207 3.3783783783783785 2250
1779069460050 3.3933933933933935 2260
1779069466326 3.4234234234234235 2280
1779069472594 3.4534534534534536 2300
1779069478849 3.4834834834834836 2320
1779069485122 3.5135135135135136 2340
1779069491402 3.5435435435435436 2360
1779069497714 3.5735735735735736 2380
1779069503968 3.6036036036036037 2400
1779069510448 3.6336336336336337 2420
1779069516631 3.6636636636636637 2440
1779069522864 3.6936936936936937 2460
1779069529038 3.7237237237237237 2480
1779069535238 3.7537537537537538 2500
1779069541813 3.7537537537537538 2500
1779069549332 3.7837837837837838 2520
1779069555563 3.813813813813814 2540
1779069561861 3.843843843843844 2560
1779069568088 3.873873873873874 2580
1779069574312 3.903903903903904 2600
1779069580583 3.933933933933934 2620
1779069586802 3.963963963963964 2640
1779069593075 3.993993993993994 2660
1779069599311 4.024024024024024 2680
1779069605780 4.054054054054054 2700
1779069612035 4.084084084084084 2720
1779069618255 4.114114114114114 2740
1779069627946 4.129129129129129 2750
1779069632541 4.1441441441441444 2760
1779069638630 4.1741741741741745 2780
1779069644706 4.2042042042042045 2800
1779069650815 4.2342342342342345 2820
1779069656868 4.2642642642642645 2840
1779069662921 4.2942942942942945 2860
1779069668975 4.324324324324325 2880
1779069675024 4.354354354354355 2900
1779069681077 4.384384384384385 2920
1779069687146 4.414414414414415 2940
1779069693222 4.444444444444445 2960
1779069699324 4.474474474474475 2980
1779069705429 4.504504504504505 3000
1779069712282 4.504504504504505 3000
1779069718496 4.534534534534535 3020
1779069724693 4.564564564564565 3040
1779069730942 4.594594594594595 3060
1779069737197 4.624624624624625 3080
1779069743447 4.654654654654655 3100
1779069749717 4.684684684684685 3120
1779069755997 4.714714714714715 3140
1779069762279 4.744744744744745 3160
1779069768527 4.774774774774775 3180
1779069774806 4.804804804804805 3200
1779069781061 4.834834834834835 3220
1779069787325 4.864864864864865 3240
1779069797169 4.87987987987988 3250
1779069801576 4.894894894894895 3260
1779069807793 4.924924924924925 3280
1779069814347 4.954954954954955 3300
1779069820616 4.984984984984985 3320
1779069825645 5.0 3330
1779069832826 5.0 3330
1779069841387 5.0 3330
1779069850229 5.0 0
