1779082171375 0.038910505836575876 20
1779082179050 0.07782101167315175 40
1779082186736 0.11673151750972763 60
1779082194389 0.1556420233463035 80
1779082202029 0.19455252918287938 100
1779082209721 0.23346303501945526 120
1779082217400 0.2723735408560311 140
1779082225024 0.311284046692607 160
1779082232682 0.35019455252918286 180
1779082240317 0.38910505836575876 200
1779082247857 0.4280155642023346 220
1779082255617 0.4669260700389105 240
1779082276805 0.48638132295719844 250
1779082281154 0.5058365758754864 260
1779082288837 0.5447470817120622 280
1779082296550 0.5836575875486382 300
1779082304251 0.622568093385214 320
1779082311842 0.6614785992217899 340
1779082319402 0.7003891050583657 360
1779082327003 0.7392996108949417 380
1779082334573 0.7782101167315175 400
1779082342163 0.8171206225680934 420
1779082349726 0.8560311284046692 440
1779082357623 0.8949416342412452 460
1779082365322 0.933852140077821 480
1779082373048 0.9727626459143969 500
1779082390206 0.9727626459143969 500
1779082398245 1.0116731517509727 520
1779082405952 1.0505836575875487 540
1779082413695 1.0894941634241244 560
1779082421419 1.1284046692607004 580
1779082429118 1.1673151750972763 600
1779082436780 1.206225680933852 620
1779082444507 1.245136186770428 640
1779082452235 1.2840466926070038 660
1779082459950 1.3229571984435797 680
1779082467656 1.3618677042801557 700
1779082475392 1.4007782101167314 720
1779082483128 1.4396887159533074 740
1779082504159 1.4591439688715953 750
1779082508550 1.4785992217898833 760
1779082516100 1.517509727626459 780
1779082523635 1.556420233463035 800
1779082531202 1.595330739299611 820
1779082538733 1.6342412451361867 840
1779082546687 1.6731517509727627 860
1779082554241 1.7120622568093387 880
1779082561776 1.7509727626459144 900
1779082569347 1.7898832684824901 920
1779082576894 1.8287937743190663 940
1779082584444 1.867704280155642 960
1779082591845 1.9066147859922178 980
1779082597963 1.9455252918287937 1000
1779082615262 1.9455252918287937 1000
1779082623551 1.9844357976653697 1020
1779082631104 2.0233463035019454 1040
1779082638746 2.062256809338521 1060
1779082646422 2.1011673151750974 1080
1779082654086 2.140077821011673 1100
1779082661780 2.178988326848249 1120
1779082669500 2.217898832684825 1140
1779082677235 2.2568093385214008 1160
1779082684968 2.2957198443579765 1180
1779082692672 2.3346303501945527 1200
1779082700365 2.3735408560311284 1220
1779082708064 2.412451361867704 1240
1779082729636 2.4319066147859925 1250
1779082734052 2.4513618677042803 1260
1779082741759 2.490272373540856 1280
1779082749458 2.529182879377432 1300
1779082757216 2.5680933852140075 1320
1779082764947 2.6070038910505837 1340
1779082772658 2.6459143968871595 1360
1779082780227 2.6848249027237356 1380
1779082787910 2.7237354085603114 1400
1779082795634 2.762645914396887 1420
1779082803391 2.801556420233463 1440
1779082811077 2.840466926070039 1460
1779082818709 2.8793774319066148 1480
1779082826364 2.9182879377431905 1500
1779082843517 2.9182879377431905 1500
1779082851740 2.9571984435797667 1520
1779082859408 2.9961089494163424 1540
1779082866929 3.035019455252918 1560
1779082874507 3.0739299610894943 1580
1779082882523 3.11284046692607 1600
1779082890312 3.151750972762646 1620
1779082898037 3.190661478599222 1640
1779082905705 3.2295719844357977 1660
1779082913402 3.2684824902723735 1680
1779082921108 3.307392996108949 1700
1779082928811 3.3463035019455254 1720
1779082936471 3.385214007782101 1740
1779082957639 3.404669260700389 1750
1779082962104 3.424124513618677 1760
1779082969830 3.463035019455253 1780
1779082977525 3.501945525291829 1800
1779082985234 3.5408560311284045 1820
1779082992956 3.5797665369649807 1840
1779083000723 3.6186770428015564 1860
1779083008448 3.657587548638132 1880
1779083015996 3.6964980544747084 1900
1779083023560 3.735408560311284 1920
1779083031174 3.77431906614786 1940
1779083038719 3.8132295719844356 1960
1779083046302 3.8521400778210118 1980
1779083053823 3.8910505836575875 2000
1779083070716 3.8910505836575875 2000
1779083079069 3.9299610894941637 2020
1779083086646 3.9688715953307394 2040
1779083094128 4.007782101167315 2060
1779083101300 4.046692607003891 2080
1779083107765 4.085603112840467 2100
1779083115453 4.124513618677042 2120
1779083123133 4.163424124513619 2140
1779083130858 4.202334630350195 2160
1779083138548 4.2412451361867705 2180
1779083146257 4.280155642023346 2200
1779083153964 4.319066147859922 2220
1779083161657 4.357976653696498 2240
1779083182689 4.377431906614786 2250
1779083187045 4.396887159533074 2260
1779083194747 4.43579766536965 2280
1779083202433 4.474708171206226 2300
1779083210165 4.5136186770428015 2320
1779083217818 4.552529182879377 2340
1779083225487 4.591439688715953 2360
1779083233269 4.630350194552529 2380
1779083240959 4.669260700389105 2400
1779083248997 4.708171206225681 2420
1779083256790 4.747081712062257 2440
1779083264641 4.785992217898833 2460
1779083272397 4.824902723735408 2480
1779083280129 4.863813229571985 2500
1779083297473 4.863813229571985 2500
1779083305742 4.902723735408561 2520
1779083313441 4.941634241245136 2540
1779083321099 4.980544747081712 2560
1779083325745 5.0 2570
1779083343260 5.0 2570
1779083364949 5.0 2570
1779083387104 5.0 0
