1779082171375 1.1400000000000001e-05 20
1779082179050 2.3400000000000003e-05 40
1779082186736 2.9892857142857143e-05 60
1779082194389 2.9654761904761908e-05 80
1779082202029 2.9416666666666666e-05 100
1779082209721 2.917857142857143e-05 120
1779082217400 2.894047619047619e-05 140
1779082225024 2.8702380952380956e-05 160
1779082232682 2.8464285714285714e-05 180
1779082240317 2.8226190476190478e-05 200
1779082247857 2.798809523809524e-05 220
1779082255617 2.7750000000000004e-05 240
1779082281154 2.751190476190476e-05 260
1779082288837 2.7273809523809523e-05 280
1779082296550 2.7035714285714287e-05 300
1779082304251 2.6797619047619048e-05 320
1779082311842 2.655952380952381e-05 340
1779082319402 2.632142857142857e-05 360
1779082327003 2.6083333333333335e-05 380
1779082334573 2.5845238095238096e-05 400
1779082342163 2.5607142857142857e-05 420
1779082349726 2.5369047619047618e-05 440
1779082357623 2.5130952380952383e-05 460
1779082365322 2.4892857142857144e-05 480
1779082373048 2.4654761904761905e-05 500
1779082398245 2.4416666666666666e-05 520
1779082405952 2.417857142857143e-05 540
1779082413695 2.3940476190476192e-05 560
1779082421419 2.3702380952380953e-05 580
1779082429118 2.3464285714285714e-05 600
1779082436780 2.322619047619048e-05 620
1779082444507 2.298809523809524e-05 640
1779082452235 2.275e-05 660
1779082459950 2.2511904761904762e-05 680
1779082467656 2.2273809523809526e-05 700
1779082475392 2.2035714285714287e-05 720
1779082483128 2.179761904761905e-05 740
1779082508550 2.155952380952381e-05 760
1779082516100 2.1321428571428574e-05 780
1779082523635 2.1083333333333332e-05 800
1779082531202 2.0845238095238096e-05 820
1779082538733 2.0607142857142858e-05 840
1779082546687 2.0369047619047622e-05 860
1779082554241 2.013095238095238e-05 880
1779082561776 1.9892857142857144e-05 900
1779082569347 1.9654761904761905e-05 920
1779082576894 1.9416666666666667e-05 940
1779082584444 1.9178571428571428e-05 960
1779082591845 1.894047619047619e-05 980
1779082597963 1.8702380952380953e-05 1000
1779082623551 1.8464285714285714e-05 1020
1779082631104 1.8226190476190476e-05 1040
1779082638746 1.7988095238095237e-05 1060
1779082646422 1.775e-05 1080
1779082654086 1.7511904761904762e-05 1100
1779082661780 1.7273809523809523e-05 1120
1779082669500 1.7035714285714285e-05 1140
1779082677235 1.679761904761905e-05 1160
1779082684968 1.655952380952381e-05 1180
1779082692672 1.632142857142857e-05 1200
1779082700365 1.6083333333333332e-05 1220
1779082708064 1.5845238095238097e-05 1240
1779082734052 1.5607142857142858e-05 1260
1779082741759 1.536904761904762e-05 1280
1779082749458 1.513095238095238e-05 1300
1779082757216 1.4892857142857143e-05 1320
1779082764947 1.4654761904761904e-05 1340
1779082772658 1.4416666666666667e-05 1360
1779082780227 1.4178571428571428e-05 1380
1779082787910 1.3940476190476191e-05 1400
1779082795634 1.3702380952380952e-05 1420
1779082803391 1.3464285714285715e-05 1440
1779082811077 1.3226190476190476e-05 1460
1779082818709 1.2988095238095239e-05 1480
1779082826364 1.275e-05 1500
1779082851740 1.2511904761904763e-05 1520
1779082859408 1.2273809523809524e-05 1540
1779082866929 1.2035714285714287e-05 1560
1779082874507 1.1797619047619048e-05 1580
1779082882523 1.155952380952381e-05 1600
1779082890312 1.1321428571428572e-05 1620
1779082898037 1.1083333333333335e-05 1640
1779082905705 1.0845238095238096e-05 1660
1779082913402 1.0607142857142858e-05 1680
1779082921108 1.036904761904762e-05 1700
1779082928811 1.0130952380952382e-05 1720
1779082936471 9.892857142857143e-06 1740
1779082962104 9.654761904761906e-06 1760
1779082969830 9.416666666666667e-06 1780
1779082977525 9.17857142857143e-06 1800
1779082985234 8.940476190476191e-06 1820
1779082992956 8.702380952380954e-06 1840
1779083000723 8.464285714285714e-06 1860
1779083008448 8.226190476190476e-06 1880
1779083015996 7.988095238095238e-06 1900
1779083023560 7.75e-06 1920
1779083031174 7.511904761904762e-06 1940
1779083038719 7.273809523809524e-06 1960
1779083046302 7.035714285714286e-06 1980
1779083053823 6.797619047619048e-06 2000
1779083079069 6.559523809523809e-06 2020
1779083086646 6.321428571428571e-06 2040
1779083094128 6.083333333333333e-06 2060
1779083101300 5.845238095238095e-06 2080
1779083107765 5.607142857142857e-06 2100
1779083115453 5.369047619047619e-06 2120
1779083123133 5.130952380952381e-06 2140
1779083130858 4.892857142857143e-06 2160
1779083138548 4.654761904761905e-06 2180
1779083146257 4.416666666666667e-06 2200
1779083153964 4.178571428571429e-06 2220
1779083161657 3.940476190476191e-06 2240
1779083187045 3.7023809523809525e-06 2260
1779083194747 3.4642857142857145e-06 2280
1779083202433 3.2261904761904764e-06 2300
1779083210165 2.988095238095238e-06 2320
1779083217818 2.75e-06 2340
1779083225487 2.511904761904762e-06 2360
1779083233269 2.273809523809524e-06 2380
1779083240959 2.0357142857142854e-06 2400
1779083248997 1.7976190476190478e-06 2420
1779083256790 1.5595238095238095e-06 2440
1779083264641 1.3214285714285715e-06 2460
1779083272397 1.0833333333333333e-06 2480
1779083280129 8.452380952380952e-07 2500
1779083305742 6.071428571428572e-07 2520
1779083313441 3.6904761904761906e-07 2540
1779083321099 1.3095238095238097e-07 2560
