1779082171375 0.9984 20
1779082179050 0.9946 40
1779082186736 0.9893 60
1779082194389 1.0107 80
1779082202029 0.9998 100
1779082209721 0.992 120
1779082217400 1.0018 140
1779082225024 0.9596 160
1779082232682 0.9858 180
1779082240317 0.9882 200
1779082247857 1.0161 220
1779082255617 1.0008 240
1779082281154 1.0072 260
1779082288837 0.9704 280
1779082296550 1.0127 300
1779082304251 0.982 320
1779082311842 1.0009 340
1779082319402 1.0204 360
1779082327003 0.9834 380
1779082334573 0.9764 400
1779082342163 0.99 420
1779082349726 1.0157 440
1779082357623 0.9994 460
1779082365322 0.9953 480
1779082373048 1.009 500
1779082398245 1.0145 520
1779082405952 0.9924 540
1779082413695 0.9796 560
1779082421419 0.9922 580
1779082429118 0.9832 600
1779082436780 1.0168 620
1779082444507 0.9911 640
1779082452235 0.995 660
1779082459950 1.018 680
1779082467656 0.9836 700
1779082475392 0.9905 720
1779082483128 0.9992 740
1779082508550 0.9944 760
1779082516100 0.9896 780
1779082523635 0.9995 800
1779082531202 0.9999 820
1779082538733 1.0237 840
1779082546687 0.995 860
1779082554241 1.0212 880
1779082561776 0.9848 900
1779082569347 0.9863 920
1779082576894 0.9834 940
1779082584444 0.9849 960
1779082591845 1.0056 980
1779082597963 0.9813 1000
1779082623551 0.9825 1020
1779082631104 0.9921 1040
1779082638746 0.9984 1060
1779082646422 1.0055 1080
1779082654086 0.9971 1100
1779082661780 1.0127 1120
1779082669500 0.9678 1140
1779082677235 1.0081 1160
1779082684968 1.0065 1180
1779082692672 1.0021 1200
1779082700365 0.9979 1220
1779082708064 0.9825 1240
1779082734052 0.9884 1260
1779082741759 0.9891 1280
1779082749458 1.0073 1300
1779082757216 0.9962 1320
1779082764947 0.9993 1340
1779082772658 0.9761 1360
1779082780227 0.9722 1380
1779082787910 0.9912 1400
1779082795634 1.0091 1420
1779082803391 0.9915 1440
1779082811077 0.9974 1460
1779082818709 0.9998 1480
1779082826364 0.9855 1500
1779082851740 0.9968 1520
1779082859408 0.9956 1540
1779082866929 1.0104 1560
1779082874507 0.9853 1580
1779082882523 1.0093 1600
1779082890312 0.999 1620
1779082898037 0.9972 1640
1779082905705 0.9939 1660
1779082913402 0.9765 1680
1779082921108 0.999 1700
1779082928811 1.0134 1720
1779082936471 0.9883 1740
1779082962104 0.9862 1760
1779082969830 0.9932 1780
1779082977525 1.0009 1800
1779082985234 1.0025 1820
1779082992956 1.0007 1840
1779083000723 0.9893 1860
1779083008448 0.9979 1880
1779083015996 1.0071 1900
1779083023560 0.9727 1920
1779083031174 0.9833 1940
1779083038719 0.976 1960
1779083046302 0.9939 1980
1779083053823 0.9935 2000
1779083079069 0.99 2020
1779083086646 1.0009 2040
1779083094128 0.9838 2060
1779083101300 1.009 2080
1779083107765 0.9966 2100
1779083115453 0.9988 2120
1779083123133 1.0018 2140
1779083130858 0.9732 2160
1779083138548 0.9782 2180
1779083146257 1.0026 2200
1779083153964 0.9917 2220
1779083161657 0.9983 2240
1779083187045 0.9653 2260
1779083194747 0.9919 2280
1779083202433 0.9929 2300
1779083210165 0.9688 2320
1779083217818 0.9839 2340
1779083225487 0.9966 2360
1779083233269 0.9974 2380
1779083240959 1.0016 2400
1779083248997 1.0047 2420
1779083256790 0.9975 2440
1779083264641 0.9904 2460
1779083272397 1.0225 2480
1779083280129 0.9904 2500
1779083305742 0.9969 2520
1779083313441 0.997 2540
1779083321099 1.0131 2560
