1778317094037 0.017777777777777778 20
1778317099302 0.035555555555555556 40
1778317104521 0.05333333333333334 60
1778317109815 0.07111111111111111 80
1778317115096 0.08888888888888889 100
1778317120332 0.10666666666666667 120
1778317125552 0.12444444444444444 140
1778317130860 0.14222222222222222 160
1778317136158 0.16 180
1778317141475 0.17777777777777778 200
1778317146690 0.19555555555555557 220
1778317151917 0.21333333333333335 240
1778317171912 0.2222222222222222 250
1778317176700 0.2311111111111111 260
1778317181939 0.24888888888888888 280
1778317187277 0.26666666666666666 300
1778317192492 0.28444444444444444 320
1778317197763 0.3022222222222222 340
1778317203034 0.32 360
1778317208293 0.3377777777777778 380
1778317213538 0.35555555555555557 400
1778317218847 0.37333333333333335 420
1778317224089 0.39111111111111113 440
1778317229330 0.4088888888888889 460
1778317235039 0.4266666666666667 480
1778317240274 0.4444444444444444 500
1778317256658 0.4444444444444444 500
1778317263575 0.4622222222222222 520
1778317268817 0.48 540
1778317274050 0.49777777777777776 560
1778317279284 0.5155555555555555 580
1778317284508 0.5333333333333333 600
1778317289777 0.5511111111111111 620
1778317295025 0.5688888888888889 640
1778317300327 0.5866666666666667 660
1778317305621 0.6044444444444445 680
1778317310851 0.6222222222222222 700
1778317316051 0.64 720
1778317321286 0.6577777777777778 740
1778317340149 0.6666666666666666 750
1778317344761 0.6755555555555556 760
1778317350048 0.6933333333333334 780
1778317355335 0.7111111111111111 800
1778317360584 0.7288888888888889 820
1778317365921 0.7466666666666667 840
1778317371203 0.7644444444444445 860
1778317376517 0.7822222222222223 880
1778317382104 0.8 900
1778317387329 0.8177777777777778 920
1778317392620 0.8355555555555556 940
1778317397864 0.8533333333333334 960
1778317403125 0.8711111111111111 980
1778317408460 0.8888888888888888 1000
1778317424933 0.8888888888888888 1000
1778317432326 0.9066666666666666 1020
1778317437640 0.9244444444444444 1040
1778317442891 0.9422222222222222 1060
1778317448177 0.96 1080
1778317453470 0.9777777777777777 1100
1778317458799 0.9955555555555555 1120
1778317464079 1.0133333333333334 1140
1778317469324 1.031111111111111 1160
1778317474598 1.048888888888889 1180
1778317479878 1.0666666666666667 1200
1778317485153 1.0844444444444445 1220
1778317490420 1.1022222222222222 1240
1778317509578 1.1111111111111112 1250
1778317514304 1.12 1260
1778317519575 1.1377777777777778 1280
1778317525224 1.1555555555555554 1300
1778317530511 1.1733333333333333 1320
1778317535825 1.1911111111111112 1340
1778317541058 1.208888888888889 1360
1778317546310 1.2266666666666666 1380
1778317551556 1.2444444444444445 1400
1778317556799 1.2622222222222224 1420
1778317562105 1.28 1440
1778317567406 1.2977777777777777 1460
1778317572763 1.3155555555555556 1480
1778317578088 1.3333333333333333 1500
1778317594517 1.3333333333333333 1500
1778317596507 1.3333333333333333 1500
1778317613219 1.3333333333333333 1500
1778317651687 1.3333333333333333 1500
1778317652957 1.3333333333333333 0
