1778317094037 1.1400000000000001e-05 20
1778317099302 2.3400000000000003e-05 40
1778317104521 2.9975892857142858e-05 60
1778317109815 2.9922321428571428e-05 80
1778317115096 2.986875e-05 100
1778317120332 2.981517857142857e-05 120
1778317125552 2.9761607142857144e-05 140
1778317130860 2.9708035714285717e-05 160
1778317136158 2.9654464285714286e-05 180
1778317141475 2.960089285714286e-05 200
1778317146690 2.954732142857143e-05 220
1778317151917 2.9493750000000002e-05 240
1778317176700 2.944017857142857e-05 260
1778317181939 2.9386607142857145e-05 280
1778317187277 2.9333035714285718e-05 300
1778317192492 2.9279464285714287e-05 320
1778317197763 2.9225892857142857e-05 340
1778317203034 2.9172321428571427e-05 360
1778317208293 2.911875e-05 380
1778317213538 2.9065178571428573e-05 400
1778317218847 2.9011607142857142e-05 420
1778317224089 2.8958035714285715e-05 440
1778317229330 2.8904464285714285e-05 460
1778317235039 2.8850892857142858e-05 480
1778317240274 2.8797321428571428e-05 500
1778317263575 2.874375e-05 520
1778317268817 2.8690178571428574e-05 540
1778317274050 2.8636607142857143e-05 560
1778317279284 2.8583035714285716e-05 580
1778317284508 2.8529464285714286e-05 600
1778317289777 2.847589285714286e-05 620
1778317295025 2.8422321428571432e-05 640
1778317300327 2.8368750000000002e-05 660
1778317305621 2.8315178571428575e-05 680
1778317310851 2.826160714285714e-05 700
1778317316051 2.8208035714285714e-05 720
1778317321286 2.8154464285714284e-05 740
1778317344761 2.8100892857142857e-05 760
1778317350048 2.804732142857143e-05 780
1778317355335 2.799375e-05 800
1778317360584 2.7940178571428572e-05 820
1778317365921 2.7886607142857142e-05 840
1778317371203 2.7833035714285715e-05 860
1778317376517 2.7779464285714288e-05 880
1778317382104 2.7725892857142858e-05 900
1778317387329 2.767232142857143e-05 920
1778317392620 2.761875e-05 940
1778317397864 2.7565178571428574e-05 960
1778317403125 2.7511607142857143e-05 980
1778317408460 2.7458035714285716e-05 1000
1778317432326 2.740446428571429e-05 1020
1778317437640 2.7350892857142855e-05 1040
1778317442891 2.729732142857143e-05 1060
1778317448177 2.7243749999999998e-05 1080
1778317453470 2.719017857142857e-05 1100
1778317458799 2.7136607142857144e-05 1120
1778317464079 2.7083035714285714e-05 1140
1778317469324 2.7029464285714287e-05 1160
1778317474598 2.6975892857142857e-05 1180
1778317479878 2.692232142857143e-05 1200
1778317485153 2.686875e-05 1220
1778317490420 2.6815178571428572e-05 1240
1778317514304 2.6761607142857145e-05 1260
1778317519575 2.6708035714285715e-05 1280
1778317525224 2.6654464285714288e-05 1300
1778317530511 2.6600892857142858e-05 1320
1778317535825 2.654732142857143e-05 1340
1778317541058 2.6493750000000004e-05 1360
1778317546310 2.6440178571428573e-05 1380
1778317551556 2.6386607142857143e-05 1400
1778317556799 2.6333035714285713e-05 1420
1778317562105 2.6279464285714286e-05 1440
1778317567406 2.6225892857142855e-05 1460
1778317572763 2.6172321428571428e-05 1480
1778317578088 2.611875e-05 1500
