1778317094037 0.7013 20
1778317099302 0.6763 40
1778317104521 0.6842 60
1778317109815 0.6922 80
1778317115096 0.7015 100
1778317120332 0.6977 120
1778317125552 0.6913 140
1778317130860 0.6984 160
1778317136158 0.6946 180
1778317141475 0.7004 200
1778317146690 0.6963 220
1778317151917 0.6839 240
1778317176700 0.694 260
1778317181939 0.6922 280
1778317187277 0.6938 300
1778317192492 0.686 320
1778317197763 0.6792 340
1778317203034 0.7046 360
1778317208293 0.6987 380
1778317213538 0.6922 400
1778317218847 0.6967 420
1778317224089 0.6947 440
1778317229330 0.6947 460
1778317235039 0.6908 480
1778317240274 0.694 500
1778317263575 0.6976 520
1778317268817 0.6918 540
1778317274050 0.6849 560
1778317279284 0.6987 580
1778317284508 0.6894 600
1778317289777 0.6892 620
1778317295025 0.7026 640
1778317300327 0.6941 660
1778317305621 0.6942 680
1778317310851 0.6921 700
1778317316051 0.6953 720
1778317321286 0.6947 740
1778317344761 0.6914 760
1778317350048 0.6984 780
1778317355335 0.6878 800
1778317360584 0.7007 820
1778317365921 0.6852 840
1778317371203 0.6742 860
1778317376517 0.7054 880
1778317382104 0.6945 900
1778317387329 0.6873 920
1778317392620 0.6957 940
1778317397864 0.691 960
1778317403125 0.6989 980
1778317408460 0.6961 1000
1778317432326 0.688 1020
1778317437640 0.7034 1040
1778317442891 0.6945 1060
1778317448177 0.6922 1080
1778317453470 0.6892 1100
1778317458799 0.6973 1120
1778317464079 0.6987 1140
1778317469324 0.6925 1160
1778317474598 0.6952 1180
1778317479878 0.6917 1200
1778317485153 0.6915 1220
1778317490420 0.6939 1240
1778317514304 0.689 1260
1778317519575 0.6883 1280
1778317525224 0.7027 1300
1778317530511 0.684 1320
1778317535825 0.6877 1340
1778317541058 0.7235 1360
1778317546310 0.7084 1380
1778317551556 0.6864 1400
1778317556799 0.6877 1420
1778317562105 0.6967 1440
1778317567406 0.6935 1460
1778317572763 0.6913 1480
1778317578088 0.6948 1500
