1778926528456 40.62320327758789 20
1778926548078 64.41438293457031 40
1778926567297 133.2974395751953 60
1778926586932 116.728759765625 80
1778926606175 150.19400024414062 100
1778926625812 89.13260650634766 120
1778926645033 169.20822143554688 140
1778926664679 187.34860229492188 160
1778926684323 40.049598693847656 180
1778926703553 42.87177276611328 200
1778926723199 47.22654342651367 220
1778926742430 51.69662094116211 240
1778926768329 106.95817565917969 260
1778926787577 20.180509567260742 280
1778926807242 4.63012170791626 300
1778926826908 23.51874542236328 320
1778926846156 0.036752939224243164 340
1778926865820 7.220068454742432 360
1778926885066 1.2150309085845947 380
1778926904728 1.2277323007583618 400
1778926923973 0.08220942318439484 420
1778926943634 0.024381304159760475 440
1778926962879 0.016065673902630806 460
