1778926528456 3.8e-05 20
1778926548078 7.800000000000001e-05 40
1778926567297 9.78048780487805e-05 60
1778926586932 9.292682926829269e-05 80
1778926606175 8.804878048780489e-05 100
1778926625812 8.317073170731707e-05 120
1778926645033 7.829268292682928e-05 140
1778926664679 7.341463414634146e-05 160
1778926684323 6.853658536585367e-05 180
1778926703553 6.365853658536585e-05 200
1778926723199 5.878048780487805e-05 220
1778926742430 5.390243902439025e-05 240
1778926768329 4.902439024390244e-05 260
1778926787577 4.414634146341464e-05 280
1778926807242 3.9268292682926835e-05 300
1778926826908 3.4390243902439025e-05 320
1778926846156 2.951219512195122e-05 340
1778926865820 2.4634146341463414e-05 360
1778926885066 1.975609756097561e-05 380
1778926904728 1.4878048780487805e-05 400
1778926923973 1e-05 420
1778926943634 5.121951219512195e-06 440
1778926962879 2.439024390243903e-07 460
