1779322802482 1.9085408449172974 20
1779322803279 2.242800712585449 40
1779322804059 1.2061532735824585 60
1779322804873 0.9978423118591309 80
1779322805690 1.2873963117599487 100
1779322806483 0.9487406015396118 120
1779322807276 1.6993128061294556 140
1779322808052 1.0487215518951416 160
1779322808830 2.1203629970550537 180
1779322809672 1.6611095666885376 200
1779322810465 1.4819227457046509 220
1779322811286 1.1812772750854492 240
1779322818613 1.6905871629714966 260
1779322819430 1.425304889678955 280
1779322820222 1.8079522848129272 300
1779322821048 2.020562171936035 320
1779322821859 0.9526601433753967 340
1779322822648 0.9672675728797913 360
1779322823430 1.1589020490646362 380
1779322824166 1.0739725828170776 400
1779322824887 1.2754440307617188 420
1779322825586 1.0181163549423218 440
1779322826280 1.300078272819519 460
1779322826962 2.038350820541382 480
1779322827643 1.4395687580108643 500
1779322834837 1.0777817964553833 520
1779322835614 1.5123940706253052 540
1779322836432 0.9874516725540161 560
1779322837234 2.235349655151367 580
1779322837993 1.8379091024398804 600
1779322838795 1.3141024112701416 620
1779322839633 1.6800293922424316 640
1779322840449 1.8451515436172485 660
1779322841229 1.9261915683746338 680
1779322842038 2.0254526138305664 700
1779322842861 1.1628185510635376 720
1779322843663 1.6750457286834717 740
1779322851489 1.0493159294128418 760
1779322852316 1.263383150100708 780
1779322853117 1.1564946174621582 800
1779322853923 1.1187645196914673 820
1779322854698 1.5169178247451782 840
1779322855496 2.057133913040161 860
1779322856295 1.0883313417434692 880
1779322857091 2.7292871475219727 900
1779322857886 1.5814942121505737 920
1779322858641 1.5029339790344238 940
1779322859404 1.245017647743225 960
1779322860207 1.0998663902282715 980
1779322860938 1.3765383958816528 1000
1779322867949 1.0747737884521484 1020
1779322868755 1.789980173110962 1040
1779322869525 1.1429517269134521 1060
1779322870308 1.8092167377471924 1080
1779322871094 1.1628820896148682 1100
1779322871877 2.389249324798584 1120
1779322872657 1.2501466274261475 1140
1779322873424 1.7977874279022217 1160
1779322874278 1.8771440982818604 1180
1779322875124 1.41469144821167 1200
1779322875988 1.619254231452942 1220
1779322876828 1.7433593273162842 1240
1779322884882 1.2453726530075073 1260
1779322885677 0.880668580532074 1280
1779322886488 1.0567047595977783 1300
1779322887293 1.7816162109375 1320
1779322888072 1.2935748100280762 1340
1779322888875 1.658230185508728 1360
1779322889686 1.1217621564865112 1380
1779322890504 1.0957218408584595 1400
1779322891336 1.470279574394226 1420
1779322892198 0.9860475063323975 1440
1779322892994 1.2006157636642456 1460
1779322893780 1.347916603088379 1480
1779322894573 1.5186424255371094 1500
1779322902213 2.0622916221618652 1520
1779322903038 1.478837490081787 1540
1779322903848 1.19118332862854 1560
1779322904611 1.1200534105300903 1580
1779322905356 1.014850378036499 1600
1779322906107 1.9654685258865356 1620
1779322906870 1.2542978525161743 1640
1779322907619 1.1785118579864502 1660
1779322908388 2.276568651199341 1680
1779322909150 1.171729326248169 1700
1779322909940 2.5731701850891113 1720
1779322910723 1.0005794763565063 1740
1779322917929 1.9823484420776367 1760
1779322918721 1.268437147140503 1780
1779322919541 1.3194197416305542 1800
1779322920383 1.1811439990997314 1820
1779322921199 1.2270015478134155 1840
1779322922003 1.0444910526275635 1860
1779322922794 1.7433761358261108 1880
1779322923598 1.2805299758911133 1900
1779322924404 1.3897663354873657 1920
1779322925204 1.6464869976043701 1940
1779322926013 2.4804458618164062 1960
1779322926806 1.024438738822937 1980
1779322927621 1.4088294506072998 2000
1779322934891 2.0544674396514893 2020
1779322935692 3.2818431854248047 2040
1779322936514 1.395439863204956 2060
1779322937298 2.4596149921417236 2080
1779322938119 2.099557876586914 2100
1779322938923 1.2910254001617432 2120
1779322939789 1.2099432945251465 2140
1779322940609 1.0426666736602783 2160
1779322941411 1.4360501766204834 2180
1779322942229 1.5579206943511963 2200
1779322943061 1.1460459232330322 2220
1779322943845 1.2288682460784912 2240
1779322951672 1.4564584493637085 2260
1779322952621 1.032594919204712 2280
1779322953490 1.17603600025177 2300
1779322954277 0.966169536113739 2320
1779322955106 1.5916166305541992 2340
1779322955924 1.5281389951705933 2360
1779322956790 1.450830340385437 2380
1779322957687 1.11866295337677 2400
1779322958488 3.131338357925415 2420
1779322959319 1.2194772958755493 2440
1779322960107 1.019640564918518 2460
1779322960904 1.4075678586959839 2480
1779322961714 1.1752057075500488 2500
1779322969748 1.455277681350708 2520
1779322970564 1.4918348789215088 2540
1779322971377 1.0870952606201172 2560
1779322972184 1.592674970626831 2580
1779322972956 1.1581225395202637 2600
1779322973753 2.4256534576416016 2620
1779322974556 1.1925629377365112 2640
1779322975364 1.5505216121673584 2660
1779322976151 1.315527319908142 2680
1779322976941 1.1512196063995361 2700
1779322977744 1.0006455183029175 2720
1779322978543 2.6504054069519043 2740
1779322986184 1.0700595378875732 2760
1779322986997 1.0238758325576782 2780
1779322987844 1.1593990325927734 2800
1779322988658 1.4989067316055298 2820
1779322989482 1.003587245941162 2840
1779322990259 1.2914987802505493 2860
1779322991071 0.8825061321258545 2880
1779322991916 1.4488004446029663 2900
1779322992745 1.445794939994812 2920
1779322993577 1.1154041290283203 2940
1779322994387 1.2167391777038574 2960
1779322995221 2.0948023796081543 2980
1779322996025 1.6848491430282593 3000
1779323003902 1.5165609121322632 3020
1779323004704 1.0611642599105835 3040
1779323005524 1.5071463584899902 3060
1779323006365 1.443967580795288 3080
1779323007170 1.6143628358840942 3100
1779323007975 1.0559054613113403 3120
1779323008794 1.009548306465149 3140
1779323009572 0.9332225322723389 3160
1779323010357 0.9431746006011963 3180
1779323011150 1.0114352703094482 3200
1779323011957 1.1399024724960327 3220
1779323012828 1.9075955152511597 3240
1779323020565 1.7072534561157227 3260
1779323021387 2.4205987453460693 3280
1779323022211 1.1724265813827515 3300
1779323023022 2.3228721618652344 3320
1779323023828 1.3035908937454224 3340
1779323024636 1.0858807563781738 3360
1779323025450 2.0756568908691406 3380
1779323026286 1.176493763923645 3400
1779323027123 0.9958063960075378 3420
1779323027937 0.9693540930747986 3440
1779323028733 2.5652568340301514 3460
1779323029533 1.7098289728164673 3480
1779323030345 1.4940471649169922 3500
1779323038274 1.0061455965042114 3520
1779323039042 1.8253504037857056 3540
1779323039860 1.424619197845459 3560
1779323040641 1.06924307346344 3580
1779323041457 1.482730507850647 3600
1779323042275 0.9745429158210754 3620
1779323043078 1.0696221590042114 3640
1779323043886 1.3045992851257324 3660
1779323044696 2.352191686630249 3680
1779323045487 1.1663473844528198 3700
1779323046280 2.2874109745025635 3720
1779323047081 1.72821843624115 3740
1779323054304 1.323395013809204 3760
1779323055123 1.4102632999420166 3780
1779323055899 1.9563637971878052 3800
1779323056692 1.056530475616455 3820
1779323057512 0.9636377692222595 3840
1779323058339 1.474305272102356 3860
1779323059196 1.8262183666229248 3880
1779323060030 1.6078435182571411 3900
1779323060856 1.4081600904464722 3920
1779323061673 1.080327033996582 3940
1779323062499 1.6338989734649658 3960
1779323063313 1.4326279163360596 3980
1779323064115 1.1862224340438843 4000
1779323071776 0.9333239793777466 4020
1779323072533 1.3575383424758911 4040
1779323073339 0.9717909097671509 4060
1779323074193 1.964805006980896 4080
1779323074977 1.1476887464523315 4100
1779323075782 1.1515144109725952 4120
1779323076575 1.1810684204101562 4140
1779323077378 1.6131445169448853 4160
1779323078164 1.7462055683135986 4180
1779323078951 1.0963472127914429 4200
1779323079738 1.4540024995803833 4220
1779323080509 1.2357596158981323 4240
1779323088317 1.2991142272949219 4260
1779323089054 1.1814005374908447 4280
1779323089844 1.1288353204727173 4300
1779323090577 1.07280695438385 4320
1779323091312 2.5765559673309326 4340
1779323092088 0.9978219866752625 4360
1779323092858 1.4575145244598389 4380
1779323093623 2.244550943374634 4400
1779323094414 1.6225719451904297 4420
1779323095174 1.0443570613861084 4440
1779323095952 2.419538736343384 4460
1779323096761 2.2160122394561768 4480
1779323097535 1.480799913406372 4500
1779323104725 1.4903137683868408 4520
1779323105477 1.6223468780517578 4540
1779323106238 1.6082115173339844 4560
1779323107017 1.0951935052871704 4580
1779323107758 2.615708112716675 4600
1779323108508 1.6728309392929077 4620
1779323109270 1.0476311445236206 4640
1779323110005 1.025472640991211 4660
1779323110749 0.9973661303520203 4680
1779323111494 1.1163939237594604 4700
1779323112223 1.5784997940063477 4720
1779323112948 1.2754572629928589 4740
1779323120749 1.5620098114013672 4760
1779323121526 1.1489394903182983 4780
1779323122333 1.4504302740097046 4800
1779323123124 1.462796688079834 4820
1779323123910 1.380533218383789 4840
1779323124722 1.8274636268615723 4860
1779323125513 2.1236047744750977 4880
1779323126296 1.1536953449249268 4900
1779323127099 1.3425511121749878 4920
1779323127896 1.1634912490844727 4940
1779323128682 1.0200327634811401 4960
1779323129458 1.732550859451294 4980
1779323130209 1.5102627277374268 5000
1779323137074 1.2691110372543335 5020
1779323137816 1.0903083086013794 5040
1779323138570 1.9286465644836426 5060
1779323139325 1.1352459192276 5080
1779323140086 2.259209156036377 5100
1779323140855 1.0599249601364136 5120
