1778169418331 0.014025245441795231 20
1778169421372 0.028050490883590462 40
1778169424396 0.04207573632538569 60
1778169427449 0.056100981767180924 80
1778169430500 0.07012622720897616 100
1778169433554 0.08415147265077139 120
1778169436593 0.09817671809256662 140
1778169439654 0.11220196353436185 160
1778169442716 0.12622720897615708 180
1778169445774 0.1402524544179523 200
1778169448808 0.15427769985974754 220
1778169451866 0.16830294530154277 240
1778169459397 0.1753155680224404 250
1778169462579 0.182328190743338 260
1778169465627 0.19635343618513323 280
1778169468657 0.21037868162692847 300
1778169471684 0.2244039270687237 320
1778169474732 0.23842917251051893 340
1778169477782 0.25245441795231416 360
1778169480847 0.2664796633941094 380
1778169483891 0.2805049088359046 400
1778169486954 0.29453015427769985 420
1778169490040 0.3085553997194951 440
1778169493097 0.3225806451612903 460
1778169496157 0.33660589060308554 480
1778169499213 0.3506311360448808 500
1778169504994 0.3506311360448808 500
1778169510053 0.364656381486676 520
1778169513106 0.37868162692847124 540
1778169516154 0.39270687237026647 560
1778169519208 0.4067321178120617 580
1778169522258 0.42075736325385693 600
1778169525321 0.43478260869565216 620
1778169528382 0.4488078541374474 640
1778169531456 0.4628330995792426 660
1778169534491 0.47685834502103785 680
1778169537564 0.4908835904628331 700
1778169540637 0.5049088359046283 720
1778169543698 0.5189340813464236 740
1778169552223 0.5259467040673211 750
1778169558026 0.5329593267882188 760
1778169561075 0.5469845722300141 780
1778169564143 0.5610098176718092 800
1778169567213 0.5750350631136045 820
1778169570251 0.5890603085553997 840
1778169573308 0.603085553997195 860
1778169576357 0.6171107994389902 880
1778169579406 0.6311360448807855 900
1778169582464 0.6451612903225806 920
1778169585559 0.6591865357643759 940
1778169588641 0.6732117812061711 960
1778169591695 0.6872370266479664 980
1778169594756 0.7012622720897616 1000
1778169600549 0.7012622720897616 1000
1778169606681 0.7152875175315568 1020
1778169609746 0.729312762973352 1040
1778169612798 0.7433380084151473 1060
1778169615861 0.7573632538569425 1080
1778169618930 0.7713884992987378 1100
1778169622005 0.7854137447405329 1120
1778169625067 0.7994389901823282 1140
1778169628139 0.8134642356241234 1160
1778169631196 0.8274894810659187 1180
1778169634253 0.8415147265077139 1200
1778169637323 0.8555399719495091 1220
1778169640347 0.8695652173913043 1240
1778169649220 0.876577840112202 1250
1778169653049 0.8835904628330996 1260
1778169656101 0.8976157082748948 1280
1778169659172 0.9116409537166901 1300
1778169662241 0.9256661991584852 1320
1778169665280 0.9396914446002805 1340
1778169668328 0.9537166900420757 1360
1778169671371 0.967741935483871 1380
1778169674437 0.9817671809256662 1400
1778169677490 0.9957924263674615 1420
1778169680485 1.0098176718092566 1440
1778169683524 1.023842917251052 1460
1778169686585 1.0378681626928472 1480
1778169689643 1.0518934081346423 1500
1778169695427 1.0518934081346423 1500
1778169702550 1.0659186535764376 1520
1778169705608 1.0799438990182328 1540
1778169708673 1.0939691444600281 1560
1778169711715 1.1079943899018232 1580
1778169714769 1.1220196353436185 1600
1778169717829 1.1360448807854138 1620
1778169720876 1.150070126227209 1640
1778169723942 1.1640953716690041 1660
1778169727007 1.1781206171107994 1680
1778169730072 1.1921458625525947 1700
1778169733125 1.20617110799439 1720
1778169736171 1.220196353436185 1740
1778169743480 1.2272089761570828 1750
1778169750240 1.2342215988779803 1760
1778169753299 1.2482468443197756 1780
1778169756363 1.262272089761571 1800
1778169759424 1.276297335203366 1820
1778169762489 1.2903225806451613 1840
1778169765549 1.3043478260869565 1860
1778169768581 1.3183730715287518 1880
1778169771637 1.3323983169705471 1900
1778169774710 1.3464235624123422 1920
1778169777770 1.3604488078541375 1940
1778169780823 1.3744740532959328 1960
1778169783881 1.3884992987377278 1980
1778169786951 1.402524544179523 2000
1778169792736 1.402524544179523 2000
1778169797448 1.4165497896213184 2020
1778169800500 1.4305750350631137 2040
1778169803547 1.444600280504909 2060
1778169806597 1.458625525946704 2080
1778169809653 1.4726507713884993 2100
1778169812714 1.4866760168302946 2120
1778169815772 1.5007012622720897 2140
1778169818824 1.514726507713885 2160
1778169821869 1.5287517531556802 2180
1778169824916 1.5427769985974753 2200
1778169827960 1.5568022440392708 2220
1778169831052 1.5708274894810659 2240
1778169838364 1.5778401122019634 2250
1778169844039 1.5848527349228612 2260
1778169847104 1.5988779803646564 2280
1778169850151 1.6129032258064515 2300
1778169853198 1.6269284712482468 2320
1778169856240 1.640953716690042 2340
1778169859304 1.6549789621318372 2360
1778169862348 1.6690042075736327 2380
1778169865421 1.6830294530154277 2400
1778169868494 1.697054698457223 2420
1778169871531 1.7110799438990183 2440
1778169874591 1.7251051893408134 2460
1778169877643 1.7391304347826086 2480
1778169880715 1.753155680224404 2500
1778169886504 1.753155680224404 2500
1778169894985 1.767180925666199 2520
1778169898042 1.7812061711079945 2540
1778169901086 1.7952314165497896 2560
1778169904142 1.8092566619915849 2580
1778169907206 1.8232819074333801 2600
1778169910255 1.8373071528751752 2620
1778169913306 1.8513323983169705 2640
1778169916365 1.8653576437587658 2660
1778169919424 1.8793828892005608 2680
1778169922473 1.8934081346423564 2700
1778169925549 1.9074333800841514 2720
1778169928616 1.9214586255259467 2740
1778169935924 1.9284712482468445 2750
1778169942867 1.935483870967742 2760
1778169945905 1.949509116409537 2780
1778169948946 1.9635343618513323 2800
1778169951992 1.9775596072931276 2820
1778169955059 1.9915848527349227 2840
1778169958059 2.005610098176718 2860
1778169961106 2.0196353436185133 2880
1778169964156 2.0336605890603083 2900
1778169967219 2.047685834502104 2920
1778169970267 2.061711079943899 2940
1778169973324 2.0757363253856944 2960
1778169976386 2.0897615708274895 2980
1778169979462 2.1037868162692845 3000
1778169985238 2.1037868162692845 3000
1778169991976 2.11781206171108 3020
1778169995030 2.131837307152875 3040
1778169998104 2.1458625525946706 3060
1778170001153 2.1598877980364657 3080
1778170004194 2.1739130434782608 3100
1778170007242 2.1879382889200563 3120
1778170010282 2.2019635343618513 3140
1778170013347 2.2159887798036464 3160
1778170016409 2.230014025245442 3180
1778170019464 2.244039270687237 3200
1778170022529 2.258064516129032 3220
1778170025609 2.2720897615708275 3240
1778170032887 2.279102384291725 3250
1778170037820 2.2861150070126226 3260
1778170040867 2.300140252454418 3280
1778170043919 2.314165497896213 3300
1778170046964 2.3281907433380082 3320
1778170050011 2.3422159887798037 3340
1778170053069 2.356241234221599 3360
1778170056119 2.3702664796633943 3380
1778170059177 2.3842917251051894 3400
1778170062241 2.3983169705469845 3420
1778170065282 2.41234221598878 3440
1778170068327 2.426367461430575 3460
1778170071384 2.44039270687237 3480
1778170074448 2.4544179523141656 3500
1778170080241 2.4544179523141656 3500
1778170089089 2.4684431977559607 3520
1778170092150 2.4824684431977557 3540
1778170095195 2.4964936886395512 3560
1778170098252 2.5105189340813463 3580
1778170101310 2.524544179523142 3600
1778170104357 2.538569424964937 3620
1778170107411 2.552594670406732 3640
1778170110461 2.5666199158485274 3660
1778170113527 2.5806451612903225 3680
1778170116591 2.594670406732118 3700
1778170119613 2.608695652173913 3720
1778170122665 2.622720897615708 3740
1778170129952 2.6297335203366057 3750
1778170135682 2.6367461430575037 3760
1778170138712 2.6507713884992987 3780
1778170141780 2.6647966339410942 3800
1778170144845 2.6788218793828893 3820
1778170147902 2.6928471248246844 3840
1778170150959 2.7068723702664794 3860
1778170154025 2.720897615708275 3880
1778170157064 2.73492286115007 3900
1778170160128 2.7489481065918655 3920
1778170163202 2.7629733520336606 3940
1778170166283 2.7769985974754556 3960
1778170169370 2.791023842917251 3980
1778170172429 2.805049088359046 4000
1778170179617 2.805049088359046 4000
1778170185855 2.8190743338008417 4020
1778170188916 2.833099579242637 4040
1778170191964 2.847124824684432 4060
1778170195010 2.8611500701262274 4080
1778170198058 2.8751753155680224 4100
1778170201139 2.889200561009818 4120
1778170204231 2.903225806451613 4140
1778170207280 2.917251051893408 4160
1778170210329 2.931276297335203 4180
1778170213377 2.9453015427769986 4200
1778170216420 2.9593267882187937 4220
1778170219461 2.973352033660589 4240
1778170226768 2.9803646563814867 4250
1778170232745 2.9873772791023843 4260
1778170235723 3.0014025245441793 4280
1778170238776 3.015427769985975 4300
1778170241826 3.02945301542777 4320
1778170244856 3.0434782608695654 4340
1778170247895 3.0575035063113605 4360
1778170250945 3.0715287517531555 4380
1778170253992 3.085553997194951 4400
1778170257037 3.099579242636746 4420
1778170260071 3.113604488078541 4440
1778170263104 3.1276297335203367 4460
1778170266164 3.1416549789621318 4480
1778170269237 3.1556802244039273 4500
1778170275009 3.1556802244039273 4500
1778170280003 3.1697054698457223 4520
1778170283038 3.1837307152875174 4540
1778170286064 3.197755960729313 4560
1778170289123 3.211781206171108 4580
1778170292184 3.225806451612903 4600
1778170295256 3.2398316970546985 4620
1778170298310 3.2538569424964936 4640
1778170301364 3.267882187938289 4660
1778170304430 3.281907433380084 4680
1778170307476 3.2959326788218792 4700
1778170310535 3.3099579242636747 4720
1778170313573 3.32398316970547 4740
1778170320889 3.3309957924263673 4750
1778170327616 3.3380084151472653 4760
1778170330654 3.3520336605890604 4780
1778170333701 3.3660589060308554 4800
1778170336737 3.380084151472651 4820
1778170339792 3.394109396914446 4840
1778170342853 3.408134642356241 4860
1778170345912 3.4221598877980366 4880
1778170348966 3.4361851332398317 4900
1778170352019 3.4502103786816267 4920
1778170355070 3.4642356241234222 4940
1778170358148 3.4782608695652173 4960
1778170361201 3.492286115007013 4980
1778170364250 3.506311360448808 5000
1778170370434 3.506311360448808 5000
1778170377326 3.520336605890603 5020
1778170380387 3.5343618513323984 5040
1778170383435 3.5483870967741935 5060
1778170386486 3.562412342215989 5080
1778170389560 3.576437587657784 5100
1778170392621 3.590462833099579 5120
1778170395664 3.604488078541374 5140
1778170398711 3.6185133239831697 5160
1778170401751 3.632538569424965 5180
1778170404781 3.6465638148667603 5200
1778170407858 3.6605890603085554 5220
1778170410913 3.6746143057503504 5240
1778170418203 3.6816269284712484 5250
1778170425415 3.688639551192146 5260
1778170428453 3.702664796633941 5280
1778170431496 3.7166900420757365 5300
1778170434568 3.7307152875175316 5320
1778170437636 3.7447405329593266 5340
1778170440678 3.758765778401122 5360
1778170443746 3.772791023842917 5380
1778170446783 3.7868162692847127 5400
1778170449836 3.8008415147265078 5420
1778170452888 3.814866760168303 5440
1778170455937 3.828892005610098 5460
1778170458990 3.8429172510518934 5480
1778170462053 3.8569424964936885 5500
1778170467825 3.8569424964936885 5500
1778170472098 3.8569424964936885 5500
1778170478296 3.8569424964936885 5500
1778170485803 3.8569424964936885 5500
1778170486314 3.8569424964936885 0
