1778169418331 1.1400000000000001e-05 20
1778169421372 2.3400000000000003e-05 40
1778169424396 2.9966101694915256e-05 60
1778169427449 2.9881355932203393e-05 80
1778169430500 2.9796610169491526e-05 100
1778169433554 2.9711864406779662e-05 120
1778169436593 2.96271186440678e-05 140
1778169439654 2.9542372881355932e-05 160
1778169442716 2.945762711864407e-05 180
1778169445774 2.9372881355932202e-05 200
1778169448808 2.9288135593220342e-05 220
1778169451866 2.9203389830508475e-05 240
1778169462579 2.911864406779661e-05 260
1778169465627 2.9033898305084745e-05 280
1778169468657 2.894915254237288e-05 300
1778169471684 2.8864406779661018e-05 320
1778169474732 2.877966101694915e-05 340
1778169477782 2.8694915254237288e-05 360
1778169480847 2.8610169491525424e-05 380
1778169483891 2.852542372881356e-05 400
1778169486954 2.8440677966101694e-05 420
1778169490040 2.8355932203389834e-05 440
1778169493097 2.8271186440677967e-05 460
1778169496157 2.81864406779661e-05 480
1778169499213 2.8101694915254237e-05 500
1778169510053 2.8016949152542374e-05 520
1778169513106 2.793220338983051e-05 540
1778169516154 2.7847457627118643e-05 560
1778169519208 2.776271186440678e-05 580
1778169522258 2.7677966101694917e-05 600
1778169525321 2.7593220338983053e-05 620
1778169528382 2.7508474576271186e-05 640
1778169531456 2.742372881355932e-05 660
1778169534491 2.733898305084746e-05 680
1778169537564 2.7254237288135593e-05 700
1778169540637 2.716949152542373e-05 720
1778169543698 2.7084745762711866e-05 740
1778169558026 2.7000000000000002e-05 760
1778169561075 2.6915254237288136e-05 780
1778169564143 2.6830508474576272e-05 800
1778169567213 2.674576271186441e-05 820
1778169570251 2.6661016949152542e-05 840
1778169573308 2.657627118644068e-05 860
1778169576357 2.649152542372881e-05 880
1778169579406 2.640677966101695e-05 900
1778169582464 2.6322033898305085e-05 920
1778169585559 2.623728813559322e-05 940
1778169588641 2.6152542372881355e-05 960
1778169591695 2.6067796610169495e-05 980
1778169594756 2.5983050847457628e-05 1000
1778169606681 2.589830508474576e-05 1020
1778169609746 2.58135593220339e-05 1040
1778169612798 2.5728813559322034e-05 1060
1778169615861 2.564406779661017e-05 1080
1778169618930 2.5559322033898304e-05 1100
1778169622005 2.5474576271186444e-05 1120
1778169625067 2.5389830508474577e-05 1140
1778169628139 2.5305084745762714e-05 1160
1778169631196 2.5220338983050847e-05 1180
1778169634253 2.5135593220338983e-05 1200
1778169637323 2.505084745762712e-05 1220
1778169640347 2.4970338983050847e-05 1240
1778169653049 2.4885593220338984e-05 1260
1778169656101 2.480084745762712e-05 1280
1778169659172 2.4716101694915254e-05 1300
1778169662241 2.463135593220339e-05 1320
1778169665280 2.4546610169491524e-05 1340
1778169668328 2.4461864406779664e-05 1360
1778169671371 2.4377118644067797e-05 1380
1778169674437 2.4292372881355933e-05 1400
1778169677490 2.4207627118644067e-05 1420
1778169680485 2.4122881355932206e-05 1440
1778169683524 2.403813559322034e-05 1460
1778169686585 2.3953389830508473e-05 1480
1778169689643 2.3868644067796613e-05 1500
1778169702550 2.3783898305084746e-05 1520
1778169705608 2.3699152542372883e-05 1540
1778169708673 2.3614406779661016e-05 1560
1778169711715 2.3529661016949156e-05 1580
1778169714769 2.344491525423729e-05 1600
1778169717829 2.3360169491525425e-05 1620
1778169720876 2.327542372881356e-05 1640
1778169723942 2.3190677966101695e-05 1660
1778169727007 2.3105932203389832e-05 1680
1778169730072 2.3021186440677965e-05 1700
1778169733125 2.29364406779661e-05 1720
1778169736171 2.2851694915254238e-05 1740
1778169750240 2.2766949152542375e-05 1760
1778169753299 2.2682203389830508e-05 1780
1778169756363 2.2597457627118645e-05 1800
1778169759424 2.251271186440678e-05 1820
1778169762489 2.2427966101694914e-05 1840
1778169765549 2.234322033898305e-05 1860
1778169768581 2.2258474576271187e-05 1880
1778169771637 2.2173728813559324e-05 1900
1778169774710 2.2088983050847457e-05 1920
1778169777770 2.2004237288135594e-05 1940
1778169780823 2.191949152542373e-05 1960
1778169783881 2.1834745762711864e-05 1980
1778169786951 2.175e-05 2000
1778169797448 2.1665254237288133e-05 2020
1778169800500 2.1580508474576273e-05 2040
1778169803547 2.1495762711864406e-05 2060
1778169806597 2.1411016949152543e-05 2080
1778169809653 2.132627118644068e-05 2100
1778169812714 2.1241525423728816e-05 2120
1778169815772 2.115677966101695e-05 2140
1778169818824 2.1072033898305083e-05 2160
1778169821869 2.0987288135593223e-05 2180
1778169824916 2.0902542372881356e-05 2200
1778169827960 2.0817796610169492e-05 2220
1778169831052 2.0733050847457625e-05 2240
1778169844039 2.0648305084745765e-05 2260
1778169847104 2.05635593220339e-05 2280
1778169850151 2.0478813559322035e-05 2300
1778169853198 2.039406779661017e-05 2320
1778169856240 2.0309322033898305e-05 2340
1778169859304 2.022457627118644e-05 2360
1778169862348 2.0139830508474575e-05 2380
1778169865421 2.0055084745762715e-05 2400
1778169868494 1.9970338983050848e-05 2420
1778169871531 1.9885593220338984e-05 2440
1778169874591 1.9800847457627118e-05 2460
1778169877643 1.9716101694915258e-05 2480
1778169880715 1.963135593220339e-05 2500
1778169894985 1.9546610169491524e-05 2520
1778169898042 1.946186440677966e-05 2540
1778169901086 1.9377118644067797e-05 2560
1778169904142 1.9292372881355934e-05 2580
1778169907206 1.9207627118644067e-05 2600
1778169910255 1.9122881355932204e-05 2620
1778169913306 1.903813559322034e-05 2640
1778169916365 1.8953389830508477e-05 2660
1778169919424 1.886864406779661e-05 2680
1778169922473 1.8783898305084743e-05 2700
1778169925549 1.8699152542372883e-05 2720
1778169928616 1.8614406779661016e-05 2740
1778169942867 1.8529661016949153e-05 2760
1778169945905 1.844491525423729e-05 2780
1778169948946 1.8360169491525426e-05 2800
1778169951992 1.827542372881356e-05 2820
1778169955059 1.8190677966101696e-05 2840
1778169958059 1.8105932203389832e-05 2860
1778169961106 1.8021186440677965e-05 2880
1778169964156 1.7936440677966102e-05 2900
1778169967219 1.7851694915254235e-05 2920
1778169970267 1.7766949152542375e-05 2940
1778169973324 1.768220338983051e-05 2960
1778169976386 1.7597457627118645e-05 2980
1778169979462 1.7512711864406778e-05 3000
1778169991976 1.7427966101694918e-05 3020
1778169995030 1.734322033898305e-05 3040
1778169998104 1.7258474576271184e-05 3060
1778170001153 1.7173728813559324e-05 3080
1778170004194 1.7088983050847458e-05 3100
1778170007242 1.7004237288135594e-05 3120
1778170010282 1.6919491525423727e-05 3140
1778170013347 1.6834745762711867e-05 3160
1778170016409 1.675e-05 3180
1778170019464 1.6665254237288137e-05 3200
1778170022529 1.658050847457627e-05 3220
1778170025609 1.6495762711864407e-05 3240
1778170037820 1.6415254237288138e-05 3260
1778170040867 1.633050847457627e-05 3280
1778170043919 1.6245762711864404e-05 3300
1778170046964 1.6161016949152544e-05 3320
1778170050011 1.6076271186440677e-05 3340
1778170053069 1.5991525423728814e-05 3360
1778170056119 1.5906779661016947e-05 3380
1778170059177 1.5822033898305087e-05 3400
1778170062241 1.573728813559322e-05 3420
1778170065282 1.5652542372881357e-05 3440
1778170068327 1.5567796610169493e-05 3460
1778170071384 1.5483050847457627e-05 3480
1778170074448 1.5398305084745763e-05 3500
1778170089089 1.5313559322033896e-05 3520
1778170092150 1.5228813559322036e-05 3540
1778170095195 1.514406779661017e-05 3560
1778170098252 1.5059322033898304e-05 3580
1778170101310 1.4974576271186441e-05 3600
1778170104357 1.4889830508474576e-05 3620
1778170107411 1.4805084745762712e-05 3640
1778170110461 1.4720338983050847e-05 3660
1778170113527 1.4635593220338984e-05 3680
1778170116591 1.4550847457627119e-05 3700
1778170119613 1.4470338983050848e-05 3720
1778170122665 1.4385593220338983e-05 3740
1778170135682 1.430084745762712e-05 3760
1778170138712 1.4216101694915254e-05 3780
1778170141780 1.4131355932203391e-05 3800
1778170144845 1.4046610169491524e-05 3820
1778170147902 1.396186440677966e-05 3840
1778170150959 1.3877118644067797e-05 3860
1778170154025 1.3792372881355932e-05 3880
1778170157064 1.3707627118644069e-05 3900
1778170160128 1.3622881355932204e-05 3920
1778170163202 1.353813559322034e-05 3940
1778170166283 1.3453389830508475e-05 3960
1778170169370 1.3368644067796612e-05 3980
1778170172429 1.3283898305084745e-05 4000
1778170185855 1.3199152542372881e-05 4020
1778170188916 1.3114406779661016e-05 4040
1778170191964 1.3029661016949153e-05 4060
1778170195010 1.2944915254237288e-05 4080
1778170198058 1.2860169491525424e-05 4100
1778170201139 1.277542372881356e-05 4120
1778170204231 1.2690677966101696e-05 4140
1778170207280 1.2605932203389832e-05 4160
1778170210329 1.2521186440677966e-05 4180
1778170213377 1.2436440677966102e-05 4200
1778170216420 1.2351694915254237e-05 4220
1778170219461 1.2266949152542374e-05 4240
1778170232745 1.2182203389830509e-05 4260
1778170235723 1.2097457627118645e-05 4280
1778170238776 1.201271186440678e-05 4300
1778170241826 1.1927966101694917e-05 4320
1778170244856 1.1843220338983051e-05 4340
1778170247895 1.1758474576271186e-05 4360
1778170250945 1.1673728813559321e-05 4380
1778170253992 1.1588983050847458e-05 4400
1778170257037 1.1504237288135593e-05 4420
1778170260071 1.141949152542373e-05 4440
1778170263104 1.1334745762711864e-05 4460
1778170266164 1.125e-05 4480
1778170269237 1.1165254237288137e-05 4500
1778170280003 1.1080508474576272e-05 4520
1778170283038 1.0995762711864407e-05 4540
1778170286064 1.0915254237288136e-05 4560
1778170289123 1.0830508474576273e-05 4580
1778170292184 1.0745762711864408e-05 4600
1778170295256 1.0661016949152543e-05 4620
1778170298310 1.0576271186440678e-05 4640
1778170301364 1.0491525423728814e-05 4660
1778170304430 1.0406779661016949e-05 4680
1778170307476 1.0322033898305086e-05 4700
1778170310535 1.023728813559322e-05 4720
1778170313573 1.0152542372881357e-05 4740
1778170327616 1.0067796610169492e-05 4760
1778170330654 9.983050847457628e-06 4780
1778170333701 9.898305084745762e-06 4800
1778170336737 9.813559322033898e-06 4820
1778170339792 9.728813559322033e-06 4840
1778170342853 9.64406779661017e-06 4860
1778170345912 9.559322033898305e-06 4880
1778170348966 9.474576271186441e-06 4900
1778170352019 9.389830508474578e-06 4920
1778170355070 9.305084745762713e-06 4940
1778170358148 9.220338983050847e-06 4960
1778170361201 9.135593220338982e-06 4980
1778170364250 9.050847457627119e-06 5000
1778170377326 8.966101694915254e-06 5020
1778170380387 8.88135593220339e-06 5040
1778170383435 8.796610169491525e-06 5060
1778170386486 8.711864406779662e-06 5080
1778170389560 8.627118644067797e-06 5100
1778170392621 8.542372881355933e-06 5120
1778170395664 8.457627118644067e-06 5140
1778170398711 8.372881355932203e-06 5160
1778170401751 8.288135593220338e-06 5180
1778170404781 8.203389830508475e-06 5200
1778170407858 8.118644067796611e-06 5220
1778170410913 8.033898305084746e-06 5240
1778170425415 7.949152542372883e-06 5260
1778170428453 7.864406779661017e-06 5280
1778170431496 7.779661016949154e-06 5300
1778170434568 7.694915254237287e-06 5320
1778170437636 7.610169491525425e-06 5340
1778170440678 7.525423728813559e-06 5360
1778170443746 7.440677966101695e-06 5380
1778170446783 7.355932203389831e-06 5400
1778170449836 7.271186440677967e-06 5420
1778170452888 7.1864406779661025e-06 5440
1778170455937 7.101694915254237e-06 5460
1778170458990 7.016949152542373e-06 5480
1778170462053 6.932203389830509e-06 5500
