1778911015067 67.07252502441406 20
1778911034061 58.64461135864258 40
1778911053056 63.784000396728516 60
1778911072051 192.02691650390625 80
1778911091047 84.33718872070312 100
1778911110042 75.19951629638672 120
1778911129035 63.357234954833984 140
1778911148032 55.316463470458984 160
1778911167027 63.1734504699707 180
1778911186025 92.24639892578125 200
1778911205021 113.99449920654297 220
1778911224016 86.98936462402344 240
1778911287871 78.924072265625 260
1778911306857 116.85282897949219 280
1778911325843 154.08059692382812 300
1778911344829 203.3216094970703 320
1778911363815 85.826416015625 340
1778911382801 156.25177001953125 360
1778911401788 111.85346221923828 380
1778911420772 64.89103698730469 400
1778911439758 77.98565673828125 420
1778911458742 141.20179748535156 440
1778911477726 126.15406799316406 460
1778911496711 58.40513229370117 480
1778911515695 47.78772735595703 500
1778911579956 67.33795928955078 520
1778911598959 49.32582473754883 540
1778911618071 119.716796875 560
1778911637068 132.37466430664062 580
1778911656066 33.87684631347656 600
1778911675065 102.93628692626953 620
1778911694063 133.71270751953125 640
1778911713060 48.33332443237305 660
1778911732058 50.771018981933594 680
1778911751056 47.22998046875 700
1778911770054 65.26403045654297 720
1778911789053 50.077762603759766 740
1778911853392 38.14543533325195 760
1778911872388 59.461761474609375 780
1778911891383 68.47502899169922 800
1778911910380 28.50895118713379 820
1778911929376 83.10184478759766 840
1778911948372 62.39303207397461 860
1778911967368 70.06733703613281 880
1778911986364 47.82763671875 900
1778912005359 49.73892593383789 920
1778912024356 49.35909652709961 940
1778912043351 39.93735122680664 960
1778912062347 45.698402404785156 980
1778912081342 49.00907897949219 1000
1778912145627 79.73387908935547 1020
1778912164261 33.91228103637695 1040
1778912183221 99.00444793701172 1060
1778912202182 64.73243713378906 1080
1778912221145 17.40184211730957 1100
1778912240108 41.883487701416016 1120
1778912259186 34.70527648925781 1140
1778912278146 57.70527648925781 1160
1778912297109 41.08149337768555 1180
1778912316070 41.00645446777344 1200
1778912335030 47.06990051269531 1220
1778912353992 39.63454818725586 1240
1778912417701 63.76884841918945 1260
1778912436687 54.65159606933594 1280
1778912455669 37.06843948364258 1300
1778912474652 52.03202438354492 1320
1778912493636 92.09657287597656 1340
1778912512620 40.14483642578125 1360
1778912531604 45.58450698852539 1380
1778912550587 46.843223571777344 1400
1778912569570 57.971412658691406 1420
1778912588553 106.20162200927734 1440
1778912607536 87.463623046875 1460
1778912626519 58.36065673828125 1480
1778912645502 48.758087158203125 1500
1778912709821 29.566551208496094 1520
1778912728815 51.66090393066406 1540
1778912747810 50.46384811401367 1560
1778912766804 29.70175552368164 1580
1778912785799 72.2432632446289 1600
1778912804793 26.460205078125 1620
1778912823788 44.6229133605957 1640
1778912842782 44.38496398925781 1660
1778912861777 48.04756164550781 1680
1778912880771 32.103267669677734 1700
1778912899879 32.58350372314453 1720
1778912918876 16.928691864013672 1740
1778912983770 34.05024337768555 1760
1778913002732 36.02165603637695 1780
1778913021694 32.68238067626953 1800
1778913040657 43.68840026855469 1820
1778913059624 24.68510627746582 1840
1778913078619 34.91053771972656 1860
1778913097593 49.35453796386719 1880
1778913116588 36.720638275146484 1900
1778913135574 43.7479248046875 1920
1778913154536 28.728431701660156 1940
1778913173500 50.272850036621094 1960
1778913192464 56.13918685913086 1980
1778913211426 28.024585723876953 2000
1778913275726 28.791885375976562 2020
1778913294690 60.43211364746094 2040
1778913313142 48.974945068359375 2060
1778913332104 15.723888397216797 2080
1778913351066 13.260318756103516 2100
1778913370026 14.734365463256836 2120
1778913388987 49.852272033691406 2140
1778913407948 46.0832405090332 2160
1778913426909 32.60641098022461 2180
1778913445872 71.0466079711914 2200
1778913464865 42.33120346069336 2220
1778913483858 34.52695846557617 2240
1778913547621 36.7524299621582 2260
1778913566732 38.962860107421875 2280
1778913585726 89.99832153320312 2300
1778913604723 17.57676124572754 2320
1778913623717 42.589900970458984 2340
1778913642713 41.451942443847656 2360
1778913661708 30.50518035888672 2380
1778913680703 17.94516944885254 2400
1778913699699 29.261363983154297 2420
1778913718694 68.53582763671875 2440
1778913737689 32.62678527832031 2460
1778913756684 29.896984100341797 2480
1778913775679 25.465200424194336 2500
1778913840520 11.04654312133789 2520
1778913859489 34.40443801879883 2540
1778913878449 45.35264205932617 2560
1778913897409 16.168685913085938 2580
1778913916369 45.617252349853516 2600
1778913935347 58.91230773925781 2620
1778913954340 25.315126419067383 2640
1778913973335 27.76146125793457 2660
1778913992330 35.49294662475586 2680
1778914011323 32.62417984008789 2700
1778914030313 84.82002258300781 2720
1778914049273 34.480018615722656 2740
1778914113549 4.125547885894775 2760
1778914132512 43.379051208496094 2780
1778914151471 9.440773963928223 2800
1778914170432 31.517091751098633 2820
1778914189506 34.52309799194336 2840
1778914208468 40.79804611206055 2860
1778914227428 26.758577346801758 2880
1778914246422 21.941572189331055 2900
1778914265417 25.270212173461914 2920
1778914284413 49.78245544433594 2940
1778914303407 52.611515045166016 2960
1778914322404 31.017019271850586 2980
1778914341401 31.811321258544922 3000
1778914405712 13.772675514221191 3020
1778914424711 26.794240951538086 3040
1778914443705 33.2392692565918 3060
1778914462698 78.9288101196289 3080
1778914481179 20.00200653076172 3100
1778914500172 25.032405853271484 3120
1778914519165 14.713082313537598 3140
1778914538158 2.4385905265808105 3160
1778914557150 13.176680564880371 3180
1778914576143 92.0958023071289 3200
1778914595135 2.224914789199829 3220
1778914614128 62.30203628540039 3240
1778914678470 44.66506576538086 3260
1778914697448 2.018970012664795 3280
1778914716426 14.539076805114746 3300
1778914735405 47.26676940917969 3320
1778914754384 22.22756576538086 3340
1778914773362 1.4161611795425415 3360
1778914792341 24.034128189086914 3380
1778914811320 47.10673522949219 3400
1778914830422 18.565404891967773 3420
1778914849413 39.457061767578125 3440
1778914868406 15.645614624023438 3460
1778914887399 34.92137145996094 3480
1778914906393 30.94437026977539 3500
1778914970103 6.492458820343018 3520
1778914989082 30.13401222229004 3540
1778915008063 56.06034851074219 3560
1778915027043 15.754704475402832 3580
1778915046023 41.63545227050781 3600
1778915065004 59.8539924621582 3620
1778915083984 3.4789021015167236 3640
1778915102965 38.420345306396484 3660
1778915121945 2.4100632667541504 3680
1778915140924 4.565830230712891 3700
1778915159904 48.30711364746094 3720
1778915178884 35.84940719604492 3740
1778915243732 41.97417449951172 3760
1778915262722 36.949981689453125 3780
1778915281721 31.908220291137695 3800
1778915300712 31.745159149169922 3820
1778915319703 49.39404296875 3840
1778915338695 46.83710861206055 3860
1778915357687 38.11009979248047 3880
1778915376678 23.75309944152832 3900
1778915395669 30.301712036132812 3920
1778915414659 34.435768127441406 3940
1778915433649 30.578752517700195 3960
1778915452759 24.796754837036133 3980
1778915471754 63.76958084106445 4000
1778915536093 7.655369281768799 4020
1778915555073 17.99041175842285 4040
1778915574051 38.633323669433594 4060
1778915593029 10.652083396911621 4080
1778915612009 92.7491455078125 4100
1778915630478 43.16782760620117 4120
1778915649458 0.7893738150596619 4140
1778915668436 7.996665954589844 4160
1778915687416 6.712323188781738 4180
1778915706395 36.194007873535156 4200
1778915725373 0.5224528312683105 4220
1778915744353 60.20863723754883 4240
1778915808065 18.380155563354492 4260
1778915827055 14.274621963500977 4280
1778915846045 13.774812698364258 4300
1778915865036 5.651594161987305 4320
1778915884026 34.740596771240234 4340
1778915903018 64.90718078613281 4360
1778915922007 25.043582916259766 4380
1778915940998 31.428857803344727 4400
1778915959989 38.630767822265625 4420
1778915978979 25.889530181884766 4440
1778915997969 31.10826873779297 4460
1778916016959 18.92568016052246 4480
1778916035948 1.036635160446167 4500
1778916100202 41.28838348388672 4520
1778916119320 17.501232147216797 4540
1778916138314 62.81864929199219 4560
1778916157307 26.377355575561523 4580
1778916176302 14.080191612243652 4600
1778916195294 5.364066123962402 4620
1778916214287 21.546871185302734 4640
1778916233280 33.135475158691406 4660
1778916252274 15.202864646911621 4680
1778916271267 10.804444313049316 4700
1778916290262 13.224567413330078 4720
1778916309256 20.5375919342041 4740
1778916373540 10.26029109954834 4760
1778916392520 51.94831848144531 4780
1778916411499 24.714702606201172 4800
1778916430481 0.5584520697593689 4820
1778916449459 35.99559783935547 4840
1778916468438 16.899490356445312 4860
1778916487417 25.635087966918945 4880
1778916506396 14.375914573669434 4900
1778916525376 41.2587890625 4920
1778916544356 38.109989166259766 4940
1778916563335 36.79239273071289 4960
1778916582315 60.81336975097656 4980
1778916601294 36.448036193847656 5000
1778916665542 3.390080690383911 5020
1778916684537 3.8072519302368164 5040
1778916703530 5.364454746246338 5060
1778916722521 26.97793960571289 5080
1778916741513 2.755955219268799 5100
1778916760617 3.107193946838379 5120
