1778334562025 0.028050490883590462 20
1778334578825 0.056100981767180924 40
1778334595024 0.08415147265077139 60
1778334611586 0.11220196353436185 80
1778334628289 0.1402524544179523 100
1778334645060 0.16830294530154277 120
1778334661844 0.19635343618513323 140
1778334677967 0.2244039270687237 160
1778334694051 0.25245441795231416 180
1778334710381 0.2805049088359046 200
1778334727133 0.3085553997194951 220
1778334743845 0.33660589060308554 240
1778334771116 0.3506311360448808 250
1778334779605 0.364656381486676 260
1778334796124 0.39270687237026647 280
1778334812592 0.42075736325385693 300
1778334829314 0.4488078541374474 320
1778334846098 0.47685834502103785 340
1778334862629 0.5049088359046283 360
1778334878903 0.5329593267882188 380
1778334895591 0.5610098176718092 400
1778334911868 0.5890603085553997 420
1778334928183 0.6171107994389902 440
1778334944400 0.6451612903225806 460
1778334960923 0.6732117812061711 480
1778334977254 0.7012622720897616 500
1778334995425 0.7012622720897616 500
1778335012078 0.729312762973352 520
1778335028215 0.7573632538569425 540
1778335044765 0.7854137447405329 560
1778335061148 0.8134642356241234 580
1778335077644 0.8415147265077139 600
1778335094157 0.8695652173913043 620
1778335111015 0.8976157082748948 640
1778335127355 0.9256661991584852 660
1778335143492 0.9537166900420757 680
1778335160038 0.9817671809256662 700
1778335176342 1.0098176718092566 720
1778335193199 1.0378681626928472 740
1778335220331 1.0518934081346423 750
1778335229062 1.0659186535764376 760
1778335245315 1.0939691444600281 780
1778335261818 1.1220196353436185 800
1778335278294 1.150070126227209 820
1778335294637 1.1781206171107994 840
1778335310940 1.20617110799439 860
1778335327211 1.2342215988779803 880
1778335343441 1.262272089761571 900
1778335360074 1.2903225806451613 920
1778335376619 1.3183730715287518 940
1778335393417 1.3464235624123422 960
1778335409761 1.3744740532959328 980
1778335426157 1.402524544179523 1000
1778335445464 1.402524544179523 1000
1778335462207 1.4305750350631137 1020
1778335479232 1.458625525946704 1040
1778335495752 1.4866760168302946 1060
1778335512311 1.514726507713885 1080
1778335528845 1.5427769985974753 1100
1778335545132 1.5708274894810659 1120
1778335561490 1.5988779803646564 1140
1778335577886 1.6269284712482468 1160
1778335594382 1.6549789621318372 1180
1778335610452 1.6830294530154277 1200
1778335626717 1.7110799438990183 1220
1778335643041 1.7391304347826086 1240
1778335670151 1.753155680224404 1250
1778335678981 1.767180925666199 1260
1778335696073 1.7952314165497896 1280
1778335712791 1.8232819074333801 1300
1778335729984 1.8513323983169705 1320
1778335747306 1.8793828892005608 1340
1778335763966 1.9074333800841514 1360
1778335781471 1.935483870967742 1380
1778335797804 1.9635343618513323 1400
1778335814548 1.9915848527349227 1420
1778335830894 2.0196353436185133 1440
1778335847656 2.047685834502104 1460
1778335863771 2.0757363253856944 1480
1778335880713 2.1037868162692845 1500
1778335899741 2.1037868162692845 1500
1778335917025 2.131837307152875 1520
1778335933419 2.1598877980364657 1540
1778335950150 2.1879382889200563 1560
1778335967491 2.2159887798036464 1580
1778335984766 2.244039270687237 1600
1778336001811 2.2720897615708275 1620
1778336018940 2.300140252454418 1640
1778336035931 2.3281907433380082 1660
1778336052715 2.356241234221599 1680
1778336069581 2.3842917251051894 1700
1778336086608 2.41234221598878 1720
1778336103385 2.44039270687237 1740
1778336131606 2.4544179523141656 1750
1778336140463 2.4684431977559607 1760
1778336157202 2.4964936886395512 1780
1778336174318 2.524544179523142 1800
1778336190941 2.552594670406732 1820
1778336207858 2.5806451612903225 1840
1778336224796 2.608695652173913 1860
1778336241851 2.6367461430575037 1880
1778336258868 2.6647966339410942 1900
1778336275647 2.6928471248246844 1920
1778336292003 2.720897615708275 1940
1778336308035 2.7489481065918655 1960
1778336324397 2.7769985974754556 1980
1778336340434 2.805049088359046 2000
1778336358334 2.805049088359046 2000
1778336374817 2.833099579242637 2020
1778336390671 2.8611500701262274 2040
1778336406515 2.889200561009818 2060
1778336422605 2.917251051893408 2080
1778336438449 2.9453015427769986 2100
1778336454536 2.973352033660589 2120
1778336470478 3.0014025245441793 2140
1778336486367 3.02945301542777 2160
1778336502115 3.0575035063113605 2180
1778336518044 3.085553997194951 2200
1778336534233 3.113604488078541 2220
1778336550013 3.1416549789621318 2240
1778336576333 3.1556802244039273 2250
1778336584792 3.1697054698457223 2260
1778336600964 3.197755960729313 2280
1778336616680 3.225806451612903 2300
1778336632442 3.2538569424964936 2320
1778336648649 3.281907433380084 2340
1778336664345 3.3099579242636747 2360
1778336680576 3.3380084151472653 2380
1778336696541 3.3660589060308554 2400
1778336712459 3.394109396914446 2420
1778336728787 3.4221598877980366 2440
1778336744763 3.4502103786816267 2460
1778336760846 3.4782608695652173 2480
1778336777079 3.506311360448808 2500
1778336795146 3.506311360448808 2500
1778336811983 3.5343618513323984 2520
1778336827978 3.562412342215989 2540
1778336844345 3.590462833099579 2560
1778336860293 3.6185133239831697 2580
1778336876517 3.6465638148667603 2600
1778336892549 3.6746143057503504 2620
1778336908810 3.702664796633941 2640
1778336924890 3.7307152875175316 2660
1778336941151 3.758765778401122 2680
1778336957470 3.7868162692847127 2700
1778336974128 3.814866760168303 2720
1778336990730 3.8429172510518934 2740
1778337016903 3.8569424964936885 2750
1778337025704 3.870967741935484 2760
1778337041780 3.899018232819074 2780
1778337057660 3.9270687237026647 2800
1778337073991 3.9551192145862553 2820
1778337089903 3.983169705469846 2840
1778337106239 4.011220196353436 2860
1778337122250 4.0392706872370265 2880
1778337138534 4.067321178120617 2900
1778337154716 4.095371669004208 2920
1778337171005 4.123422159887798 2940
1778337186818 4.151472650771389 2960
1778337202702 4.179523141654979 2980
1778337218873 4.207573632538569 3000
1778337236947 4.207573632538569 3000
1778337253561 4.23562412342216 3020
1778337269592 4.26367461430575 3040
1778337285615 4.291725105189341 3060
1778337301439 4.319775596072931 3080
1778337317263 4.3478260869565215 3100
1778337333386 4.3758765778401125 3120
1778337349398 4.403927068723703 3140
1778337365423 4.431977559607293 3160
1778337381611 4.460028050490884 3180
1778337397438 4.488078541374474 3200
1778337413740 4.516129032258064 3220
1778337429648 4.544179523141655 3240
1778337456001 4.55820476858345 3250
1778337464235 4.572230014025245 3260
1778337480584 4.600280504908836 3280
1778337496358 4.628330995792426 3300
1778337512198 4.6563814866760165 3320
1778337528397 4.6844319775596075 3340
1778337544754 4.712482468443198 3360
1778337560662 4.740532959326789 3380
1778337576870 4.768583450210379 3400
1778337592557 4.796633941093969 3420
1778337608753 4.82468443197756 3440
1778337624519 4.85273492286115 3460
1778337640353 4.88078541374474 3480
1778337656448 4.908835904628331 3500
1778337674528 4.908835904628331 3500
1778337690951 4.936886395511921 3520
1778337706781 4.9649368863955115 3540
1778337722910 4.9929873772791025 3560
1778337727312 5.0 3565
1778337745463 5.0 3565
1778337768074 5.0 3565
1778337768461 5.0 0
