1778334562025 0.7012 20
1778334578825 0.6846 40
1778334595024 0.7056 60
1778334611586 0.6885 80
1778334628289 0.6945 100
1778334645060 0.6873 120
1778334661844 0.6833 140
1778334677967 0.6754 160
1778334694051 0.6778 180
1778334710381 0.6689 200
1778334727133 0.6531 220
1778334743845 0.6239 240
1778334779605 0.6269 260
1778334796124 0.608 280
1778334812592 0.5875 300
1778334829314 0.5952 320
1778334846098 0.6242 340
1778334862629 0.6248 360
1778334878903 0.6115 380
1778334895591 0.5897 400
1778334911868 0.6048 420
1778334928183 0.553 440
1778334944400 0.5961 460
1778334960923 0.6091 480
1778334977254 0.593 500
1778335012078 0.5466 520
1778335028215 0.59 540
1778335044765 0.5797 560
1778335061148 0.5647 580
1778335077644 0.591 600
1778335094157 0.5872 620
1778335111015 0.5768 640
1778335127355 0.59 660
1778335143492 0.5561 680
1778335160038 0.5719 700
1778335176342 0.6008 720
1778335193199 0.5675 740
1778335229062 0.5421 760
1778335245315 0.5567 780
1778335261818 0.5669 800
1778335278294 0.56 820
1778335294637 0.5745 840
1778335310940 0.5742 860
1778335327211 0.5382 880
1778335343441 0.5331 900
1778335360074 0.5758 920
1778335376619 0.5446 940
1778335393417 0.5737 960
1778335409761 0.5507 980
1778335426157 0.5713 1000
1778335462207 0.5583 1020
1778335479232 0.537 1040
1778335495752 0.5413 1060
1778335512311 0.548 1080
1778335528845 0.5551 1100
1778335545132 0.5795 1120
1778335561490 0.5484 1140
1778335577886 0.5811 1160
1778335594382 0.5537 1180
1778335610452 0.5689 1200
1778335626717 0.5167 1220
1778335643041 0.5393 1240
1778335678981 0.5369 1260
1778335696073 0.559 1280
1778335712791 0.5518 1300
1778335729984 0.5252 1320
1778335747306 0.5188 1340
1778335763966 0.5436 1360
1778335781471 0.5533 1380
1778335797804 0.5377 1400
1778335814548 0.5418 1420
1778335830894 0.5575 1440
1778335847656 0.5244 1460
1778335863771 0.5037 1480
1778335880713 0.4904 1500
1778335917025 0.5409 1520
1778335933419 0.5041 1540
1778335950150 0.5219 1560
1778335967491 0.5209 1580
1778335984766 0.5473 1600
1778336001811 0.4932 1620
1778336018940 0.5485 1640
1778336035931 0.526 1660
1778336052715 0.5167 1680
1778336069581 0.5062 1700
1778336086608 0.4717 1720
1778336103385 0.4814 1740
1778336140463 0.5225 1760
1778336157202 0.4918 1780
1778336174318 0.4826 1800
1778336190941 0.5054 1820
1778336207858 0.4984 1840
1778336224796 0.5197 1860
1778336241851 0.4957 1880
1778336258868 0.4974 1900
1778336275647 0.5515 1920
1778336292003 0.5114 1940
1778336308035 0.52 1960
1778336324397 0.5004 1980
1778336340434 0.5442 2000
1778336374817 0.541 2020
1778336390671 0.5161 2040
1778336406515 0.5008 2060
1778336422605 0.5165 2080
1778336438449 0.5368 2100
1778336454536 0.5077 2120
1778336470478 0.4754 2140
1778336486367 0.4543 2160
1778336502115 0.5284 2180
1778336518044 0.5207 2200
1778336534233 0.5029 2220
1778336550013 0.4948 2240
1778336584792 0.4597 2260
1778336600964 0.4853 2280
1778336616680 0.4867 2300
1778336632442 0.4753 2320
1778336648649 0.5029 2340
1778336664345 0.4789 2360
1778336680576 0.5305 2380
1778336696541 0.4627 2400
1778336712459 0.4546 2420
1778336728787 0.4927 2440
1778336744763 0.4471 2460
1778336760846 0.496 2480
1778336777079 0.4862 2500
1778336811983 0.4823 2520
1778336827978 0.5051 2540
1778336844345 0.466 2560
1778336860293 0.5248 2580
1778336876517 0.4387 2600
1778336892549 0.4676 2620
1778336908810 0.5328 2640
1778336924890 0.4766 2660
1778336941151 0.4624 2680
1778336957470 0.461 2700
1778336974128 0.4921 2720
1778336990730 0.4635 2740
1778337025704 0.4991 2760
1778337041780 0.4627 2780
1778337057660 0.4937 2800
1778337073991 0.4944 2820
1778337089903 0.4964 2840
1778337106239 0.4562 2860
1778337122250 0.4847 2880
1778337138534 0.493 2900
1778337154716 0.4844 2920
1778337171005 0.4624 2940
1778337186818 0.4679 2960
1778337202702 0.4487 2980
1778337218873 0.4211 3000
1778337253561 0.4135 3020
1778337269592 0.5191 3040
1778337285615 0.4614 3060
1778337301439 0.4894 3080
1778337317263 0.505 3100
1778337333386 0.4646 3120
1778337349398 0.4729 3140
1778337365423 0.4736 3160
1778337381611 0.4554 3180
1778337397438 0.4592 3200
1778337413740 0.4896 3220
1778337429648 0.4563 3240
1778337464235 0.4664 3260
1778337480584 0.429 3280
1778337496358 0.46 3300
1778337512198 0.4671 3320
1778337528397 0.4406 3340
1778337544754 0.4766 3360
1778337560662 0.4311 3380
1778337576870 0.4572 3400
1778337592557 0.4573 3420
1778337608753 0.4523 3440
1778337624519 0.4727 3460
1778337640353 0.4461 3480
1778337656448 0.4692 3500
1778337690951 0.5298 3520
1778337706781 0.4346 3540
1778337722910 0.4543 3560
