1778168785422 4.488138198852539 20
1778168790630 8.3104887008667 40
1778168795800 4.207440376281738 60
1778168801030 12.175458908081055 80
1778168806244 6.801180839538574 100
1778168811485 13.081658363342285 120
1778168816675 9.6812162399292 140
1778168821797 8.31596565246582 160
1778168826934 nan 180
1778168832139 38.54362106323242 200
1778168837368 10.588933944702148 220
1778168842597 5.553457260131836 240
1778168873922 2.2299768924713135 260
1778168879034 1.0204335451126099 280
1778168884246 1.108976125717163 300
1778168889360 3.641216993331909 320
1778168896286 1.6429994106292725 340
1778168904766 4.697911262512207 360
1778168910072 1.0301461219787598 380
1778168915162 1.4791465997695923 400
1778168920387 1.9554294347763062 420
1778168925499 3.7001419067382812 440
1778168930720 1.9990441799163818 460
1778168935799 2.2580950260162354 480
1778168940922 1.7758889198303223 500
1778168969006 1.603949785232544 520
1778168974199 2.5494308471679688 540
1778168979334 3.2205023765563965 560
1778168984383 1.9183310270309448 580
1778168989581 1.5513185262680054 600
1778168994670 1.4966654777526855 620
1778168999795 0.996124267578125 640
1778169004891 2.2809534072875977 660
1778169010019 1.1271841526031494 680
1778169015105 1.8551082611083984 700
1778169020238 1.81253182888031 720
1778169025389 0.7255975008010864 740
1778169053929 1.9090543985366821 760
1778169059047 1.2621480226516724 780
1778169064205 2.465367317199707 800
1778169069289 3.3436272144317627 820
1778169074463 0.6969237923622131 840
1778169079712 0.6565667986869812 860
1778169084880 2.8351337909698486 880
1778169089948 0.6397566795349121 900
1778169095039 0.645868182182312 920
1778169100128 1.5343406200408936 940
1778169105244 0.600210428237915 960
1778169110253 2.2011160850524902 980
1778169115325 1.3701335191726685 1000
1778169143961 0.7339304685592651 1020
1778169149127 2.784062623977661 1040
1778169154297 3.1925854682922363 1060
1778169159478 0.6991270780563354 1080
1778169164601 1.4837356805801392 1100
1778169169820 0.6636307835578918 1120
1778169174890 1.6701135635375977 1140
1778169180053 0.5350129008293152 1160
1778169185219 0.5006296038627625 1180
1778169190413 0.5613518357276917 1200
1778169195615 0.5333136320114136 1220
1778169200756 1.521997094154358 1240
1778169229246 1.5220400094985962 1260
1778169234325 0.5129321217536926 1280
1778169239490 1.1029845476150513 1300
1778169244738 1.2653250694274902 1320
1778169249922 1.1454596519470215 1340
1778169255017 0.3970396816730499 1360
1778169260084 1.1125308275222778 1380
1778169265206 0.9865553379058838 1400
1778169270380 1.2117292881011963 1420
1778169275635 0.42477571964263916 1440
1778169280902 0.40653714537620544 1460
1778169286064 1.0103328227996826 1480
1778169291254 1.020836591720581 1500
