1778168785422 0.6943 20
1778168790630 0.6982 40
1778168795800 0.6917 60
1778168801030 0.6613 80
1778168806244 0.6728 100
1778168811485 0.6769 120
1778168816675 0.6747 140
1778168821797 0.7123 160
1778168826934 0.6747 180
1778168832139 0.7159 200
1778168837368 0.6782 220
1778168842597 0.6858 240
1778168873922 0.6982 260
1778168879034 0.6889 280
1778168884246 0.7203 300
1778168889360 0.7293 320
1778168896286 0.7067 340
1778168904766 0.6922 360
1778168910072 0.7077 380
1778168915162 0.6906 400
1778168920387 0.7171 420
1778168925499 0.7071 440
1778168930720 0.6952 460
1778168935799 0.6995 480
1778168940922 0.7032 500
1778168969006 0.7007 520
1778168974199 0.7086 540
1778168979334 0.6945 560
1778168984383 0.6999 580
1778168989581 0.6956 600
1778168994670 0.6846 620
1778168999795 0.6736 640
1778169004891 0.6995 660
1778169010019 0.6759 680
1778169015105 0.7103 700
1778169020238 0.7051 720
1778169025389 0.6967 740
1778169053929 0.6854 760
1778169059047 0.6964 780
1778169064205 0.6959 800
1778169069289 0.6949 820
1778169074463 0.7025 840
1778169079712 0.7018 860
1778169084880 0.6935 880
1778169089948 0.7 900
1778169095039 0.6892 920
1778169100128 0.692 940
1778169105244 0.6894 960
1778169110253 0.6912 980
1778169115325 0.7016 1000
1778169143961 0.689 1020
1778169149127 0.6945 1040
1778169154297 0.7057 1060
1778169159478 0.6954 1080
1778169164601 0.7008 1100
1778169169820 0.6731 1120
1778169174890 0.7281 1140
1778169180053 0.6933 1160
1778169185219 0.6971 1180
1778169190413 0.6894 1200
1778169195615 0.699 1220
1778169200756 0.6901 1240
1778169229246 0.7041 1260
1778169234325 0.703 1280
1778169239490 0.6956 1300
1778169244738 0.7009 1320
1778169249922 0.6953 1340
1778169255017 0.694 1360
1778169260084 0.6952 1380
1778169265206 0.693 1400
1778169270380 0.7027 1420
1778169275635 0.7027 1440
1778169280902 0.6931 1460
1778169286064 0.7077 1480
1778169291254 0.6951 1500
