1778839893501 0.05941353738307953 20
1778839894637 0.1991899162530899 40
1778839895774 0.05508694797754288 60
1778839896912 0.23797136545181274 80
1778839898050 0.18780435621738434 100
1778839899188 0.19949644804000854 120
1778839900326 0.14786584675312042 140
1778839901464 0.19960394501686096 160
1778839902603 0.05563141405582428 180
1778839903741 0.33277344703674316 200
1778839904879 0.0374889150261879 220
1778839906017 0.05082635208964348 240
1778839918400 0.11033254861831665 260
1778839919537 0.07444916665554047 280
1778839920677 0.0592343732714653 300
1778839921817 0.24425894021987915 320
1778839922957 0.10439051687717438 340
1778839924097 0.07320822775363922 360
1778839925237 0.09499921649694443 380
1778839926377 0.1465398371219635 400
1778839927517 0.0683354064822197 420
1778839928657 0.15283288061618805 440
1778839929797 0.057753439992666245 460
1778839930937 0.13753493130207062 480
1778839932077 0.0429711677134037 500
1778839944291 0.19809257984161377 520
1778839945429 0.10785128176212311 540
1778839946567 0.10733245313167572 560
1778839947705 0.0978640764951706 580
1778839948844 0.11769475787878036 600
1778839949983 0.32873985171318054 620
1778839951121 0.03472893685102463 640
1778839952262 0.09816301614046097 660
1778839953401 0.13765442371368408 680
1778839954539 0.06597063690423965 700
1778839955678 0.14357183873653412 720
1778839956817 0.18360282480716705 740
1778839968967 0.07525788247585297 760
1778839970105 0.09350535273551941 780
1778839971242 0.10770512372255325 800
1778839972381 0.06395299732685089 820
1778839973518 0.05442133545875549 840
1778839974655 0.1441935896873474 860
1778839975793 0.055723078548908234 880
1778839976932 0.058247555047273636 900
1778839978070 0.057558558881282806 920
1778839979208 0.1571689397096634 940
1778839980346 0.1069299504160881 960
1778839981484 0.06335747241973877 980
1778839982623 0.1743846982717514 1000
1778839994836 0.2439289093017578 1020
1778839995973 0.05796729773283005 1040
1778839997110 0.10339724272489548 1060
1778839998248 0.03437389060854912 1080
1778839999386 0.05598968639969826 1100
1778840000529 0.19583532214164734 1120
1778840001666 0.06125226989388466 1140
1778840002804 0.19622290134429932 1160
1778840003942 0.05777755379676819 1180
1778840005080 0.23683232069015503 1200
1778840006218 0.15261606872081757 1220
1778840007357 0.059229373931884766 1240
1778840019506 0.10178209096193314 1260
1778840020644 0.19688557088375092 1280
1778840021781 0.10175462812185287 1300
1778840022919 0.04324742406606674 1320
1778840024053 0.3305712342262268 1340
1778840025191 0.10162586718797684 1360
1778840026329 0.048957496881484985 1380
1778840027468 0.04008118063211441 1400
1778840028606 0.28430065512657166 1420
1778840029744 0.06577194482088089 1440
1778840030882 0.0965622290968895 1460
1778840032020 0.08211636543273926 1480
1778840033158 0.1052536591887474 1500
1778840045315 0.05896929278969765 1520
1778840046453 0.10616868734359741 1540
1778840047592 0.051011525094509125 1560
1778840048730 0.05248063802719116 1580
1778840049869 0.1095559373497963 1600
1778840051008 0.23229247331619263 1620
1778840052147 0.2265549749135971 1640
1778840053285 0.09176921844482422 1660
1778840054424 0.062379661947488785 1680
1778840055563 0.18193593621253967 1700
1778840056702 0.11440616846084595 1720
1778840057841 0.062117185443639755 1740
1778840069750 0.09468116611242294 1760
1778840070888 0.06588058173656464 1780
1778840072026 0.24973131716251373 1800
1778840073165 0.04558514058589935 1820
1778840074310 0.05764035880565643 1840
1778840075449 0.05567970499396324 1860
1778840076587 0.09229771047830582 1880
1778840077726 0.0937446728348732 1900
1778840078864 0.054203715175390244 1920
1778840080003 0.1079072654247284 1940
1778840081142 0.16176098585128784 1960
1778840082280 0.31577545404434204 1980
1778840083419 0.0712202712893486 2000
1778840095617 0.07855115830898285 2020
1778840096755 0.15189890563488007 2040
1778840097894 0.05685695260763168 2060
1778840099032 0.06934110820293427 2080
1778840100170 0.0923209935426712 2100
1778840101309 0.04154811054468155 2120
1778840102447 0.044588055461645126 2140
1778840103585 0.06430886685848236 2160
1778840104724 0.07198476046323776 2180
1778840105862 0.04355085268616676 2200
1778840107001 0.23104405403137207 2220
1778840108139 0.37123921513557434 2240
1778840120274 0.10153921693563461 2260
1778840121411 0.13649994134902954 2280
1778840122550 0.09701759368181229 2300
1778840123687 0.1470097005367279 2320
1778840124826 0.055703919380903244 2340
1778840125963 0.15199439227581024 2360
1778840127101 0.06365633755922318 2380
1778840128239 0.07835764437913895 2400
1778840129377 0.10403308272361755 2420
1778840130515 0.030916227027773857 2440
1778840131653 0.10234002768993378 2460
1778840132791 0.1350957751274109 2480
1778840133929 0.09789201617240906 2500
1778840146133 0.10557221621274948 2520
1778840147271 0.10231955349445343 2540
1778840148410 0.0488460548222065 2560
1778840149551 0.06543003767728806 2580
1778840150690 0.06429577618837357 2600
1778840151829 0.17773258686065674 2620
1778840152968 0.22752094268798828 2640
1778840154106 0.06926385313272476 2660
1778840155243 0.11325190961360931 2680
1778840156382 0.10966214537620544 2700
1778840157521 0.23693521320819855 2720
1778840158659 0.057936619967222214 2740
1778840171046 0.1845868080854416 2760
1778840172184 0.14429542422294617 2780
1778840173322 0.1843840628862381 2800
1778840174460 0.10743208229541779 2820
1778840175597 0.18206742405891418 2840
1778840176735 0.23431631922721863 2860
1778840177872 0.0606527142226696 2880
1778840179011 0.11401069909334183 2900
1778840180149 0.053081683814525604 2920
1778840181286 0.18688499927520752 2940
1778840182425 0.32187172770500183 2960
1778840183563 0.05579931288957596 2980
1778840184702 0.185287207365036 3000
1778840196630 0.056036826223134995 3020
1778840197770 0.04574153944849968 3040
1778840198910 0.09340943396091461 3060
1778840200050 0.14087246358394623 3080
1778840201190 0.047401800751686096 3100
1778840202330 0.054735198616981506 3120
1778840203470 0.19946607947349548 3140
1778840204610 0.10368742048740387 3160
1778840205750 0.2405683696269989 3180
1778840206890 0.3225843012332916 3200
1778840208030 0.1475505232810974 3220
1778840209170 0.05869314447045326 3240
1778840221395 0.0948423519730568 3260
1778840222533 0.1388675570487976 3280
1778840223671 0.06495901197195053 3300
1778840224809 0.10061050951480865 3320
1778840225948 0.053122758865356445 3340
1778840227087 0.1312314122915268 3360
1778840228228 0.04462380334734917 3380
1778840229367 0.049632489681243896 3400
1778840230505 0.17609263956546783 3420
1778840231644 0.141719251871109 3440
1778840232782 0.0875929594039917 3460
1778840233924 0.0600861981511116 3480
1778840235063 0.1335502415895462 3500
1778840247451 0.03129487484693527 3520
1778840248591 0.1362684667110443 3540
1778840249731 0.03898382931947708 3560
1778840250870 0.07080364972352982 3580
1778840252009 0.1847533881664276 3600
1778840253149 0.08674684166908264 3620
1778840254288 0.10188764333724976 3640
1778840255428 0.05585672706365585 3660
1778840256568 0.1113259345293045 3680
1778840257708 0.10488583892583847 3700
1778840258847 0.050480373203754425 3720
1778840259987 0.15356695652008057 3740
1778840271910 0.16901037096977234 3760
1778840273048 0.16447976231575012 3780
1778840274188 0.09614605456590652 3800
1778840275330 0.18379487097263336 3820
1778840276473 0.11749604344367981 3840
1778840277613 0.09013734757900238 3860
1778840278754 0.09048369526863098 3880
1778840279893 0.18533532321453094 3900
1778840281033 0.1446041613817215 3920
1778840282174 0.234758660197258 3940
1778840283314 0.3544561266899109 3960
1778840284455 0.03696892037987709 3980
1778840285590 0.17562370002269745 4000
1778840297797 0.08536013215780258 4020
1778840298935 0.11668933182954788 4040
1778840300073 0.1004243716597557 4060
1778840301214 0.045370470732450485 4080
1778840302354 0.15820826590061188 4100
1778840303494 0.20085595548152924 4120
1778840304634 0.04353051632642746 4140
1778840305773 0.11278760433197021 4160
1778840306913 0.0737648606300354 4180
1778840308053 0.307055801153183 4200
1778840309192 0.033822063356637955 4220
1778840310332 0.033037275075912476 4240
1778840322748 0.14627130329608917 4260
1778840323886 0.08162999153137207 4280
1778840325025 0.03411107510328293 4300
1778840326163 0.17879411578178406 4320
1778840327302 0.054625287652015686 4340
1778840328440 0.0924786850810051 4360
1778840329578 0.19578279554843903 4380
1778840330717 0.1645602434873581 4400
1778840331855 0.2092520147562027 4420
1778840332993 0.058602478355169296 4440
1778840334131 0.11802256107330322 4460
1778840335269 0.1380241960287094 4480
1778840336407 0.0559338703751564 4500
1778840348631 0.11048781871795654 4520
1778840349768 0.18377983570098877 4540
1778840350906 0.2448478639125824 4560
1778840352046 0.0914764553308487 4580
1778840353184 0.058646026998758316 4600
1778840354322 0.1647845059633255 4620
1778840355460 0.059374790638685226 4640
1778840356598 0.05023513734340668 4660
1778840357739 0.04235460236668587 4680
1778840358877 0.14020957052707672 4700
1778840360015 0.19490186870098114 4720
1778840361153 0.08475389331579208 4740
1778840373316 0.08515846729278564 4760
1778840374454 0.2592082917690277 4780
1778840375591 0.14766710996627808 4800
1778840376728 0.06933742761611938 4820
1778840377866 0.04811226949095726 4840
1778840379004 0.11085616052150726 4860
1778840380141 0.09836061298847198 4880
1778840381279 0.07643833011388779 4900
1778840382416 0.06662479788064957 4920
1778840383554 0.04476437345147133 4940
1778840384692 0.19060778617858887 4960
1778840385830 0.03627851977944374 4980
1778840386968 0.052313677966594696 5000
1778840398903 0.03840814158320427 5020
1778840400042 0.06781898438930511 5040
1778840401179 0.09335295110940933 5060
1778840402317 0.10023412108421326 5080
1778840403455 0.04021986573934555 5100
1778840404593 0.05770376697182655 5120
1778840405731 0.03392725810408592 5140
1778840406869 0.18150529265403748 5160
1778840408007 0.10886585712432861 5180
1778840409145 0.13546998798847198 5200
1778840410283 0.15215405821800232 5220
1778840411421 0.05781947076320648 5240
1778840423622 0.03183245658874512 5260
1778840424760 0.06996271759271622 5280
1778840425897 0.10081619769334793 5300
1778840427035 0.0521998256444931 5320
1778840428167 0.06592109054327011 5340
1778840429306 0.05276031792163849 5360
1778840430444 0.16490055620670319 5380
1778840431582 0.15821990370750427 5400
1778840432721 0.06727925688028336 5420
1778840433862 0.3690137267112732 5440
1778840435004 0.07020555436611176 5460
1778840436146 0.03295521438121796 5480
1778840437287 0.045951198786497116 5500
1778840449461 0.05650259181857109 5520
1778840450599 0.0636913999915123 5540
1778840451736 0.05882181227207184 5560
1778840452874 0.042313843965530396 5580
1778840454012 0.07064087688922882 5600
1778840455150 0.1531076282262802 5620
1778840456289 0.18073700368404388 5640
1778840457427 0.12418317794799805 5660
1778840458565 0.0388171412050724 5680
1778840459704 0.10273106396198273 5700
1778840460842 0.05173063650727272 5720
1778840461982 0.0320025272667408 5740
1778840474174 0.04183828458189964 5760
1778840475313 0.062274739146232605 5780
1778840476451 0.09277985244989395 5800
1778840477589 0.23370784521102905 5820
1778840478733 0.19697324931621552 5840
1778840479872 0.10720466822385788 5860
1778840481011 0.058900151401758194 5880
1778840482149 0.13291800022125244 5900
1778840483287 0.12739455699920654 5920
1778840484426 0.09865966439247131 5940
1778840485564 0.13591869175434113 5960
1778840486702 0.09406008571386337 5980
1778840487840 0.03689644858241081 6000
1778840499987 0.09670835733413696 6020
1778840501127 0.10933519154787064 6040
1778840502266 0.03293696045875549 6060
1778840503406 0.15334290266036987 6080
1778840504546 0.04372149705886841 6100
1778840505686 0.05611991882324219 6120
1778840506825 0.13815459609031677 6140
1778840507965 0.07681762427091599 6160
1778840509105 0.1114642322063446 6180
1778840510245 0.06665079295635223 6200
1778840511384 0.04137123376131058 6220
1778840512524 0.06588345766067505 6240
1778840524676 0.24625718593597412 6260
1778840525815 0.15614202618598938 6280
1778840526953 0.049130577594041824 6300
1778840528092 0.17020010948181152 6320
1778840529230 0.04165089502930641 6340
1778840530368 0.18567463755607605 6360
1778840531506 0.05371734872460365 6380
1778840532645 0.24030432105064392 6400
1778840533783 0.16475319862365723 6420
1778840534921 0.12031511962413788 6440
1778840536060 0.04789121448993683 6460
1778840537199 0.11773575842380524 6480
1778840538337 0.11161677539348602 6500
1778840550552 0.09820973873138428 6520
1778840551690 0.09203540533781052 6540
1778840552829 0.05272257328033447 6560
1778840553969 0.1613217294216156 6580
1778840555109 0.13491804897785187 6600
1778840556247 0.03189576789736748 6620
1778840557385 0.1947159767150879 6640
1778840558516 0.175014466047287 6660
