1778839893501 3.8e-05 20
1778839894637 7.800000000000001e-05 40
1778839895774 9.986384266263238e-05 60
1778839896912 9.956127080181544e-05 80
1778839898050 9.925869894099849e-05 100
1778839899188 9.895612708018155e-05 120
1778839900326 9.86535552193646e-05 140
1778839901464 9.835098335854766e-05 160
1778839902603 9.804841149773071e-05 180
1778839903741 9.774583963691377e-05 200
1778839904879 9.744326777609682e-05 220
1778839906017 9.714069591527989e-05 240
1778839918400 9.683812405446295e-05 260
1778839919537 9.653555219364599e-05 280
1778839920677 9.623298033282904e-05 300
1778839921817 9.593040847201211e-05 320
1778839922957 9.562783661119517e-05 340
1778839924097 9.532526475037822e-05 360
1778839925237 9.502269288956128e-05 380
1778839926377 9.472012102874433e-05 400
1778839927517 9.441754916792739e-05 420
1778839928657 9.411497730711044e-05 440
1778839929797 9.38124054462935e-05 460
1778839930937 9.350983358547655e-05 480
1778839932077 9.320726172465961e-05 500
1778839944291 9.290468986384266e-05 520
1778839945429 9.260211800302573e-05 540
1778839946567 9.229954614220879e-05 560
1778839947705 9.199697428139183e-05 580
1778839948844 9.169440242057488e-05 600
1778839949983 9.139183055975795e-05 620
1778839951121 9.108925869894101e-05 640
1778839952262 9.078668683812406e-05 660
1778839953401 9.04841149773071e-05 680
1778839954539 9.018154311649017e-05 700
1778839955678 8.987897125567323e-05 720
1778839956817 8.957639939485628e-05 740
1778839968967 8.927382753403934e-05 760
1778839970105 8.897125567322239e-05 780
1778839971242 8.866868381240545e-05 800
1778839972381 8.83661119515885e-05 820
1778839973518 8.806354009077157e-05 840
1778839974655 8.776096822995463e-05 860
1778839975793 8.745839636913767e-05 880
1778839976932 8.715582450832072e-05 900
1778839978070 8.685325264750379e-05 920
1778839979208 8.655068078668685e-05 940
1778839980346 8.62481089258699e-05 960
1778839981484 8.594553706505294e-05 980
1778839982623 8.564296520423601e-05 1000
1778839994836 8.534039334341907e-05 1020
1778839995973 8.503782148260212e-05 1040
1778839997110 8.473524962178518e-05 1060
1778839998248 8.443267776096823e-05 1080
1778839999386 8.413010590015129e-05 1100
1778840000529 8.382753403933434e-05 1120
1778840001666 8.35249621785174e-05 1140
1778840002804 8.322239031770047e-05 1160
1778840003942 8.291981845688351e-05 1180
1778840005080 8.261724659606656e-05 1200
1778840006218 8.231467473524963e-05 1220
1778840007357 8.201210287443269e-05 1240
1778840019506 8.170953101361574e-05 1260
1778840020644 8.140695915279878e-05 1280
1778840021781 8.110438729198185e-05 1300
1778840022919 8.080181543116491e-05 1320
1778840024053 8.049924357034796e-05 1340
1778840025191 8.019667170953102e-05 1360
1778840026329 7.989409984871407e-05 1380
1778840027468 7.959152798789713e-05 1400
1778840028606 7.928895612708018e-05 1420
1778840029744 7.898638426626324e-05 1440
1778840030882 7.86838124054463e-05 1460
1778840032020 7.838124054462935e-05 1480
1778840033158 7.80786686838124e-05 1500
1778840045315 7.777609682299547e-05 1520
1778840046453 7.747352496217853e-05 1540
1778840047592 7.717095310136158e-05 1560
1778840048730 7.686838124054462e-05 1580
1778840049869 7.656580937972769e-05 1600
1778840051008 7.626323751891075e-05 1620
1778840052147 7.59606656580938e-05 1640
1778840053285 7.565809379727686e-05 1660
1778840054424 7.535552193645991e-05 1680
1778840055563 7.505295007564297e-05 1700
1778840056702 7.475037821482602e-05 1720
1778840057841 7.444780635400908e-05 1740
1778840069750 7.414523449319215e-05 1760
1778840070888 7.384266263237519e-05 1780
1778840072026 7.354009077155824e-05 1800
1778840073165 7.323751891074131e-05 1820
1778840074310 7.293494704992437e-05 1840
1778840075449 7.263237518910742e-05 1860
1778840076587 7.232980332829046e-05 1880
1778840077726 7.202723146747353e-05 1900
1778840078864 7.172465960665659e-05 1920
1778840080003 7.142208774583964e-05 1940
1778840081142 7.11195158850227e-05 1960
1778840082280 7.081694402420575e-05 1980
1778840083419 7.051437216338881e-05 2000
1778840095617 7.021180030257186e-05 2020
1778840096755 6.990922844175492e-05 2040
1778840097894 6.960665658093797e-05 2060
1778840099032 6.930408472012103e-05 2080
1778840100170 6.900151285930408e-05 2100
1778840101309 6.869894099848715e-05 2120
1778840102447 6.83963691376702e-05 2140
1778840103585 6.809379727685326e-05 2160
1778840104724 6.77912254160363e-05 2180
1778840105862 6.748865355521937e-05 2200
1778840107001 6.718608169440243e-05 2220
1778840108139 6.688350983358548e-05 2240
1778840120274 6.658093797276854e-05 2260
1778840121411 6.627836611195159e-05 2280
1778840122550 6.597579425113465e-05 2300
1778840123687 6.56732223903177e-05 2320
1778840124826 6.537065052950076e-05 2340
1778840125963 6.506807866868381e-05 2360
1778840127101 6.476550680786687e-05 2380
1778840128239 6.446293494704992e-05 2400
1778840129377 6.416036308623299e-05 2420
1778840130515 6.385779122541605e-05 2440
1778840131653 6.35552193645991e-05 2460
1778840132791 6.325264750378214e-05 2480
1778840133929 6.295007564296521e-05 2500
1778840146133 6.264750378214827e-05 2520
1778840147271 6.234493192133132e-05 2540
1778840148410 6.204236006051438e-05 2560
1778840149551 6.173978819969743e-05 2580
1778840150690 6.143721633888049e-05 2600
1778840151829 6.113464447806354e-05 2620
1778840152968 6.08320726172466e-05 2640
1778840154106 6.052950075642966e-05 2660
1778840155243 6.0226928895612714e-05 2680
1778840156382 5.992435703479576e-05 2700
1778840157521 5.962178517397883e-05 2720
1778840158659 5.931921331316188e-05 2740
1778840171046 5.9016641452344934e-05 2760
1778840172184 5.871406959152799e-05 2780
1778840173322 5.841149773071105e-05 2800
1778840174460 5.8108925869894106e-05 2820
1778840175597 5.7806354009077154e-05 2840
1778840176735 5.750378214826021e-05 2860
1778840177872 5.720121028744327e-05 2880
1778840179011 5.6898638426626326e-05 2900
1778840180149 5.659606656580938e-05 2920
1778840181286 5.6293494704992436e-05 2940
1778840182425 5.59909228441755e-05 2960
1778840183563 5.568835098335855e-05 2980
1778840184702 5.53857791225416e-05 3000
1778840196630 5.508320726172467e-05 3020
1778840197770 5.478063540090772e-05 3040
1778840198910 5.4478063540090774e-05 3060
1778840200050 5.417549167927383e-05 3080
1778840201190 5.387291981845689e-05 3100
1778840202330 5.3570347957639946e-05 3120
1778840203470 5.3267776096822994e-05 3140
1778840204610 5.296520423600605e-05 3160
1778840205750 5.266263237518911e-05 3180
1778840206890 5.2360060514372166e-05 3200
1778840208030 5.205748865355522e-05 3220
1778840209170 5.175491679273827e-05 3240
1778840221395 5.145234493192134e-05 3260
1778840222533 5.114977307110439e-05 3280
1778840223671 5.084720121028744e-05 3300
1778840224809 5.054462934947051e-05 3320
1778840225948 5.024205748865356e-05 3340
1778840227087 4.9939485627836613e-05 3360
1778840228228 4.963691376701967e-05 3380
1778840229367 4.9334341906202724e-05 3400
1778840230505 4.9031770045385785e-05 3420
1778840231644 4.8729198184568834e-05 3440
1778840232782 4.8426626323751896e-05 3460
1778840233924 4.812405446293495e-05 3480
1778840235063 4.7821482602118006e-05 3500
1778840247451 4.751891074130106e-05 3520
1778840248591 4.7216338880484116e-05 3540
1778840249731 4.691376701966717e-05 3560
1778840250870 4.6611195158850226e-05 3580
1778840252009 4.630862329803328e-05 3600
1778840253149 4.600605143721634e-05 3620
1778840254288 4.57034795763994e-05 3640
1778840255428 4.540090771558245e-05 3660
1778840256568 4.509833585476551e-05 3680
1778840257708 4.479576399394856e-05 3700
1778840258847 4.4493192133131625e-05 3720
1778840259987 4.4190620272314673e-05 3740
1778840271910 4.3888048411497735e-05 3760
1778840273048 4.358547655068079e-05 3780
1778840274188 4.3282904689863845e-05 3800
1778840275330 4.29803328290469e-05 3820
1778840276473 4.2677760968229956e-05 3840
1778840277613 4.237518910741301e-05 3860
1778840278754 4.2072617246596066e-05 3880
1778840279893 4.177004538577912e-05 3900
1778840281033 4.146747352496218e-05 3920
1778840282174 4.116490166414524e-05 3940
1778840283314 4.086232980332829e-05 3960
1778840284455 4.055975794251135e-05 3980
1778840285590 4.02571860816944e-05 4000
1778840297797 3.996974281391831e-05 4020
1778840298935 3.9667170953101364e-05 4040
1778840300073 3.936459909228442e-05 4060
1778840301214 3.9062027231467474e-05 4080
1778840302354 3.8759455370650536e-05 4100
1778840303494 3.8456883509833584e-05 4120
1778840304634 3.8154311649016646e-05 4140
1778840305773 3.7851739788199694e-05 4160
1778840306913 3.7549167927382756e-05 4180
1778840308053 3.724659606656581e-05 4200
1778840309192 3.6944024205748866e-05 4220
1778840310332 3.664145234493193e-05 4240
1778840322748 3.6338880484114977e-05 4260
1778840323886 3.603630862329804e-05 4280
1778840325025 3.5733736762481093e-05 4300
1778840326163 3.543116490166415e-05 4320
1778840327302 3.5128593040847204e-05 4340
1778840328440 3.482602118003026e-05 4360
1778840329578 3.4523449319213314e-05 4380
1778840330717 3.422087745839637e-05 4400
1778840331855 3.3918305597579424e-05 4420
1778840332993 3.3615733736762486e-05 4440
1778840334131 3.3313161875945534e-05 4460
1778840335269 3.3010590015128596e-05 4480
1778840336407 3.270801815431165e-05 4500
1778840348631 3.2405446293494706e-05 4520
1778840349768 3.210287443267776e-05 4540
1778840350906 3.1800302571860816e-05 4560
1778840352046 3.149773071104388e-05 4580
1778840353184 3.119515885022693e-05 4600
1778840354322 3.089258698940999e-05 4620
1778840355460 3.059001512859304e-05 4640
1778840356598 3.02874432677761e-05 4660
1778840357739 2.9984871406959154e-05 4680
1778840358877 2.9682299546142212e-05 4700
1778840360015 2.9379727685325264e-05 4720
1778840361153 2.9077155824508322e-05 4740
1778840373316 2.8774583963691377e-05 4760
1778840374454 2.8472012102874436e-05 4780
1778840375591 2.8169440242057487e-05 4800
1778840376728 2.7866868381240546e-05 4820
1778840377866 2.7564296520423598e-05 4840
1778840379004 2.726172465960666e-05 4860
1778840380141 2.6959152798789718e-05 4880
1778840381279 2.665658093797277e-05 4900
1778840382416 2.6354009077155828e-05 4920
1778840383554 2.605143721633888e-05 4940
1778840384692 2.5748865355521938e-05 4960
1778840385830 2.5446293494704993e-05 4980
1778840386968 2.5143721633888052e-05 5000
1778840398903 2.4841149773071107e-05 5020
1778840400042 2.4538577912254162e-05 5040
1778840401179 2.4236006051437217e-05 5060
1778840402317 2.3933434190620275e-05 5080
1778840403455 2.363086232980333e-05 5100
1778840404593 2.3328290468986386e-05 5120
1778840405731 2.302571860816944e-05 5140
1778840406869 2.2723146747352496e-05 5160
1778840408007 2.2420574886535554e-05 5180
1778840409145 2.211800302571861e-05 5200
1778840410283 2.1815431164901664e-05 5220
1778840411421 2.151285930408472e-05 5240
1778840423622 2.1210287443267775e-05 5260
1778840424760 2.0907715582450833e-05 5280
1778840425897 2.0605143721633888e-05 5300
1778840427035 2.0302571860816947e-05 5320
1778840428167 2e-05 5340
1778840429306 1.9697428139183057e-05 5360
1778840430444 1.9394856278366115e-05 5380
1778840431582 1.909228441754917e-05 5400
1778840432721 1.8789712556732225e-05 5420
1778840433862 1.848714069591528e-05 5440
1778840435004 1.8184568835098336e-05 5460
1778840436146 1.7881996974281394e-05 5480
1778840437287 1.757942511346445e-05 5500
1778840449461 1.7276853252647504e-05 5520
1778840450599 1.697428139183056e-05 5540
1778840451736 1.6671709531013614e-05 5560
1778840452874 1.6369137670196673e-05 5580
1778840454012 1.6066565809379728e-05 5600
1778840455150 1.5763993948562786e-05 5620
1778840456289 1.546142208774584e-05 5640
1778840457427 1.5158850226928898e-05 5660
1778840458565 1.4856278366111953e-05 5680
1778840459704 1.4553706505295008e-05 5700
1778840460842 1.4251134644478065e-05 5720
1778840461982 1.394856278366112e-05 5740
1778840474174 1.3645990922844177e-05 5760
1778840475313 1.3343419062027232e-05 5780
1778840476451 1.3040847201210287e-05 5800
1778840477589 1.2738275340393344e-05 5820
1778840478733 1.2435703479576399e-05 5840
1778840479872 1.2133131618759456e-05 5860
1778840481011 1.1830559757942513e-05 5880
1778840482149 1.1527987897125568e-05 5900
1778840483287 1.1225416036308624e-05 5920
1778840484426 1.092284417549168e-05 5940
1778840485564 1.0620272314674736e-05 5960
1778840486702 1.0317700453857791e-05 5980
1778840487840 1.0015128593040846e-05 6000
1778840499987 9.712556732223905e-06 6020
1778840501127 9.40998487140696e-06 6040
1778840502266 9.107413010590015e-06 6060
1778840503406 8.804841149773072e-06 6080
1778840504546 8.502269288956127e-06 6100
1778840505686 8.199697428139184e-06 6120
1778840506825 7.897125567322239e-06 6140
1778840507965 7.594553706505296e-06 6160
1778840509105 7.291981845688351e-06 6180
1778840510245 6.989409984871407e-06 6200
1778840511384 6.686838124054463e-06 6220
1778840512524 6.384266263237519e-06 6240
1778840524676 6.096822995461422e-06 6260
1778840525815 5.794251134644478e-06 6280
1778840526953 5.491679273827534e-06 6300
1778840528092 5.18910741301059e-06 6320
1778840529230 4.886535552193646e-06 6340
1778840530368 4.583963691376702e-06 6360
1778840531506 4.281391830559759e-06 6380
1778840532645 3.978819969742814e-06 6400
1778840533783 3.6762481089258698e-06 6420
1778840534921 3.3736762481089257e-06 6440
1778840536060 3.071104387291982e-06 6460
1778840537199 2.768532526475038e-06 6480
1778840538337 2.465960665658094e-06 6500
1778840550552 2.16338880484115e-06 6520
1778840551690 1.860816944024206e-06 6540
1778840552829 1.5582450832072617e-06 6560
1778840553969 1.2556732223903176e-06 6580
1778840555109 9.531013615733736e-07 6600
1778840556247 6.505295007564297e-07 6620
1778840557385 3.4795763993948565e-07 6640
1778840558516 4.5385779122541606e-08 6660
