1778847330752 0.4371584699453552 20
1778847337474 0.8743169398907104 40
1778847344048 1.3060109289617485 60
1778847350769 1.7431693989071038 80
1778847357343 2.1748633879781423 100
1778847364082 2.612021857923497 120
1778847370742 3.0437158469945356 140
1778847377533 3.480874316939891 160
1778847384426 3.918032786885246 180
1778847391001 4.3497267759562845 200
1778847397721 4.786885245901639 220
1778847404295 5.218579234972678 240
1778847409593 5.437158469945355 250
1778847414852 5.655737704918033 260
1778847421424 6.087431693989071 280
1778847428142 6.524590163934426 300
1778847434860 6.961748633879782 320
