1779073998214 2.108644485473633 20
1779074004972 3.7700681686401367 40
1779074011769 3.653316020965576 60
1779074018574 11.9076566696167 80
1779074025383 2.699822425842285 100
1779074032178 3.503232717514038 120
1779074039007 4.977787494659424 140
1779074045833 3.3114538192749023 160
1779074052651 2.022881507873535 180
1779074059469 2.5355210304260254 200
1779074066255 2.3478407859802246 220
1779074073031 1.6492022275924683 240
1779074086034 5.679490566253662 260
1779074092821 3.9158058166503906 280
1779074099638 2.9554641246795654 300
1779074106722 3.890066146850586 320
1779074113511 5.4848408699035645 340
1779074120329 3.1138343811035156 360
1779074127102 3.0514609813690186 380
1779074133901 1.8639748096466064 400
1779074140720 2.1107418537139893 420
1779074147515 3.573390245437622 440
1779074154175 3.143778085708618 460
1779074160973 3.022397041320801 480
1779074167781 2.0413405895233154 500
1779074181191 2.0744667053222656 520
1779074187995 3.84065318107605 540
1779074194776 3.0390117168426514 560
1779074201580 2.524275302886963 580
1779074208386 4.968388080596924 600
1779074215467 2.388611078262329 620
1779074222256 2.9120378494262695 640
1779074229062 5.070144176483154 660
1779074235878 3.92659330368042 680
1779074242647 2.16434645652771 700
1779074249464 3.5051181316375732 720
1779074256254 2.442228317260742 740
1779074270028 2.0464701652526855 760
1779074276817 2.190460681915283 780
1779074283618 2.806548595428467 800
1779074290412 6.016462326049805 820
1779074297231 2.46642804145813 840
1779074304046 2.70735502243042 860
1779074310823 2.413689136505127 880
1779074317619 3.411743402481079 900
1779074324343 3.477238416671753 920
1779074331111 3.2162017822265625 940
1779074338139 4.236279487609863 960
1779074344889 1.7655504941940308 980
1779074351658 2.6886508464813232 1000
1779074365192 3.186363458633423 1020
1779074371990 2.1270880699157715 1040
1779074378792 3.3928892612457275 1060
1779074385600 2.5016095638275146 1080
1779074392407 3.9091479778289795 1100
1779074399226 2.554427146911621 1120
1779074406069 2.0702662467956543 1140
1779074412889 2.3947489261627197 1160
1779074419665 3.597686529159546 1180
1779074426270 2.3440680503845215 1200
1779074432890 2.719163417816162 1220
1779074439491 2.439607620239258 1240
1779074453014 2.1258010864257812 1260
1779074459643 3.012631416320801 1280
1779074466208 2.9497945308685303 1300
1779074472817 2.8924684524536133 1320
1779074479377 2.0171022415161133 1340
1779074485911 3.463982105255127 1360
1779074492471 2.5230114459991455 1380
1779074498991 2.2326207160949707 1400
1779074505553 2.2237327098846436 1420
1779074512110 3.893685817718506 1440
1779074518174 2.9484310150146484 1460
1779074524084 3.0300912857055664 1480
1779074530874 3.4803197383880615 1500
1779074544190 2.4000236988067627 1520
1779074550999 5.090108871459961 1540
1779074557785 2.9038431644439697 1560
1779074564870 2.1237168312072754 1580
1779074571666 4.1653594970703125 1600
1779074578469 1.8546441793441772 1620
1779074585237 3.0841872692108154 1640
1779074592022 3.5423173904418945 1660
1779074598841 2.8612287044525146 1680
1779074605611 2.693010091781616 1700
1779074612410 2.0737085342407227 1720
1779074619201 4.885265827178955 1740
1779074632821 2.5121164321899414 1760
1779074639633 3.5051398277282715 1780
1779074646413 4.402683258056641 1800
1779074653239 2.7874295711517334 1820
1779074659967 2.4530560970306396 1840
1779074666733 2.8747806549072266 1860
1779074673481 2.8869221210479736 1880
1779074680532 2.0075571537017822 1900
1779074687317 2.6204776763916016 1920
1779074694083 3.1375961303710938 1940
1779074700820 3.2116358280181885 1960
1779074707604 3.050869941711426 1980
1779074714400 4.405763626098633 2000
1779074728149 2.8909153938293457 2020
1779074734981 2.8583984375 2040
1779074741773 4.744717121124268 2060
1779074748585 2.9786529541015625 2080
1779074755408 3.143594980239868 2100
1779074762208 2.6111576557159424 2120
1779074769014 3.1536269187927246 2140
1779074775817 4.202655792236328 2160
1779074782572 3.564100980758667 2180
1779074789562 5.2029337882995605 2200
1779074796357 2.685865879058838 2220
1779074803133 2.7567031383514404 2240
1779074816121 3.050483226776123 2260
1779074822814 6.668350696563721 2280
