1777389910668 2.5960533618927 20
1777389920358 1.732316017150879 40
1777389925750 1.6839768886566162 60
1777389931145 1.8775207996368408 80
1777389936493 1.5666536092758179 100
1777389941879 1.7155767679214478 120
1777389947282 1.809106469154358 140
1777389952585 1.6404486894607544 160
1777389958032 1.9203839302062988 180
1777389963422 1.8288902044296265 200
1777390011788 1.6188936233520508 220
1777390017198 1.5304043292999268 240
1777390022599 1.5321199893951416 260
1777390027961 1.7247893810272217 280
1777390033378 1.7054532766342163 300
1777390040784 1.6804535388946533 320
1777390047702 1.5015047788619995 340
1777390053111 1.670314073562622 360
1777390058503 1.5366590023040771 380
1777390063937 1.6087977886199951 400
1777390112381 1.6562111377716064 420
1777390117722 1.5227534770965576 440
1777390124605 1.747729778289795 460
1777390130012 1.6918601989746094 480
1777390135910 1.6653497219085693 500
1777390141286 1.5110852718353271 520
1777390146705 1.6715220212936401 540
1777390152052 1.7394729852676392 560
1777390157486 1.5244839191436768 580
1777390162903 1.7770124673843384 600
1777390211610 1.7360806465148926 620
1777390217006 2.242800712585449 640
1777390222456 2.141134023666382 660
1777390227791 1.5428757667541504 680
1777390233180 1.4775853157043457 700
1777390238596 1.6955875158309937 720
1777390244004 2.032818078994751 740
1777390249374 1.6439011096954346 760
1777390254778 1.6030727624893188 780
1777390260186 2.396639823913574 800
1777390309166 2.3962414264678955 820
1777390314527 2.094142198562622 840
1777390319849 3.104870319366455 860
1777390325261 2.2918896675109863 880
1777390330627 1.8542166948318481 900
1777390336022 1.67534339427948 920
1777390341412 1.6727436780929565 940
1777390346830 1.6728652715682983 960
1777390352230 1.6295318603515625 980
1777390357585 1.8452837467193604 1000
1777390406205 7.965950965881348 1020
1777390411554 1.8956712484359741 1040
1777390416953 2.626357078552246 1060
1777390422305 1.417110800743103 1080
1777390427557 1.5283176898956299 1100
1777390432802 1.6677181720733643 1120
1777390438044 2.1179842948913574 1140
1777390443261 1.9766151905059814 1160
1777390448509 1.4031999111175537 1180
1777390453753 0.8460245132446289 1200
1777390501245 1.1493635177612305 1220
1777390506520 1.1388850212097168 1240
1777390511732 1.6632912158966064 1260
1777390516978 0.8246867060661316 1280
1777390522213 1.1781200170516968 1300
1777390527460 1.0090347528457642 1320
1777390532716 0.8815810680389404 1340
1777390537936 1.1434874534606934 1360
1777390543165 1.1560320854187012 1380
1777390548453 1.3319923877716064 1400
1777390596158 0.8240395188331604 1420
1777390601405 1.0077084302902222 1440
1777390606635 1.0971271991729736 1460
1777390611868 1.025285005569458 1480
1777390617098 1.1397897005081177 1500
1777390622301 0.7279043793678284 1520
1777390627568 0.9623240828514099 1540
1777390632817 0.6001304388046265 1560
1777390638078 1.2635674476623535 1580
1777390643296 0.5083813071250916 1600
1777390691110 0.5819534063339233 1620
1777390696342 0.8343881368637085 1640
1777390701620 0.6573979258537292 1660
1777390706894 0.7172445058822632 1680
1777390712172 0.6740263104438782 1700
1777390717426 0.7295317053794861 1720
1777390722636 0.7856144309043884 1740
1777390727882 1.0476526021957397 1760
1777390733132 0.9024897813796997 1780
1777390738343 0.7981500625610352 1800
1777390786128 0.6949552893638611 1820
1777390791353 0.8572415709495544 1840
1777390796598 1.0569132566452026 1860
1777390801788 0.6607637405395508 1880
1777390807028 0.7312637567520142 1900
1777390812313 0.6549426317214966 1920
1777390817521 0.6553879976272583 1940
1777390822789 0.9694322347640991 1960
1777390828039 0.98795086145401 1980
1777390833298 0.8405199646949768 2000
