1778598934820 0.1092896174863388 20
1778598935416 0.2185792349726776 40
1778598935998 0.32786885245901637 60
1778598936616 0.4371584699453552 80
1778598937224 0.546448087431694 100
1778598937829 0.6557377049180327 120
1778598938435 0.7650273224043715 140
1778598939045 0.8743169398907104 160
1778598939640 0.9836065573770492 180
1778598940234 1.092896174863388 200
1778598940850 1.2021857923497268 220
1778598941461 1.3114754098360657 240
1778598941938 1.366120218579235 250
1778598943604 1.4207650273224044 260
1778598944209 1.530054644808743 280
1778598944817 1.639344262295082 300
1778598945421 1.748633879781421 320
1778598946015 1.8579234972677594 340
1778598946611 1.9672131147540983 360
1778598947198 2.0765027322404372 380
1778598947799 2.185792349726776 400
1778598948393 2.2950819672131146 420
1778598948985 2.4043715846994536 440
1778598949581 2.5136612021857925 460
1778598950186 2.6229508196721314 480
1778598950785 2.73224043715847 500
1778598950962 2.73224043715847 500
1778598952904 2.841530054644809 520
1778598953496 2.9508196721311473 540
1778598954085 3.060109289617486 560
1778598954674 3.169398907103825 580
1778598955268 3.278688524590164 600
1778598955865 3.387978142076503 620
1778598956458 3.4972677595628414 640
1778598957063 3.6065573770491803 660
1778598957655 3.7158469945355193 680
1778598958243 3.8251366120218577 700
1778598958849 3.9344262295081966 720
1778598959453 4.043715846994536 740
1778598959929 4.098360655737705 750
1778598961390 4.1530054644808745 760
1778598962010 4.262295081967213 780
1778598962627 4.371584699453552 800
1778598963244 4.48087431693989 820
1778598963851 4.590163934426229 840
1778598964461 4.699453551912568 860
1778598965066 4.808743169398907 880
1778598965657 4.918032786885246 900
1778598966251 5.027322404371585 920
1778598966840 5.136612021857924 940
1778598967429 5.245901639344262 960
1778598968019 5.355191256830601 980
1778598968619 5.46448087431694 1000
1778598968795 5.46448087431694 1000
1778598970755 5.573770491803279 1020
1778598971367 5.683060109289618 1040
1778598971961 5.7923497267759565 1060
1778598972551 5.901639344262295 1080
1778598973138 6.0109289617486334 1100
1778598973733 6.120218579234972 1120
1778598974364 6.229508196721311 1140
1778598974990 6.33879781420765 1160
1778598975671 6.448087431693989 1180
1778598976260 6.557377049180328 1200
1778598976850 6.666666666666667 1220
1778598977450 6.775956284153006 1240
1778598977931 6.830601092896175 1250
1778598979566 6.885245901639344 1260
1778598980159 6.994535519125683 1280
1778598980757 7.103825136612022 1300
1778598981347 7.213114754098361 1320
1778598981948 7.3224043715847 1340
1778598982552 7.4316939890710385 1360
1778598983159 7.540983606557377 1380
1778598983767 7.6502732240437155 1400
1778598984357 7.759562841530054 1420
1778598984947 7.868852459016393 1440
1778598985538 7.978142076502732 1460
1778598986127 8.087431693989071 1480
1778598986718 8.19672131147541 1500
1778598986895 8.19672131147541 1500
1778598988830 8.306010928961749 1520
1778598989421 8.415300546448087 1540
1778598990012 8.524590163934427 1560
1778598990592 8.633879781420765 1580
1778598991182 8.743169398907105 1600
1778598991773 8.852459016393443 1620
1778598992364 8.96174863387978 1640
1778598992954 9.07103825136612 1660
1778598993545 9.180327868852459 1680
1778598994136 9.289617486338798 1700
1778598994726 9.398907103825136 1720
1778598995316 9.508196721311476 1740
1778598995784 9.562841530054644 1750
1778598997437 9.617486338797814 1760
1778598998038 9.726775956284152 1780
1778598998634 9.836065573770492 1800
1778598999226 9.94535519125683 1820
1778599000957 10.0 1830
1778599001331 10.0 1830
1778599001548 10.0 1830
1778599002174 10.0 0
