1778598934820 1.9824150800704956 20
1778598935416 1.936879277229309 40
1778598935998 1.2922569513320923 60
1778598936616 2.6601834297180176 80
1778598937224 4.185584545135498 100
1778598937829 8.215617179870605 120
1778598938435 4.095524787902832 140
1778598939045 5.6062445640563965 160
1778598939640 6.685099124908447 180
1778598940234 5.247319221496582 200
1778598940850 5.476897716522217 220
1778598941461 5.610438823699951 240
1778598943604 3.9340593814849854 260
1778598944209 8.431428909301758 280
1778598944817 6.637388229370117 300
1778598945421 6.780489921569824 320
1778598946015 5.3088202476501465 340
1778598946611 5.795679092407227 360
1778598947198 7.304431915283203 380
1778598947799 4.93610143661499 400
1778598948393 2.2740936279296875 420
1778598948985 8.421194076538086 440
1778598949581 3.7422215938568115 460
1778598950186 6.010911464691162 480
1778598950785 8.450636863708496 500
1778598952904 10.708085060119629 520
1778598953496 5.526245594024658 540
1778598954085 2.738912582397461 560
1778598954674 1.3364405632019043 580
1778598955268 11.867377281188965 600
1778598955865 13.29051685333252 620
1778598956458 11.487039566040039 640
1778598957063 13.209685325622559 660
1778598957655 10.587553024291992 680
1778598958243 5.195156097412109 700
1778598958849 5.597475528717041 720
1778598959453 13.689033508300781 740
1778598961390 0.39884474873542786 760
1778598962010 23.745563507080078 780
1778598962627 3.3220057487487793 800
1778598963244 12.782174110412598 820
1778598963851 0.4453388452529907 840
1778598964461 0.8054938316345215 860
1778598965066 0.2552797198295593 880
1778598965657 0.9909055829048157 900
1778598966251 28.081727981567383 920
1778598966840 1.1586053371429443 940
1778598967429 8.9030179977417 960
1778598968019 9.654020309448242 980
1778598968619 1.00611412525177 1000
1778598970755 0.15673577785491943 1020
1778598971367 30.834075927734375 1040
1778598971961 13.088264465332031 1060
1778598972551 6.96307897567749 1080
1778598973138 0.32378217577934265 1100
1778598973733 0.15770024061203003 1120
1778598974364 0.36607080698013306 1140
1778598974990 1.1549521684646606 1160
1778598975671 0.26042115688323975 1180
1778598976260 2.289564371109009 1200
1778598976850 0.2794453799724579 1220
1778598977450 0.09425157308578491 1240
1778598979566 0.8284006118774414 1260
1778598980159 52.39550018310547 1280
1778598980757 0.07759378105401993 1300
1778598981347 13.032221794128418 1320
1778598981948 5.824708938598633 1340
1778598982552 0.1655091643333435 1360
1778598983159 0.10922461003065109 1380
1778598983767 0.10133740305900574 1400
1778598984357 0.8391314744949341 1420
1778598984947 1.4470534324645996 1440
1778598985538 6.384768486022949 1460
1778598986127 2.28751802444458 1480
1778598986718 0.1474335491657257 1500
1778598988830 0.07950539141893387 1520
1778598989421 25.68435287475586 1540
1778598990012 0.05619596689939499 1560
1778598990592 0.23088423907756805 1580
1778598991182 0.17804469168186188 1600
1778598991773 0.07498539239168167 1620
1778598992364 0.125126451253891 1640
1778598992954 0.5551314353942871 1660
1778598993545 0.0869622454047203 1680
1778598994136 22.631122589111328 1700
1778598994726 0.17055842280387878 1720
1778598995316 0.0610945038497448 1740
1778598997437 0.7753956317901611 1760
1778598998038 0.05469914898276329 1780
1778598998634 0.06125553324818611 1800
1778598999226 41.59716796875 1820
