1778288185911 0.7553344368934631 20
1778288187460 1.0813820362091064 40
1778288189006 0.8813230395317078 60
1778288190557 1.1919628381729126 80
1778288192103 1.3528274297714233 100
1778288193651 1.3322808742523193 120
1778288195196 1.5825634002685547 140
1778288196745 0.820506751537323 160
1778288198293 0.7762362957000732 180
1778288199841 0.8284703493118286 200
1778288201395 0.9066560864448547 220
1778288202947 1.271393895149231 240
1778288205840 2.5598812103271484 260
1778288207387 1.1605644226074219 280
1778288208941 1.090998649597168 300
1778288210492 1.0932128429412842 320
1778288212045 1.7322524785995483 340
1778288213600 0.976196825504303 360
1778288215150 0.8029202818870544 380
1778288216702 1.1911062002182007 400
1778288218252 0.7792895436286926 420
1778288219797 1.0203827619552612 440
1778288221350 0.9996123313903809 460
1778288222906 1.3160747289657593 480
1778288224460 1.184877872467041 500
1778288227347 0.788131833076477 520
1778288228898 1.0603562593460083 540
1778288230446 1.0212860107421875 560
1778288231996 0.9846518635749817 580
1778288233547 1.3142906427383423 600
1778288235100 1.3103317022323608 620
1778288236651 0.9768239855766296 640
1778288238201 0.9472604990005493 660
1778288239753 1.251609206199646 680
1778288241302 1.09195876121521 700
1778288242854 1.9148139953613281 720
1778288244406 1.994768738746643 740
1778288247292 1.3878157138824463 760
1778288248841 1.1172953844070435 780
1778288250391 1.2592836618423462 800
1778288251942 1.530342936515808 820
1778288253493 1.557139277458191 840
1778288255042 1.0735687017440796 860
1778288256592 2.6438140869140625 880
1778288258143 0.9669089913368225 900
1778288259694 2.155824899673462 920
1778288261241 1.317507266998291 940
1778288262793 1.4239387512207031 960
1778288264347 1.665669322013855 980
1778288265900 1.9554716348648071 1000
1778288268805 1.7686954736709595 1020
1778288270353 2.2298765182495117 1040
1778288271903 1.2227931022644043 1060
1778288273459 2.051375389099121 1080
1778288275012 1.2791365385055542 1100
1778288276563 1.360137939453125 1120
1778288278114 1.4437096118927002 1140
1778288279664 2.2548723220825195 1160
1778288281215 1.3539278507232666 1180
1778288282765 1.0868552923202515 1200
1778288284313 1.3370752334594727 1220
1778288285867 2.1778981685638428 1240
1778288288783 1.1225751638412476 1260
1778288290333 1.251503586769104 1280
1778288291881 1.3084533214569092 1300
1778288293431 0.8937385678291321 1320
1778288294987 3.1327292919158936 1340
1778288296547 1.571838140487671 1360
1778288298105 1.3243489265441895 1380
1778288299655 1.182386040687561 1400
1778288301208 1.6753225326538086 1420
1778288302758 1.23642098903656 1440
1778288304307 2.2932701110839844 1460
1778288305860 1.3961474895477295 1480
1778288307411 1.193698525428772 1500
1778288310291 1.593894362449646 1520
1778288311841 1.5253227949142456 1540
1778288313390 1.9773110151290894 1560
1778288314938 2.4842453002929688 1580
1778288316486 1.397108793258667 1600
1778288318040 1.8468948602676392 1620
1778288319593 2.118253707885742 1640
1778288321141 2.4846737384796143 1660
1778288322690 1.2834144830703735 1680
1778288324238 2.013042449951172 1700
1778288325786 1.4389665126800537 1720
1778288327335 1.1546369791030884 1740
1778288330229 2.1410622596740723 1760
1778288331780 2.8444976806640625 1780
1778288333334 2.718763828277588 1800
1778288334883 2.0596203804016113 1820
1778288336431 1.5014268159866333 1840
1778288337982 1.3613961935043335 1860
1778288339536 1.961980938911438 1880
1778288341086 1.4066452980041504 1900
1778288342636 2.6442861557006836 1920
1778288344186 1.8781895637512207 1940
1778288345735 2.053762912750244 1960
1778288347284 1.7215291261672974 1980
1778288348836 1.5265852212905884 2000
1778288351737 1.3580262660980225 2020
1778288353289 1.3782652616500854 2040
1778288354844 1.8551291227340698 2060
1778288356408 1.8633596897125244 2080
1778288357959 1.7745379209518433 2100
1778288359511 3.6890482902526855 2120
1778288361065 2.361154079437256 2140
1778288362615 1.5334900617599487 2160
1778288364167 1.9128364324569702 2180
1778288365721 2.073326349258423 2200
1778288367272 2.377835988998413 2220
1778288368822 1.6622798442840576 2240
1778288371707 2.687091112136841 2260
1778288373257 1.6458660364151 2280
1778288374808 1.5110803842544556 2300
1778288376358 1.9196765422821045 2320
1778288377910 1.335968255996704 2340
1778288379463 2.42716383934021 2360
1778288381014 2.0569777488708496 2380
1778288382567 1.655711054801941 2400
1778288384121 1.7720226049423218 2420
1778288385672 2.571025848388672 2440
1778288387225 2.2258269786834717 2460
1778288388775 2.2737042903900146 2480
1778288390326 1.735262393951416 2500
1778288393216 2.3753714561462402 2520
1778288394765 2.3134958744049072 2540
1778288396316 1.7912557125091553 2560
1778288397869 1.790004014968872 2580
1778288399420 2.563441038131714 2600
1778288400971 2.008589506149292 2620
1778288402522 3.3267099857330322 2640
1778288404073 1.7176462411880493 2660
