1777471331485 1.1400000000000001e-05 20
1777471341019 2.3400000000000003e-05 40
1777471350494 2.9976619581100827e-05 60
1777471359974 2.99181685338529e-05 80
1777471369597 2.985971748660497e-05 100
1777471379232 2.980126643935704e-05 120
1777471388924 2.974281539210911e-05 140
1777471398628 2.968436434486118e-05 160
1777471408406 2.9625913297613248e-05 180
1777471418157 2.956746225036532e-05 200
1777471427784 2.9509011203117388e-05 220
1777471437611 2.945056015586946e-05 240
1777471447364 2.9392109108621527e-05 260
1777471457103 2.93336580613736e-05 280
1777471466946 2.927520701412567e-05 300
1777471476729 2.921675596687774e-05 320
1777471486481 2.9158304919629813e-05 340
1777471496254 2.909985387238188e-05 360
1777471505977 2.9041402825133952e-05 380
1777471515821 2.8982951777886022e-05 400
1777471525560 2.892450073063809e-05 420
1777471535355 2.886604968339016e-05 440
1777471545231 2.8807598636142234e-05 460
1777471555096 2.87491475888943e-05 480
1777471564910 2.8690696541646374e-05 500
1777471574713 2.863224549439844e-05 520
1777471584488 2.8573794447150513e-05 540
1777471594370 2.8515343399902583e-05 560
1777471604194 2.8456892352654653e-05 580
1777471614038 2.8398441305406722e-05 600
1777471623879 2.8339990258158792e-05 620
1777471633690 2.8281539210910862e-05 640
1777471643529 2.8223088163662935e-05 660
1777471653412 2.8164637116415e-05 680
1777471663286 2.8106186069167074e-05 700
1777471673177 2.804773502191914e-05 720
1777471683063 2.7989283974671214e-05 740
1777471692955 2.7930832927423284e-05 760
1777471702874 2.7872381880175353e-05 780
1777471712769 2.7813930832927426e-05 800
1777471722566 2.7755479785679493e-05 820
1777471732487 2.7697028738431566e-05 840
1777471742466 2.7638577691183636e-05 860
1777471752335 2.7580126643935705e-05 880
1777471762210 2.7521675596687775e-05 900
1777471772062 2.7463224549439845e-05 920
1777471781923 2.7404773502191914e-05 940
1777471791803 2.7346322454943987e-05 960
1777471801607 2.7287871407696054e-05 980
1777471811430 2.7229420360448127e-05 1000
1777471863141 2.7170969313200193e-05 1020
1777471872910 2.7112518265952266e-05 1040
1777471882812 2.7054067218704336e-05 1060
1777471892657 2.6995616171456406e-05 1080
1777471902536 2.6937165124208475e-05 1100
1777471912348 2.6878714076960545e-05 1120
1777471922211 2.6820263029712615e-05 1140
1777471932161 2.6761811982464688e-05 1160
1777471942045 2.6703360935216754e-05 1180
1777471951819 2.6644909887968827e-05 1200
1777471961701 2.6586458840720894e-05 1220
1777471971483 2.6528007793472967e-05 1240
1777471981299 2.646955674622504e-05 1260
1777471991123 2.6411105698977106e-05 1280
1777472000974 2.635265465172918e-05 1300
1777472010873 2.6294203604481246e-05 1320
1777472020776 2.623575255723332e-05 1340
1777472030584 2.617730150998539e-05 1360
1777472040369 2.6118850462737458e-05 1380
1777472050314 2.6060399415489528e-05 1400
1777472060141 2.6001948368241598e-05 1420
1777472069897 2.5943497320993667e-05 1440
1777472079750 2.588504627374574e-05 1460
1777472089647 2.5826595226497807e-05 1480
1777472099541 2.576814417924988e-05 1500
1777472109377 2.570969313200195e-05 1520
1777472119362 2.565124208475402e-05 1540
1777472129269 2.559279103750609e-05 1560
1777472138965 2.553433999025816e-05 1580
1777472148826 2.547588894301023e-05 1600
1777472158698 2.54174378957623e-05 1620
1777472168657 2.5358986848514368e-05 1640
1777472178458 2.530053580126644e-05 1660
1777472188249 2.524208475401851e-05 1680
1777472197969 2.518363370677058e-05 1700
1777472207781 2.5125182659522654e-05 1720
1777472217571 2.506673161227472e-05 1740
1777472227381 2.5008280565026793e-05 1760
1777472237260 2.494982951777886e-05 1780
1777472246970 2.4891378470530932e-05 1800
1777472256738 2.4832927423283002e-05 1820
1777472266487 2.4774476376035072e-05 1840
1777472276346 2.471602532878714e-05 1860
1777472286142 2.465757428153921e-05 1880
1777472295996 2.459912323429128e-05 1900
1777472305825 2.4540672187043354e-05 1920
1777472315724 2.448222113979542e-05 1940
1777472325454 2.4423770092547493e-05 1960
1777472335269 2.436531904529956e-05 1980
1777472345110 2.4306867998051633e-05 2000
1777472395344 2.4248416950803703e-05 2020
1777472405114 2.4189965903555772e-05 2040
1777472414938 2.4131514856307842e-05 2060
1777472424605 2.4073063809059912e-05 2080
1777472434476 2.401461276181198e-05 2100
1777472444350 2.3956161714564055e-05 2120
1777472454255 2.3897710667316124e-05 2140
1777472464168 2.3839259620068194e-05 2160
1777472474045 2.3780808572820264e-05 2180
1777472483908 2.3722357525572333e-05 2200
1777472493777 2.3663906478324407e-05 2220
1777472503533 2.3605455431076473e-05 2240
1777472513342 2.3547004383828546e-05 2260
1777472523208 2.3488553336580612e-05 2280
1777472533097 2.3430102289332685e-05 2300
1777472542879 2.3371651242084755e-05 2320
1777472552853 2.3313200194836825e-05 2340
1777472562773 2.3254749147588895e-05 2360
1777472572576 2.3196298100340964e-05 2380
1777472582454 2.3137847053093034e-05 2400
1777472592329 2.3079396005845107e-05 2420
1777472602235 2.3020944958597173e-05 2440
1777472612114 2.2962493911349247e-05 2460
1777472622063 2.2904042864101313e-05 2480
1777472631920 2.2845591816853386e-05 2500
1777472641822 2.2787140769605456e-05 2520
1777472651631 2.2728689722357525e-05 2540
1777472661443 2.2670238675109595e-05 2560
1777472671357 2.2611787627861665e-05 2580
1777472681220 2.2553336580613738e-05 2600
1777472691188 2.2494885533365808e-05 2620
1777472700999 2.2436434486117877e-05 2640
1777472710867 2.2377983438869947e-05 2660
1777472720658 2.2319532391622017e-05 2680
1777472730572 2.2261081344374086e-05 2700
1777472740537 2.220263029712616e-05 2720
1777472750410 2.2144179249878226e-05 2740
1777472760311 2.20857282026303e-05 2760
1777472770101 2.202727715538237e-05 2780
1777472779847 2.196882610813444e-05 2800
1777472789705 2.1910375060886508e-05 2820
1777472799454 2.1851924013638578e-05 2840
1777472809367 2.1793472966390648e-05 2860
1777472819225 2.173502191914272e-05 2880
1777472829031 2.1676570871894787e-05 2900
1777472838819 2.161811982464686e-05 2920
1777472848636 2.1559668777398926e-05 2940
1777472858439 2.1501217730151e-05 2960
1777472868362 2.144276668290307e-05 2980
1777472878280 2.138431563565514e-05 3000
1777472928945 2.132586458840721e-05 3020
1777472938812 2.126741354115928e-05 3040
1777472948636 2.120896249391135e-05 3060
1777472958422 2.1153433999025817e-05 3080
1777472968377 2.1094982951777886e-05 3100
1777472978229 2.1036531904529956e-05 3120
1777472988018 2.097808085728203e-05 3140
1777472997982 2.0919629810034096e-05 3160
1777473007854 2.086117876278617e-05 3180
1777473017753 2.080272771553824e-05 3200
1777473027484 2.0744276668290308e-05 3220
1777473037269 2.0685825621042378e-05 3240
1777473047188 2.0627374573794447e-05 3260
1777473057121 2.0568923526546517e-05 3280
1777473066897 2.051047247929859e-05 3300
1777473076740 2.0452021432050657e-05 3320
1777473086604 2.039357038480273e-05 3340
1777473096454 2.0335119337554796e-05 3360
1777473106282 2.027666829030687e-05 3380
1777473116017 2.021821724305894e-05 3400
1777473125935 2.015976619581101e-05 3420
1777473135729 2.010131514856308e-05 3440
1777473145618 2.0042864101315148e-05 3460
1777473155510 1.9984413054067218e-05 3480
1777473165286 1.992596200681929e-05 3500
1777473175135 1.986751095957136e-05 3520
1777473184994 1.980905991232343e-05 3540
1777473194894 1.97506088650755e-05 3560
1777473204699 1.969215781782757e-05 3580
1777473214539 1.9633706770579643e-05 3600
1777473224359 1.957525572333171e-05 3620
1777473234234 1.9516804676083782e-05 3640
1777473244124 1.945835362883585e-05 3660
1777473253987 1.939990258158792e-05 3680
1777473263826 1.934145153433999e-05 3700
1777473273696 1.928300048709206e-05 3720
1777473283554 1.922454943984413e-05 3740
1777473293271 1.91660983925962e-05 3760
1777473303184 1.910764734534827e-05 3780
1777473313017 1.9049196298100343e-05 3800
1777473322842 1.899074525085241e-05 3820
1777473332736 1.8932294203604483e-05 3840
1777473342561 1.887384315635655e-05 3860
1777473352301 1.8815392109108622e-05 3880
1777473362105 1.8756941061860692e-05 3900
1777473371914 1.869849001461276e-05 3920
1777473381749 1.864003896736483e-05 3940
1777473391598 1.85815879201169e-05 3960
1777473401459 1.8523136872868974e-05 3980
1777473411282 1.8464685825621044e-05 4000
1777473462360 1.8406234778373114e-05 4020
1777473472242 1.8347783731125183e-05 4040
1777473482044 1.8289332683877253e-05 4060
1777473491867 1.8230881636629323e-05 4080
1777473501706 1.8172430589381396e-05 4100
1777473511633 1.8113979542133462e-05 4120
1777473521238 1.8055528494885535e-05 4140
1777473531043 1.79970774476376e-05 4160
1777473540954 1.7938626400389675e-05 4180
1777473550783 1.7880175353141744e-05 4200
1777473560531 1.7821724305893814e-05 4220
1777473570386 1.7763273258645884e-05 4240
1777473580192 1.7704822211397954e-05 4260
1777473590011 1.7646371164150023e-05 4280
1777473599798 1.7587920116902096e-05 4300
1777473609555 1.7529469069654163e-05 4320
1777473619310 1.7471018022406236e-05 4340
1777473629027 1.7412566975158305e-05 4360
1777473638833 1.7354115927910375e-05 4380
1777473648556 1.7295664880662445e-05 4400
1777473658378 1.7237213833414515e-05 4420
1777473668264 1.7178762786166588e-05 4440
1777473678082 1.7120311738918657e-05 4460
1777473687890 1.7061860691670727e-05 4480
1777473697686 1.7003409644422797e-05 4500
1777473707442 1.6944958597174867e-05 4520
1777473717146 1.6886507549926936e-05 4540
1777473726857 1.682805650267901e-05 4560
1777473736631 1.6769605455431076e-05 4580
1777473746433 1.671115440818315e-05 4600
1777473756142 1.6652703360935215e-05 4620
1777473766036 1.6594252313687288e-05 4640
1777473775867 1.6535801266439358e-05 4660
1777473785552 1.6477350219191428e-05 4680
1777473795402 1.6418899171943497e-05 4700
1777473805161 1.6360448124695567e-05 4720
1777473814842 1.6301997077447637e-05 4740
1777473824518 1.624354603019971e-05 4760
1777473834278 1.6185094982951776e-05 4780
1777473843973 1.612664393570385e-05 4800
1777473853788 1.6068192888455916e-05 4820
1777473863535 1.600974184120799e-05 4840
1777473873351 1.5951290793960062e-05 4860
1777473883110 1.5892839746712128e-05 4880
1777473892896 1.58343886994642e-05 4900
1777473902713 1.5775937652216268e-05 4920
1777473912408 1.571748660496834e-05 4940
1777473922123 1.565903555772041e-05 4960
1777473931993 1.560058451047248e-05 4980
1777473941752 1.554213346322455e-05 5000
1777473991486 1.548368241597662e-05 5020
1777474001177 1.542523136872869e-05 5040
1777474010906 1.5366780321480762e-05 5060
1777474020792 1.530832927423283e-05 5080
1777474030569 1.5249878226984902e-05 5100
1777474040350 1.519142717973697e-05 5120
1777474050107 1.5132976132489041e-05 5140
1777474059991 1.507452508524111e-05 5160
1777474069782 1.5016074037993182e-05 5180
1777474079585 1.4957622990745252e-05 5200
1777474089409 1.4899171943497322e-05 5220
1777474099179 1.4840720896249392e-05 5240
1777474108987 1.4782269849001461e-05 5260
1777474118798 1.4723818801753533e-05 5280
1777474128604 1.4665367754505602e-05 5300
1777474138406 1.4606916707257672e-05 5320
1777474148114 1.4548465660009742e-05 5340
1777474157776 1.4490014612761812e-05 5360
1777474167502 1.4431563565513883e-05 5380
1777474177322 1.4373112518265953e-05 5400
1777474187088 1.4314661471018022e-05 5420
1777474196888 1.4256210423770092e-05 5440
1777474206672 1.4197759376522162e-05 5460
1777474216326 1.4139308329274233e-05 5480
1777474226174 1.4080857282026303e-05 5500
1777474235973 1.4022406234778373e-05 5520
1777474245670 1.3963955187530444e-05 5540
1777474255469 1.3905504140282514e-05 5560
1777474265323 1.3847053093034585e-05 5580
1777474275125 1.3788602045786655e-05 5600
1777474285013 1.3730150998538725e-05 5620
1777474294823 1.3671699951290794e-05 5640
1777474304532 1.3613248904042864e-05 5660
1777474314287 1.3554797856794935e-05 5680
1777474324107 1.3496346809547005e-05 5700
1777474333961 1.3437895762299075e-05 5720
1777474343781 1.3379444715051145e-05 5740
1777474353533 1.3320993667803216e-05 5760
1777474363335 1.3262542620555286e-05 5780
1777474373097 1.3204091573307355e-05 5800
1777474382804 1.3145640526059425e-05 5820
1777474392453 1.3087189478811495e-05 5840
1777474402216 1.3028738431563566e-05 5860
1777474412032 1.2970287384315636e-05 5880
1777474421776 1.2911836337067706e-05 5900
1777474431465 1.2853385289819775e-05 5920
1777474441196 1.2794934242571845e-05 5940
1777474450960 1.2736483195323916e-05 5960
1777474460640 1.2678032148075986e-05 5980
1777474470416 1.2619581100828058e-05 6000
1777474520469 1.2561130053580127e-05 6020
1777474530190 1.2502679006332197e-05 6040
1777474539929 1.2444227959084268e-05 6060
1777474549674 1.2385776911836338e-05 6080
1777474559404 1.2327325864588408e-05 6100
1777474569241 1.2268874817340478e-05 6120
1777474579114 1.2210423770092547e-05 6140
1777474588862 1.2151972722844619e-05 6160
1777474598670 1.2093521675596688e-05 6180
1777474608261 1.2035070628348758e-05 6200
1777474617951 1.1976619581100828e-05 6220
1777474627616 1.1918168533852898e-05 6240
1777474637472 1.1859717486604969e-05 6260
1777474647321 1.1801266439357039e-05 6280
1777474657120 1.1742815392109108e-05 6300
1777474666882 1.1684364344861178e-05 6320
1777474676674 1.162591329761325e-05 6340
1777474686453 1.156746225036532e-05 6360
1777474696197 1.1509011203117389e-05 6380
1777474705864 1.1450560155869459e-05 6400
1777474715635 1.1392109108621528e-05 6420
1777474725440 1.1333658061373601e-05 6440
1777474735173 1.1275207014125671e-05 6460
1777474744949 1.1216755966877741e-05 6480
1777474754724 1.115830491962981e-05 6500
1777474764474 1.109985387238188e-05 6520
1777474774225 1.1041402825133952e-05 6540
1777474784058 1.0982951777886021e-05 6560
1777474793857 1.0924500730638091e-05 6580
1777474803597 1.0866049683390161e-05 6600
1777474813379 1.080759863614223e-05 6620
1777474823190 1.0749147588894302e-05 6640
1777474833015 1.0690696541646372e-05 6660
1777474842748 1.0632245494398441e-05 6680
1777474852517 1.0573794447150511e-05 6700
1777474862265 1.0515343399902581e-05 6720
1777474872084 1.0456892352654652e-05 6740
1777474881730 1.0398441305406722e-05 6760
1777474891503 1.0339990258158792e-05 6780
1777474901256 1.0281539210910861e-05 6800
1777474910926 1.0223088163662931e-05 6820
1777474920683 1.0164637116415003e-05 6840
1777474930414 1.0106186069167072e-05 6860
1777474940208 1.0047735021919142e-05 6880
1777474949873 9.989283974671213e-06 6900
1777474959579 9.930832927423285e-06 6920
1777474969337 9.872381880175354e-06 6940
1777474979181 9.813930832927424e-06 6960
1777474989024 9.755479785679494e-06 6980
1777474998776 9.697028738431564e-06 7000
1777475048726 9.638577691183635e-06 7020
1777475058480 9.580126643935705e-06 7040
1777475068088 9.521675596687774e-06 7060
1777475077956 9.463224549439844e-06 7080
1777475087830 9.404773502191914e-06 7100
1777475097718 9.346322454943985e-06 7120
1777475107554 9.287871407696055e-06 7140
1777475117303 9.229420360448125e-06 7160
1777475127173 9.170969313200194e-06 7180
1777475136879 9.112518265952264e-06 7200
1777475146787 9.054067218704336e-06 7220
1777475156619 8.995616171456405e-06 7240
1777475166315 8.937165124208475e-06 7260
1777475176146 8.878714076960545e-06 7280
1777475185899 8.820263029712614e-06 7300
1777475195795 8.761811982464686e-06 7320
1777475205592 8.703360935216756e-06 7340
1777475215425 8.644909887968827e-06 7360
1777475225308 8.586458840720897e-06 7380
1777475235199 8.528007793472966e-06 7400
1777475245096 8.469556746225038e-06 7420
1777475254840 8.411105698977108e-06 7440
1777475264615 8.352654651729177e-06 7460
1777475274347 8.294203604481247e-06 7480
1777475284299 8.235752557233318e-06 7500
1777475294092 8.177301509985388e-06 7520
1777475303888 8.118850462737458e-06 7540
1777475313743 8.060399415489527e-06 7560
1777475323584 8.001948368241597e-06 7580
1777475333325 7.943497320993669e-06 7600
1777475343235 7.885046273745738e-06 7620
1777475353016 7.826595226497808e-06 7640
1777475362768 7.768144179249878e-06 7660
1777475372617 7.709693132001947e-06 7680
1777475382466 7.651242084754019e-06 7700
1777475392294 7.592791037506089e-06 7720
1777475402164 7.534339990258158e-06 7740
1777475411923 7.475888943010229e-06 7760
1777475421714 7.417437895762299e-06 7780
1777475431505 7.358986848514369e-06 7800
1777475441291 7.30053580126644e-06 7820
1777475451127 7.242084754018509e-06 7840
1777475461047 7.18363370677058e-06 7860
1777475470863 7.12518265952265e-06 7880
1777475480638 7.066731612274719e-06 7900
1777475490477 7.008280565026791e-06 7920
1777475500308 6.9498295177788605e-06 7940
1777475510102 6.891378470530931e-06 7960
1777475519973 6.832927423283001e-06 7980
1777475529723 6.7744763760350705e-06 8000
1777475579816 6.716025328787141e-06 8020
1777475589601 6.657574281539211e-06 8040
1777475599382 6.599123234291281e-06 8060
1777475609179 6.540672187043351e-06 8080
1777475618848 6.482221139795421e-06 8100
1777475628578 6.423770092547491e-06 8120
1777475638368 6.365319045299562e-06 8140
1777475648158 6.3068679980516325e-06 8160
1777475658034 6.248416950803702e-06 8180
1777475667823 6.189965903555773e-06 8200
1777475677640 6.1315148563078424e-06 8220
1777475687462 6.073063809059912e-06 8240
1777475697058 6.014612761811983e-06 8260
1777475706843 5.9561617145640524e-06 8280
1777475716531 5.897710667316123e-06 8300
1777475726278 5.839259620068193e-06 8320
1777475736047 5.7808085728202624e-06 8340
1777475745836 5.722357525572334e-06 8360
1777475755647 5.6639064783244035e-06 8380
1777475765463 5.605455431076474e-06 8400
1777475775353 5.547004383828544e-06 8420
1777475785135 5.488553336580614e-06 8440
1777475794932 5.430102289332684e-06 8460
1777475804737 5.371651242084754e-06 8480
1777475814582 5.313200194836824e-06 8500
1777475824417 5.254749147588894e-06 8520
1777475834157 5.196298100340965e-06 8540
1777475844049 5.137847053093034e-06 8560
1777475853810 5.079396005845104e-06 8580
1777475863569 5.0209449585971755e-06 8600
1777475873318 4.962493911349245e-06 8620
1777475883165 4.904042864101316e-06 8640
1777475893046 4.8455918168533855e-06 8660
1777475902876 4.787140769605455e-06 8680
1777475912677 4.728689722357526e-06 8700
1777475922451 4.6702386751095955e-06 8720
1777475932289 4.611787627861666e-06 8740
1777475942094 4.553336580613736e-06 8760
1777475951897 4.494885533365806e-06 8780
1777475961617 4.436434486117876e-06 8800
1777475971486 4.3779834388699466e-06 8820
1777475981272 4.319532391622017e-06 8840
1777475991155 4.261081344374087e-06 8860
1777476000915 4.202630297126157e-06 8880
1777476010686 4.144179249878227e-06 8900
1777476020458 4.085728202630297e-06 8920
1777476030282 4.027277155382367e-06 8940
1777476040080 3.968826108134437e-06 8960
1777476049865 3.910375060886508e-06 8980
1777476059572 3.851924013638577e-06 9000
