1778610030540 0.08888888888888889 20
1778610081883 0.17777777777777778 40
1778610133158 0.26666666666666666 60
1778610184399 0.35555555555555557 80
1778610235753 0.4444444444444444 100
1778610287005 0.5333333333333333 120
1778610338324 0.6222222222222222 140
1778610389669 0.7111111111111111 160
1778610440953 0.8 180
1778610492276 0.8888888888888888 200
1778610543619 0.9777777777777777 220
1778610594983 1.0666666666666667 240
1778610653469 1.1111111111111112 250
1778610680422 1.1555555555555554 260
1778610731755 1.2444444444444445 280
1778610783069 1.3333333333333333 300
1778610834387 1.4222222222222223 320
1778610885682 1.511111111111111 340
1778610937014 1.6 360
1778610988435 1.6888888888888889 380
1778611039726 1.7777777777777777 400
1778611091096 1.8666666666666667 420
1778611142480 1.9555555555555557 440
1778611193810 2.0444444444444443 460
1778611245124 2.1333333333333333 480
1778611296426 2.2222222222222223 500
1778611329336 2.2222222222222223 500
1778611381941 2.311111111111111 520
1778611433257 2.4 540
1778611484513 2.488888888888889 560
1778611535913 2.5777777777777775 580
1778611587316 2.6666666666666665 600
1778611638744 2.7555555555555555 620
1778611690107 2.8444444444444446 640
1778611741448 2.9333333333333336 660
1778611792697 3.022222222222222 680
1778611844055 3.111111111111111 700
1778611895376 3.2 720
1778611946722 3.2888888888888888 740
1778612005202 3.3333333333333335 750
1778612032158 3.3777777777777778 760
1778612083461 3.466666666666667 780
1778612134779 3.5555555555555554 800
1778612186136 3.6444444444444444 820
1778612237588 3.7333333333333334 840
1778612288996 3.822222222222222 860
1778612340351 3.911111111111111 880
1778612391725 4.0 900
1778612443092 4.088888888888889 920
1778612494464 4.177777777777778 940
1778612545817 4.266666666666667 960
1778612597252 4.355555555555555 980
1778612648615 4.444444444444445 1000
1778612681434 4.444444444444445 1000
1778612734021 4.533333333333333 1020
1778612785402 4.622222222222222 1040
1778612836790 4.711111111111111 1060
1778612888180 4.8 1080
1778612939526 4.888888888888889 1100
1778612990893 4.977777777777778 1120
1778613042192 5.066666666666666 1140
1778613093585 5.155555555555556 1160
1778613144971 5.2444444444444445 1180
1778613196315 5.333333333333333 1200
1778613247691 5.4222222222222225 1220
1778613299044 5.511111111111111 1240
1778613357544 5.555555555555555 1250
1778613384472 5.6 1260
1778613435842 5.688888888888889 1280
1778613487286 5.777777777777778 1300
1778613538735 5.866666666666667 1320
1778613590020 5.955555555555556 1340
1778613641400 6.044444444444444 1360
1778613692826 6.133333333333334 1380
1778613744132 6.222222222222222 1400
1778613795456 6.311111111111111 1420
1778613846825 6.4 1440
1778613898219 6.488888888888889 1460
1778613949581 6.5777777777777775 1480
1778614000947 6.666666666666667 1500
1778614033990 6.666666666666667 1500
1778614086516 6.7555555555555555 1520
1778614137861 6.844444444444444 1540
1778614189285 6.933333333333334 1560
1778614240698 7.022222222222222 1580
1778614292084 7.111111111111111 1600
1778614343443 7.2 1620
1778614394805 7.288888888888889 1640
1778614446121 7.377777777777778 1660
1778614497502 7.466666666666667 1680
1778614548799 7.555555555555555 1700
1778614600153 7.644444444444445 1720
1778614651508 7.733333333333333 1740
1778614710046 7.777777777777778 1750
1778614736996 7.822222222222222 1760
1778614788305 7.911111111111111 1780
1778614839623 8.0 1800
1778614890934 8.088888888888889 1820
1778614942349 8.177777777777777 1840
1778614993664 8.266666666666667 1860
1778615045040 8.355555555555556 1880
1778615096343 8.444444444444445 1900
1778615147736 8.533333333333333 1920
1778615199032 8.622222222222222 1940
1778615250628 8.71111111111111 1960
1778615301995 8.8 1980
1778615353314 8.88888888888889 2000
1778615386162 8.88888888888889 2000
1778615438727 8.977777777777778 2020
1778615490117 9.066666666666666 2040
1778615541480 9.155555555555555 2060
1778615592812 9.244444444444444 2080
1778615644077 9.333333333333334 2100
1778615695472 9.422222222222222 2120
1778615746825 9.511111111111111 2140
1778615798184 9.6 2160
1778615849655 9.688888888888888 2180
1778615900838 9.777777777777779 2200
1778615952231 9.866666666666667 2220
1778616003576 9.955555555555556 2240
1778616062104 10.0 2250
1778616063428 10.0 2250
1778616096209 10.0 2250
1778616139620 10.0 2250
1778616140154 10.0 0
