1778610030540 2.9788 20
1778610081883 2.7407 40
1778610133158 2.2194 60
1778610184399 1.9294 80
1778610235753 1.6879 100
1778610287005 1.4189 120
1778610338324 1.2694 140
1778610389669 1.052 160
1778610440953 0.9945 180
1778610492276 0.9056 200
1778610543619 0.8547 220
1778610594983 0.7133 240
1778610680422 0.7579 260
1778610731755 0.6163 280
1778610783069 0.6814 300
1778610834387 0.5505 320
1778610885682 0.5829 340
1778610937014 0.562 360
1778610988435 0.4831 380
1778611039726 0.4223 400
1778611091096 0.4365 420
1778611142480 0.4213 440
1778611193810 0.4633 460
1778611245124 0.3134 480
1778611296426 0.3608 500
1778611381941 0.342 520
1778611433257 0.3553 540
1778611484513 0.3019 560
1778611535913 0.3096 580
1778611587316 0.3933 600
1778611638744 0.2954 620
1778611690107 0.2748 640
1778611741448 0.3005 660
1778611792697 0.3175 680
1778611844055 0.3028 700
1778611895376 0.2219 720
1778611946722 0.1981 740
1778612032158 0.1907 760
1778612083461 0.2553 780
1778612134779 0.2421 800
1778612186136 0.1952 820
1778612237588 0.1706 840
1778612288996 0.268 860
1778612340351 0.1938 880
1778612391725 0.2088 900
1778612443092 0.2272 920
1778612494464 0.2107 940
1778612545817 0.1865 960
1778612597252 0.151 980
1778612648615 0.1632 1000
1778612734021 0.1594 1020
1778612785402 0.1779 1040
1778612836790 0.1576 1060
1778612888180 0.1594 1080
1778612939526 0.1584 1100
1778612990893 0.129 1120
1778613042192 0.1296 1140
1778613093585 0.1091 1160
1778613144971 0.1445 1180
1778613196315 0.1541 1200
1778613247691 0.1311 1220
1778613299044 0.1239 1240
1778613384472 0.1444 1260
1778613435842 0.1403 1280
1778613487286 0.1209 1300
1778613538735 0.1178 1320
1778613590020 0.1377 1340
1778613641400 0.1294 1360
1778613692826 0.1059 1380
1778613744132 0.1171 1400
1778613795456 0.1045 1420
1778613846825 0.0867 1440
1778613898219 0.0748 1460
1778613949581 0.095 1480
1778614000947 0.076 1500
1778614086516 0.1079 1520
1778614137861 0.0714 1540
1778614189285 0.0937 1560
1778614240698 0.0918 1580
1778614292084 0.0941 1600
1778614343443 0.0907 1620
1778614394805 0.0583 1640
1778614446121 0.0921 1660
1778614497502 0.0784 1680
1778614548799 0.0699 1700
1778614600153 0.0901 1720
1778614651508 0.0796 1740
1778614736996 0.0921 1760
1778614788305 0.0848 1780
1778614839623 0.0829 1800
1778614890934 0.0621 1820
1778614942349 0.0681 1840
1778614993664 0.0742 1860
1778615045040 0.0641 1880
1778615096343 0.0976 1900
1778615147736 0.0759 1920
1778615199032 0.0638 1940
1778615250628 0.0805 1960
1778615301995 0.082 1980
1778615353314 0.1003 2000
1778615438727 0.0568 2020
1778615490117 0.0676 2040
1778615541480 0.0818 2060
1778615592812 0.0663 2080
1778615644077 0.058 2100
1778615695472 0.0598 2120
1778615746825 0.0581 2140
1778615798184 0.07 2160
1778615849655 0.0577 2180
1778615900838 0.0601 2200
1778615952231 0.0435 2220
1778616003576 0.0563 2240
