1777395037641 2.0043108463287354 20
1777395039420 4.330024719238281 40
1777395041178 2.6697335243225098 60
1777395042931 4.531414985656738 80
1777395044690 4.029293060302734 100
1777395046417 2.3767433166503906 120
1777395048179 3.780212879180908 140
1777395049905 4.955432415008545 160
1777395051666 2.6010751724243164 180
1777395053429 6.078401565551758 200
1777395055195 4.284437656402588 220
1777395056948 2.964771032333374 240
1777395063015 3.9811267852783203 260
1777395064783 5.285315990447998 280
1777395066544 4.81532621383667 300
1777395068308 14.427072525024414 320
1777395070066 13.068232536315918 340
1777395071831 2.9406182765960693 360
1777395073588 3.1298904418945312 380
1777395075358 3.9248459339141846 400
1777395077119 2.8430826663970947 420
1777395078881 4.876902103424072 440
1777395080644 6.072455883026123 460
1777395082408 12.987332344055176 480
1777395084171 2.3423328399658203 500
1777395092028 2.4860126972198486 520
1777395093796 5.089148998260498 540
1777395095565 3.738222122192383 560
1777395097346 3.4712915420532227 580
1777395099108 5.273379802703857 600
1777395100883 2.7809503078460693 620
1777395102647 4.7889814376831055 640
1777395104414 1.9600145816802979 660
1777395106177 3.2014479637145996 680
1777395107943 5.993725299835205 700
1777395109713 20.67021369934082 720
1777395111486 2.824345827102661 740
1777395119509 1.94601309299469 760
1777395121280 2.534287452697754 780
1777395123048 3.275813579559326 800
1777395124817 3.0157079696655273 820
1777395126584 2.9227237701416016 840
1777395128356 2.2402830123901367 860
1777395130127 4.735293865203857 880
1777395131902 2.031446695327759 900
1777395133671 2.283749580383301 920
1777395135442 2.510892868041992 940
1777395137212 3.2124505043029785 960
1777395138983 1.9330867528915405 980
1777395140756 10.39707088470459 1000
1777395146855 2.078582525253296 1020
1777395148629 4.552188396453857 1040
1777395150406 3.4965550899505615 1060
1777395152176 1.7926605939865112 1080
1777395153944 3.573608636856079 1100
1777395155716 2.0845417976379395 1120
1777395157489 2.7061712741851807 1140
1777395159263 2.067194938659668 1160
1777395161040 3.130180835723877 1180
1777395162820 1.9163423776626587 1200
1777395164594 2.490579128265381 1220
1777395166369 2.3397717475891113 1240
1777395173958 3.353212594985962 1260
1777395175733 2.7029998302459717 1280
1777395177511 1.6930664777755737 1300
1777395179283 3.2140886783599854 1320
1777395181057 2.5066821575164795 1340
1777395182831 4.441094875335693 1360
1777395184611 4.539904594421387 1380
1777395186389 4.368802547454834 1400
1777395188167 3.2255611419677734 1420
1777395189939 5.429272174835205 1440
1777395191721 3.046781301498413 1460
1777395193495 7.757346153259277 1480
1777395195272 2.636587619781494 1500
1777395201046 3.2038075923919678 1520
1777395202824 3.233919620513916 1540
1777395204602 5.374378204345703 1560
1777395206384 4.91588020324707 1580
1777395208164 3.323876142501831 1600
1777395209944 4.668551921844482 1620
1777395211726 3.2671587467193604 1640
1777395213507 3.9945309162139893 1660
1777395215294 3.7776427268981934 1680
1777395217073 2.716127872467041 1700
1777395218850 3.523906707763672 1720
1777395220629 3.170072078704834 1740
1777395228615 3.658825635910034 1760
1777395230398 3.495936155319214 1780
1777395232176 3.449896812438965 1800
1777395233957 4.336334228515625 1820
1777395235736 4.4281487464904785 1840
1777395237523 16.053186416625977 1860
1777395239314 4.545748710632324 1880
1777395241094 5.5059661865234375 1900
1777395242872 5.973160266876221 1920
1777395244657 3.06412410736084 1940
1777395246405 4.1098313331604 1960
1777395248192 3.045125961303711 1980
1777395249977 2.6601998805999756 2000
1777395256094 3.0340707302093506 2020
1777395257878 2.5351383686065674 2040
1777395259659 2.8011016845703125 2060
1777395261443 2.8093605041503906 2080
1777395263224 2.513659954071045 2100
1777395265007 3.288916826248169 2120
1777395266785 3.6655220985412598 2140
1777395268569 2.4774038791656494 2160
1777395270354 3.9739763736724854 2180
1777395272142 3.337947130203247 2200
1777395273924 4.546864032745361 2220
1777395275714 17.904712677001953 2240
1777395283366 3.6131997108459473 2260
1777395285157 3.1936957836151123 2280
1777395286943 4.117834091186523 2300
1777395288732 7.574160099029541 2320
1777395290519 3.4717061519622803 2340
1777395292306 2.858859062194824 2360
1777395294091 2.926074981689453 2380
1777395295879 3.677487850189209 2400
1777395297662 3.9329819679260254 2420
1777395299449 4.838886260986328 2440
1777395301236 4.676705837249756 2460
1777395303027 5.604702472686768 2480
1777395304814 2.541429042816162 2500
1777395310628 3.6031084060668945 2520
1777395312410 3.4250380992889404 2540
1777395314193 5.88068151473999 2560
1777395315978 3.384260654449463 2580
1777395317762 3.680724620819092 2600
1777395319547 3.2681477069854736 2620
1777395321335 3.4830639362335205 2640
1777395323116 4.351003170013428 2660
1777395324900 4.417632102966309 2680
1777395326684 3.3185925483703613 2700
1777395328471 5.081551551818848 2720
1777395330256 3.2355153560638428 2740
1777395338024 7.780574321746826 2760
1777395339806 5.702185153961182 2780
1777395341598 6.19964075088501 2800
1777395343385 5.003391265869141 2820
1777395345176 4.2384562492370605 2840
1777395346960 3.5201025009155273 2860
1777395348747 6.2610578536987305 2880
1777395350536 6.175340175628662 2900
1777395352324 2.073305368423462 2920
1777395354115 3.8741614818573 2940
1777395355912 3.9583122730255127 2960
1777395357700 2.9048640727996826 2980
1777395359494 4.165286064147949 3000
1777395365624 6.254165172576904 3020
1777395367411 5.0672688484191895 3040
1777395369198 5.732707500457764 3060
1777395370982 5.882378101348877 3080
1777395372769 3.520615577697754 3100
1777395374556 3.155773639678955 3120
1777395376349 4.930879592895508 3140
1777395378140 5.238121032714844 3160
1777395379935 6.051446437835693 3180
1777395381718 7.752686977386475 3200
1777395383502 4.76784086227417 3220
1777395385290 4.889073371887207 3240
1777395393223 4.4468464851379395 3260
1777395395014 3.9656624794006348 3280
1777395396801 3.282546281814575 3300
1777395398586 6.034979820251465 3320
1777395400372 3.060307502746582 3340
1777395402161 5.453380107879639 3360
1777395403945 3.636181116104126 3380
1777395405738 5.213059425354004 3400
1777395407523 4.051054954528809 3420
1777395409318 2.4429702758789062 3440
1777395411115 5.1764044761657715 3460
1777395412903 2.771589756011963 3480
1777395414693 4.219207286834717 3500
