1778712970681 0.1092896174863388 20
1778712972153 0.2185792349726776 40
1778712973620 0.32786885245901637 60
1778712975096 0.4371584699453552 80
1778712976568 0.546448087431694 100
1778712978041 0.6557377049180327 120
1778712979543 0.7650273224043715 140
1778712981014 0.8743169398907104 160
1778712982493 0.9836065573770492 180
1778712983956 1.092896174863388 200
1778712985427 1.2021857923497268 220
1778712986896 1.3114754098360657 240
1778712988215 1.366120218579235 250
1778712989413 1.4207650273224044 260
1778712990880 1.530054644808743 280
1778712992379 1.639344262295082 300
1778712993887 1.748633879781421 320
1778712995355 1.8579234972677594 340
1778712996820 1.9672131147540983 360
1778712998283 2.0765027322404372 380
1778712999746 2.185792349726776 400
1778713001223 2.2950819672131146 420
1778713002682 2.4043715846994536 440
1778713004143 2.5136612021857925 460
1778713005606 2.6229508196721314 480
1778713007069 2.73224043715847 500
1778713007658 2.73224043715847 500
1778713009610 2.841530054644809 520
1778713011071 2.9508196721311473 540
1778713012539 3.060109289617486 560
1778713014006 3.169398907103825 580
1778713015476 3.278688524590164 600
1778713016941 3.387978142076503 620
1778713018410 3.4972677595628414 640
1778713019867 3.6065573770491803 660
1778713021330 3.7158469945355193 680
1778713022790 3.8251366120218577 700
1778713024255 3.9344262295081966 720
1778713025715 4.043715846994536 740
1778713027040 4.098360655737705 750
1778713028211 4.1530054644808745 760
1778713029680 4.262295081967213 780
1778713031137 4.371584699453552 800
1778713032594 4.48087431693989 820
1778713034057 4.590163934426229 840
1778713035510 4.699453551912568 860
1778713036970 4.808743169398907 880
1778713038427 4.918032786885246 900
1778713039883 5.027322404371585 920
1778713041334 5.136612021857924 940
1778713042795 5.245901639344262 960
1778713044245 5.355191256830601 980
1778713045696 5.46448087431694 1000
1778713046294 5.46448087431694 1000
1778713048439 5.573770491803279 1020
1778713049898 5.683060109289618 1040
1778713051361 5.7923497267759565 1060
1778713052816 5.901639344262295 1080
1778713054266 6.0109289617486334 1100
1778713055724 6.120218579234972 1120
1778713057177 6.229508196721311 1140
1778713058627 6.33879781420765 1160
1778713060095 6.448087431693989 1180
1778713061566 6.557377049180328 1200
1778713063023 6.666666666666667 1220
1778713064481 6.775956284153006 1240
1778713065794 6.830601092896175 1250
1778713066962 6.885245901639344 1260
1778713068412 6.994535519125683 1280
1778713069867 7.103825136612022 1300
1778713071318 7.213114754098361 1320
1778713072769 7.3224043715847 1340
1778713074226 7.4316939890710385 1360
1778713075681 7.540983606557377 1380
1778713077149 7.6502732240437155 1400
1778713078603 7.759562841530054 1420
1778713080067 7.868852459016393 1440
1778713081531 7.978142076502732 1460
1778713082983 8.087431693989071 1480
1778713084426 8.19672131147541 1500
1778713085008 8.19672131147541 1500
1778713086923 8.306010928961749 1520
1778713088356 8.415300546448087 1540
1778713089818 8.524590163934427 1560
1778713091265 8.633879781420765 1580
1778713092718 8.743169398907105 1600
1778713094186 8.852459016393443 1620
1778713095642 8.96174863387978 1640
1778713097098 9.07103825136612 1660
1778713098562 9.180327868852459 1680
1778713100026 9.289617486338798 1700
1778713101475 9.398907103825136 1720
1778713102931 9.508196721311476 1740
1778713104265 9.562841530054644 1750
1778713105459 9.617486338797814 1760
1778713106925 9.726775956284152 1780
1778713108378 9.836065573770492 1800
1778713109828 9.94535519125683 1820
1778713111009 10.0 1830
1778713111603 10.0 1830
1778713112277 10.0 1830
1778713113332 10.0 0
