1778712970681 1.0525891780853271 20
1778712972153 1.0394129753112793 40
1778712973620 1.049538493156433 60
1778712975096 1.1179661750793457 80
1778712976568 1.3721767663955688 100
1778712978041 1.0185154676437378 120
1778712979543 1.0140032768249512 140
1778712981014 1.9452413320541382 160
1778712982493 1.305511713027954 180
1778712983956 1.7078393697738647 200
1778712985427 1.1494938135147095 220
1778712986896 1.899467945098877 240
1778712989413 2.680295467376709 260
1778712990880 2.6045188903808594 280
1778712992379 2.797553300857544 300
1778712993887 1.6829007863998413 320
1778712995355 1.7204560041427612 340
1778712996820 2.972334146499634 360
1778712998283 1.1022647619247437 380
1778712999746 1.4899847507476807 400
1778713001223 2.5081212520599365 420
1778713002682 2.3953065872192383 440
1778713004143 3.416018486022949 460
1778713005606 3.642789363861084 480
1778713007069 3.8021597862243652 500
1778713009610 1.6529780626296997 520
1778713011071 1.6203577518463135 540
1778713012539 5.144796848297119 560
1778713014006 1.350612759590149 580
1778713015476 2.0078442096710205 600
1778713016941 2.0775978565216064 620
1778713018410 3.351490020751953 640
1778713019867 3.9709675312042236 660
1778713021330 2.4828789234161377 680
1778713022790 1.699463129043579 700
1778713024255 1.3694448471069336 720
1778713025715 2.155829668045044 740
1778713028211 2.721424102783203 760
1778713029680 2.8370614051818848 780
1778713031137 3.437575340270996 800
1778713032594 2.771066427230835 820
1778713034057 2.0089662075042725 840
1778713035510 2.6574418544769287 860
1778713036970 2.698737859725952 880
1778713038427 2.993509531021118 900
1778713039883 2.1095669269561768 920
1778713041334 2.559636354446411 940
1778713042795 2.762838125228882 960
1778713044245 3.109161138534546 980
1778713045696 3.5566821098327637 1000
1778713048439 1.2082597017288208 1020
1778713049898 4.351196765899658 1040
1778713051361 3.485543727874756 1060
1778713052816 2.4581801891326904 1080
1778713054266 3.2965195178985596 1100
1778713055724 0.9885032773017883 1120
1778713057177 1.8681470155715942 1140
1778713058627 3.374168634414673 1160
1778713060095 3.2019412517547607 1180
1778713061566 3.5919547080993652 1200
1778713063023 3.317873001098633 1220
1778713064481 2.4189412593841553 1240
1778713066962 3.674038887023926 1260
1778713068412 3.330308437347412 1280
1778713069867 3.490649700164795 1300
1778713071318 3.4861092567443848 1320
1778713072769 4.10770845413208 1340
1778713074226 2.3291478157043457 1360
1778713075681 1.751044750213623 1380
1778713077149 5.7951250076293945 1400
1778713078603 5.29301643371582 1420
1778713080067 2.9592456817626953 1440
1778713081531 6.519576072692871 1460
1778713082983 5.417182922363281 1480
1778713084426 2.4105489253997803 1500
1778713086923 1.444517970085144 1520
1778713088356 3.846165895462036 1540
1778713089818 4.46554708480835 1560
1778713091265 4.010464668273926 1580
1778713092718 6.897408485412598 1600
1778713094186 5.5240349769592285 1620
1778713095642 2.141815423965454 1640
1778713097098 1.855291724205017 1660
1778713098562 2.8822033405303955 1680
1778713100026 2.8607630729675293 1700
1778713101475 3.8313345909118652 1720
1778713102931 2.230053424835205 1740
1778713105459 3.04679536819458 1760
1778713106925 1.5423824787139893 1780
1778713108378 2.3779220581054688 1800
1778713109828 5.140930652618408 1820
