1778295377271 1.02e-05 20
1778295380167 2.22e-05 40
1778295383068 2.9919663351185924e-05 60
1778295385957 2.970160673297628e-05 80
1778295388857 2.9472073450650345e-05 100
1778295391751 2.9242540168324406e-05 120
1778295394648 2.901300688599847e-05 140
1778295397541 2.8783473603672534e-05 160
1778295400442 2.8553940321346594e-05 180
1778295403339 2.832440703902066e-05 200
1778295406238 2.8094873756694722e-05 220
1778295409135 2.7865340474368786e-05 240
1778295413785 2.7635807192042847e-05 260
1778295416690 2.740627390971691e-05 280
1778295419585 2.717674062739097e-05 300
1778295422491 2.6947207345065035e-05 320
1778295425385 2.67176740627391e-05 340
1778295428289 2.6488140780413163e-05 360
1778295431188 2.6258607498087224e-05 380
1778295434094 2.6029074215761284e-05 400
1778295436986 2.5799540933435348e-05 420
1778295439888 2.5570007651109412e-05 440
1778295442783 2.5340474368783476e-05 460
1778295445687 2.511094108645754e-05 480
1778295448581 2.4881407804131597e-05 500
1778295453287 2.465187452180566e-05 520
1778295456181 2.4422341239479725e-05 540
1778295459082 2.419280795715379e-05 560
1778295461977 2.3963274674827853e-05 580
1778295464876 2.3733741392501913e-05 600
1778295467771 2.3504208110175974e-05 620
1778295470673 2.3274674827850038e-05 640
1778295473570 2.30451415455241e-05 660
1778295476474 2.2815608263198166e-05 680
1778295479370 2.2586074980872226e-05 700
1778295482270 2.235654169854629e-05 720
1778295485166 2.212700841622035e-05 740
1778295489645 2.1897475133894415e-05 760
1778295492549 2.166794185156848e-05 780
1778295495443 2.143840856924254e-05 800
1778295498346 2.1208875286916603e-05 820
1778295501243 2.0979342004590667e-05 840
1778295504148 2.074980872226473e-05 860
1778295507042 2.052027543993879e-05 880
1778295509944 2.0290742157612855e-05 900
1778295512837 2.0061208875286916e-05 920
1778295515740 1.983167559296098e-05 940
1778295518634 1.9602142310635044e-05 960
1778295521541 1.9372609028309108e-05 980
1778295524437 1.9143075745983168e-05 1000
1778295529266 1.891354246365723e-05 1020
1778295532162 1.8684009181331293e-05 1040
1778295535064 1.8454475899005357e-05 1060
1778295537963 1.822494261667942e-05 1080
1778295540864 1.7995409334353485e-05 1100
1778295543760 1.776587605202754e-05 1120
1778295546660 1.7536342769701606e-05 1140
1778295549555 1.730680948737567e-05 1160
1778295552455 1.7077276205049733e-05 1180
1778295555353 1.6847742922723797e-05 1200
1778295558257 1.6618209640397858e-05 1220
1778295561153 1.638867635807192e-05 1240
1778295565847 1.6159143075745982e-05 1260
1778295568751 1.5929609793420046e-05 1280
1778295571647 1.570007651109411e-05 1300
1778295574550 1.547054322876817e-05 1320
1778295577442 1.5241009946442233e-05 1340
1778295580346 1.5011476664116297e-05 1360
1778295583238 1.4781943381790361e-05 1380
1778295586142 1.4552410099464421e-05 1400
1778295589040 1.4322876817138485e-05 1420
1778295591943 1.409334353481255e-05 1440
1778295594841 1.386381025248661e-05 1460
1778295597745 1.3634276970160674e-05 1480
1778295600639 1.3404743687834736e-05 1500
1778295605158 1.3175210405508798e-05 1520
1778295608053 1.2945677123182862e-05 1540
1778295610953 1.2716143840856924e-05 1560
1778295613852 1.2486610558530987e-05 1580
1778295616754 1.2257077276205049e-05 1600
1778295619649 1.2027543993879113e-05 1620
1778295622549 1.1798010711553177e-05 1640
1778295625443 1.1568477429227237e-05 1660
1778295628342 1.1338944146901301e-05 1680
1778295631230 1.1109410864575365e-05 1700
1778295634129 1.0891354246365722e-05 1720
1778295637029 1.0661820964039786e-05 1740
1778295641853 1.0432287681713849e-05 1760
1778295644757 1.020275439938791e-05 1780
1778295647650 9.973221117061975e-06 1800
1778295650556 9.743687834736037e-06 1820
1778295653451 9.5141545524101e-06 1840
1778295656355 9.284621270084163e-06 1860
1778295659251 9.055087987758225e-06 1880
1778295662161 8.825554705432288e-06 1900
1778295665056 8.59602142310635e-06 1920
1778295667963 8.366488140780414e-06 1940
1778295670860 8.136954858454476e-06 1960
1778295673766 7.907421576128538e-06 1980
1778295676660 7.677888293802602e-06 2000
1778295681194 7.4483550114766645e-06 2020
1778295684089 7.218821729150727e-06 2040
1778295686991 6.98928844682479e-06 2060
1778295689886 6.759755164498853e-06 2080
1778295692787 6.530221882172915e-06 2100
1778295695683 6.300688599846978e-06 2120
1778295698584 6.0711553175210405e-06 2140
1778295701481 5.8416220351951036e-06 2160
1778295704384 5.612088752869167e-06 2180
1778295707281 5.382555470543229e-06 2200
1778295710185 5.153022188217291e-06 2220
1778295713080 4.923488905891354e-06 2240
1778295717739 4.693955623565417e-06 2260
1778295720644 4.4644223412394795e-06 2280
1778295723538 4.234889058913543e-06 2300
1778295726444 4.005355776587605e-06 2320
1778295729343 3.7758224942616684e-06 2340
1778295732248 3.546289211935731e-06 2360
1778295735145 3.3167559296097937e-06 2380
1778295738055 3.087222647283856e-06 2400
1778295740955 2.857689364957919e-06 2420
1778295743860 2.6281560826319817e-06 2440
1778295746761 2.3986228003060443e-06 2460
1778295749667 2.169089517980107e-06 2480
1778295752563 1.93955623565417e-06 2500
1778295757228 1.7100229533282325e-06 2520
1778295760123 1.4804896710022954e-06 2540
1778295763024 1.250956388676358e-06 2560
1778295765921 1.0214231063504207e-06 2580
1778295768822 7.918898240244836e-07 2600
1778295771717 5.623565416985464e-07 2620
1778295774622 3.3282325937260905e-07 2640
1778295777519 1.0328997704667177e-07 2660
