1778295377271 0.695 20
1778295380167 0.6689 40
1778295383068 0.6066 60
1778295385957 0.5298 80
1778295388857 0.4753 100
1778295391751 0.4391 120
1778295394648 0.4507 140
1778295397541 0.4141 160
1778295400442 0.4824 180
1778295403339 0.4456 200
1778295406238 0.4005 220
1778295409135 0.422 240
1778295413785 0.4364 260
1778295416690 0.413 280
1778295419585 0.4277 300
1778295422491 0.3921 320
1778295425385 0.4003 340
1778295428289 0.4161 360
1778295431188 0.43 380
1778295434094 0.4345 400
1778295436986 0.4252 420
1778295439888 0.3909 440
1778295442783 0.3852 460
1778295445687 0.3922 480
1778295448581 0.3868 500
1778295453287 0.3816 520
1778295456181 0.4134 540
1778295459082 0.4114 560
1778295461977 0.4158 580
1778295464876 0.4094 600
1778295467771 0.3883 620
1778295470673 0.4296 640
1778295473570 0.3988 660
1778295476474 0.3553 680
1778295479370 0.3343 700
1778295482270 0.3146 720
1778295485166 0.3855 740
1778295489645 0.3022 760
1778295492549 0.3427 780
1778295495443 0.3412 800
1778295498346 0.3519 820
1778295501243 0.3404 840
1778295504148 0.3369 860
1778295507042 0.3224 880
1778295509944 0.3418 900
1778295512837 0.3495 920
1778295515740 0.3549 940
1778295518634 0.3155 960
1778295521541 0.3296 980
1778295524437 0.3493 1000
1778295529266 0.3165 1020
1778295532162 0.3364 1040
1778295535064 0.3446 1060
1778295537963 0.3333 1080
1778295540864 0.3529 1100
1778295543760 0.3562 1120
1778295546660 0.3128 1140
1778295549555 0.3535 1160
1778295552455 0.3215 1180
1778295555353 0.3065 1200
1778295558257 0.3136 1220
1778295561153 0.3247 1240
1778295565847 0.3435 1260
1778295568751 0.3059 1280
1778295571647 0.3155 1300
1778295574550 0.3365 1320
1778295577442 0.309 1340
1778295580346 0.2536 1360
1778295583238 0.2255 1380
1778295586142 0.2701 1400
1778295589040 0.2562 1420
1778295591943 0.2613 1440
1778295594841 0.2312 1460
1778295597745 0.2311 1480
1778295600639 0.2709 1500
1778295605158 0.2771 1520
1778295608053 0.2425 1540
1778295610953 0.2401 1560
1778295613852 0.231 1580
1778295616754 0.2323 1600
1778295619649 0.2487 1620
1778295622549 0.2512 1640
1778295625443 0.2263 1660
1778295628342 0.239 1680
1778295631230 0.2246 1700
1778295634129 0.2377 1720
1778295637029 0.2076 1740
1778295641853 0.2674 1760
1778295644757 0.2616 1780
1778295647650 0.2506 1800
1778295650556 0.2079 1820
1778295653451 0.2349 1840
1778295656355 0.2587 1860
1778295659251 0.2571 1880
1778295662161 0.2307 1900
1778295665056 0.2405 1920
1778295667963 0.2405 1940
1778295670860 0.2572 1960
1778295673766 0.24 1980
1778295676660 0.2489 2000
1778295681194 0.1679 2020
1778295684089 0.1731 2040
1778295686991 0.1847 2060
1778295689886 0.1769 2080
1778295692787 0.1627 2100
1778295695683 0.1901 2120
1778295698584 0.1837 2140
1778295701481 0.1712 2160
1778295704384 0.182 2180
1778295707281 0.2177 2200
1778295710185 0.1733 2220
1778295713080 0.1721 2240
1778295717739 0.1785 2260
1778295720644 0.1518 2280
1778295723538 0.1516 2300
1778295726444 0.1661 2320
1778295729343 0.1677 2340
1778295732248 0.171 2360
1778295735145 0.1861 2380
1778295738055 0.1795 2400
1778295740955 0.1732 2420
1778295743860 0.1565 2440
1778295746761 0.1823 2460
1778295749667 0.1577 2480
1778295752563 0.1712 2500
1778295757228 0.173 2520
1778295760123 0.1383 2540
1778295763024 0.1845 2560
1778295765921 0.1607 2580
1778295768822 0.1833 2600
1778295771717 0.2006 2620
1778295774622 0.1673 2640
1778295777519 0.1515 2660
