1779322372206 0.6952778697013855 20
1779322372610 1.4003243446350098 40
1779322373011 0.8304557204246521 60
1779322373426 0.7455889582633972 80
1779322373826 0.5223416686058044 100
1779322374247 0.5743600726127625 120
1779322374656 0.8630657196044922 140
1779322375062 0.6259759664535522 160
1779322375435 0.795311689376831 180
1779322375833 0.6966509819030762 200
1779322376315 0.6686075925827026 220
1779322376742 0.7660556435585022 240
1779322393688 0.9043279886245728 260
1779322394100 0.6870976090431213 280
1779322394490 0.7578156590461731 300
1779322394868 0.4770657420158386 320
1779322395244 0.48340898752212524 340
1779322395662 0.5298903584480286 360
1779322396049 0.4996410310268402 380
1779322396425 0.5740745067596436 400
1779322396789 0.4230244755744934 420
1779322397158 0.45208072662353516 440
1779322397524 0.4108739197254181 460
1779322397904 0.6273475885391235 480
1779322398289 0.5141270160675049 500
1779322409935 0.3953711986541748 520
1779322410336 0.5595667362213135 540
1779322410706 0.495596319437027 560
1779322411060 0.755971372127533 580
1779322411424 0.5876577496528625 600
1779322411781 0.5145837068557739 620
1779322412146 0.48261287808418274 640
1779322412491 0.5198839902877808 660
1779322412851 0.6978974938392639 680
1779322413249 0.6016327738761902 700
1779322413615 0.47032198309898376 720
1779322413965 0.6700587868690491 740
1779322429772 0.38816916942596436 760
1779322430186 0.555362343788147 780
1779322430629 0.4807734489440918 800
1779322431028 0.4582962989807129 820
1779322431476 0.5367805361747742 840
1779322431916 0.6287124156951904 860
1779322432332 0.38086891174316406 880
1779322432717 0.7686476111412048 900
1779322433060 0.5690527558326721 920
1779322433482 0.4656447470188141 940
1779322433901 0.5234754085540771 960
1779322434364 0.4301489293575287 980
1779322434766 0.6465710997581482 1000
1779322448135 0.45034724473953247 1020
1779322448528 0.5063586235046387 1040
1779322448924 0.37500813603401184 1060
1779322449330 0.5213468074798584 1080
1779322449727 0.5857334136962891 1100
1779322450111 0.5969483256340027 1120
1779322450513 0.44791480898857117 1140
1779322450965 0.5214020013809204 1160
1779322451401 0.5523884892463684 1180
1779322451845 0.5110074281692505 1200
1779322452306 0.6168552041053772 1220
1779322452734 0.5787965655326843 1240
1779322464748 0.39406687021255493 1260
1779322465129 0.4059687852859497 1280
1779322465507 0.4766160547733307 1300
1779322465886 0.4993206560611725 1320
1779322466317 0.4072675108909607 1340
1779322466763 0.43242591619491577 1360
1779322467163 0.40821897983551025 1380
1779322467531 0.3751140534877777 1400
1779322467927 0.40734177827835083 1420
1779322468319 0.3717850148677826 1440
1779322468687 0.4010079801082611 1460
1779322469021 0.43899786472320557 1480
1779322469357 0.46217337250709534 1500
1779322482642 0.7193270921707153 1520
1779322483093 0.5254416465759277 1540
1779322483492 0.5339928269386292 1560
1779322483887 0.4143877625465393 1580
1779322484275 0.38941872119903564 1600
1779322484656 0.5593464374542236 1620
1779322485037 0.5156480669975281 1640
1779322485420 0.409208208322525 1660
1779322485784 0.6869201064109802 1680
1779322486148 0.41569939255714417 1700
1779322486484 0.8033183217048645 1720
1779322486876 0.41379687190055847 1740
1779322498750 0.6022002696990967 1760
1779322499151 0.5063078999519348 1780
1779322499578 0.49531206488609314 1800
1779322500009 0.3874850273132324 1820
1779322500396 0.5099382996559143 1840
1779322500790 0.38399404287338257 1860
1779322501201 0.5892484188079834 1880
1779322501594 0.4315698444843292 1900
1779322502008 0.43580493330955505 1920
1779322502388 0.5536761283874512 1940
1779322502774 0.6200312376022339 1960
1779322503150 0.4731220304965973 1980
1779322503551 0.4643116891384125 2000
1779322522185 0.6170584559440613 2020
1779322522595 1.0747935771942139 2040
1779322522966 0.45523521304130554 2060
1779322523298 0.8840667605400085 2080
1779322523627 0.699743926525116 2100
1779322523971 0.4970831871032715 2120
1779322524337 0.44769129157066345 2140
1779322524691 0.37164169549942017 2160
1779322525058 0.4815429449081421 2180
1779322525455 0.5961620807647705 2200
1779322525847 0.3810356855392456 2220
1779322526224 0.453675776720047 2240
1779322540036 0.4791012406349182 2260
1779322540465 0.40167832374572754 2280
1779322540904 0.40992581844329834 2300
1779322541350 0.38265687227249146 2320
1779322541804 0.5099593997001648 2340
1779322542236 0.692025899887085 2360
1779322542648 0.44059786200523376 2380
1779322543109 0.5053505301475525 2400
1779322543512 0.7243592143058777 2420
1779322543933 0.49294379353523254 2440
1779322544342 0.4365524649620056 2460
1779322544739 0.48766031861305237 2480
1779322545138 0.4142111837863922 2500
1779322559115 0.4742651879787445 2520
1779322559526 0.47706401348114014 2540
1779322559931 0.5100907683372498 2560
1779322560349 0.5187118649482727 2580
1779322560769 0.4303444027900696 2600
1779322561192 0.5825207829475403 2620
1779322561644 0.4305328130722046 2640
1779322562072 0.5477303862571716 2660
1779322562505 0.45127618312835693 2680
1779322562934 0.37505483627319336 2700
1779322563367 0.44450467824935913 2720
1779322563861 0.7898325324058533 2740
1779322578203 0.42844268679618835 2760
1779322578707 0.39350053668022156 2780
1779322579140 0.4969812035560608 2800
1779322579575 0.5113917589187622 2820
1779322580049 0.39162135124206543 2840
1779322580453 0.5440302491188049 2860
1779322580836 0.38173383474349976 2880
1779322581263 0.5099366903305054 2900
1779322581669 0.48909106850624084 2920
1779322582147 0.3867684602737427 2940
1779322582551 0.4819711446762085 2960
1779322582938 0.6765978932380676 2980
1779322583329 0.46784061193466187 3000
1779322600870 0.48304909467697144 3020
1779322601329 0.3981979191303253 3040
1779322601827 0.5937580466270447 3060
1779322602307 0.41853347420692444 3080
1779322602721 0.5031759738922119 3100
1779322603158 0.42154234647750854 3120
1779322603645 0.37971994280815125 3140
1779322604080 0.4142073094844818 3160
1779322604528 0.3698703348636627 3180
1779322604969 0.39706119894981384 3200
1779322605350 0.40218743681907654 3220
1779322605724 0.5770689249038696 3240
1779322621381 0.5155876278877258 3260
1779322621739 0.7635585069656372 3280
1779322622106 0.4798142611980438 3300
1779322622475 0.6900373101234436 3320
1779322622860 0.4517974853515625 3340
1779322623275 0.35855233669281006 3360
1779322623684 0.6082392930984497 3380
1779322624083 0.4431632459163666 3400
1779322624519 0.4725878834724426 3420
1779322624921 0.3673499524593353 3440
1779322625286 0.8598544001579285 3460
1779322625685 0.6512097716331482 3480
1779322626071 0.4714203178882599 3500
1779322639514 0.36099204421043396 3520
1779322639883 0.5686398148536682 3540
1779322640251 0.46649861335754395 3560
1779322640634 0.45370402932167053 3580
1779322640978 0.47663524746894836 3600
1779322641310 0.42384713888168335 3620
1779322641656 0.4708549976348877 3640
1779322642034 0.4624079167842865 3660
1779322642379 0.6678255796432495 3680
1779322642758 0.42332184314727783 3700
1779322643138 0.6835538744926453 3720
1779322643529 0.5713661313056946 3740
1779322656726 0.39384859800338745 3760
1779322657155 0.5249620676040649 3780
1779322657610 0.5245667099952698 3800
1779322658031 0.43199342489242554 3820
1779322658525 0.6000904440879822 3840
1779322658943 0.5936388373374939 3860
1779322659371 0.6248244643211365 3880
1779322659782 0.5105012059211731 3900
1779322660190 0.4787255525588989 3920
1779322660576 0.44995754957199097 3940
1779322660975 0.47906211018562317 3960
1779322661382 0.433537095785141 3980
1779322661820 0.41043588519096375 4000
1779322674279 0.3722539246082306 4020
1779322674674 0.5140878558158875 4040
1779322675065 0.3702939450740814 4060
1779322675450 0.7037689089775085 4080
1779322675825 0.4603344202041626 4100
1779322676237 0.4291578233242035 4120
1779322676610 0.42180946469306946 4140
1779322676997 0.5410552024841309 4160
1779322677374 0.5921011567115784 4180
1779322677767 0.4695044457912445 4200
1779322678193 0.5215809941291809 4220
1779322678628 0.45649608969688416 4240
1779322691637 0.5184366106987 4260
1779322692009 0.45923569798469543 4280
1779322692419 0.45873042941093445 4300
1779322692793 0.3976137340068817 4320
1779322693193 0.9290168881416321 4340
1779322693678 0.35861945152282715 4360
1779322694165 0.5091169476509094 4380
1779322694627 0.6544406414031982 4400
1779322695025 0.4702270030975342 4420
1779322695418 0.48772796988487244 4440
1779322695841 0.7161287665367126 4460
1779322696254 0.6427380442619324 4480
1779322696732 0.5842314958572388 4500
1779322709990 0.5605223178863525 4520
1779322710410 0.5759024024009705 4540
1779322710788 0.5268192291259766 4560
1779322711217 0.5526794791221619 4580
1779322711659 inf 4600
1779322712167 0.5069948434829712 4620
1779322712606 0.41066649556159973 4640
1779322713001 0.3457440137863159 4660
1779322713398 0.4001733064651489 4680
1779322713815 0.3896678388118744 4700
1779322714215 0.7087961435317993 4720
1779322714620 0.45427772402763367 4740
1779322727062 0.4996979832649231 4760
1779322727471 0.45916613936424255 4780
1779322727892 0.5485427379608154 4800
1779322728320 0.4880276024341583 4820
1779322728742 0.46407458186149597 4840
1779322729163 0.5179663896560669 4860
1779322729494 0.6085222363471985 4880
1779322729808 0.4444168210029602 4900
1779322730121 0.5148419737815857 4920
1779322730425 0.4424877464771271 4940
1779322730734 0.411756306886673 4960
1779322731026 0.5070539116859436 4980
1779322731330 0.4767923355102539 5000
1779322743623 0.40988296270370483 5020
1779322744025 0.4082208573818207 5040
1779322744441 0.5943624377250671 5060
1779322744814 0.4076317846775055 5080
1779322745195 0.7370935678482056 5100
1779322745641 0.4793855845928192 5120
