1778686635643 1.0172940492630005 20
1778686635949 0.931348443031311 40
1778686636254 1.2424769401550293 60
1778686636556 0.9993281364440918 80
1778686636857 0.8813759088516235 100
1778686637163 1.2999855279922485 120
1778686637466 0.9455558061599731 140
1778686637771 1.6219137907028198 160
1778686638081 1.6184437274932861 180
1778686638387 0.9756621718406677 200
1778686638701 0.8460293412208557 220
1778686639003 0.7668494582176208 240
1778686642717 0.9626450538635254 260
1778686643022 2.40702223777771 280
1778686643327 0.829064667224884 300
1778686643641 1.0398370027542114 320
1778686643948 1.0429185628890991 340
1778686644256 1.2681630849838257 360
1778686644557 0.8025397658348083 380
1778686644858 1.3849983215332031 400
1778686645161 1.026085376739502 420
1778686645463 0.7534042000770569 440
1778686645765 1.1972047090530396 460
1778686646068 0.903558075428009 480
1778686646370 1.8256381750106812 500
1778686650346 1.079886555671692 520
1778686650654 0.7514245510101318 540
1778686650963 1.5378704071044922 560
1778686651271 1.3976502418518066 580
1778686651579 1.1672569513320923 600
1778686651887 1.1696356534957886 620
1778686652194 0.7684634923934937 640
1778686652505 0.8576005697250366 660
1778686652816 1.0919839143753052 680
1778686653123 1.059861183166504 700
1778686653437 1.1372172832489014 720
1778686653749 0.962648332118988 740
1778686657723 0.8973311185836792 760
1778686658029 0.9186774492263794 780
1778686658334 1.0078139305114746 800
1778686658638 0.7364373207092285 820
1778686658943 0.8967155814170837 840
1778686659249 0.8375957012176514 860
1778686659562 0.9041481018066406 880
1778686659866 1.1610275506973267 900
1778686660171 0.7330506443977356 920
1778686660476 1.0899944305419922 940
1778686660779 1.2243167161941528 960
1778686661081 1.737818717956543 980
1778686661385 1.242807388305664 1000
1778686665073 0.7678999304771423 1020
1778686665376 1.643361210823059 1040
1778686665677 1.1341514587402344 1060
1778686665978 1.807923674583435 1080
1778686666280 1.4457131624221802 1100
1778686666588 0.9464325308799744 1120
1778686666899 0.8379335999488831 1140
1778686667209 0.8434640765190125 1160
1778686667515 0.7490959167480469 1180
1778686667824 0.850984513759613 1200
1778686668130 0.7786205410957336 1220
1778686668438 0.8144364953041077 1240
1778686672651 1.4235633611679077 1260
1778686672955 1.3430687189102173 1280
1778686673263 0.7786534428596497 1300
1778686673570 0.8325019478797913 1320
1778686673883 0.8480625152587891 1340
1778686674186 0.7723011374473572 1360
1778686674490 0.8954654932022095 1380
1778686674797 0.7967032194137573 1400
1778686675102 1.0985057353973389 1420
1778686675407 0.8306263089179993 1440
1778686675712 0.7536208033561707 1460
1778686676018 2.2725489139556885 1480
1778686676325 0.9642261862754822 1500
1778686680308 0.7814105153083801 1520
1778686680611 0.8524646162986755 1540
1778686680914 0.7636090517044067 1560
1778686681218 2.211479425430298 1580
1778686681521 0.8144243955612183 1600
1778686681826 0.7434108853340149 1620
1778686682129 2.600327491760254 1640
1778686682432 1.5356405973434448 1660
1778686682737 0.9341339468955994 1680
1778686683040 1.6066433191299438 1700
1778686683345 0.6955163478851318 1720
1778686683656 0.7867357134819031 1740
1778686687575 0.6981935501098633 1760
1778686687878 0.7913369536399841 1780
1778686688183 1.1107149124145508 1800
1778686688502 1.9374083280563354 1820
1778686688809 1.6192272901535034 1840
1778686689128 1.168688416481018 1860
1778686689442 1.3796199560165405 1880
1778686689763 0.86918044090271 1900
1778686690072 1.536573052406311 1920
1778686690460 1.1427522897720337 1940
1778686690766 0.7273755669593811 1960
1778686691073 0.8408908247947693 1980
1778686691379 1.1812143325805664 2000
1778686695071 0.8179124593734741 2020
1778686695375 2.0299718379974365 2040
1778686695679 0.9712300896644592 2060
1778686695980 2.0556745529174805 2080
1778686696286 1.0179388523101807 2100
1778686696593 1.043602705001831 2120
1778686696899 1.544845461845398 2140
1778686697204 0.9102691411972046 2160
1778686697510 1.0628385543823242 2180
1778686697819 1.1556031703948975 2200
1778686698133 0.7941876649856567 2220
1778686698440 1.1357896327972412 2240
1778686702594 1.1779546737670898 2260
1778686702895 1.5953141450881958 2280
1778686703198 0.7798182368278503 2300
1778686703499 0.7045623660087585 2320
1778686703801 0.8810523152351379 2340
1778686704103 1.281670331954956 2360
1778686704403 1.0977094173431396 2380
1778686704703 0.9746040105819702 2400
1778686705004 1.0829830169677734 2420
1778686705303 1.1274800300598145 2440
1778686705602 0.7123977541923523 2460
1778686705904 1.8630200624465942 2480
1778686706208 1.030037760734558 2500
1778686709882 0.8064656257629395 2520
1778686710183 0.9435326457023621 2540
1778686710483 1.5717025995254517 2560
1778686710784 1.22272789478302 2580
1778686711085 1.054742455482483 2600
1778686711386 0.7617731094360352 2620
1778686711686 1.0208594799041748 2640
1778686711988 0.9484559297561646 2660
1778686712293 0.8183993101119995 2680
1778686712594 0.8245786428451538 2700
1778686712895 1.051652193069458 2720
1778686713195 1.627699851989746 2740
1778686717147 0.8043356537818909 2760
1778686717457 0.6705942749977112 2780
1778686717766 1.0389131307601929 2800
1778686718075 0.9672636389732361 2820
1778686718383 1.331863284111023 2840
1778686718694 1.1771804094314575 2860
1778686719002 0.8313530683517456 2880
1778686719314 0.8535730242729187 2900
1778686719625 1.8326237201690674 2920
1778686719934 1.7023636102676392 2940
1778686720249 0.9480951428413391 2960
1778686720556 1.2504611015319824 2980
1778686720868 0.7140068411827087 3000
1778686724770 1.0633786916732788 3020
1778686725083 1.238307237625122 3040
1778686725387 1.0368739366531372 3060
1778686725692 0.7797698378562927 3080
1778686725995 1.6453394889831543 3100
1778686726301 1.6480011940002441 3120
1778686726605 1.0344501733779907 3140
1778686726908 2.3238863945007324 3160
1778686727211 0.7278169989585876 3180
1778686727514 0.8399077653884888 3200
1778686727813 0.7896941304206848 3220
1778686728115 0.7419425845146179 3240
1778686732284 0.9255865216255188 3260
1778686732593 0.7682150602340698 3280
1778686732905 0.7056571245193481 3300
1778686733212 2.6653265953063965 3320
1778686733521 1.242997169494629 3340
1778686733829 0.9731884002685547 3360
1778686734137 0.8526854515075684 3380
1778686734444 2.4474306106567383 3400
1778686734754 0.8762450814247131 3420
1778686735063 0.7707088589668274 3440
1778686735372 1.133021354675293 3460
1778686735689 1.058210015296936 3480
1778686735997 0.7500230669975281 3500
1778686739954 1.7272717952728271 3520
1778686740260 1.0220637321472168 3540
1778686740562 0.8977375030517578 3560
1778686740862 0.8132487535476685 3580
1778686741162 1.4553302526474 3600
1778686741465 0.8351523876190186 3620
1778686741768 1.3741192817687988 3640
1778686742069 1.393394112586975 3660
1778686742372 1.2728737592697144 3680
1778686742672 1.1913124322891235 3700
1778686742978 0.9273544549942017 3720
1778686743284 0.95371413230896 3740
1778686746924 0.9822294116020203 3760
1778686747226 1.2565045356750488 3780
1778686747528 0.9266058802604675 3800
1778686747830 1.0208507776260376 3820
1778686748129 1.6450190544128418 3840
1778686748430 1.2882654666900635 3860
1778686748730 1.0917567014694214 3880
1778686749030 1.1186203956604004 3900
1778686749329 1.3299193382263184 3920
1778686749629 0.9636150002479553 3940
1778686749930 1.2229509353637695 3960
1778686750230 1.290688157081604 3980
1778686750535 1.4208534955978394 4000
1778686754439 0.8967093825340271 4020
1778686754742 1.0510116815567017 4040
1778686755048 1.7186726331710815 4060
1778686755362 0.798477292060852 4080
1778686755669 0.7161480188369751 4100
1778686755973 1.3072627782821655 4120
1778686756277 1.13493812084198 4140
1778686756580 1.2992652654647827 4160
1778686756890 0.9488256573677063 4180
1778686757198 0.8181599378585815 4200
1778686757510 0.8941489458084106 4220
1778686757818 0.6451234221458435 4240
1778686761717 0.9115534424781799 4260
1778686762024 1.1322051286697388 4280
1778686762326 1.3234055042266846 4300
1778686762626 0.8251623511314392 4320
1778686762926 1.0734976530075073 4340
1778686763226 1.3316500186920166 4360
1778686763535 0.9157536029815674 4380
1778686763841 1.0126439332962036 4400
1778686764146 1.2980799674987793 4420
1778686764451 1.306313157081604 4440
1778686764755 1.2311573028564453 4460
1778686765060 0.617584764957428 4480
1778686765366 1.7257386445999146 4500
1778686769261 1.1561517715454102 4520
1778686769570 1.3158140182495117 4540
1778686769878 1.0462329387664795 4560
1778686770194 1.5338400602340698 4580
1778686770498 1.2033283710479736 4600
1778686770801 0.8169287443161011 4620
1778686771104 1.6301591396331787 4640
1778686771408 1.0514647960662842 4660
1778686771713 1.5859795808792114 4680
1778686772018 1.085242509841919 4700
1778686772319 1.191267490386963 4720
1778686772620 1.0601022243499756 4740
