1778686635643 1.1400000000000001e-05 20
1778686635949 2.3400000000000003e-05 40
1778686636254 2.9948844259189087e-05 60
1778686636556 2.9835164835164837e-05 80
1778686636857 2.9721485411140586e-05 100
1778686637163 2.9607805987116332e-05 120
1778686637466 2.949412656309208e-05 140
1778686637771 2.938044713906783e-05 160
1778686638081 2.926676771504358e-05 180
1778686638387 2.9153088291019325e-05 200
1778686638701 2.9039408866995075e-05 220
1778686639003 2.892572944297082e-05 240
1778686642717 2.8812050018946573e-05 260
1778686643022 2.869837059492232e-05 280
1778686643327 2.858469117089807e-05 300
1778686643641 2.8471011746873818e-05 320
1778686643948 2.8357332322849564e-05 340
1778686644256 2.8243652898825313e-05 360
1778686644557 2.8129973474801062e-05 380
1778686644858 2.801629405077681e-05 400
1778686645161 2.7902614626752557e-05 420
1778686645463 2.7788935202728306e-05 440
1778686645765 2.7675255778704052e-05 460
1778686646068 2.7561576354679805e-05 480
1778686646370 2.7447896930655554e-05 500
1778686650346 2.73342175066313e-05 520
1778686650654 2.722053808260705e-05 540
1778686650963 2.7106858658582795e-05 560
1778686651271 2.6993179234558548e-05 580
1778686651579 2.6879499810534294e-05 600
1778686651887 2.6765820386510043e-05 620
1778686652194 2.665214096248579e-05 640
1778686652505 2.6538461538461538e-05 660
1778686652816 2.6424782114437287e-05 680
1778686653123 2.6311102690413037e-05 700
1778686653437 2.6197423266388786e-05 720
1778686653749 2.6083743842364532e-05 740
1778686657723 2.597006441834028e-05 760
1778686658029 2.5856384994316027e-05 780
1778686658334 2.574270557029178e-05 800
1778686658638 2.5629026146267526e-05 820
1778686658943 2.5515346722243275e-05 840
1778686659249 2.540166729821902e-05 860
1778686659562 2.528798787419477e-05 880
1778686659866 2.5174308450170523e-05 900
1778686660171 2.506062902614627e-05 920
1778686660476 2.4946949602122018e-05 940
1778686660779 2.4833270178097764e-05 960
1778686661081 2.4719590754073513e-05 980
1778686661385 2.4605911330049262e-05 1000
1778686665073 2.449223190602501e-05 1020
1778686665376 2.4378552482000757e-05 1040
1778686665677 2.4264873057976507e-05 1060
1778686665978 2.4151193633952256e-05 1080
1778686666280 2.4037514209928e-05 1100
1778686666588 2.3923834785903754e-05 1120
1778686666899 2.38101553618795e-05 1140
1778686667209 2.369647593785525e-05 1160
1778686667515 2.3582796513830995e-05 1180
1778686667824 2.3469117089806745e-05 1200
1778686668130 2.3355437665782494e-05 1220
1778686668438 2.3241758241758243e-05 1240
1778686672651 2.3128078817733992e-05 1260
1778686672955 2.3014399393709738e-05 1280
1778686673263 2.2900719969685488e-05 1300
1778686673570 2.2787040545661237e-05 1320
1778686673883 2.2673361121636986e-05 1340
1778686674186 2.2559681697612732e-05 1360
1778686674490 2.244600227358848e-05 1380
1778686674797 2.2332322849564227e-05 1400
1778686675102 2.2218643425539976e-05 1420
1778686675407 2.2104964001515726e-05 1440
1778686675712 2.1991284577491475e-05 1460
1778686676018 2.1877605153467224e-05 1480
1778686676325 2.176392572944297e-05 1500
1778686680308 2.165024630541872e-05 1520
1778686680611 2.153656688139447e-05 1540
1778686680914 2.1422887457370218e-05 1560
1778686681218 2.1309208033345964e-05 1580
1778686681521 2.1195528609321713e-05 1600
1778686681826 2.108184918529746e-05 1620
1778686682129 2.096816976127321e-05 1640
1778686682432 2.085449033724896e-05 1660
1778686682737 2.0740810913224707e-05 1680
1778686683040 2.0627131489200456e-05 1700
1778686683345 2.0513452065176202e-05 1720
1778686683656 2.0399772641151954e-05 1740
1778686687575 2.02860932171277e-05 1760
1778686687878 2.017241379310345e-05 1780
1778686688183 2.0058734369079195e-05 1800
1778686688502 1.9945054945054945e-05 1820
1778686688809 1.9831375521030694e-05 1840
1778686689128 1.9717696097006443e-05 1860
1778686689442 1.9604016672982192e-05 1880
1778686689763 1.949033724895794e-05 1900
1778686690072 1.9376657824933688e-05 1920
1778686690460 1.9262978400909433e-05 1940
1778686690766 1.9149298976885186e-05 1960
1778686691073 1.9035619552860932e-05 1980
1778686691379 1.892194012883668e-05 2000
1778686695071 1.880826070481243e-05 2020
1778686695375 1.8694581280788176e-05 2040
1778686695679 1.858090185676393e-05 2060
1778686695980 1.8467222432739675e-05 2080
1778686696286 1.8353543008715424e-05 2100
1778686696593 1.823986358469117e-05 2120
1778686696899 1.812618416066692e-05 2140
1778686697204 1.8012504736642665e-05 2160
1778686697510 1.7898825312618418e-05 2180
1778686697819 1.7785145888594164e-05 2200
1778686698133 1.7671466464569913e-05 2220
1778686698440 1.7557787040545662e-05 2240
1778686702594 1.7444107616521408e-05 2260
1778686702895 1.733042819249716e-05 2280
1778686703198 1.7216748768472907e-05 2300
1778686703499 1.7103069344448656e-05 2320
1778686703801 1.6989389920424402e-05 2340
1778686704103 1.687571049640015e-05 2360
1778686704403 1.67620310723759e-05 2380
1778686704703 1.664835164835165e-05 2400
1778686705004 1.65346722243274e-05 2420
1778686705303 1.6420992800303145e-05 2440
1778686705602 1.6307313376278894e-05 2460
1778686705904 1.6193633952254643e-05 2480
1778686706208 1.6079954528230393e-05 2500
1778686709882 1.596627510420614e-05 2520
1778686710183 1.5852595680181888e-05 2540
1778686710483 1.5738916256157634e-05 2560
1778686710784 1.5625236832133383e-05 2580
1778686711085 1.5511557408109135e-05 2600
1778686711386 1.539787798408488e-05 2620
1778686711686 1.528419856006063e-05 2640
1778686711988 1.5170519136036376e-05 2660
1778686712293 1.5056839712012124e-05 2680
1778686712594 1.4943160287987875e-05 2700
1778686712895 1.4829480863963624e-05 2720
1778686713195 1.4715801439939372e-05 2740
1778686717147 1.460212201591512e-05 2760
1778686717457 1.4488442591890869e-05 2780
1778686717766 1.4374763167866616e-05 2800
1778686718075 1.4261083743842364e-05 2820
1778686718383 1.4147404319818113e-05 2840
1778686718694 1.403372489579386e-05 2860
1778686719002 1.392004547176961e-05 2880
1778686719314 1.380636604774536e-05 2900
1778686719625 1.3692686623721107e-05 2920
1778686719934 1.3579007199696856e-05 2940
1778686720249 1.3465327775672604e-05 2960
1778686720556 1.3351648351648351e-05 2980
1778686720868 1.32379689276241e-05 3000
1778686724770 1.3124289503599848e-05 3020
1778686725083 1.3010610079575597e-05 3040
1778686725387 1.2896930655551345e-05 3060
1778686725692 1.2783251231527094e-05 3080
1778686725995 1.2669571807502843e-05 3100
1778686726301 1.2555892383478591e-05 3120
1778686726605 1.244221295945434e-05 3140
1778686726908 1.2328533535430088e-05 3160
1778686727211 1.2214854111405835e-05 3180
1778686727514 1.2101174687381585e-05 3200
1778686727813 1.1987495263357332e-05 3220
1778686728115 1.187381583933308e-05 3240
1778686732284 1.1760136415308829e-05 3260
1778686732593 1.1646456991284578e-05 3280
1778686732905 1.1532777567260328e-05 3300
1778686733212 1.1419098143236075e-05 3320
1778686733521 1.1305418719211823e-05 3340
1778686733829 1.1191739295187572e-05 3360
1778686734137 1.107805987116332e-05 3380
1778686734444 1.0964380447139067e-05 3400
1778686734754 1.0850701023114816e-05 3420
1778686735063 1.0737021599090564e-05 3440
1778686735372 1.0623342175066315e-05 3460
1778686735689 1.0509662751042062e-05 3480
1778686735997 1.039598332701781e-05 3500
1778686739954 1.028230390299356e-05 3520
1778686740260 1.0168624478969307e-05 3540
1778686740562 1.0054945054945054e-05 3560
1778686740862 9.941265630920804e-06 3580
1778686741162 9.827586206896551e-06 3600
1778686741465 9.7139067828723e-06 3620
1778686741768 9.600227358848048e-06 3640
1778686742069 9.486547934823797e-06 3660
1778686742372 9.372868510799547e-06 3680
1778686742672 9.259189086775294e-06 3700
1778686742978 9.145509662751042e-06 3720
1778686743284 9.031830238726791e-06 3740
1778686746924 8.918150814702539e-06 3760
1778686747226 8.804471390678288e-06 3780
1778686747528 8.690791966654035e-06 3800
1778686747830 8.577112542629783e-06 3820
1778686748129 8.463433118605532e-06 3840
1778686748430 8.349753694581281e-06 3860
1778686748730 8.23607427055703e-06 3880
1778686749030 8.122394846532778e-06 3900
1778686749329 8.008715422508526e-06 3920
1778686749629 7.895035998484275e-06 3940
1778686749930 7.781356574460023e-06 3960
1778686750230 7.66767715043577e-06 3980
1778686750535 7.55399772641152e-06 4000
1778686754439 7.440318302387268e-06 4020
1778686754742 7.326638878363016e-06 4040
1778686755048 7.212959454338765e-06 4060
1778686755362 7.099280030314513e-06 4080
1778686755669 6.985600606290262e-06 4100
1778686755973 6.87192118226601e-06 4120
1778686756277 6.7582417582417585e-06 4140
1778686756580 6.644562334217507e-06 4160
1778686756890 6.530882910193255e-06 4180
1778686757198 6.417203486169004e-06 4200
1778686757510 6.303524062144752e-06 4220
1778686757818 6.1898446381205005e-06 4240
1778686761717 6.076165214096248e-06 4260
1778686762024 5.968169761273209e-06 4280
1778686762326 5.854490337248958e-06 4300
1778686762626 5.740810913224706e-06 4320
1778686762926 5.6271314892004555e-06 4340
1778686763226 5.513452065176203e-06 4360
1778686763535 5.3997726411519515e-06 4380
1778686763841 5.2860932171277e-06 4400
1778686764146 5.172413793103449e-06 4420
1778686764451 5.058734369079197e-06 4440
1778686764755 4.945054945054945e-06 4460
1778686765060 4.8313755210306936e-06 4480
1778686765366 4.717696097006442e-06 4500
1778686769261 4.60401667298219e-06 4520
1778686769570 4.490337248957939e-06 4540
1778686769878 4.376657824933687e-06 4560
1778686770194 4.262978400909436e-06 4580
1778686770498 4.149298976885183e-06 4600
1778686770801 4.0356195528609325e-06 4620
1778686771104 3.921940128836681e-06 4640
1778686771408 3.8082607048124293e-06 4660
1778686771713 3.6945812807881773e-06 4680
1778686772018 3.5809018567639257e-06 4700
1778686772319 3.467222432739674e-06 4720
1778686772620 3.3535430087154226e-06 4740
