1778686635643 0.6985 20
1778686635949 0.6753 40
1778686636254 0.6487 60
1778686636556 0.6272 80
1778686636857 0.5939 100
1778686637163 0.6132 120
1778686637466 0.592 140
1778686637771 0.5616 160
1778686638081 0.5899 180
1778686638387 0.5551 200
1778686638701 0.5544 220
1778686639003 0.5324 240
1778686642717 0.5332 260
1778686643022 0.5505 280
1778686643327 0.506 300
1778686643641 0.5152 320
1778686643948 0.5545 340
1778686644256 0.5268 360
1778686644557 0.5614 380
1778686644858 0.5352 400
1778686645161 0.5349 420
1778686645463 0.5117 440
1778686645765 0.5213 460
1778686646068 0.5394 480
1778686646370 0.5408 500
1778686650346 0.5126 520
1778686650654 0.5644 540
1778686650963 0.4976 560
1778686651271 0.5148 580
1778686651579 0.5519 600
1778686651887 0.5249 620
1778686652194 0.5066 640
1778686652505 0.556 660
1778686652816 0.5106 680
1778686653123 0.5066 700
1778686653437 0.5549 720
1778686653749 0.522 740
1778686657723 0.5062 760
1778686658029 0.5379 780
1778686658334 0.4972 800
1778686658638 0.527 820
1778686658943 0.5007 840
1778686659249 0.4921 860
1778686659562 0.5118 880
1778686659866 0.481 900
1778686660171 0.5188 920
1778686660476 0.5106 940
1778686660779 0.5035 960
1778686661081 0.5194 980
1778686661385 0.4947 1000
1778686665073 0.495 1020
1778686665376 0.4926 1040
1778686665677 0.5259 1060
1778686665978 0.518 1080
1778686666280 0.4776 1100
1778686666588 0.5177 1120
1778686666899 0.5098 1140
1778686667209 0.5439 1160
1778686667515 0.5184 1180
1778686667824 0.5073 1200
1778686668130 0.4989 1220
1778686668438 0.4872 1240
1778686672651 0.497 1260
1778686672955 0.5256 1280
1778686673263 0.5099 1300
1778686673570 0.4904 1320
1778686673883 0.4919 1340
1778686674186 0.4836 1360
1778686674490 0.5324 1380
1778686674797 0.4911 1400
1778686675102 0.4613 1420
1778686675407 0.4658 1440
1778686675712 0.5532 1460
1778686676018 0.5287 1480
1778686676325 0.4983 1500
1778686680308 0.4862 1520
1778686680611 0.4927 1540
1778686680914 0.4865 1560
1778686681218 0.4785 1580
1778686681521 0.5048 1600
1778686681826 0.4984 1620
1778686682129 0.476 1640
1778686682432 0.4879 1660
1778686682737 0.5081 1680
1778686683040 0.5027 1700
1778686683345 0.4772 1720
1778686683656 0.5145 1740
1778686687575 0.4839 1760
1778686687878 0.4611 1780
1778686688183 0.5045 1800
1778686688502 0.5147 1820
1778686688809 0.484 1840
1778686689128 0.5156 1860
1778686689442 0.4809 1880
1778686689763 0.4781 1900
1778686690072 0.5245 1920
1778686690460 0.4802 1940
1778686690766 0.4725 1960
1778686691073 0.5082 1980
1778686691379 0.4817 2000
1778686695071 0.4651 2020
1778686695375 0.4936 2040
1778686695679 0.5086 2060
1778686695980 0.4475 2080
1778686696286 0.5075 2100
1778686696593 0.5003 2120
1778686696899 0.4971 2140
1778686697204 0.5048 2160
1778686697510 0.5101 2180
1778686697819 0.5242 2200
1778686698133 0.5172 2220
1778686698440 0.4932 2240
1778686702594 0.5153 2260
1778686702895 0.4674 2280
1778686703198 0.5041 2300
1778686703499 0.511 2320
1778686703801 0.4942 2340
1778686704103 0.5113 2360
1778686704403 0.5101 2380
1778686704703 0.4652 2400
1778686705004 0.4819 2420
1778686705303 0.4888 2440
1778686705602 0.4889 2460
1778686705904 0.4944 2480
1778686706208 0.4731 2500
1778686709882 0.4812 2520
1778686710183 0.4699 2540
1778686710483 0.462 2560
1778686710784 0.478 2580
1778686711085 0.5109 2600
1778686711386 0.5096 2620
1778686711686 0.5002 2640
1778686711988 0.4937 2660
1778686712293 0.4722 2680
1778686712594 0.4712 2700
1778686712895 0.509 2720
1778686713195 0.4899 2740
1778686717147 0.4465 2760
1778686717457 0.4754 2780
1778686717766 0.5151 2800
1778686718075 0.4637 2820
1778686718383 0.5374 2840
1778686718694 0.5102 2860
1778686719002 0.4817 2880
1778686719314 0.47 2900
1778686719625 0.4721 2920
1778686719934 0.4761 2940
1778686720249 0.4713 2960
1778686720556 0.4974 2980
1778686720868 0.4612 3000
1778686724770 0.4908 3020
1778686725083 0.4852 3040
1778686725387 0.4809 3060
1778686725692 0.5128 3080
1778686725995 0.481 3100
1778686726301 0.4781 3120
1778686726605 0.5277 3140
1778686726908 0.4623 3160
1778686727211 0.467 3180
1778686727514 0.4678 3200
1778686727813 0.5049 3220
1778686728115 0.4882 3240
1778686732284 0.4633 3260
1778686732593 0.4915 3280
1778686732905 0.477 3300
1778686733212 0.4969 3320
1778686733521 0.488 3340
1778686733829 0.5111 3360
1778686734137 0.4891 3380
1778686734444 0.4903 3400
1778686734754 0.4874 3420
1778686735063 0.4913 3440
1778686735372 0.4725 3460
1778686735689 0.4858 3480
1778686735997 0.4924 3500
1778686739954 0.4968 3520
1778686740260 0.4848 3540
1778686740562 0.4817 3560
1778686740862 0.479 3580
1778686741162 0.4591 3600
1778686741465 0.4295 3620
1778686741768 0.4535 3640
1778686742069 0.4588 3660
1778686742372 0.508 3680
1778686742672 0.5012 3700
1778686742978 0.4963 3720
1778686743284 0.4834 3740
1778686746924 0.5075 3760
1778686747226 0.4792 3780
1778686747528 0.4556 3800
1778686747830 0.478 3820
1778686748129 0.5058 3840
1778686748430 0.4993 3860
1778686748730 0.4816 3880
1778686749030 0.4868 3900
1778686749329 0.4827 3920
1778686749629 0.4649 3940
1778686749930 0.4892 3960
1778686750230 0.5031 3980
1778686750535 0.4681 4000
1778686754439 0.491 4020
1778686754742 0.4655 4040
1778686755048 0.5013 4060
1778686755362 0.4897 4080
1778686755669 0.441 4100
1778686755973 0.4853 4120
1778686756277 0.479 4140
1778686756580 0.4706 4160
1778686756890 0.444 4180
1778686757198 0.4939 4200
1778686757510 0.5087 4220
1778686757818 0.4675 4240
1778686761717 0.4429 4260
1778686762024 0.5397 4280
1778686762326 0.4905 4300
1778686762626 0.4948 4320
1778686762926 0.463 4340
1778686763226 0.4598 4360
1778686763535 0.493 4380
1778686763841 0.4785 4400
1778686764146 0.4713 4420
1778686764451 0.4652 4440
1778686764755 0.5018 4460
1778686765060 0.4757 4480
1778686765366 0.5042 4500
1778686769261 0.5194 4520
1778686769570 0.4777 4540
1778686769878 0.4354 4560
1778686770194 0.4797 4580
1778686770498 0.4775 4600
1778686770801 0.4946 4620
1778686771104 0.5308 4640
1778686771408 0.4794 4660
1778686771713 0.441 4680
1778686772018 0.4493 4700
1778686772319 0.5149 4720
1778686772620 0.4966 4740
