1777988004057 1.6118102073669434 20
1777988008100 0.9524269104003906 40
1777988012138 1.2518635988235474 60
1777988016182 1.988331913948059 80
1777988020226 2.075911045074463 100
1777988024283 0.87844318151474 120
1777988028348 4.222559452056885 140
1777988032436 1.028072476387024 160
1777988036476 4.013726234436035 180
1777988040536 1.0777018070220947 200
1777988044594 1.1769379377365112 220
1777988048643 3.954261064529419 240
1777988060857 1.6655161380767822 260
1777988064911 0.8802119493484497 280
1777988068962 1.3513485193252563 300
1777988073019 3.5297160148620605 320
1777988077101 2.206723213195801 340
1777988081158 1.4360649585723877 360
1777988085226 1.1011210680007935 380
1777988089279 0.9678879380226135 400
1777988093346 0.9090671539306641 420
1777988097416 0.9096540212631226 440
1777988101555 1.5064868927001953 460
1777988105618 0.7157313227653503 480
1777988109668 2.8705267906188965 500
1777988121879 1.431788444519043 520
1777988125948 1.3553389310836792 540
1777988130005 1.003272533416748 560
1777988134064 1.4192218780517578 580
1777988138118 1.093209981918335 600
1777988142184 2.746527671813965 620
1777988146275 1.5854673385620117 640
1777988150336 1.4631413221359253 660
1777988154406 1.6796716451644897 680
1777988158474 1.4142979383468628 700
1777988162539 1.230925440788269 720
1777988166612 2.3541970252990723 740
1777988178888 0.7663374543190002 760
1777988182946 1.0416998863220215 780
1777988187006 1.382360577583313 800
1777988191072 2.9454407691955566 820
1777988195135 2.45931077003479 840
1777988199191 1.2265470027923584 860
1777988203256 1.0389600992202759 880
1777988207324 1.9760853052139282 900
1777988211399 1.138571858406067 920
1777988215464 0.8827730417251587 940
1777988219527 1.2559013366699219 960
1777988223589 1.1531004905700684 980
1777988227649 1.021970510482788 1000
1777988239886 0.9595651030540466 1020
1777988243956 1.7234097719192505 1040
1777988248018 0.9534175992012024 1060
1777988252070 0.7373042106628418 1080
1777988256127 1.2064132690429688 1100
1777988260186 2.067302703857422 1120
1777988264239 1.148497223854065 1140
1777988268290 0.7812662720680237 1160
1777988272346 2.1481893062591553 1180
1777988276421 1.792495846748352 1200
1777988280484 1.085433840751648 1220
1777988284548 0.749528169631958 1240
1777988296764 1.1958165168762207 1260
1777988300826 1.4691088199615479 1280
1777988304882 1.5380045175552368 1300
1777988308936 1.1407140493392944 1320
1777988312994 2.3760910034179688 1340
1777988317058 1.6546578407287598 1360
1777988321124 1.734768033027649 1380
1777988325189 1.1352653503417969 1400
1777988329251 3.165861129760742 1420
1777988333316 3.0945987701416016 1440
1777988337379 1.503540277481079 1460
1777988341439 0.887513279914856 1480
1777988345492 0.9878841638565063 1500
1777988357776 1.3861494064331055 1520
1777988361828 2.0188207626342773 1540
1777988365887 1.1480752229690552 1560
1777988369941 1.3883074522018433 1580
1777988373996 1.069630742073059 1600
1777988378056 1.715973138809204 1620
1777988382109 1.7333041429519653 1640
1777988386175 0.9541998505592346 1660
1777988390228 1.5576354265213013 1680
1777988394290 1.4701201915740967 1700
1777988398360 1.9442307949066162 1720
1777988402418 0.978726327419281 1740
1777988414642 1.8051596879959106 1760
1777988418700 1.7820950746536255 1780
1777988422764 0.6875216960906982 1800
1777988426826 0.8290098309516907 1820
1777988430865 0.7283679842948914 1840
1777988434930 0.9801157712936401 1860
1777988438997 1.9422651529312134 1880
1777988443047 2.4393436908721924 1900
1777988447154 1.8449432849884033 1920
1777988451227 1.62024986743927 1940
1777988455291 2.2154228687286377 1960
1777988459361 2.336014747619629 1980
1777988463406 1.9083970785140991 2000
1777988475648 2.2043139934539795 2020
1777988479703 3.165943145751953 2040
1777988483757 1.2315220832824707 2060
1777988487825 1.4244465827941895 2080
1777988491882 0.895293653011322 2100
1777988495933 1.5301984548568726 2120
1777988499994 1.1428742408752441 2140
1777988504045 1.615984320640564 2160
1777988508098 1.9144785404205322 2180
1777988512153 1.2261728048324585 2200
1777988516212 1.9047309160232544 2220
1777988520263 1.2824047803878784 2240
1777988532476 1.6567010879516602 2260
1777988536528 1.3601436614990234 2280
1777988540576 1.4705973863601685 2300
1777988544628 1.4072765111923218 2320
1777988548696 1.6497207880020142 2340
1777988552761 1.5162550210952759 2360
1777988556835 2.141775131225586 2380
1777988560899 1.5158101320266724 2400
1777988564977 1.5099819898605347 2420
1777988569038 1.3316538333892822 2440
1777988573104 2.530146360397339 2460
1777988577182 3.397446393966675 2480
1777988581234 1.3329252004623413 2500
1777988593467 1.224018931388855 2520
1777988597527 1.8616535663604736 2540
1777988601583 1.2984064817428589 2560
1777988605645 2.915410041809082 2580
1777988609696 2.455739736557007 2600
1777988613767 2.698428153991699 2620
1777988617822 1.4890615940093994 2640
1777988621884 1.7319529056549072 2660
1777988625959 1.2360607385635376 2680
1777988630021 2.0727384090423584 2700
1777988634089 1.824447751045227 2720
