1777988004057 0.6859 20
1777988008100 0.6527 40
1777988012138 0.5902 60
1777988016182 0.5662 80
1777988020226 0.5218 100
1777988024283 0.5143 120
1777988028348 0.5443 140
1777988032436 0.4421 160
1777988036476 0.4651 180
1777988040536 0.5097 200
1777988044594 0.4717 220
1777988048643 0.4589 240
1777988060857 0.4557 260
1777988064911 0.4266 280
1777988068962 0.4619 300
1777988073019 0.4891 320
1777988077101 0.4599 340
1777988081158 0.4625 360
1777988085226 0.4906 380
1777988089279 0.4836 400
1777988093346 0.4519 420
1777988097416 0.4608 440
1777988101555 0.4438 460
1777988105618 0.4417 480
1777988109668 0.4469 500
1777988121879 0.4521 520
1777988125948 0.441 540
1777988130005 0.4482 560
1777988134064 0.4581 580
1777988138118 0.4271 600
1777988142184 0.4605 620
1777988146275 0.4405 640
1777988150336 0.4568 660
1777988154406 0.4551 680
1777988158474 0.4187 700
1777988162539 0.4568 720
1777988166612 0.418 740
1777988178888 0.4438 760
1777988182946 0.4608 780
1777988187006 0.434 800
1777988191072 0.4472 820
1777988195135 0.4728 840
1777988199191 0.4484 860
1777988203256 0.4483 880
1777988207324 0.4495 900
1777988211399 0.4351 920
1777988215464 0.4175 940
1777988219527 0.4304 960
1777988223589 0.4006 980
1777988227649 0.3925 1000
1777988239886 0.4011 1020
1777988243956 0.3972 1040
1777988248018 0.4241 1060
1777988252070 0.436 1080
1777988256127 0.4575 1100
1777988260186 0.4096 1120
1777988264239 0.3822 1140
1777988268290 0.416 1160
1777988272346 0.4183 1180
1777988276421 0.3953 1200
1777988280484 0.4248 1220
1777988284548 0.3934 1240
1777988296764 0.4255 1260
1777988300826 0.4405 1280
1777988304882 0.384 1300
1777988308936 0.3941 1320
1777988312994 0.4346 1340
1777988317058 0.3685 1360
1777988321124 0.4269 1380
1777988325189 0.3924 1400
1777988329251 0.3652 1420
1777988333316 0.3604 1440
1777988337379 0.3833 1460
1777988341439 0.4199 1480
1777988345492 0.4248 1500
1777988357776 0.3952 1520
1777988361828 0.4243 1540
1777988365887 0.3836 1560
1777988369941 0.3798 1580
1777988373996 0.3736 1600
1777988378056 0.3986 1620
1777988382109 0.3847 1640
1777988386175 0.3535 1660
1777988390228 0.3666 1680
1777988394290 0.3697 1700
1777988398360 0.4094 1720
1777988402418 0.3665 1740
1777988414642 0.3548 1760
1777988418700 0.4098 1780
1777988422764 0.4044 1800
1777988426826 0.3952 1820
1777988430865 0.3421 1840
1777988434930 0.3423 1860
1777988438997 0.346 1880
1777988443047 0.3673 1900
1777988447154 0.3505 1920
1777988451227 0.3416 1940
1777988455291 0.3521 1960
1777988459361 0.3168 1980
1777988463406 0.3569 2000
1777988475648 0.3648 2020
1777988479703 0.368 2040
1777988483757 0.3684 2060
1777988487825 0.3399 2080
1777988491882 0.3429 2100
1777988495933 0.3363 2120
1777988499994 0.3785 2140
1777988504045 0.3485 2160
1777988508098 0.3443 2180
1777988512153 0.3179 2200
1777988516212 0.336 2220
1777988520263 0.336 2240
1777988532476 0.3028 2260
1777988536528 0.4106 2280
1777988540576 0.324 2300
1777988544628 0.3796 2320
1777988548696 0.3533 2340
1777988552761 0.2987 2360
1777988556835 0.3347 2380
1777988560899 0.347 2400
1777988564977 0.3346 2420
1777988569038 0.3464 2440
1777988573104 0.3024 2460
1777988577182 0.3893 2480
1777988581234 0.3561 2500
1777988593467 0.3529 2520
1777988597527 0.3168 2540
1777988601583 0.2957 2560
1777988605645 0.346 2580
1777988609696 0.3482 2600
1777988613767 0.3369 2620
1777988617822 0.3232 2640
1777988621884 0.3376 2660
1777988625959 0.3157 2680
1777988630021 0.3604 2700
1777988634089 0.3335 2720
