1778759203506 0.015015015015015015 20
1778759203801 0.03003003003003003 40
1778759204095 0.04504504504504504 60
1778759204391 0.06006006006006006 80
1778759204686 0.07507507507507508 100
1778759204981 0.09009009009009009 120
1778759205276 0.10510510510510511 140
1778759205571 0.12012012012012012 160
1778759205865 0.13513513513513514 180
1778759206158 0.15015015015015015 200
1778759206451 0.16516516516516516 220
1778759206744 0.18018018018018017 240
1778759208129 0.18768768768768768 250
1778759210509 0.19519519519519518 260
1778759210803 0.21021021021021022 280
1778759211097 0.22522522522522523 300
1778759211390 0.24024024024024024 320
1778759211684 0.2552552552552553 340
1778759211977 0.2702702702702703 360
1778759212271 0.2852852852852853 380
1778759212565 0.3003003003003003 400
1778759212859 0.3153153153153153 420
1778759213155 0.3303303303303303 440
1778759213450 0.34534534534534533 460
1778759213745 0.36036036036036034 480
1778759214038 0.37537537537537535 500
1778759215280 0.37537537537537535 500
1778759217855 0.39039039039039036 520
1778759218152 0.40540540540540543 540
1778759218448 0.42042042042042044 560
1778759218743 0.43543543543543545 580
1778759219039 0.45045045045045046 600
1778759219334 0.46546546546546547 620
1778759219630 0.4804804804804805 640
1778759219924 0.4954954954954955 660
1778759220217 0.5105105105105106 680
1778759220510 0.5255255255255256 700
1778759220803 0.5405405405405406 720
1778759221096 0.5555555555555556 740
1778759222484 0.5630630630630631 750
1778759224914 0.5705705705705706 760
1778759225211 0.5855855855855856 780
1778759225507 0.6006006006006006 800
1778759225803 0.6156156156156156 820
1778759226099 0.6306306306306306 840
1778759226395 0.6456456456456456 860
1778759226691 0.6606606606606606 880
1778759226988 0.6756756756756757 900
1778759227285 0.6906906906906907 920
1778759227583 0.7057057057057057 940
1778759227880 0.7207207207207207 960
1778759228176 0.7357357357357357 980
1778759228473 0.7507507507507507 1000
1778759229718 0.7507507507507507 1000
1778759232283 0.7657657657657657 1020
1778759232579 0.7807807807807807 1040
1778759232876 0.7957957957957958 1060
1778759233172 0.8108108108108109 1080
1778759233467 0.8258258258258259 1100
1778759233763 0.8408408408408409 1120
1778759234060 0.8558558558558559 1140
1778759234357 0.8708708708708709 1160
1778759234653 0.8858858858858859 1180
1778759234949 0.9009009009009009 1200
1778759235249 0.9159159159159159 1220
1778759235544 0.9309309309309309 1240
1778759236935 0.9384384384384384 1250
1778759239363 0.9459459459459459 1260
1778759239658 0.960960960960961 1280
1778759239954 0.975975975975976 1300
1778759240249 0.990990990990991 1320
1778759240554 1.006006006006006 1340
1778759240850 1.021021021021021 1360
1778759241146 1.0360360360360361 1380
1778759241441 1.0510510510510511 1400
1778759241741 1.0660660660660661 1420
1778759242038 1.0810810810810811 1440
1778759242334 1.0960960960960962 1460
1778759242630 1.1111111111111112 1480
1778759242926 1.1261261261261262 1500
1778759244169 1.1261261261261262 1500
1778759246738 1.1411411411411412 1520
1778759247034 1.1561561561561562 1540
1778759247327 1.1711711711711712 1560
1778759247621 1.1861861861861862 1580
1778759247915 1.2012012012012012 1600
1778759248213 1.2162162162162162 1620
1778759248509 1.2312312312312312 1640
1778759248806 1.2462462462462462 1660
1778759249103 1.2612612612612613 1680
1778759249402 1.2762762762762763 1700
1778759249698 1.2912912912912913 1720
1778759249994 1.3063063063063063 1740
1778759251401 1.3138138138138138 1750
1778759253567 1.3213213213213213 1760
1778759253864 1.3363363363363363 1780
1778759254161 1.3513513513513513 1800
1778759254458 1.3663663663663663 1820
1778759254758 1.3813813813813813 1840
1778759255054 1.3963963963963963 1860
1778759255349 1.4114114114114114 1880
1778759255644 1.4264264264264264 1900
1778759255937 1.4414414414414414 1920
1778759256232 1.4564564564564564 1940
1778759256526 1.4714714714714714 1960
1778759256823 1.4864864864864864 1980
1778759257119 1.5015015015015014 2000
1778759258361 1.5015015015015014 2000
1778759260936 1.5165165165165164 2020
1778759261229 1.5315315315315314 2040
1778759261524 1.5465465465465464 2060
1778759261818 1.5615615615615615 2080
1778759262112 1.5765765765765765 2100
1778759262406 1.5915915915915915 2120
1778759262701 1.6066066066066065 2140
1778759262996 1.6216216216216215 2160
1778759263291 1.6366366366366365 2180
1778759263585 1.6516516516516515 2200
1778759263879 1.6666666666666665 2220
1778759264173 1.6816816816816815 2240
1778759265560 1.689189189189189 2250
1778759268181 1.6966966966966965 2260
1778759268477 1.7117117117117115 2280
1778759268774 1.7267267267267268 2300
1778759269070 1.7417417417417418 2320
1778759269367 1.7567567567567568 2340
1778759269663 1.7717717717717718 2360
1778759269958 1.7867867867867868 2380
1778759270253 1.8018018018018018 2400
1778759270549 1.8168168168168168 2420
1778759270846 1.8318318318318318 2440
1778759271141 1.8468468468468469 2460
1778759271439 1.8618618618618619 2480
1778759271734 1.8768768768768769 2500
1778759272976 1.8768768768768769 2500
1778759275292 1.8918918918918919 2520
1778759275589 1.906906906906907 2540
1778759275884 1.921921921921922 2560
1778759276179 1.936936936936937 2580
1778759276475 1.951951951951952 2600
1778759276771 1.966966966966967 2620
1778759277067 1.981981981981982 2640
1778759277363 1.996996996996997 2660
1778759277661 2.012012012012012 2680
1778759277956 2.027027027027027 2700
1778759278250 2.042042042042042 2720
1778759278545 2.057057057057057 2740
1778759279932 2.0645645645645647 2750
1778759282362 2.0720720720720722 2760
1778759282655 2.0870870870870872 2780
1778759282948 2.1021021021021022 2800
1778759283241 2.1171171171171173 2820
1778759283534 2.1321321321321323 2840
1778759283828 2.1471471471471473 2860
1778759284120 2.1621621621621623 2880
1778759284414 2.1771771771771773 2900
1778759284707 2.1921921921921923 2920
1778759285003 2.2072072072072073 2940
1778759285299 2.2222222222222223 2960
1778759285596 2.2372372372372373 2980
1778759285892 2.2522522522522523 3000
1778759287135 2.2522522522522523 3000
1778759289705 2.2672672672672673 3020
1778759290001 2.2822822822822824 3040
1778759290298 2.2972972972972974 3060
1778759290595 2.3123123123123124 3080
1778759290892 2.3273273273273274 3100
1778759291188 2.3423423423423424 3120
1778759291484 2.3573573573573574 3140
1778759291780 2.3723723723723724 3160
1778759292076 2.3873873873873874 3180
1778759292372 2.4024024024024024 3200
1778759292667 2.4174174174174174 3220
1778759292963 2.4324324324324325 3240
1778759294361 2.43993993993994 3250
1778759296981 2.4474474474474475 3260
1778759297276 2.4624624624624625 3280
1778759297571 2.4774774774774775 3300
1778759297866 2.4924924924924925 3320
1778759298160 2.5075075075075075 3340
1778759298455 2.5225225225225225 3360
1778759298752 2.5375375375375375 3380
1778759299047 2.5525525525525525 3400
1778759299341 2.5675675675675675 3420
1778759299638 2.5825825825825826 3440
1778759299935 2.5975975975975976 3460
1778759300233 2.6126126126126126 3480
1778759300531 2.6276276276276276 3500
1778759301774 2.6276276276276276 3500
1778759304090 2.6426426426426426 3520
1778759304386 2.6576576576576576 3540
1778759304682 2.6726726726726726 3560
1778759304979 2.6876876876876876 3580
1778759305275 2.7027027027027026 3600
1778759305572 2.7177177177177176 3620
1778759305868 2.7327327327327327 3640
1778759306165 2.7477477477477477 3660
1778759306462 2.7627627627627627 3680
1778759306759 2.7777777777777777 3700
1778759307055 2.7927927927927927 3720
1778759307352 2.8078078078078077 3740
1778759308742 2.815315315315315 3750
1778759311168 2.8228228228228227 3760
1778759311466 2.8378378378378377 3780
1778759311762 2.8528528528528527 3800
1778759312057 2.8678678678678677 3820
1778759312351 2.8828828828828827 3840
1778759312650 2.8978978978978978 3860
1778759312949 2.9129129129129128 3880
1778759313246 2.9279279279279278 3900
1778759313540 2.942942942942943 3920
1778759313835 2.957957957957958 3940
1778759314128 2.972972972972973 3960
1778759314422 2.987987987987988 3980
1778759314719 3.003003003003003 4000
1778759315960 3.003003003003003 4000
1778759318530 3.018018018018018 4020
1778759318827 3.033033033033033 4040
1778759319124 3.048048048048048 4060
1778759319421 3.063063063063063 4080
1778759319717 3.078078078078078 4100
1778759320015 3.093093093093093 4120
1778759320312 3.108108108108108 4140
1778759320608 3.123123123123123 4160
1778759320906 3.138138138138138 4180
1778759321202 3.153153153153153 4200
1778759321499 3.1681681681681684 4220
1778759321796 3.1831831831831834 4240
1778759323184 3.190690690690691 4250
1778759325608 3.1981981981981984 4260
1778759325904 3.2132132132132134 4280
1778759326201 3.2282282282282284 4300
1778759326497 3.2432432432432434 4320
1778759326792 3.2582582582582584 4340
1778759327088 3.2732732732732734 4360
1778759327384 3.2882882882882885 4380
1778759327682 3.3033033033033035 4400
1778759327978 3.3183183183183185 4420
1778759328273 3.3333333333333335 4440
1778759328567 3.3483483483483485 4460
1778759328863 3.3633633633633635 4480
1778759329159 3.3783783783783785 4500
1778759330401 3.3783783783783785 4500
1778759332975 3.3933933933933935 4520
1778759333271 3.4084084084084085 4540
1778759333567 3.4234234234234235 4560
1778759333865 3.4384384384384385 4580
1778759334160 3.4534534534534536 4600
1778759334456 3.4684684684684686 4620
1778759334749 3.4834834834834836 4640
1778759335043 3.4984984984984986 4660
1778759335337 3.5135135135135136 4680
1778759335630 3.5285285285285286 4700
1778759335924 3.5435435435435436 4720
1778759336218 3.5585585585585586 4740
1778759337607 3.566066066066066 4750
1778759340234 3.5735735735735736 4760
1778759340530 3.5885885885885886 4780
1778759340827 3.6036036036036037 4800
1778759341123 3.6186186186186187 4820
1778759341420 3.6336336336336337 4840
1778759341716 3.6486486486486487 4860
1778759342012 3.6636636636636637 4880
1778759342307 3.6786786786786787 4900
1778759342603 3.6936936936936937 4920
1778759342900 3.7087087087087087 4940
1778759343196 3.7237237237237237 4960
1778759343492 3.7387387387387387 4980
1778759343789 3.7537537537537538 5000
1778759345031 3.7537537537537538 5000
1778759347350 3.7687687687687688 5020
1778759347647 3.7837837837837838 5040
1778759347943 3.798798798798799 5060
1778759348237 3.813813813813814 5080
1778759348531 3.828828828828829 5100
1778759348827 3.843843843843844 5120
1778759349124 3.858858858858859 5140
1778759349420 3.873873873873874 5160
1778759349716 3.888888888888889 5180
1778759350012 3.903903903903904 5200
1778759350307 3.918918918918919 5220
1778759350604 3.933933933933934 5240
1778759351995 3.9414414414414414 5250
1778759354422 3.948948948948949 5260
1778759354717 3.963963963963964 5280
1778759355012 3.978978978978979 5300
1778759355308 3.993993993993994 5320
1778759355607 4.009009009009009 5340
1778759355907 4.024024024024024 5360
1778759356205 4.039039039039039 5380
1778759356500 4.054054054054054 5400
1778759356796 4.069069069069069 5420
1778759357091 4.084084084084084 5440
1778759357387 4.099099099099099 5460
1778759357682 4.114114114114114 5480
1778759357979 4.129129129129129 5500
1778759359221 4.129129129129129 5500
1778759361797 4.1441441441441444 5520
1778759362094 4.1591591591591595 5540
1778759362390 4.1741741741741745 5560
1778759362686 4.1891891891891895 5580
1778759362982 4.2042042042042045 5600
1778759363278 4.2192192192192195 5620
1778759363574 4.2342342342342345 5640
1778759363872 4.2492492492492495 5660
1778759364168 4.2642642642642645 5680
1778759364465 4.2792792792792795 5700
1778759364761 4.2942942942942945 5720
1778759365057 4.3093093093093096 5740
1778759366446 4.316816816816817 5750
1778759368867 4.324324324324325 5760
1778759369163 4.33933933933934 5780
1778759369464 4.354354354354355 5800
1778759369767 4.36936936936937 5820
1778759370061 4.384384384384385 5840
1778759370354 4.3993993993994 5860
1778759370648 4.414414414414415 5880
1778759370942 4.42942942942943 5900
1778759371235 4.444444444444445 5920
1778759371530 4.45945945945946 5940
1778759371823 4.474474474474475 5960
1778759372116 4.48948948948949 5980
1778759372420 4.504504504504505 6000
1778759373661 4.504504504504505 6000
1778759376435 4.51951951951952 6020
1778759376728 4.534534534534535 6040
1778759377021 4.54954954954955 6060
1778759377316 4.564564564564565 6080
1778759377610 4.57957957957958 6100
1778759377903 4.594594594594595 6120
1778759378197 4.60960960960961 6140
1778759378492 4.624624624624625 6160
1778759378788 4.63963963963964 6180
1778759379084 4.654654654654655 6200
1778759379380 4.66966966966967 6220
1778759379676 4.684684684684685 6240
1778759381066 4.692192192192192 6250
1778759383494 4.6996996996997 6260
1778759383790 4.714714714714715 6280
1778759384086 4.72972972972973 6300
1778759384380 4.744744744744745 6320
1778759384673 4.75975975975976 6340
1778759384966 4.774774774774775 6360
1778759385260 4.78978978978979 6380
1778759385555 4.804804804804805 6400
1778759385852 4.81981981981982 6420
1778759386149 4.834834834834835 6440
1778759386445 4.84984984984985 6460
1778759386742 4.864864864864865 6480
1778759387038 4.87987987987988 6500
1778759388280 4.87987987987988 6500
1778759390594 4.894894894894895 6520
1778759390888 4.90990990990991 6540
1778759391182 4.924924924924925 6560
1778759391476 4.93993993993994 6580
1778759391773 4.954954954954955 6600
1778759392066 4.96996996996997 6620
1778759392360 4.984984984984985 6640
1778759392656 5.0 6660
1778759395306 5.0 6660
1778759396802 5.0 6660
1778759398355 5.0 6660
1778759402595 5.0 0
