1778759203506 1.1115236282348633 20
1778759203801 1.8741536140441895 40
1778759204095 0.7492883205413818 60
1778759204391 1.8372877836227417 80
1778759204686 1.472306728363037 100
1778759204981 1.9330722093582153 120
1778759205276 1.763893961906433 140
1778759205571 1.786699891090393 160
1778759205865 1.3004719018936157 180
1778759206158 1.5250787734985352 200
1778759206451 0.8575327396392822 220
1778759206744 0.9857299327850342 240
1778759210509 0.9523038268089294 260
1778759210803 0.939099133014679 280
1778759211097 1.595099687576294 300
1778759211390 2.184061288833618 320
1778759211684 1.1793184280395508 340
1778759211977 1.1384711265563965 360
1778759212271 0.8353720307350159 380
1778759212565 1.1455103158950806 400
1778759212859 1.2435235977172852 420
1778759213155 1.2501051425933838 440
1778759213450 0.7805569171905518 460
1778759213745 0.7325066328048706 480
1778759214038 0.8941294550895691 500
1778759217855 2.1132073402404785 520
1778759218152 1.025946021080017 540
1778759218448 1.049844741821289 560
1778759218743 1.3180216550827026 580
1778759219039 0.8309537172317505 600
1778759219334 2.141782760620117 620
1778759219630 0.8339812159538269 640
1778759219924 1.2160841226577759 660
1778759220217 1.285797119140625 680
1778759220510 0.8802509903907776 700
1778759220803 1.1838372945785522 720
1778759221096 1.2317990064620972 740
1778759224914 1.1336902379989624 760
1778759225211 1.1457968950271606 780
1778759225507 1.4033691883087158 800
1778759225803 0.729835569858551 820
1778759226099 0.7848491668701172 840
1778759226395 0.9909365177154541 860
1778759226691 0.804287314414978 880
1778759226988 1.1475530862808228 900
1778759227285 1.0196667909622192 920
1778759227583 1.0997122526168823 940
1778759227880 1.8310091495513916 960
1778759228176 0.8141795992851257 980
1778759228473 1.368066430091858 1000
1778759232283 1.6641864776611328 1020
1778759232579 0.7104842066764832 1040
1778759232876 0.8523870706558228 1060
1778759233172 0.8471026420593262 1080
1778759233467 1.00808584690094 1100
1778759233763 1.2542532682418823 1120
1778759234060 0.9504107236862183 1140
1778759234357 1.2902847528457642 1160
1778759234653 0.9589470624923706 1180
1778759234949 1.1154694557189941 1200
1778759235249 1.5831140279769897 1220
1778759235544 1.2243757247924805 1240
1778759239363 1.2072255611419678 1260
1778759239658 0.8572662472724915 1280
1778759239954 1.0198521614074707 1300
1778759240249 1.0576831102371216 1320
1778759240554 1.1467605829238892 1340
1778759240850 1.0582926273345947 1360
1778759241146 0.910183310508728 1380
1778759241441 1.2035475969314575 1400
1778759241741 1.8064085245132446 1420
1778759242038 0.9653377532958984 1440
1778759242334 0.9782366752624512 1460
1778759242630 0.8502130508422852 1480
1778759242926 0.828464150428772 1500
1778759246738 0.7437599897384644 1520
1778759247034 1.8545172214508057 1540
1778759247327 0.7934750914573669 1560
1778759247621 1.2028387784957886 1580
1778759247915 1.2176780700683594 1600
1778759248213 2.1307530403137207 1620
1778759248509 1.4549514055252075 1640
1778759248806 0.8240473866462708 1660
1778759249103 0.6683878302574158 1680
1778759249402 0.9936058521270752 1700
1778759249698 1.8496813774108887 1720
1778759249994 0.7774825096130371 1740
1778759253567 0.8259149193763733 1760
1778759253864 0.7137109637260437 1780
1778759254161 1.7111339569091797 1800
1778759254458 0.7559309601783752 1820
1778759254758 0.6748927235603333 1840
1778759255054 0.8279701471328735 1860
1778759255349 1.3894129991531372 1880
1778759255644 0.6745357513427734 1900
1778759255937 0.8061892986297607 1920
1778759256232 0.813477098941803 1940
1778759256526 0.9132735729217529 1960
1778759256823 2.169708728790283 1980
1778759257119 0.8019714951515198 2000
1778759260936 1.0237975120544434 2020
1778759261229 1.8971226215362549 2040
1778759261524 0.7699704766273499 2060
1778759261818 0.8613876104354858 2080
1778759262112 1.4008903503417969 2100
1778759262406 1.0033714771270752 2120
1778759262701 0.8924578428268433 2140
1778759262996 0.9712579846382141 2160
1778759263291 0.9408498406410217 2180
1778759263585 1.0746533870697021 2200
1778759263879 0.8941723704338074 2220
1778759264173 2.679525852203369 2240
1778759268181 0.8335482478141785 2260
1778759268477 1.1183432340621948 2280
1778759268774 0.9911246299743652 2300
1778759269070 0.7381533980369568 2320
1778759269367 1.4325370788574219 2340
1778759269663 1.6278640031814575 2360
1778759269958 0.6882554292678833 2380
1778759270253 1.3377665281295776 2400
1778759270549 0.896676242351532 2420
1778759270846 1.3377236127853394 2440
1778759271141 0.796946108341217 2460
1778759271439 1.626267910003662 2480
1778759271734 0.8299767374992371 2500
1778759275292 0.7306942343711853 2520
1778759275589 1.1389589309692383 2540
1778759275884 0.8814265131950378 2560
1778759276179 1.0474196672439575 2580
1778759276475 0.7393674850463867 2600
1778759276771 0.9642485976219177 2620
1778759277067 1.1061710119247437 2640
1778759277363 0.8086819052696228 2660
1778759277661 1.3415988683700562 2680
1778759277956 2.099011182785034 2700
1778759278250 1.5502253770828247 2720
1778759278545 1.2030868530273438 2740
1778759282362 1.5715034008026123 2760
1778759282655 0.8258677124977112 2780
1778759282948 1.6346262693405151 2800
1778759283241 1.1156611442565918 2820
1778759283534 0.8835676908493042 2840
1778759283828 1.0966475009918213 2860
1778759284120 1.2104852199554443 2880
1778759284414 1.2119755744934082 2900
1778759284707 1.468335747718811 2920
1778759285003 1.2977339029312134 2940
1778759285299 2.247462272644043 2960
1778759285596 1.3490922451019287 2980
1778759285892 1.4997401237487793 3000
1778759289705 1.0821537971496582 3020
1778759290001 0.7159144282341003 3040
1778759290298 1.0592368841171265 3060
1778759290595 1.0525175333023071 3080
1778759290892 1.0833977460861206 3100
1778759291188 0.8595699667930603 3120
1778759291484 2.305807113647461 3140
1778759291780 1.374250054359436 3160
1778759292076 1.0947014093399048 3180
1778759292372 2.5425679683685303 3200
1778759292667 1.1586434841156006 3220
1778759292963 1.1297029256820679 3240
1778759296981 0.7324396967887878 3260
1778759297276 1.1619857549667358 3280
1778759297571 0.9207962155342102 3300
1778759297866 1.0400567054748535 3320
1778759298160 1.024892807006836 3340
1778759298455 1.0151585340499878 3360
1778759298752 1.090522289276123 3380
1778759299047 0.7763335108757019 3400
1778759299341 1.2042644023895264 3420
1778759299638 1.4816595315933228 3440
1778759299935 0.761576771736145 3460
1778759300233 0.8158706426620483 3480
1778759300531 1.842110276222229 3500
1778759304090 0.8624277710914612 3520
1778759304386 1.4847363233566284 3540
1778759304682 0.9414624571800232 3560
1778759304979 0.8707975745201111 3580
1778759305275 0.9481475949287415 3600
1778759305572 0.8945510983467102 3620
1778759305868 0.9035664200782776 3640
1778759306165 0.8710716366767883 3660
1778759306462 1.382752776145935 3680
1778759306759 1.758945345878601 3700
1778759307055 0.780235230922699 3720
1778759307352 2.2165491580963135 3740
1778759311168 1.0549757480621338 3760
1778759311466 1.242303729057312 3780
1778759311762 1.0100514888763428 3800
1778759312057 1.3282653093338013 3820
1778759312351 1.7653106451034546 3840
1778759312650 1.019954800605774 3860
1778759312949 0.7477040886878967 3880
1778759313246 1.0511490106582642 3900
1778759313540 1.2126405239105225 3920
1778759313835 1.1579108238220215 3940
1778759314128 2.977093458175659 3960
1778759314422 0.7757874131202698 3980
1778759314719 0.9233126044273376 4000
1778759318530 0.8552405834197998 4020
1778759318827 1.2055000066757202 4040
1778759319124 1.5119855403900146 4060
1778759319421 0.9151893854141235 4080
1778759319717 1.7495149374008179 4100
1778759320015 2.124101400375366 4120
1778759320312 0.7570170760154724 4140
1778759320608 0.9881715178489685 4160
1778759320906 1.1868746280670166 4180
1778759321202 1.3741350173950195 4200
1778759321499 0.9221935272216797 4220
1778759321796 0.8115655183792114 4240
1778759325608 1.5042873620986938 4260
1778759325904 1.1739000082015991 4280
1778759326201 1.2605440616607666 4300
1778759326497 0.9975952506065369 4320
1778759326792 0.8089935183525085 4340
1778759327088 1.248964786529541 4360
1778759327384 1.6176825761795044 4380
1778759327682 1.0049552917480469 4400
1778759327978 1.4333417415618896 4420
1778759328273 0.7134949564933777 4440
1778759328567 1.4865732192993164 4460
1778759328863 1.4602147340774536 4480
1778759329159 1.152631402015686 4500
1778759332975 0.7601041197776794 4520
1778759333271 1.6270302534103394 4540
1778759333567 2.3858985900878906 4560
1778759333865 0.9074549078941345 4580
1778759334160 0.9627236127853394 4600
1778759334456 1.017282247543335 4620
1778759334749 1.595207929611206 4640
1778759335043 0.9461318254470825 4660
1778759335337 0.9402565360069275 4680
1778759335630 1.0535993576049805 4700
1778759335924 2.1137537956237793 4720
1778759336218 0.7228685021400452 4740
1778759340234 1.0879485607147217 4760
1778759340530 1.902545690536499 4780
1778759340827 1.2523077726364136 4800
1778759341123 1.2973253726959229 4820
1778759341420 1.169062614440918 4840
1778759341716 0.8470690846443176 4860
1778759342012 1.0038052797317505 4880
1778759342307 1.5532987117767334 4900
1778759342603 1.0332577228546143 4920
1778759342900 0.8507241606712341 4940
1778759343196 1.4867496490478516 4960
1778759343492 1.0909910202026367 4980
1778759343789 0.924568235874176 5000
1778759347350 0.9506967067718506 5020
1778759347647 0.9414354562759399 5040
1778759347943 0.7135041952133179 5060
1778759348237 1.7043938636779785 5080
1778759348531 0.9337165951728821 5100
1778759348827 0.8622339963912964 5120
1778759349124 0.7160289287567139 5140
1778759349420 1.212070345878601 5160
1778759349716 1.1748288869857788 5180
1778759350012 2.898524284362793 5200
1778759350307 2.592815637588501 5220
1778759350604 0.5751386284828186 5240
1778759354422 0.8856608271598816 5260
1778759354717 1.37643563747406 5280
1778759355012 1.0654878616333008 5300
1778759355308 0.9180020689964294 5320
1778759355607 0.6692749261856079 5340
1778759355907 0.8596646785736084 5360
1778759356205 1.4833570718765259 5380
1778759356500 1.1131134033203125 5400
1778759356796 0.8026265501976013 5420
1778759357091 2.553082227706909 5440
1778759357387 1.2700284719467163 5460
1778759357682 0.7549329400062561 5480
1778759357979 1.0341064929962158 5500
1778759361797 0.6976601481437683 5520
1778759362094 1.3655182123184204 5540
1778759362390 0.8358107209205627 5560
1778759362686 1.0078171491622925 5580
1778759362982 0.9965007901191711 5600
1778759363278 1.7199276685714722 5620
1778759363574 0.7297115921974182 5640
1778759363872 0.9386938214302063 5660
1778759364168 1.3493868112564087 5680
1778759364465 1.2661792039871216 5700
1778759364761 0.7456533908843994 5720
1778759365057 0.788819432258606 5740
1778759368867 0.7438936233520508 5760
1778759369163 0.8385874032974243 5780
1778759369464 0.7613052129745483 5800
1778759369767 1.6869611740112305 5820
1778759370061 2.0772602558135986 5840
1778759370354 1.4256091117858887 5860
1778759370648 0.8751678466796875 5880
1778759370942 0.9603484272956848 5900
1778759371235 0.8359941840171814 5920
1778759371530 1.0801254510879517 5940
1778759371823 1.4448356628417969 5960
1778759372116 0.8348199129104614 5980
1778759372420 1.2349002361297607 6000
1778759376435 0.9307525157928467 6020
1778759376728 1.0199153423309326 6040
1778759377021 0.9728537797927856 6060
1778759377316 1.6482185125350952 6080
1778759377610 0.9799634218215942 6100
1778759377903 1.3287036418914795 6120
1778759378197 0.6122612357139587 6140
1778759378492 0.9429822564125061 6160
1778759378788 0.8320344090461731 6180
1778759379084 1.0096827745437622 6200
1778759379380 1.7077810764312744 6220
1778759379676 1.427278995513916 6240
1778759383494 1.2323262691497803 6260
1778759383790 1.7685314416885376 6280
1778759384086 0.7552515268325806 6300
1778759384380 1.2279547452926636 6320
1778759384673 0.9147329330444336 6340
1778759384966 1.2359431982040405 6360
1778759385260 0.983402669429779 6380
1778759385555 1.5186902284622192 6400
1778759385852 1.056567907333374 6420
1778759386149 1.177514672279358 6440
1778759386445 0.8751167058944702 6460
1778759386742 1.2734050750732422 6480
1778759387038 0.9538285136222839 6500
1778759390594 0.8913315534591675 6520
1778759390888 1.313875675201416 6540
1778759391182 1.3846100568771362 6560
1778759391476 2.3794000148773193 6580
1778759391773 1.5185065269470215 6600
1778759392066 0.8032065033912659 6620
1778759392360 2.306062698364258 6640
1778759392656 1.110866665840149 6660
