1778759203506 1.1400000000000001e-05 20
1778759203801 2.3400000000000003e-05 40
1778759204095 2.9959152798789713e-05 60
1778759204391 2.986838124054463e-05 80
1778759204686 2.977760968229955e-05 100
1778759204981 2.9686838124054462e-05 120
1778759205276 2.959606656580938e-05 140
1778759205571 2.9505295007564295e-05 160
1778759205865 2.9414523449319215e-05 180
1778759206158 2.9323751891074132e-05 200
1778759206451 2.923298033282905e-05 220
1778759206744 2.9142208774583965e-05 240
1778759210509 2.905143721633888e-05 260
1778759210803 2.8960665658093798e-05 280
1778759211097 2.8869894099848715e-05 300
1778759211390 2.8779122541603634e-05 320
1778759211684 2.8688350983358548e-05 340
1778759211977 2.8597579425113464e-05 360
1778759212271 2.850680786686838e-05 380
1778759212565 2.84160363086233e-05 400
1778759212859 2.8325264750378217e-05 420
1778759213155 2.823449319213313e-05 440
1778759213450 2.8143721633888047e-05 460
1778759213745 2.8052950075642967e-05 480
1778759214038 2.7962178517397883e-05 500
1778759217855 2.78714069591528e-05 520
1778759218152 2.778063540090772e-05 540
1778759218448 2.7689863842662633e-05 560
1778759218743 2.759909228441755e-05 580
1778759219039 2.7508320726172466e-05 600
1778759219334 2.7417549167927386e-05 620
1778759219630 2.7326777609682302e-05 640
1778759219924 2.7236006051437215e-05 660
1778759220217 2.7145234493192132e-05 680
1778759220510 2.7054462934947052e-05 700
1778759220803 2.696369137670197e-05 720
1778759221096 2.6872919818456885e-05 740
1778759224914 2.6782148260211798e-05 760
1778759225211 2.6691376701966718e-05 780
1778759225507 2.6600605143721634e-05 800
1778759225803 2.650983358547655e-05 820
1778759226099 2.641906202723147e-05 840
1778759226395 2.6328290468986387e-05 860
1778759226691 2.62375189107413e-05 880
1778759226988 2.6146747352496217e-05 900
1778759227285 2.6055975794251137e-05 920
1778759227583 2.5965204236006053e-05 940
1778759227880 2.587443267776097e-05 960
1778759228176 2.5783661119515883e-05 980
1778759228473 2.5692889561270803e-05 1000
1778759232283 2.560211800302572e-05 1020
1778759232579 2.5511346444780636e-05 1040
1778759232876 2.5420574886535553e-05 1060
1778759233172 2.532980332829047e-05 1080
1778759233467 2.5239031770045386e-05 1100
1778759233763 2.5148260211800302e-05 1120
1778759234060 2.505748865355522e-05 1140
1778759234357 2.496671709531014e-05 1160
1778759234653 2.4875945537065055e-05 1180
1778759234949 2.4785173978819968e-05 1200
1778759235249 2.4694402420574888e-05 1220
1778759235544 2.4603630862329805e-05 1240
1778759239363 2.451285930408472e-05 1260
1778759239658 2.4422087745839638e-05 1280
1778759239954 2.4331316187594554e-05 1300
1778759240249 2.424054462934947e-05 1320
1778759240554 2.4149773071104387e-05 1340
1778759240850 2.4059001512859304e-05 1360
1778759241146 2.3968229954614224e-05 1380
1778759241441 2.3877458396369137e-05 1400
1778759241741 2.3786686838124053e-05 1420
1778759242038 2.369591527987897e-05 1440
1778759242334 2.360514372163389e-05 1460
1778759242630 2.3514372163388806e-05 1480
1778759242926 2.3423600605143723e-05 1500
1778759246738 2.333282904689864e-05 1520
1778759247034 2.3242057488653556e-05 1540
1778759247327 2.3151285930408472e-05 1560
1778759247621 2.306051437216339e-05 1580
1778759247915 2.296974281391831e-05 1600
1778759248213 2.2878971255673222e-05 1620
1778759248509 2.278819969742814e-05 1640
1778759248806 2.2697428139183055e-05 1660
1778759249103 2.2606656580937975e-05 1680
1778759249402 2.251588502269289e-05 1700
1778759249698 2.2425113464447805e-05 1720
1778759249994 2.233434190620272e-05 1740
1778759253567 2.224357034795764e-05 1760
1778759253864 2.2152798789712558e-05 1780
1778759254161 2.2062027231467474e-05 1800
1778759254458 2.197125567322239e-05 1820
1778759254758 2.1880484114977307e-05 1840
1778759255054 2.1789712556732224e-05 1860
1778759255349 2.169894099848714e-05 1880
1778759255644 2.160816944024206e-05 1900
1778759255937 2.1517397881996977e-05 1920
1778759256232 2.142662632375189e-05 1940
1778759256526 2.1335854765506806e-05 1960
1778759256823 2.1245083207261726e-05 1980
1778759257119 2.1154311649016643e-05 2000
1778759260936 2.106354009077156e-05 2020
1778759261229 2.0972768532526472e-05 2040
1778759261524 2.0881996974281392e-05 2060
1778759261818 2.079122541603631e-05 2080
1778759262112 2.0700453857791225e-05 2100
1778759262406 2.0609682299546145e-05 2120
1778759262701 2.0518910741301062e-05 2140
1778759262996 2.0428139183055975e-05 2160
1778759263291 2.033736762481089e-05 2180
1778759263585 2.024659606656581e-05 2200
1778759263879 2.0155824508320728e-05 2220
1778759264173 2.0065052950075644e-05 2240
1778759268181 1.9974281391830558e-05 2260
1778759268477 1.9883509833585478e-05 2280
1778759268774 1.9792738275340394e-05 2300
1778759269070 1.970196671709531e-05 2320
1778759269367 1.9611195158850227e-05 2340
1778759269663 1.9520423600605144e-05 2360
1778759269958 1.942965204236006e-05 2380
1778759270253 1.9338880484114977e-05 2400
1778759270549 1.9248108925869897e-05 2420
1778759270846 1.9157337367624813e-05 2440
1778759271141 1.906656580937973e-05 2460
1778759271439 1.8975794251134643e-05 2480
1778759271734 1.8885022692889563e-05 2500
1778759275292 1.879425113464448e-05 2520
1778759275589 1.8703479576399396e-05 2540
1778759275884 1.8612708018154312e-05 2560
1778759276179 1.852193645990923e-05 2580
1778759276475 1.8431164901664145e-05 2600
1778759276771 1.8340393343419062e-05 2620
1778759277067 1.824962178517398e-05 2640
1778759277363 1.8158850226928898e-05 2660
1778759277661 1.806807866868381e-05 2680
1778759277956 1.7977307110438728e-05 2700
1778759278250 1.7886535552193648e-05 2720
1778759278545 1.7795763993948564e-05 2740
1778759282362 1.770499243570348e-05 2760
1778759282655 1.7614220877458397e-05 2780
1778759282948 1.7523449319213314e-05 2800
1778759283241 1.743267776096823e-05 2820
1778759283534 1.7341906202723147e-05 2840
1778759283828 1.7251134644478063e-05 2860
1778759284120 1.7160363086232983e-05 2880
1778759284414 1.7069591527987897e-05 2900
1778759284707 1.6978819969742813e-05 2920
1778759285003 1.688804841149773e-05 2940
1778759285299 1.679727685325265e-05 2960
1778759285596 1.6706505295007566e-05 2980
1778759285892 1.661573373676248e-05 3000
1778759289705 1.65249621785174e-05 3020
1778759290001 1.6434190620272316e-05 3040
1778759290298 1.6343419062027232e-05 3060
1778759290595 1.625264750378215e-05 3080
1778759290892 1.6161875945537065e-05 3100
1778759291188 1.607110438729198e-05 3120
1778759291484 1.5980332829046898e-05 3140
1778759291780 1.5889561270801815e-05 3160
1778759292076 1.5798789712556735e-05 3180
1778759292372 1.570801815431165e-05 3200
1778759292667 1.5617246596066564e-05 3220
1778759292963 1.552647503782148e-05 3240
1778759296981 1.54357034795764e-05 3260
1778759297276 1.5344931921331317e-05 3280
1778759297571 1.5254160363086232e-05 3300
1778759297866 1.5163388804841152e-05 3320
1778759298160 1.5072617246596067e-05 3340
1778759298455 1.4981845688350983e-05 3360
1778759298752 1.4891074130105902e-05 3380
1778759299047 1.4800302571860816e-05 3400
1778759299341 1.4709531013615735e-05 3420
1778759299638 1.4618759455370651e-05 3440
1778759299935 1.4527987897125568e-05 3460
1778759300233 1.4437216338880484e-05 3480
1778759300531 1.43464447806354e-05 3500
1778759304090 1.4255673222390317e-05 3520
1778759304386 1.4164901664145235e-05 3540
1778759304682 1.407413010590015e-05 3560
1778759304979 1.3983358547655068e-05 3580
1778759305275 1.3892586989409985e-05 3600
1778759305572 1.3801815431164902e-05 3620
1778759305868 1.371104387291982e-05 3640
1778759306165 1.3620272314674735e-05 3660
1778759306462 1.3529500756429653e-05 3680
1778759306759 1.343872919818457e-05 3700
1778759307055 1.3347957639939486e-05 3720
1778759307352 1.3257186081694402e-05 3740
1778759311168 1.316641452344932e-05 3760
1778759311466 1.3075642965204235e-05 3780
1778759311762 1.2984871406959154e-05 3800
1778759312057 1.289409984871407e-05 3820
1778759312351 1.2803328290468987e-05 3840
1778759312650 1.2712556732223903e-05 3860
1778759312949 1.262178517397882e-05 3880
1778759313246 1.2531013615733736e-05 3900
1778759313540 1.2440242057488654e-05 3920
1778759313835 1.2349470499243571e-05 3940
1778759314128 1.2258698940998488e-05 3960
1778759314422 1.2167927382753404e-05 3980
1778759314719 1.207715582450832e-05 4000
1778759318530 1.1986384266263239e-05 4020
1778759318827 1.1895612708018154e-05 4040
1778759319124 1.1804841149773072e-05 4060
1778759319421 1.1714069591527988e-05 4080
1778759319717 1.1623298033282905e-05 4100
1778759320015 1.1532526475037821e-05 4120
1778759320312 1.1441754916792738e-05 4140
1778759320608 1.1350983358547654e-05 4160
1778759320906 1.1260211800302573e-05 4180
1778759321202 1.1169440242057488e-05 4200
1778759321499 1.1078668683812406e-05 4220
1778759321796 1.0987897125567324e-05 4240
1778759325608 1.0897125567322239e-05 4260
1778759325904 1.0806354009077157e-05 4280
1778759326201 1.0715582450832072e-05 4300
1778759326497 1.062481089258699e-05 4320
1778759326792 1.0534039334341907e-05 4340
1778759327088 1.0443267776096823e-05 4360
1778759327384 1.035249621785174e-05 4380
1778759327682 1.0261724659606658e-05 4400
1778759327978 1.0170953101361573e-05 4420
1778759328273 1.0080181543116491e-05 4440
1778759328567 9.989409984871406e-06 4460
1778759328863 9.898638426626324e-06 4480
1778759329159 9.80786686838124e-06 4500
1778759332975 9.717095310136157e-06 4520
1778759333271 9.626323751891075e-06 4540
1778759333567 9.535552193645992e-06 4560
1778759333865 9.444780635400908e-06 4580
1778759334160 9.354009077155825e-06 4600
1778759334456 9.263237518910741e-06 4620
1778759334749 9.172465960665658e-06 4640
1778759335043 9.081694402420576e-06 4660
1778759335337 8.990922844175491e-06 4680
1778759335630 8.900151285930409e-06 4700
1778759335924 8.809379727685326e-06 4720
1778759336218 8.718608169440242e-06 4740
1778759340234 8.627836611195159e-06 4760
1778759340530 8.537065052950075e-06 4780
1778759340827 8.446293494704992e-06 4800
1778759341123 8.35552193645991e-06 4820
1778759341420 8.264750378214826e-06 4840
1778759341716 8.173978819969743e-06 4860
1778759342012 8.083207261724661e-06 4880
1778759342307 7.992435703479576e-06 4900
1778759342603 7.901664145234494e-06 4920
1778759342900 7.810892586989409e-06 4940
1778759343196 7.720121028744327e-06 4960
1778759343492 7.629349470499243e-06 4980
1778759343789 7.538577912254161e-06 5000
1778759347350 7.447806354009078e-06 5020
1778759347647 7.357034795763994e-06 5040
1778759347943 7.266263237518911e-06 5060
1778759348237 7.175491679273828e-06 5080
1778759348531 7.0892586989409985e-06 5100
1778759348827 6.998487140695916e-06 5120
1778759349124 6.907715582450832e-06 5140
1778759349420 6.816944024205749e-06 5160
1778759349716 6.726172465960665e-06 5180
1778759350012 6.635400907715583e-06 5200
1778759350307 6.544629349470499e-06 5220
1778759350604 6.453857791225416e-06 5240
1778759354422 6.363086232980332e-06 5260
1778759354717 6.27231467473525e-06 5280
1778759355012 6.181543116490166e-06 5300
1778759355308 6.090771558245084e-06 5320
1778759355607 6e-06 5340
1778759355907 5.9092284417549175e-06 5360
1778759356205 5.818456883509834e-06 5380
1778759356500 5.7276853252647506e-06 5400
1778759356796 5.636913767019667e-06 5420
1778759357091 5.5461422087745845e-06 5440
1778759357387 5.455370650529501e-06 5460
1778759357682 5.3645990922844175e-06 5480
1778759357979 5.273827534039334e-06 5500
1778759361797 5.183055975794251e-06 5520
1778759362094 5.092284417549168e-06 5540
1778759362390 5.0015128593040845e-06 5560
1778759362686 4.910741301059001e-06 5580
1778759362982 4.819969742813918e-06 5600
1778759363278 4.729198184568836e-06 5620
1778759363574 4.638426626323752e-06 5640
1778759363872 4.547655068078669e-06 5660
1778759364168 4.456883509833586e-06 5680
1778759364465 4.366111951588503e-06 5700
1778759364761 4.275340393343419e-06 5720
1778759365057 4.184568835098336e-06 5740
1778759368867 4.093797276853253e-06 5760
1778759369163 4.00302571860817e-06 5780
1778759369464 3.912254160363086e-06 5800
1778759369767 3.821482602118003e-06 5820
1778759370061 3.7307110438729196e-06 5840
1778759370354 3.639939485627837e-06 5860
1778759370648 3.5491679273827535e-06 5880
1778759370942 3.4583963691376704e-06 5900
1778759371235 3.367624810892587e-06 5920
1778759371530 3.276853252647504e-06 5940
1778759371823 3.1860816944024204e-06 5960
1778759372116 3.0953101361573374e-06 5980
1778759372420 3.004538577912254e-06 6000
1778759376435 2.9137670196671713e-06 6020
1778759376728 2.822995461422088e-06 6040
1778759377021 2.7322239031770048e-06 6060
1778759377316 2.6414523449319213e-06 6080
1778759377610 2.5506807866868382e-06 6100
1778759377903 2.4599092284417547e-06 6120
1778759378197 2.3691376701966717e-06 6140
1778759378492 2.2783661119515886e-06 6160
1778759378788 2.1875945537065056e-06 6180
1778759379084 2.096822995461422e-06 6200
1778759379380 2.006051437216339e-06 6220
1778759379676 1.9152798789712556e-06 6240
1778759383494 1.8245083207261725e-06 6260
1778759383790 1.7337367624810895e-06 6280
1778759384086 1.6429652042360062e-06 6300
1778759384380 1.552193645990923e-06 6320
1778759384673 1.4614220877458397e-06 6340
1778759384966 1.3706505295007566e-06 6360
1778759385260 1.2798789712556734e-06 6380
1778759385555 1.1891074130105901e-06 6400
1778759385852 1.0983358547655068e-06 6420
1778759386149 1.0075642965204238e-06 6440
1778759386445 9.167927382753404e-07 6460
1778759386742 8.260211800302572e-07 6480
1778759387038 7.35249621785174e-07 6500
1778759390594 6.444780635400908e-07 6520
1778759390888 5.537065052950076e-07 6540
1778759391182 4.6293494704992436e-07 6560
1778759391476 3.7216338880484115e-07 6580
1778759391773 2.8139183055975794e-07 6600
1778759392066 1.9062027231467473e-07 6620
1778759392360 9.984871406959153e-08 6640
1778759392656 9.07715582450832e-09 6660
