1778599009005 0.008888888888888889 20
1778599010195 0.017777777777777778 40
1778599011358 0.02666666666666667 60
1778599012550 0.035555555555555556 80
1778599013738 0.044444444444444446 100
1778599014918 0.05333333333333334 120
1778599016115 0.06222222222222222 140
1778599017301 0.07111111111111111 160
1778599018476 0.08 180
1778599019658 0.08888888888888889 200
1778599020828 0.09777777777777778 220
1778599022013 0.10666666666666667 240
1778599031000 0.1111111111111111 250
1778599033133 0.11555555555555555 260
1778599034312 0.12444444444444444 280
1778599035500 0.13333333333333333 300
1778599036684 0.14222222222222222 320
1778599037864 0.1511111111111111 340
1778599039060 0.16 360
1778599040243 0.1688888888888889 380
1778599041430 0.17777777777777778 400
1778599042607 0.18666666666666668 420
1778599043784 0.19555555555555557 440
1778599044960 0.20444444444444446 460
1778599046139 0.21333333333333335 480
1778599047315 0.2222222222222222 500
1778599053396 0.2222222222222222 500
1778599055890 0.2311111111111111 520
1778599057086 0.24 540
1778599058271 0.24888888888888888 560
1778599059453 0.2577777777777778 580
1778599060632 0.26666666666666666 600
1778599061811 0.27555555555555555 620
1778599062993 0.28444444444444444 640
1778599064180 0.29333333333333333 660
1778599065364 0.3022222222222222 680
1778599066545 0.3111111111111111 700
1778599067734 0.32 720
1778599068925 0.3288888888888889 740
1778599075599 0.3333333333333333 750
1778599077361 0.3377777777777778 760
1778599078544 0.3466666666666667 780
1778599079752 0.35555555555555557 800
1778599080936 0.36444444444444446 820
1778599082124 0.37333333333333335 840
1778599083300 0.38222222222222224 860
1778599084477 0.39111111111111113 880
1778599085670 0.4 900
1778599086840 0.4088888888888889 920
1778599088017 0.4177777777777778 940
1778599089194 0.4266666666666667 960
1778599090367 0.43555555555555553 980
1778599091539 0.4444444444444444 1000
1778599097648 0.4444444444444444 1000
1778599100164 0.4533333333333333 1020
1778599101351 0.4622222222222222 1040
1778599102530 0.4711111111111111 1060
1778599103723 0.48 1080
1778599104905 0.4888888888888889 1100
1778599106094 0.49777777777777776 1120
1778599107275 0.5066666666666667 1140
1778599108457 0.5155555555555555 1160
1778599109630 0.5244444444444445 1180
1778599110805 0.5333333333333333 1200
1778599111996 0.5422222222222223 1220
1778599113181 0.5511111111111111 1240
1778599119878 0.5555555555555556 1250
1778599121791 0.56 1260
1778599122972 0.5688888888888889 1280
1778599124156 0.5777777777777777 1300
1778599125339 0.5866666666666667 1320
1778599126522 0.5955555555555555 1340
1778599127721 0.6044444444444445 1360
1778599128901 0.6133333333333333 1380
1778599130087 0.6222222222222222 1400
1778599131266 0.6311111111111111 1420
1778599132444 0.64 1440
1778599133630 0.6488888888888888 1460
1778599134810 0.6577777777777778 1480
1778599135996 0.6666666666666666 1500
1778599142078 0.6666666666666666 1500
1778599144600 0.6755555555555556 1520
1778599145782 0.6844444444444444 1540
1778599146972 0.6933333333333334 1560
1778599148153 0.7022222222222222 1580
1778599149329 0.7111111111111111 1600
1778599150521 0.72 1620
1778599151700 0.7288888888888889 1640
1778599152887 0.7377777777777778 1660
1778599154070 0.7466666666666667 1680
1778599155261 0.7555555555555555 1700
1778599156465 0.7644444444444445 1720
1778599157681 0.7733333333333333 1740
1778599164407 0.7777777777777778 1750
1778599166313 0.7822222222222223 1760
1778599167497 0.7911111111111111 1780
1778599168686 0.8 1800
1778599169879 0.8088888888888889 1820
1778599171073 0.8177777777777778 1840
1778599172257 0.8266666666666667 1860
1778599173444 0.8355555555555556 1880
1778599174623 0.8444444444444444 1900
1778599175799 0.8533333333333334 1920
1778599176980 0.8622222222222222 1940
1778599178166 0.8711111111111111 1960
1778599179355 0.88 1980
1778599180542 0.8888888888888888 2000
1778599186635 0.8888888888888888 2000
1778599189182 0.8977777777777778 2020
1778599190355 0.9066666666666666 2040
1778599191532 0.9155555555555556 2060
1778599192715 0.9244444444444444 2080
1778599193909 0.9333333333333333 2100
1778599195104 0.9422222222222222 2120
1778599196307 0.9511111111111111 2140
1778599197484 0.96 2160
1778599198654 0.9688888888888889 2180
1778599199832 0.9777777777777777 2200
1778599201013 0.9866666666666667 2220
1778599202192 0.9955555555555555 2240
1778599208846 1.0 2250
1778599210758 1.0044444444444445 2260
1778599211951 1.0133333333333334 2280
1778599213131 1.0222222222222221 2300
1778599214314 1.031111111111111 2320
1778599215507 1.04 2340
1778599216678 1.048888888888889 2360
1778599217859 1.0577777777777777 2380
1778599219040 1.0666666666666667 2400
1778599220225 1.0755555555555556 2420
1778599221410 1.0844444444444445 2440
1778599222590 1.0933333333333333 2460
1778599223766 1.1022222222222222 2480
1778599224954 1.1111111111111112 2500
1778599231071 1.1111111111111112 2500
1778599233613 1.12 2520
1778599234799 1.1288888888888888 2540
1778599235971 1.1377777777777778 2560
1778599237148 1.1466666666666667 2580
1778599238345 1.1555555555555554 2600
1778599239530 1.1644444444444444 2620
1778599240710 1.1733333333333333 2640
1778599241889 1.1822222222222223 2660
1778599243087 1.1911111111111112 2680
1778599244261 1.2 2700
1778599245443 1.208888888888889 2720
1778599246620 1.2177777777777778 2740
1778599253300 1.2222222222222223 2750
1778599255199 1.2266666666666666 2760
1778599256388 1.2355555555555555 2780
1778599257577 1.2444444444444445 2800
1778599258756 1.2533333333333334 2820
1778599259946 1.2622222222222224 2840
1778599261133 1.271111111111111 2860
1778599262317 1.28 2880
1778599263501 1.2888888888888888 2900
1778599264678 1.2977777777777777 2920
1778599265865 1.3066666666666666 2940
1778599267054 1.3155555555555556 2960
1778599268219 1.3244444444444445 2980
1778599269400 1.3333333333333333 3000
1778599275534 1.3333333333333333 3000
1778599278072 1.3422222222222222 3020
1778599279254 1.3511111111111112 3040
1778599280427 1.3599999999999999 3060
1778599281604 1.3688888888888888 3080
1778599282793 1.3777777777777778 3100
1778599283986 1.3866666666666667 3120
1778599285179 1.3955555555555557 3140
1778599286376 1.4044444444444444 3160
1778599287560 1.4133333333333333 3180
1778599288744 1.4222222222222223 3200
1778599289944 1.431111111111111 3220
1778599291125 1.44 3240
1778599297835 1.4444444444444444 3250
1778599299732 1.448888888888889 3260
1778599300925 1.4577777777777778 3280
1778599302102 1.4666666666666668 3300
1778599303283 1.4755555555555555 3320
1778599304464 1.4844444444444445 3340
1778599305659 1.4933333333333334 3360
1778599306836 1.5022222222222221 3380
1778599308006 1.511111111111111 3400
1778599309178 1.52 3420
1778599310361 1.528888888888889 3440
1778599311553 1.537777777777778 3460
1778599312737 1.5466666666666666 3480
1778599313932 1.5555555555555556 3500
1778599320027 1.5555555555555556 3500
1778599322574 1.5644444444444443 3520
1778599323763 1.5733333333333333 3540
1778599324953 1.5822222222222222 3560
1778599326141 1.5911111111111111 3580
1778599327314 1.6 3600
1778599328498 1.608888888888889 3620
1778599329682 1.6177777777777778 3640
1778599330861 1.6266666666666667 3660
1778599332057 1.6355555555555554 3680
1778599333238 1.6444444444444444 3700
1778599334415 1.6533333333333333 3720
1778599335602 1.6622222222222223 3740
1778599342418 1.6666666666666665 3750
1778599344337 1.6711111111111112 3760
1778599345517 1.6800000000000002 3780
1778599346697 1.6888888888888889 3800
1778599347871 1.6977777777777778 3820
1778599349058 1.7066666666666666 3840
1778599350252 1.7155555555555555 3860
1778599351437 1.7244444444444444 3880
1778599352616 1.7333333333333334 3900
1778599353801 1.7422222222222223 3920
1778599354987 1.751111111111111 3940
1778599356175 1.76 3960
1778599357344 1.7688888888888887 3980
1778599358526 1.7777777777777777 4000
1778599364637 1.7777777777777777 4000
1778599367146 1.7866666666666666 4020
1778599368330 1.7955555555555556 4040
1778599369513 1.8044444444444445 4060
1778599370698 1.8133333333333335 4080
1778599371886 1.8222222222222222 4100
1778599373069 1.8311111111111111 4120
1778599374244 1.8399999999999999 4140
1778599375418 1.8488888888888888 4160
1778599376593 1.8577777777777778 4180
1778599377769 1.8666666666666667 4200
1778599378946 1.8755555555555556 4220
1778599380136 1.8844444444444446 4240
1778599386828 1.8888888888888888 4250
1778599388775 1.8933333333333333 4260
1778599389961 1.9022222222222223 4280
1778599391146 1.911111111111111 4300
1778599392327 1.92 4320
1778599393511 1.9288888888888889 4340
1778599394700 1.9377777777777778 4360
1778599395881 1.9466666666666668 4380
1778599397064 1.9555555555555557 4400
1778599398248 1.9644444444444444 4420
1778599399432 1.9733333333333334 4440
1778599400613 1.982222222222222 4460
1778599401797 1.991111111111111 4480
1778599402989 2.0 4500
1778599409082 2.0 4500
1778599411619 2.008888888888889 4520
1778599412818 2.017777777777778 4540
1778599414010 2.026666666666667 4560
1778599415200 2.0355555555555553 4580
1778599416386 2.0444444444444443 4600
1778599417562 2.0533333333333332 4620
1778599418751 2.062222222222222 4640
1778599419930 2.071111111111111 4660
1778599421103 2.08 4680
1778599422287 2.088888888888889 4700
1778599423472 2.097777777777778 4720
1778599424663 2.1066666666666665 4740
1778599431348 2.111111111111111 4750
1778599433257 2.1155555555555554 4760
1778599434446 2.1244444444444444 4780
1778599435637 2.1333333333333333 4800
1778599436826 2.1422222222222222 4820
1778599438021 2.151111111111111 4840
1778599439197 2.16 4860
1778599440371 2.168888888888889 4880
1778599441544 2.1777777777777776 4900
1778599442733 2.1866666666666665 4920
1778599443916 2.1955555555555555 4940
1778599445107 2.2044444444444444 4960
1778599446274 2.2133333333333334 4980
1778599447468 2.2222222222222223 5000
1778599453604 2.2222222222222223 5000
1778599456147 2.2311111111111113 5020
1778599457330 2.24 5040
1778599458519 2.2488888888888887 5060
1778599459701 2.2577777777777777 5080
1778599460880 2.2666666666666666 5100
1778599462066 2.2755555555555556 5120
1778599463244 2.2844444444444445 5140
1778599464429 2.2933333333333334 5160
1778599465626 2.3022222222222224 5180
1778599466815 2.311111111111111 5200
1778599467995 2.32 5220
1778599469190 2.328888888888889 5240
1778599475866 2.3333333333333335 5250
1778599477760 2.3377777777777777 5260
1778599478933 2.3466666666666667 5280
1778599480112 2.3555555555555556 5300
1778599481295 2.3644444444444446 5320
1778599482491 2.3733333333333335 5340
1778599483661 2.3822222222222225 5360
1778599484849 2.391111111111111 5380
1778599486037 2.4 5400
1778599487220 2.408888888888889 5420
1778599488404 2.417777777777778 5440
1778599489586 2.4266666666666667 5460
1778599490759 2.4355555555555557 5480
1778599491963 2.4444444444444446 5500
1778599498051 2.4444444444444446 5500
1778599500580 2.453333333333333 5520
1778599501770 2.462222222222222 5540
1778599502976 2.471111111111111 5560
1778599504153 2.48 5580
1778599505341 2.488888888888889 5600
1778599506527 2.497777777777778 5620
1778599507702 2.506666666666667 5640
1778599508889 2.5155555555555553 5660
1778599510072 2.5244444444444447 5680
1778599511251 2.533333333333333 5700
1778599512438 2.542222222222222 5720
1778599513624 2.551111111111111 5740
1778599520411 2.5555555555555554 5750
1778599522316 2.56 5760
1778599523508 2.568888888888889 5780
1778599524696 2.5777777777777775 5800
1778599525879 2.586666666666667 5820
1778599527061 2.5955555555555554 5840
1778599528246 2.6044444444444443 5860
1778599529437 2.6133333333333333 5880
1778599530620 2.6222222222222222 5900
1778599531793 2.631111111111111 5920
1778599532984 2.64 5940
1778599534164 2.648888888888889 5960
1778599535355 2.6577777777777776 5980
1778599536537 2.6666666666666665 6000
1778599542628 2.6666666666666665 6000
1778599545160 2.6755555555555555 6020
1778599546349 2.6844444444444444 6040
1778599547526 2.6933333333333334 6060
1778599548704 2.7022222222222223 6080
1778599549889 2.7111111111111112 6100
1778599551071 2.7199999999999998 6120
1778599552258 2.728888888888889 6140
1778599553439 2.7377777777777776 6160
1778599554622 2.7466666666666666 6180
1778599555816 2.7555555555555555 6200
1778599557003 2.7644444444444445 6220
1778599558197 2.7733333333333334 6240
1778599564898 2.7777777777777777 6250
1778599566797 2.7822222222222224 6260
1778599567989 2.7911111111111113 6280
1778599569179 2.8 6300
1778599570355 2.8088888888888888 6320
1778599571543 2.8177777777777777 6340
1778599572724 2.8266666666666667 6360
1778599573905 2.8355555555555556 6380
1778599575082 2.8444444444444446 6400
1778599576265 2.8533333333333335 6420
1778599577444 2.862222222222222 6440
1778599578642 2.871111111111111 6460
1778599579817 2.88 6480
1778599581005 2.888888888888889 6500
1778599587087 2.888888888888889 6500
1778599589622 2.897777777777778 6520
1778599590815 2.9066666666666667 6540
1778599591993 2.9155555555555557 6560
1778599593179 2.924444444444444 6580
1778599594363 2.9333333333333336 6600
1778599595537 2.942222222222222 6620
1778599596717 2.951111111111111 6640
1778599597916 2.96 6660
1778599599110 2.968888888888889 6680
1778599600287 2.977777777777778 6700
1778599601472 2.986666666666667 6720
1778599602658 2.9955555555555557 6740
1778599609337 3.0 6750
1778599611254 3.0044444444444443 6760
1778599612446 3.013333333333333 6780
1778599613630 3.022222222222222 6800
1778599614821 3.031111111111111 6820
1778599615999 3.04 6840
1778599617176 3.048888888888889 6860
1778599618356 3.057777777777778 6880
1778599619542 3.066666666666667 6900
1778599620731 3.0755555555555554 6920
1778599621915 3.0844444444444443 6940
1778599623096 3.0933333333333333 6960
1778599624274 3.102222222222222 6980
1778599625468 3.111111111111111 7000
1778599631559 3.111111111111111 7000
1778599634095 3.12 7020
1778599635289 3.128888888888889 7040
1778599636473 3.137777777777778 7060
1778599637659 3.1466666666666665 7080
1778599638850 3.1555555555555554 7100
1778599640033 3.1644444444444444 7120
1778599641214 3.1733333333333333 7140
1778599642399 3.1822222222222223 7160
1778599643579 3.1911111111111112 7180
1778599644765 3.2 7200
1778599645954 3.2088888888888887 7220
1778599647148 3.2177777777777776 7240
1778599653822 3.2222222222222223 7250
1778599655731 3.2266666666666666 7260
1778599656912 3.2355555555555555 7280
1778599658098 3.2444444444444445 7300
1778599659267 3.2533333333333334 7320
1778599660449 3.2622222222222224 7340
1778599661634 3.2711111111111113 7360
1778599662815 3.2800000000000002 7380
1778599664002 3.2888888888888888 7400
1778599665183 3.2977777777777777 7420
1778599666369 3.3066666666666666 7440
1778599667544 3.3155555555555556 7460
1778599668724 3.3244444444444445 7480
1778599669918 3.3333333333333335 7500
1778599676004 3.3333333333333335 7500
1778599678525 3.3422222222222224 7520
1778599679698 3.351111111111111 7540
1778599680888 3.36 7560
1778599682071 3.368888888888889 7580
1778599683255 3.3777777777777778 7600
1778599684446 3.3866666666666667 7620
1778599685632 3.3955555555555557 7640
1778599686817 3.4044444444444446 7660
1778599688016 3.413333333333333 7680
1778599689205 3.422222222222222 7700
1778599690395 3.431111111111111 7720
1778599691578 3.44 7740
1778599698293 3.4444444444444446 7750
1778599700365 3.448888888888889 7760
1778599701580 3.457777777777778 7780
1778599702758 3.466666666666667 7800
1778599703947 3.4755555555555557 7820
1778599705125 3.4844444444444447 7840
1778599706311 3.493333333333333 7860
1778599707503 3.502222222222222 7880
1778599708684 3.511111111111111 7900
1778599709861 3.52 7920
1778599711062 3.528888888888889 7940
1778599712250 3.537777777777778 7960
1778599713441 3.546666666666667 7980
1778599714631 3.5555555555555554 8000
1778599720728 3.5555555555555554 8000
1778599723270 3.5644444444444443 8020
1778599724460 3.5733333333333333 8040
1778599725650 3.582222222222222 8060
1778599726826 3.591111111111111 8080
1778599728004 3.6 8100
1778599729179 3.608888888888889 8120
1778599730368 3.6177777777777775 8140
1778599731551 3.626666666666667 8160
1778599732728 3.6355555555555554 8180
1778599733919 3.6444444444444444 8200
1778599735103 3.6533333333333333 8220
1778599736284 3.6622222222222223 8240
1778599743031 3.6666666666666665 8250
1778599744996 3.671111111111111 8260
1778599746183 3.68 8280
1778599747365 3.688888888888889 8300
1778599748554 3.6977777777777776 8320
1778599749736 3.7066666666666666 8340
1778599750913 3.7155555555555555 8360
1778599752104 3.7244444444444444 8380
1778599753290 3.7333333333333334 8400
1778599754478 3.7422222222222223 8420
1778599755654 3.7511111111111113 8440
1778599756832 3.76 8460
1778599758017 3.7688888888888887 8480
1778599759203 3.7777777777777777 8500
1778599765356 3.7777777777777777 8500
1778599767908 3.7866666666666666 8520
1778599769090 3.7955555555555556 8540
1778599770280 3.8044444444444445 8560
1778599771469 3.8133333333333335 8580
1778599772658 3.822222222222222 8600
1778599773853 3.8311111111111114 8620
1778599775041 3.84 8640
1778599776233 3.848888888888889 8660
1778599777417 3.8577777777777778 8680
1778599778598 3.8666666666666667 8700
1778599779783 3.8755555555555556 8720
1778599780972 3.8844444444444446 8740
1778599787710 3.888888888888889 8750
1778599789702 3.8933333333333335 8760
1778599790877 3.902222222222222 8780
1778599792069 3.911111111111111 8800
1778599793243 3.92 8820
1778599794427 3.928888888888889 8840
1778599795603 3.937777777777778 8860
1778599796802 3.9466666666666668 8880
1778599797978 3.9555555555555557 8900
1778599799154 3.964444444444444 8920
1778599800330 3.9733333333333336 8940
1778599801512 3.982222222222222 8960
1778599802699 3.991111111111111 8980
1778599803885 4.0 9000
1778599810001 4.0 9000
1778599812541 4.0088888888888885 9020
1778599813714 4.017777777777778 9040
1778599814905 4.026666666666666 9060
1778599816091 4.035555555555556 9080
1778599817269 4.044444444444444 9100
1778599818453 4.053333333333334 9120
1778599819633 4.062222222222222 9140
1778599820802 4.071111111111111 9160
1778599821992 4.08 9180
1778599823171 4.088888888888889 9200
1778599824364 4.097777777777778 9220
1778599825545 4.1066666666666665 9240
1778599832308 4.111111111111111 9250
1778599834278 4.115555555555556 9260
1778599835471 4.124444444444444 9280
1778599836662 4.133333333333334 9300
1778599837837 4.142222222222222 9320
1778599839031 4.151111111111111 9340
1778599840212 4.16 9360
1778599841400 4.168888888888889 9380
1778599842573 4.177777777777778 9400
1778599843746 4.1866666666666665 9420
1778599844928 4.195555555555556 9440
1778599846112 4.204444444444444 9460
1778599847286 4.213333333333333 9480
1778599848464 4.222222222222222 9500
1778599854548 4.222222222222222 9500
1778599857118 4.231111111111111 9520
1778599858308 4.24 9540
1778599859493 4.248888888888889 9560
1778599860671 4.257777777777778 9580
1778599861850 4.266666666666667 9600
1778599863041 4.275555555555556 9620
1778599864218 4.2844444444444445 9640
1778599865416 4.293333333333333 9660
1778599866597 4.302222222222222 9680
1778599867792 4.311111111111111 9700
1778599868980 4.32 9720
1778599870177 4.328888888888889 9740
1778599876881 4.333333333333333 9750
1778599878819 4.337777777777778 9760
1778599879998 4.346666666666667 9780
1778599881198 4.355555555555555 9800
1778599882408 4.364444444444445 9820
1778599883632 4.373333333333333 9840
1778599884818 4.3822222222222225 9860
1778599885992 4.391111111111111 9880
1778599887169 4.4 9900
1778599888349 4.408888888888889 9920
1778599889531 4.417777777777777 9940
1778599890718 4.426666666666667 9960
1778599891894 4.435555555555555 9980
1778599893081 4.444444444444445 10000
1778599899165 4.444444444444445 10000
1778599901697 4.453333333333333 10020
1778599902874 4.4622222222222225 10040
1778599904062 4.471111111111111 10060
1778599905249 4.48 10080
1778599906440 4.488888888888889 10100
1778599907621 4.497777777777777 10120
1778599908811 4.506666666666667 10140
1778599909995 4.515555555555555 10160
1778599911178 4.524444444444445 10180
1778599912376 4.533333333333333 10200
1778599913566 4.542222222222223 10220
1778599914740 4.551111111111111 10240
1778599921433 4.555555555555555 10250
1778599923422 4.5600000000000005 10260
1778599924607 4.568888888888889 10280
1778599925791 4.5777777777777775 10300
1778599926978 4.586666666666667 10320
1778599928165 4.595555555555555 10340
1778599929358 4.604444444444445 10360
1778599930526 4.613333333333333 10380
1778599931703 4.622222222222222 10400
1778599932885 4.631111111111111 10420
1778599934073 4.64 10440
1778599935256 4.648888888888889 10460
1778599936432 4.657777777777778 10480
1778599937610 4.666666666666667 10500
1778599943701 4.666666666666667 10500
1778599946233 4.6755555555555555 10520
1778599947426 4.684444444444445 10540
1778599948616 4.693333333333333 10560
1778599949804 4.702222222222222 10580
1778599950988 4.711111111111111 10600
1778599952163 4.72 10620
1778599953349 4.728888888888889 10640
1778599954532 4.737777777777778 10660
1778599955703 4.746666666666667 10680
1778599956877 4.7555555555555555 10700
1778599958067 4.764444444444445 10720
1778599959261 4.773333333333333 10740
1778599966004 4.777777777777778 10750
1778599967964 4.782222222222222 10760
1778599969148 4.791111111111111 10780
1778599970325 4.8 10800
1778599971516 4.808888888888889 10820
1778599972686 4.817777777777778 10840
1778599973858 4.826666666666666 10860
1778599975033 4.835555555555556 10880
1778599976223 4.844444444444444 10900
1778599977396 4.8533333333333335 10920
1778599978583 4.862222222222222 10940
1778599979775 4.871111111111111 10960
1778599980980 4.88 10980
1778599982155 4.888888888888889 11000
1778599988309 4.888888888888889 11000
1778599990894 4.897777777777778 11020
1778599992088 4.906666666666666 11040
1778599993278 4.915555555555556 11060
1778599994453 4.924444444444444 11080
1778599995635 4.933333333333334 11100
1778599996813 4.942222222222222 11120
1778599998007 4.9511111111111115 11140
1778599999190 4.96 11160
1778600000368 4.968888888888889 11180
1778600001559 4.977777777777778 11200
1778600002732 4.986666666666666 11220
1778600003923 4.995555555555556 11240
1778600010607 5.0 11250
1778600012547 5.004444444444444 11260
1778600013736 5.013333333333334 11280
1778600014930 5.022222222222222 11300
1778600016106 5.0311111111111115 11320
1778600017298 5.04 11340
1778600018480 5.0488888888888885 11360
1778600019666 5.057777777777778 11380
1778600020842 5.066666666666666 11400
1778600022019 5.075555555555556 11420
1778600023208 5.084444444444444 11440
1778600024394 5.093333333333334 11460
1778600025569 5.102222222222222 11480
1778600026755 5.111111111111111 11500
1778600032869 5.111111111111111 11500
1778600035403 5.12 11520
1778600036587 5.128888888888889 11540
1778600037762 5.137777777777778 11560
1778600038947 5.1466666666666665 11580
1778600040128 5.155555555555556 11600
1778600041312 5.164444444444444 11620
1778600042493 5.173333333333334 11640
1778600043682 5.182222222222222 11660
1778600044867 5.191111111111111 11680
1778600046048 5.2 11700
1778600047238 5.208888888888889 11720
1778600048418 5.217777777777778 11740
1778600055100 5.222222222222222 11750
1778600057083 5.226666666666667 11760
1778600058255 5.235555555555556 11780
1778600059438 5.2444444444444445 11800
1778600060624 5.253333333333333 11820
1778600061803 5.262222222222222 11840
1778600063005 5.271111111111111 11860
1778600064222 5.28 11880
1778600065402 5.288888888888889 11900
1778600066584 5.297777777777778 11920
1778600067779 5.306666666666667 11940
1778600068962 5.315555555555555 11960
1778600070146 5.3244444444444445 11980
1778600071337 5.333333333333333 12000
1778600077422 5.333333333333333 12000
1778600079951 5.342222222222222 12020
1778600081128 5.351111111111111 12040
1778600082306 5.36 12060
1778600083491 5.368888888888889 12080
1778600084671 5.377777777777778 12100
1778600085856 5.386666666666667 12120
1778600087042 5.395555555555555 12140
1778600088224 5.404444444444445 12160
1778600089401 5.413333333333333 12180
1778600090583 5.4222222222222225 12200
1778600091760 5.431111111111111 12220
1778600092953 5.44 12240
1778600099693 5.444444444444445 12250
1778600101669 5.448888888888889 12260
1778600102856 5.457777777777777 12280
1778600104045 5.466666666666667 12300
1778600105226 5.475555555555555 12320
1778600106405 5.484444444444445 12340
1778600107600 5.493333333333333 12360
1778600108794 5.502222222222223 12380
1778600109988 5.511111111111111 12400
1778600111181 5.52 12420
1778600112363 5.528888888888889 12440
1778600113545 5.5377777777777775 12460
1778600114719 5.546666666666667 12480
1778600115891 5.555555555555555 12500
1778600121999 5.555555555555555 12500
1778600124517 5.564444444444445 12520
1778600125710 5.573333333333333 12540
1778600126893 5.582222222222223 12560
1778600128081 5.591111111111111 12580
1778600129263 5.6 12600
1778600130449 5.608888888888889 12620
1778600131642 5.6177777777777775 12640
1778600132830 5.626666666666667 12660
1778600134003 5.635555555555555 12680
1778600135182 5.644444444444445 12700
1778600136366 5.653333333333333 12720
1778600137553 5.662222222222223 12740
1778600144259 5.666666666666667 12750
1778600146238 5.671111111111111 12760
1778600147412 5.68 12780
1778600148588 5.688888888888889 12800
1778600149766 5.697777777777778 12820
1778600150949 5.706666666666667 12840
1778600152138 5.7155555555555555 12860
1778600153325 5.724444444444444 12880
1778600154506 5.733333333333333 12900
1778600155700 5.742222222222222 12920
1778600156876 5.751111111111111 12940
1778600158059 5.76 12960
1778600159244 5.768888888888889 12980
1778600160436 5.777777777777778 13000
1778600166551 5.777777777777778 13000
1778600169111 5.786666666666667 13020
1778600170294 5.795555555555556 13040
1778600171474 5.804444444444444 13060
1778600172672 5.8133333333333335 13080
1778600173853 5.822222222222222 13100
1778600175054 5.831111111111111 13120
1778600176242 5.84 13140
1778600177424 5.848888888888889 13160
1778600178618 5.857777777777778 13180
1778600179801 5.866666666666667 13200
1778600180987 5.875555555555556 13220
1778600182182 5.884444444444444 13240
1778600188859 5.888888888888889 13250
1778600190789 5.8933333333333335 13260
1778600191978 5.902222222222222 13280
1778600193163 5.911111111111111 13300
1778600194346 5.92 13320
1778600195533 5.928888888888888 13340
1778600196720 5.937777777777778 13360
1778600197914 5.946666666666666 13380
1778600199095 5.955555555555556 13400
1778600200282 5.964444444444444 13420
1778600201461 5.973333333333334 13440
1778600202645 5.982222222222222 13460
1778600203824 5.9911111111111115 13480
1778600205010 6.0 13500
1778600211097 6.0 13500
1778600213662 6.0088888888888885 13520
1778600214843 6.017777777777778 13540
1778600216019 6.026666666666666 13560
1778600217212 6.035555555555556 13580
1778600218400 6.044444444444444 13600
1778600219586 6.053333333333334 13620
1778600220763 6.062222222222222 13640
1778600221940 6.071111111111111 13660
1778600223124 6.08 13680
1778600224305 6.088888888888889 13700
1778600225485 6.097777777777778 13720
1778600226682 6.1066666666666665 13740
1778600233422 6.111111111111111 13750
1778600235366 6.115555555555556 13760
1778600236544 6.124444444444444 13780
1778600237730 6.133333333333334 13800
1778600238914 6.142222222222222 13820
1778600240096 6.151111111111111 13840
1778600241290 6.16 13860
1778600242478 6.168888888888889 13880
1778600243663 6.177777777777778 13900
1778600244872 6.1866666666666665 13920
1778600246095 6.195555555555556 13940
1778600247284 6.204444444444444 13960
1778600248473 6.213333333333333 13980
1778600249657 6.222222222222222 14000
1778600255728 6.222222222222222 14000
1778600258238 6.231111111111111 14020
1778600259450 6.24 14040
1778600260634 6.248888888888889 14060
1778600261819 6.257777777777778 14080
1778600263007 6.266666666666667 14100
1778600264192 6.275555555555556 14120
1778600265371 6.2844444444444445 14140
1778600266551 6.293333333333333 14160
1778600267725 6.302222222222222 14180
1778600268905 6.311111111111111 14200
1778600270086 6.32 14220
1778600271283 6.328888888888889 14240
1778600277962 6.333333333333333 14250
1778600279954 6.337777777777778 14260
1778600281140 6.346666666666667 14280
1778600282323 6.355555555555555 14300
1778600283500 6.364444444444445 14320
1778600284682 6.373333333333333 14340
1778600285875 6.3822222222222225 14360
1778600287063 6.391111111111111 14380
1778600288240 6.4 14400
1778600289415 6.408888888888889 14420
1778600290589 6.417777777777777 14440
1778600291771 6.426666666666667 14460
1778600292952 6.435555555555555 14480
1778600294136 6.444444444444445 14500
1778600300264 6.444444444444445 14500
1778600302773 6.453333333333333 14520
1778600303949 6.4622222222222225 14540
1778600305139 6.471111111111111 14560
1778600306319 6.48 14580
1778600307499 6.488888888888889 14600
1778600308672 6.497777777777777 14620
1778600309855 6.506666666666667 14640
1778600311051 6.515555555555555 14660
1778600312233 6.524444444444445 14680
1778600313422 6.533333333333333 14700
1778600314617 6.542222222222223 14720
1778600315804 6.551111111111111 14740
1778600322493 6.555555555555555 14750
1778600324457 6.5600000000000005 14760
1778600325638 6.568888888888889 14780
1778600326827 6.5777777777777775 14800
1778600327997 6.586666666666667 14820
1778600329175 6.595555555555555 14840
1778600330357 6.604444444444445 14860
1778600331541 6.613333333333333 14880
1778600332724 6.622222222222222 14900
1778600333909 6.631111111111111 14920
1778600335085 6.64 14940
1778600336273 6.648888888888889 14960
1778600337457 6.657777777777778 14980
1778600338637 6.666666666666667 15000
1778600344771 6.666666666666667 15000
1778600347319 6.6755555555555555 15020
1778600348503 6.684444444444445 15040
1778600349677 6.693333333333333 15060
1778600350853 6.702222222222222 15080
1778600352041 6.711111111111111 15100
1778600353244 6.72 15120
1778600354423 6.728888888888889 15140
1778600355607 6.737777777777778 15160
1778600356795 6.746666666666667 15180
1778600357976 6.7555555555555555 15200
1778600359154 6.764444444444445 15220
1778600360326 6.773333333333333 15240
1778600367029 6.777777777777778 15250
1778600368961 6.782222222222222 15260
1778600370143 6.791111111111111 15280
1778600371325 6.8 15300
1778600372493 6.808888888888889 15320
1778600373683 6.817777777777778 15340
1778600374861 6.826666666666666 15360
1778600376049 6.835555555555556 15380
1778600377237 6.844444444444444 15400
1778600378421 6.8533333333333335 15420
1778600379601 6.862222222222222 15440
1778600380785 6.871111111111111 15460
1778600381954 6.88 15480
1778600383142 6.888888888888889 15500
1778600389274 6.888888888888889 15500
1778600391822 6.897777777777778 15520
1778600393007 6.906666666666666 15540
1778600394187 6.915555555555556 15560
1778600395366 6.924444444444444 15580
1778600396541 6.933333333333334 15600
1778600397713 6.942222222222222 15620
1778600398903 6.9511111111111115 15640
1778600400099 6.96 15660
1778600401292 6.968888888888889 15680
1778600402477 6.977777777777778 15700
1778600403644 6.986666666666666 15720
1778600404819 6.995555555555556 15740
1778600411499 7.0 15750
1778600413440 7.004444444444444 15760
1778600414632 7.013333333333334 15780
1778600415826 7.022222222222222 15800
1778600417021 7.0311111111111115 15820
1778600418215 7.04 15840
1778600419400 7.0488888888888885 15860
1778600420579 7.057777777777778 15880
1778600421762 7.066666666666666 15900
1778600422948 7.075555555555556 15920
1778600424130 7.084444444444444 15940
1778600425325 7.093333333333334 15960
1778600426570 7.102222222222222 15980
1778600427767 7.111111111111111 16000
1778600433845 7.111111111111111 16000
1778600436376 7.12 16020
1778600437564 7.128888888888889 16040
1778600438742 7.137777777777778 16060
1778600439918 7.1466666666666665 16080
1778600441101 7.155555555555556 16100
1778600442278 7.164444444444444 16120
1778600443463 7.173333333333334 16140
1778600444639 7.182222222222222 16160
1778600445830 7.191111111111111 16180
1778600447014 7.2 16200
1778600448192 7.208888888888889 16220
1778600449379 7.217777777777778 16240
1778600456071 7.222222222222222 16250
1778600458048 7.226666666666667 16260
1778600459237 7.235555555555556 16280
1778600460426 7.2444444444444445 16300
1778600461616 7.253333333333333 16320
1778600462806 7.262222222222222 16340
1778600463979 7.271111111111111 16360
1778600465162 7.28 16380
1778600466365 7.288888888888889 16400
1778600467543 7.297777777777778 16420
1778600468727 7.306666666666667 16440
1778600469906 7.315555555555555 16460
1778600471093 7.3244444444444445 16480
1778600472284 7.333333333333333 16500
1778600478349 7.333333333333333 16500
1778600480861 7.342222222222222 16520
1778600482041 7.351111111111111 16540
1778600483224 7.36 16560
1778600484416 7.368888888888889 16580
1778600485594 7.377777777777778 16600
1778600486769 7.386666666666667 16620
1778600487951 7.395555555555555 16640
1778600489131 7.404444444444445 16660
1778600490312 7.413333333333333 16680
1778600491502 7.4222222222222225 16700
1778600492689 7.431111111111111 16720
1778600493859 7.44 16740
1778600500545 7.444444444444445 16750
1778600502526 7.448888888888889 16760
1778600503712 7.457777777777777 16780
1778600504910 7.466666666666667 16800
1778600506088 7.475555555555555 16820
1778600507261 7.484444444444445 16840
1778600508454 7.493333333333333 16860
1778600509636 7.502222222222223 16880
1778600510818 7.511111111111111 16900
1778600512010 7.52 16920
1778600513203 7.528888888888889 16940
1778600514387 7.5377777777777775 16960
1778600515563 7.546666666666667 16980
1778600516737 7.555555555555555 17000
1778600522869 7.555555555555555 17000
1778600525381 7.564444444444445 17020
1778600526555 7.573333333333333 17040
1778600527737 7.582222222222223 17060
1778600528930 7.591111111111111 17080
1778600530109 7.6 17100
1778600531302 7.608888888888889 17120
1778600532481 7.6177777777777775 17140
1778600533661 7.626666666666667 17160
1778600534846 7.635555555555555 17180
1778600536033 7.644444444444445 17200
1778600537218 7.653333333333333 17220
1778600538406 7.662222222222223 17240
1778600545130 7.666666666666667 17250
1778600547072 7.671111111111111 17260
1778600548253 7.68 17280
1778600549440 7.688888888888889 17300
1778600550623 7.697777777777778 17320
1778600551804 7.706666666666667 17340
1778600552988 7.7155555555555555 17360
1778600554173 7.724444444444444 17380
1778600555350 7.733333333333333 17400
1778600556534 7.742222222222222 17420
1778600557723 7.751111111111111 17440
1778600558908 7.76 17460
1778600560080 7.768888888888889 17480
1778600561267 7.777777777777778 17500
1778600567389 7.777777777777778 17500
1778600569952 7.786666666666667 17520
1778600571136 7.795555555555556 17540
1778600572325 7.804444444444444 17560
1778600573518 7.8133333333333335 17580
1778600574709 7.822222222222222 17600
1778600575885 7.831111111111111 17620
1778600577070 7.84 17640
1778600578259 7.848888888888889 17660
1778600579446 7.857777777777778 17680
1778600580623 7.866666666666667 17700
1778600581804 7.875555555555556 17720
1778600582991 7.884444444444444 17740
1778600589699 7.888888888888889 17750
1778600591642 7.8933333333333335 17760
1778600592830 7.902222222222222 17780
1778600594000 7.911111111111111 17800
1778600595177 7.92 17820
1778600596362 7.928888888888888 17840
1778600597544 7.937777777777778 17860
1778600598721 7.946666666666666 17880
1778600599902 7.955555555555556 17900
1778600601091 7.964444444444444 17920
1778600602278 7.973333333333334 17940
1778600603457 7.982222222222222 17960
1778600604650 7.9911111111111115 17980
1778600605835 8.0 18000
1778600612016 8.0 18000
1778600614576 8.008888888888889 18020
1778600615749 8.017777777777777 18040
1778600616928 8.026666666666667 18060
1778600618115 8.035555555555556 18080
1778600619309 8.044444444444444 18100
1778600620496 8.053333333333333 18120
1778600621672 8.062222222222223 18140
1778600622833 8.071111111111112 18160
1778600624019 8.08 18180
1778600625200 8.088888888888889 18200
1778600626381 8.097777777777777 18220
1778600627554 8.106666666666667 18240
1778600634260 8.11111111111111 18250
1778600636267 8.115555555555556 18260
1778600637483 8.124444444444444 18280
1778600638693 8.133333333333333 18300
1778600639895 8.142222222222221 18320
1778600641083 8.151111111111112 18340
1778600642273 8.16 18360
1778600643464 8.168888888888889 18380
1778600644636 8.177777777777777 18400
1778600645811 8.186666666666667 18420
1778600647000 8.195555555555556 18440
1778600648192 8.204444444444444 18460
1778600649371 8.213333333333333 18480
1778600650565 8.222222222222221 18500
1778600656659 8.222222222222221 18500
1778600659163 8.231111111111112 18520
1778600660357 8.24 18540
1778600661542 8.248888888888889 18560
1778600662725 8.257777777777777 18580
1778600663902 8.266666666666667 18600
1778600665088 8.275555555555556 18620
1778600666270 8.284444444444444 18640
1778600667459 8.293333333333333 18660
1778600668645 8.302222222222222 18680
1778600669822 8.311111111111112 18700
1778600671002 8.32 18720
1778600672183 8.328888888888889 18740
1778600678867 8.333333333333334 18750
1778600680808 8.337777777777777 18760
1778600682004 8.346666666666668 18780
1778600683188 8.355555555555556 18800
1778600684372 8.364444444444445 18820
1778600685567 8.373333333333333 18840
1778600686745 8.382222222222222 18860
1778600687928 8.391111111111112 18880
1778600689114 8.4 18900
1778600690304 8.408888888888889 18920
1778600691493 8.417777777777777 18940
1778600692683 8.426666666666666 18960
1778600693863 8.435555555555556 18980
1778600695046 8.444444444444445 19000
1778600701149 8.444444444444445 19000
1778600703705 8.453333333333333 19020
1778600704910 8.462222222222222 19040
1778600706104 8.471111111111112 19060
1778600707288 8.48 19080
1778600708480 8.488888888888889 19100
1778600709675 8.497777777777777 19120
1778600710864 8.506666666666666 19140
1778600712034 8.515555555555556 19160
1778600713224 8.524444444444445 19180
1778600714416 8.533333333333333 19200
1778600715601 8.542222222222222 19220
1778600716787 8.551111111111112 19240
1778600723483 8.555555555555555 19250
1778600725424 8.56 19260
1778600726596 8.568888888888889 19280
1778600727782 8.577777777777778 19300
1778600728970 8.586666666666666 19320
1778600730157 8.595555555555556 19340
1778600731338 8.604444444444445 19360
1778600732519 8.613333333333333 19380
1778600733708 8.622222222222222 19400
1778600734878 8.63111111111111 19420
1778600736053 8.64 19440
1778600737247 8.648888888888889 19460
1778600738441 8.657777777777778 19480
1778600739616 8.666666666666666 19500
1778600745710 8.666666666666666 19500
1778600748245 8.675555555555556 19520
1778600749428 8.684444444444445 19540
1778600750603 8.693333333333333 19560
1778600751796 8.702222222222222 19580
1778600752977 8.71111111111111 19600
1778600754159 8.72 19620
1778600755342 8.72888888888889 19640
1778600756525 8.737777777777778 19660
1778600757716 8.746666666666666 19680
1778600758908 8.755555555555556 19700
1778600760092 8.764444444444445 19720
1778600761273 8.773333333333333 19740
1778600767976 8.777777777777779 19750
1778600769945 8.782222222222222 19760
1778600771132 8.79111111111111 19780
1778600772312 8.8 19800
1778600773504 8.80888888888889 19820
1778600774679 8.817777777777778 19840
1778600775866 8.826666666666666 19860
1778600777054 8.835555555555555 19880
1778600778239 8.844444444444445 19900
1778600779421 8.853333333333333 19920
1778600780606 8.862222222222222 19940
1778600781790 8.87111111111111 19960
1778600782972 8.88 19980
1778600784152 8.88888888888889 20000
1778600790318 8.88888888888889 20000
1778600792821 8.897777777777778 20020
1778600794008 8.906666666666666 20040
1778600795205 8.915555555555555 20060
1778600796391 8.924444444444445 20080
1778600797568 8.933333333333334 20100
1778600798763 8.942222222222222 20120
1778600799952 8.95111111111111 20140
1778600801131 8.96 20160
1778600802300 8.96888888888889 20180
1778600803490 8.977777777777778 20200
1778600804676 8.986666666666666 20220
1778600805856 8.995555555555555 20240
1778600812539 9.0 20250
1778600814461 9.004444444444445 20260
1778600815648 9.013333333333334 20280
1778600816828 9.022222222222222 20300
1778600818020 9.03111111111111 20320
1778600819200 9.04 20340
1778600820376 9.04888888888889 20360
1778600821553 9.057777777777778 20380
1778600822728 9.066666666666666 20400
1778600823924 9.075555555555555 20420
1778600825101 9.084444444444445 20440
1778600826283 9.093333333333334 20460
1778600827459 9.102222222222222 20480
1778600828647 9.11111111111111 20500
1778600834745 9.11111111111111 20500
1778600837292 9.12 20520
1778600838480 9.12888888888889 20540
1778600839654 9.137777777777778 20560
1778600840847 9.146666666666667 20580
1778600842030 9.155555555555555 20600
1778600843212 9.164444444444445 20620
1778600844385 9.173333333333334 20640
1778600845572 9.182222222222222 20660
1778600846757 9.19111111111111 20680
1778600847951 9.2 20700
1778600849143 9.20888888888889 20720
1778600850321 9.217777777777778 20740
1778600857016 9.222222222222221 20750
1778600858989 9.226666666666667 20760
1778600860172 9.235555555555555 20780
1778600861357 9.244444444444444 20800
1778600862547 9.253333333333334 20820
1778600863731 9.262222222222222 20840
1778600864930 9.27111111111111 20860
1778600866109 9.28 20880
1778600867284 9.28888888888889 20900
1778600868466 9.297777777777778 20920
1778600869657 9.306666666666667 20940
1778600870851 9.315555555555555 20960
1778600872036 9.324444444444444 20980
1778600873227 9.333333333333334 21000
1778600879324 9.333333333333334 21000
1778600881835 9.342222222222222 21020
1778600883022 9.351111111111111 21040
1778600884204 9.36 21060
1778600885396 9.36888888888889 21080
1778600886585 9.377777777777778 21100
1778600887771 9.386666666666667 21120
1778600888969 9.395555555555555 21140
1778600890152 9.404444444444444 21160
1778600891334 9.413333333333334 21180
1778600892513 9.422222222222222 21200
1778600893701 9.431111111111111 21220
1778600894887 9.44 21240
1778600901625 9.444444444444445 21250
1778600903594 9.448888888888888 21260
1778600904787 9.457777777777778 21280
1778600905973 9.466666666666667 21300
1778600907157 9.475555555555555 21320
1778600908343 9.484444444444444 21340
1778600909528 9.493333333333334 21360
1778600910708 9.502222222222223 21380
1778600911908 9.511111111111111 21400
1778600913098 9.52 21420
1778600914285 9.528888888888888 21440
1778600915476 9.537777777777778 21460
1778600916659 9.546666666666667 21480
1778600917838 9.555555555555555 21500
1778600923935 9.555555555555555 21500
1778600926452 9.564444444444444 21520
1778600927641 9.573333333333334 21540
1778600928818 9.582222222222223 21560
1778600930009 9.591111111111111 21580
1778600931201 9.6 21600
1778600932377 9.608888888888888 21620
1778600933563 9.617777777777778 21640
1778600934742 9.626666666666667 21660
1778600935926 9.635555555555555 21680
1778600937106 9.644444444444444 21700
1778600938293 9.653333333333332 21720
1778600939467 9.662222222222223 21740
1778600946163 9.666666666666666 21750
1778600948127 9.671111111111111 21760
1778600949310 9.68 21780
1778600950497 9.688888888888888 21800
1778600951688 9.697777777777778 21820
1778600952874 9.706666666666667 21840
1778600954070 9.715555555555556 21860
1778600955261 9.724444444444444 21880
1778600956446 9.733333333333333 21900
1778600957625 9.742222222222223 21920
1778600958819 9.751111111111111 21940
1778600959991 9.76 21960
1778600961183 9.768888888888888 21980
1778600962366 9.777777777777779 22000
1778600968594 9.777777777777779 22000
1778600971224 9.786666666666667 22020
1778600972404 9.795555555555556 22040
1778600973581 9.804444444444444 22060
1778600974762 9.813333333333333 22080
1778600975949 9.822222222222223 22100
1778600977138 9.831111111111111 22120
1778600978328 9.84 22140
1778600979520 9.848888888888888 22160
1778600980700 9.857777777777777 22180
1778600981886 9.866666666666667 22200
1778600983077 9.875555555555556 22220
1778600984276 9.884444444444444 22240
1778600990985 9.88888888888889 22250
1778600992902 9.893333333333333 22260
1778600994095 9.902222222222223 22280
1778600995275 9.911111111111111 22300
1778600996464 9.92 22320
1778600997655 9.928888888888888 22340
1778600998844 9.937777777777779 22360
1778601000020 9.946666666666667 22380
1778601001191 9.955555555555556 22400
1778601002380 9.964444444444444 22420
1778601003554 9.973333333333333 22440
1778601004727 9.982222222222223 22460
1778601005907 9.991111111111111 22480
1778601007085 10.0 22500
1778601013189 10.0 22500
1778601014674 10.0 22500
1778601021000 10.0 22500
1778601047972 10.0 22500
1778601048662 10.0 0
