1778599009005 8.051118850708008 20
1778599010195 7.723994731903076 40
1778599011358 13.178211212158203 60
1778599012550 5.570066452026367 80
1778599013738 3.8534374237060547 100
1778599014918 2.8539257049560547 120
1778599016115 2.27978515625 140
1778599017301 3.3415253162384033 160
1778599018476 1.5625969171524048 180
1778599019658 0.7093514800071716 200
1778599020828 1.9852042198181152 220
1778599022013 0.8180141448974609 240
1778599033133 3.2666995525360107 260
1778599034312 0.8508923053741455 280
1778599035500 0.8957129716873169 300
1778599036684 0.5822252035140991 320
1778599037864 0.539699375629425 340
1778599039060 2.0374317169189453 360
1778599040243 0.44776079058647156 380
1778599041430 0.5607815980911255 400
1778599042607 0.9904131293296814 420
1778599043784 0.468675822019577 440
1778599044960 0.971976101398468 460
1778599046139 1.2590068578720093 480
1778599047315 1.3969476222991943 500
1778599055890 1.8830790519714355 520
1778599057086 1.521065354347229 540
1778599058271 0.7840098738670349 560
1778599059453 0.701574444770813 580
1778599060632 0.899853527545929 600
1778599061811 0.7924646735191345 620
1778599062993 0.6684029698371887 640
1778599064180 0.9434601068496704 660
1778599065364 0.9042472839355469 680
1778599066545 0.4844237267971039 700
1778599067734 2.404179811477661 720
1778599068925 0.7431321740150452 740
1778599077361 0.8081477284431458 760
1778599078544 0.5163165330886841 780
1778599079752 0.46466460824012756 800
1778599080936 0.4020243287086487 820
1778599082124 1.059921145439148 840
1778599083300 0.37616434693336487 860
1778599084477 0.9154160618782043 880
1778599085670 0.39241984486579895 900
1778599086840 0.9616007208824158 920
1778599088017 0.3997524678707123 940
1778599089194 0.4566473960876465 960
1778599090367 2.0353379249572754 980
1778599091539 0.9069381356239319 1000
1778599100164 0.34406670928001404 1020
1778599101351 1.6826941967010498 1040
1778599102530 1.2342641353607178 1060
1778599103723 2.303396701812744 1080
1778599104905 1.2632628679275513 1100
1778599106094 0.3514435291290283 1120
1778599107275 0.3993496596813202 1140
1778599108457 0.9114280939102173 1160
1778599109630 0.9326149225234985 1180
1778599110805 0.8278898000717163 1200
1778599111996 1.064077377319336 1220
1778599113181 0.979457437992096 1240
1778599121791 1.6947810649871826 1260
1778599122972 0.8217964768409729 1280
1778599124156 0.3575105369091034 1300
1778599125339 0.34380513429641724 1320
1778599126522 0.9159572124481201 1340
1778599127721 0.8460900187492371 1360
1778599128901 0.9962260723114014 1380
1778599130087 0.8412629961967468 1400
1778599131266 0.3662193715572357 1420
1778599132444 1.7417147159576416 1440
1778599133630 0.3516777753829956 1460
1778599134810 0.9195483922958374 1480
1778599135996 1.6228333711624146 1500
1778599144600 1.0912877321243286 1520
1778599145782 1.0484223365783691 1540
1778599146972 1.9968252182006836 1560
1778599148153 1.1894490718841553 1580
1778599149329 1.1260008811950684 1600
1778599150521 1.333169937133789 1620
1778599151700 0.7147645950317383 1640
1778599152887 0.41822242736816406 1660
1778599154070 1.7277295589447021 1680
1778599155261 0.8880462646484375 1700
1778599156465 0.3152613341808319 1720
1778599157681 0.3746958076953888 1740
1778599166313 0.7719419002532959 1760
1778599167497 0.7538077235221863 1780
1778599168686 0.3820265531539917 1800
1778599169879 1.5424931049346924 1820
1778599171073 0.6524509191513062 1840
1778599172257 0.462939590215683 1860
1778599173444 0.7323618531227112 1880
1778599174623 0.8091906905174255 1900
1778599175799 0.8243133425712585 1920
1778599176980 1.5645301342010498 1940
1778599178166 0.9813404083251953 1960
1778599179355 0.3314207196235657 1980
1778599180542 0.2928575873374939 2000
1778599189182 1.6403052806854248 2020
1778599190355 0.7947823405265808 2040
1778599191532 0.9710341095924377 2060
1778599192715 0.29032835364341736 2080
1778599193909 0.7614242434501648 2100
1778599195104 0.2853628993034363 2120
1778599196307 0.7827730774879456 2140
1778599197484 0.34284546971321106 2160
1778599198654 0.30091920495033264 2180
1778599199832 1.5979100465774536 2200
1778599201013 0.31278231739997864 2220
1778599202192 0.8777487874031067 2240
1778599210758 0.3046809136867523 2260
1778599211951 0.9266967177391052 2280
1778599213131 0.3410377502441406 2300
1778599214314 0.32489845156669617 2320
1778599215507 0.995943009853363 2340
1778599216678 0.8498177528381348 2360
1778599217859 1.0399634838104248 2380
1778599219040 1.096747636795044 2400
1778599220225 0.7508571147918701 2420
1778599221410 0.7614564895629883 2440
1778599222590 0.9786068201065063 2460
1778599223766 1.0119588375091553 2480
1778599224954 0.7731029391288757 2500
1778599233613 0.3147068917751312 2520
1778599234799 0.8173076510429382 2540
1778599235971 0.7831181287765503 2560
1778599237148 0.8261536955833435 2580
1778599238345 0.30142536759376526 2600
1778599239530 0.2984107434749603 2620
1778599240710 0.8071622848510742 2640
1778599241889 0.9680413603782654 2660
1778599243087 0.8774608373641968 2680
1778599244261 1.5330885648727417 2700
1778599245443 0.32386744022369385 2720
1778599246620 0.9295713901519775 2740
1778599255199 0.3817167580127716 2760
1778599256388 0.778634250164032 2780
1778599257577 1.0851024389266968 2800
1778599258756 0.6298038959503174 2820
1778599259946 0.45507168769836426 2840
1778599261133 0.6793259978294373 2860
1778599262317 1.4760088920593262 2880
1778599263501 0.4429502785205841 2900
1778599264678 0.6272809505462646 2920
1778599265865 1.1204851865768433 2940
1778599267054 0.35182470083236694 2960
1778599268219 0.9944093823432922 2980
1778599269400 0.3886187970638275 3000
1778599278072 0.7549221515655518 3020
1778599279254 0.2976585328578949 3040
1778599280427 0.780544638633728 3060
1778599281604 1.4856408834457397 3080
1778599282793 0.29194995760917664 3100
1778599283986 0.7543402910232544 3120
1778599285179 0.753696620464325 3140
1778599286376 0.9104034900665283 3160
1778599287560 0.7391769289970398 3180
1778599288744 0.760551393032074 3200
1778599289944 0.7498209476470947 3220
1778599291125 0.8848767876625061 3240
1778599299732 1.5159178972244263 3260
1778599300925 0.811922550201416 3280
1778599302102 0.30879855155944824 3300
1778599303283 1.5105427503585815 3320
1778599304464 0.7961378693580627 3340
1778599305659 0.8366862535476685 3360
1778599306836 0.8851979374885559 3380
1778599308006 0.4988434314727783 3400
1778599309178 1.4243478775024414 3420
1778599310361 0.9629136919975281 3440
1778599311553 0.9483612179756165 3460
1778599312737 0.9162940382957458 3480
1778599313932 0.3177819550037384 3500
1778599322574 0.7295076847076416 3520
1778599323763 0.9392022490501404 3540
1778599324953 0.2803876996040344 3560
1778599326141 1.0305519104003906 3580
1778599327314 0.3861331045627594 3600
1778599328498 0.9344115257263184 3620
1778599329682 0.8449664115905762 3640
1778599330861 0.32940730452537537 3660
1778599332057 0.8747854232788086 3680
1778599333238 0.3386058509349823 3700
1778599334415 0.28938257694244385 3720
1778599335602 0.2809590995311737 3740
1778599344337 0.8129369020462036 3760
1778599345517 0.7059824466705322 3780
1778599346697 1.461710810661316 3800
1778599347871 0.2686532139778137 3820
1778599349058 0.30483394861221313 3840
1778599350252 0.8127697110176086 3860
1778599351437 0.3565995395183563 3880
1778599352616 0.7876708507537842 3900
1778599353801 1.4722238779067993 3920
1778599354987 0.8076905608177185 3940
1778599356175 0.7371618151664734 3960
1778599357344 0.2730007767677307 3980
1778599358526 0.966451108455658 4000
1778599367146 0.7285894751548767 4020
1778599368330 1.711753010749817 4040
1778599369513 0.6619404554367065 4060
1778599370698 0.9410480260848999 4080
1778599371886 1.5184577703475952 4100
1778599373069 0.8940404057502747 4120
1778599374244 0.8183544874191284 4140
1778599375418 0.7811698913574219 4160
1778599376593 0.27242544293403625 4180
1778599377769 1.5825451612472534 4200
1778599378946 0.7030304074287415 4220
1778599380136 0.26175549626350403 4240
1778599388775 0.2906047999858856 4260
1778599389961 0.28334784507751465 4280
1778599391146 1.3900861740112305 4300
1778599392327 0.3331577479839325 4320
1778599393511 0.6623222827911377 4340
1778599394700 0.2729969918727875 4360
1778599395881 0.6757931113243103 4380
1778599397064 0.29022419452667236 4400
1778599398248 0.28983670473098755 4420
1778599399432 0.8159468770027161 4440
1778599400613 0.25609034299850464 4460
1778599401797 0.25432613492012024 4480
1778599402989 1.3939731121063232 4500
1778599411619 0.8253588080406189 4520
1778599412818 0.265667200088501 4540
1778599414010 0.2545849680900574 4560
1778599415200 0.6687921285629272 4580
1778599416386 0.2549531161785126 4600
1778599417562 0.28636956214904785 4620
1778599418751 0.6527206301689148 4640
1778599419930 0.2685185968875885 4660
1778599421103 0.24552640318870544 4680
1778599422287 0.6067880988121033 4700
1778599423472 0.2711721658706665 4720
1778599424663 0.27696558833122253 4740
1778599433257 0.6130821704864502 4760
1778599434446 0.8729060292243958 4780
1778599435637 0.8027030825614929 4800
1778599436826 0.6900302767753601 4820
1778599438021 0.7739555239677429 4840
1778599439197 0.7434759736061096 4860
1778599440371 0.23929281532764435 4880
1778599441544 0.7014919519424438 4900
1778599442733 0.6884684562683105 4920
1778599443916 0.6412121653556824 4940
1778599445107 0.26992252469062805 4960
1778599446274 0.2923485338687897 4980
1778599447468 1.2668064832687378 5000
1778599456147 0.315581738948822 5020
1778599457330 0.3238871395587921 5040
1778599458519 0.2990267872810364 5060
1778599459701 0.9496870636940002 5080
1778599460880 0.3160743713378906 5100
1778599462066 0.6079453229904175 5120
1778599463244 0.866047739982605 5140
1778599464429 1.4136135578155518 5160
1778599465626 0.2246553599834442 5180
1778599466815 0.2701137661933899 5200
1778599467995 0.7038719654083252 5220
1778599469190 0.6870008707046509 5240
1778599477760 0.30179598927497864 5260
1778599478933 0.694582998752594 5280
1778599480112 0.26470935344696045 5300
1778599481295 1.398386836051941 5320
1778599482491 0.773591935634613 5340
1778599483661 0.25459179282188416 5360
1778599484849 0.24380217492580414 5380
1778599486037 0.7528213262557983 5400
1778599487220 0.7421156764030457 5420
1778599488404 0.23747889697551727 5440
1778599489586 0.24938060343265533 5460
1778599490759 1.3426002264022827 5480
1778599491963 0.23188279569149017 5500
1778599500580 1.2738487720489502 5520
1778599501770 0.6441717147827148 5540
1778599502976 0.6812099814414978 5560
1778599504153 0.7509269714355469 5580
1778599505341 0.6393007636070251 5600
1778599506527 0.2663647532463074 5620
1778599507702 0.2622470259666443 5640
1778599508889 0.6198337078094482 5660
1778599510072 0.5911915898323059 5680
1778599511251 1.2451446056365967 5700
1778599512438 0.274010568857193 5720
1778599513624 0.8963668346405029 5740
1778599522316 0.6423348188400269 5760
1778599523508 0.26501384377479553 5780
1778599524696 0.6458362936973572 5800
1778599525879 0.26534953713417053 5820
1778599527061 0.22643126547336578 5840
1778599528246 0.6294783353805542 5860
1778599529437 0.2351219654083252 5880
1778599530620 0.6362321972846985 5900
1778599531793 0.7375702857971191 5920
1778599532984 1.2981890439987183 5940
1778599534164 0.7162264585494995 5960
1778599535355 0.24881859123706818 5980
1778599536537 0.7066400051116943 6000
1778599545160 0.6531681418418884 6020
1778599546349 0.6477904319763184 6040
1778599547526 0.21464206278324127 6060
1778599548704 0.6544826626777649 6080
1778599549889 0.23498837649822235 6100
1778599551071 0.6521512269973755 6120
1778599552258 0.7861245274543762 6140
1778599553439 0.6942262053489685 6160
1778599554622 1.2978516817092896 6180
1778599555816 0.2529055178165436 6200
1778599557003 0.7926181554794312 6220
1778599558197 0.24205012619495392 6240
1778599566797 0.6084684133529663 6260
1778599567989 0.7777847647666931 6280
1778599569179 0.276106595993042 6300
1778599570355 0.3664257526397705 6320
1778599571543 0.48658397793769836 6340
1778599572724 0.5956616997718811 6360
1778599573905 1.240776777267456 6380
1778599575082 1.317956805229187 6400
1778599576265 0.580077588558197 6420
1778599577444 0.8765785694122314 6440
1778599578642 0.2518591582775116 6460
1778599579817 1.3037832975387573 6480
1778599581005 1.2710719108581543 6500
1778599589622 0.6614679098129272 6520
1778599590815 0.6517512798309326 6540
1778599591993 0.20258569717407227 6560
1778599593179 0.2193494439125061 6580
1778599594363 0.6704227328300476 6600
1778599595537 0.27753350138664246 6620
1778599596717 0.22655390202999115 6640
1778599597916 0.6964775323867798 6660
1778599599110 0.24759256839752197 6680
1778599600287 0.6343973875045776 6700
1778599601472 0.6091737747192383 6720
1778599602658 0.6444652676582336 6740
1778599611254 0.28511419892311096 6760
1778599612446 0.2366708666086197 6780
1778599613630 1.410399079322815 6800
1778599614821 0.26936855912208557 6820
1778599615999 1.2030762434005737 6840
1778599617176 0.23352326452732086 6860
1778599618356 0.30572509765625 6880
1778599619542 0.7062137126922607 6900
1778599620731 0.25827425718307495 6920
1778599621915 0.649114727973938 6940
1778599623096 0.6334943175315857 6960
1778599624274 0.6238915324211121 6980
1778599625468 0.6371658444404602 7000
1778599634095 0.22481544315814972 7020
1778599635289 0.23830318450927734 7040
1778599636473 0.30815738439559937 7060
1778599637659 0.7078124284744263 7080
1778599638850 0.6249553561210632 7100
1778599640033 0.2117566466331482 7120
1778599641214 0.6627519130706787 7140
1778599642399 0.6802895069122314 7160
1778599643579 0.6407890915870667 7180
1778599644765 0.6396094560623169 7200
1778599645954 0.6450890302658081 7220
1778599647148 0.25475573539733887 7240
1778599655731 0.6564428210258484 7260
1778599656912 0.2369360327720642 7280
1778599658098 0.2342560887336731 7300
1778599659267 0.5986244082450867 7320
1778599660449 0.8273823261260986 7340
1778599661634 0.6133016347885132 7360
1778599662815 1.2471851110458374 7380
1778599664002 1.2405352592468262 7400
1778599665183 0.2556201219558716 7420
1778599666369 0.35479801893234253 7440
1778599667544 0.7633271813392639 7460
1778599668724 0.6156947016716003 7480
1778599669918 0.23291748762130737 7500
1778599678525 0.6077640056610107 7520
1778599679698 0.8115974068641663 7540
1778599680888 0.2314351350069046 7560
1778599682071 0.5723072290420532 7580
1778599683255 0.6038129329681396 7600
1778599684446 0.5607483386993408 7620
1778599685632 1.0194358825683594 7640
1778599686817 0.30826401710510254 7660
1778599688016 0.8201397061347961 7680
1778599689205 0.35744938254356384 7700
1778599690395 0.5935027003288269 7720
1778599691578 0.792349636554718 7740
1778599700365 0.24379625916481018 7760
1778599701580 0.2612653374671936 7780
1778599702758 0.8151004314422607 7800
1778599703947 0.5651974678039551 7820
1778599705125 0.25544679164886475 7840
1778599706311 0.23043890297412872 7860
1778599707503 0.5773003101348877 7880
1778599708684 0.788550078868866 7900
1778599709861 1.3805854320526123 7920
1778599711062 0.7281635403633118 7940
1778599712250 0.2826419174671173 7960
1778599713441 0.7084929943084717 7980
1778599714631 0.7246574759483337 8000
1778599723270 0.24745583534240723 8020
1778599724460 0.31504499912261963 8040
1778599725650 0.23175302147865295 8060
1778599726826 0.7864967584609985 8080
1778599728004 0.26310768723487854 8100
1778599729179 1.2296671867370605 8120
1778599730368 0.6083338260650635 8140
1778599731551 0.8006861805915833 8160
1778599732728 0.7568791508674622 8180
1778599733919 0.5587513446807861 8200
1778599735103 1.3971457481384277 8220
1778599736284 0.22634662687778473 8240
1778599744996 0.7066584825515747 8260
1778599746183 0.5777503848075867 8280
1778599747365 0.5947180986404419 8300
1778599748554 1.1734477281570435 8320
1778599749736 0.5843538641929626 8340
1778599750913 0.5866058468818665 8360
1778599752104 0.21647511422634125 8380
1778599753290 0.7149772644042969 8400
1778599754478 0.2430090308189392 8420
1778599755654 1.1884955167770386 8440
1778599756832 0.35815030336380005 8460
1778599758017 0.2270127683877945 8480
1778599759203 0.275199830532074 8500
1778599767908 0.6309664845466614 8520
1778599769090 0.6375976800918579 8540
1778599770280 1.1985588073730469 8560
1778599771469 0.17807674407958984 8580
1778599772658 0.22019076347351074 8600
1778599773853 0.5906928777694702 8620
1778599775041 0.690022349357605 8640
1778599776233 0.6721692085266113 8660
1778599777417 0.5915272235870361 8680
1778599778598 0.2258865088224411 8700
1778599779783 0.21926169097423553 8720
1778599780972 0.5941519141197205 8740
1778599789702 0.7407506704330444 8760
1778599790877 0.34052205085754395 8780
1778599792069 0.21175985038280487 8800
1778599793243 0.23230789601802826 8820
1778599794427 0.576734721660614 8840
1778599795603 0.20554186403751373 8860
1778599796802 0.7604063153266907 8880
1778599797978 0.23182600736618042 8900
1778599799154 0.2380715310573578 8920
1778599800330 0.33837220072746277 8940
1778599801512 0.7176486849784851 8960
1778599802699 0.7563074231147766 8980
1778599803885 0.5672200322151184 9000
1778599812541 0.7636338472366333 9020
1778599813714 0.21258939802646637 9040
1778599814905 1.178051471710205 9060
1778599816091 0.5952652096748352 9080
1778599817269 0.5536070466041565 9100
1778599818453 0.25975069403648376 9120
1778599819633 0.5659973621368408 9140
1778599820802 0.2511238753795624 9160
1778599821992 0.20094482600688934 9180
1778599823171 0.747512936592102 9200
1778599824364 0.6029431223869324 9220
1778599825545 1.1911609172821045 9240
1778599834278 0.7504552602767944 9260
1778599835471 0.6946614980697632 9280
1778599836662 0.7071415781974792 9300
1778599837837 0.5966402292251587 9320
1778599839031 0.3027162253856659 9340
1778599840212 0.20825564861297607 9360
1778599841400 0.25560662150382996 9380
1778599842573 0.8700539469718933 9400
1778599843746 0.6556826233863831 9420
1778599844928 0.6079939007759094 9440
1778599846112 0.22871476411819458 9460
1778599847286 0.2190430462360382 9480
1778599848464 0.5898659825325012 9500
1778599857118 0.2783169746398926 9520
1778599858308 0.7276530861854553 9540
1778599859493 1.1547795534133911 9560
1778599860671 0.2631480395793915 9580
1778599861850 0.7078207731246948 9600
1778599863041 0.5784855484962463 9620
1778599864218 0.21175625920295715 9640
1778599865416 0.7390674948692322 9660
1778599866597 0.6662206053733826 9680
1778599867792 0.23645298182964325 9700
1778599868980 0.5882375836372375 9720
1778599870177 0.5559490919113159 9740
1778599878819 0.74367356300354 9760
1778599879998 0.1992722749710083 9780
1778599881198 0.26232388615608215 9800
1778599882408 0.6842030882835388 9820
1778599883632 0.6928587555885315 9840
1778599884818 0.21140305697917938 9860
1778599885992 0.20567159354686737 9880
1778599887169 0.22928297519683838 9900
1778599888349 1.1525670289993286 9920
1778599889531 0.6786375045776367 9940
1778599890718 0.2725965678691864 9960
1778599891894 0.24745804071426392 9980
1778599893081 0.5736739635467529 10000
1778599901697 0.2487879991531372 10020
1778599902874 1.3956842422485352 10040
1778599904062 0.7352242469787598 10060
1778599905249 0.28301921486854553 10080
1778599906440 0.19491977989673615 10100
1778599907621 1.1582351922988892 10120
1778599908811 0.5668136477470398 10140
1778599909995 0.2070344090461731 10160
1778599911178 0.7029080986976624 10180
1778599912376 0.20446787774562836 10200
1778599913566 0.20592349767684937 10220
1778599914740 0.3337264955043793 10240
1778599923422 0.31323519349098206 10260
1778599924607 0.2576928734779358 10280
1778599925791 0.22859647870063782 10300
1778599926978 0.5540545582771301 10320
1778599928165 0.5576695799827576 10340
1778599929358 1.1547977924346924 10360
1778599930526 0.7459235787391663 10380
1778599931703 1.1669459342956543 10400
1778599932885 0.5904785990715027 10420
1778599934073 0.21979327499866486 10440
1778599935256 0.5879204869270325 10460
1778599936432 1.1525732278823853 10480
1778599937610 0.5905479788780212 10500
1778599946233 0.24536025524139404 10520
1778599947426 0.757125973701477 10540
1778599948616 0.24247926473617554 10560
1778599949804 0.7262306809425354 10580
1778599950988 0.7090986967086792 10600
1778599952163 0.2404066026210785 10620
1778599953349 0.22262950241565704 10640
1778599954532 0.7539186477661133 10660
1778599955703 0.7362546920776367 10680
1778599956877 0.23326720297336578 10700
1778599958067 0.20912034809589386 10720
1778599959261 0.22897151112556458 10740
1778599967964 0.20360711216926575 10760
1778599969148 0.5632724165916443 10780
1778599970325 1.1778161525726318 10800
1778599971516 0.5597052574157715 10820
1778599972686 0.23684419691562653 10840
1778599973858 0.6959894895553589 10860
1778599975033 0.22240640223026276 10880
1778599976223 0.5711247324943542 10900
1778599977396 0.5631356835365295 10920
1778599978583 0.19098542630672455 10940
1778599979775 0.24409456551074982 10960
1778599980980 0.5630648732185364 10980
1778599982155 1.2655673027038574 11000
1778599990894 0.5579013228416443 11020
1778599992088 0.5790234208106995 11040
1778599993278 0.24120232462882996 11060
1778599994453 0.7262343764305115 11080
1778599995635 1.1434504985809326 11100
1778599996813 1.2903803586959839 11120
1778599998007 0.27305859327316284 11140
1778599999190 0.5652478337287903 11160
1778600000368 0.5791168212890625 11180
1778600001559 0.19762356579303741 11200
1778600002732 0.20331363379955292 11220
1778600003923 1.1316962242126465 11240
1778600012547 0.2693137526512146 11260
1778600013736 0.635115385055542 11280
1778600014930 0.6319901943206787 11300
1778600016106 0.5978233814239502 11320
1778600017298 0.1919027864933014 11340
1778600018480 0.5838658213615417 11360
1778600019666 0.6390224695205688 11380
1778600020842 0.6010911464691162 11400
1778600022019 0.23559783399105072 11420
1778600023208 0.5645561814308167 11440
1778600024394 0.19271226227283478 11460
1778600025569 1.1452771425247192 11480
1778600026755 0.5795621275901794 11500
1778600035403 0.25405949354171753 11520
1778600036587 0.67206209897995 11540
1778600037762 1.144080638885498 11560
1778600038947 1.2504228353500366 11580
1778600040128 0.20987346768379211 11600
1778600041312 0.21418549120426178 11620
1778600042493 0.20180492103099823 11640
1778600043682 0.5738134980201721 11660
1778600044867 0.566288411617279 11680
1778600046048 0.6737746000289917 11700
1778600047238 1.1471015214920044 11720
1778600048418 0.5584419965744019 11740
1778600057083 0.2922041416168213 11760
1778600058255 0.7002453207969666 11780
1778600059438 0.6514307856559753 11800
1778600060624 0.6502797603607178 11820
1778600061803 0.2159557193517685 11840
1778600063005 0.24002493917942047 11860
1778600064222 1.2670460939407349 11880
1778600065402 0.23746275901794434 11900
1778600066584 0.6182793378829956 11920
1778600067779 0.6266464591026306 11940
1778600068962 0.18916954100131989 11960
1778600070146 0.5919658541679382 11980
1778600071337 0.6238558888435364 12000
1778600079951 0.6434326171875 12020
1778600081128 0.19389252364635468 12040
1778600082306 0.6607973575592041 12060
1778600083491 0.5766286253929138 12080
1778600084671 0.5910736322402954 12100
1778600085856 0.6542355418205261 12120
1778600087042 0.6844998002052307 12140
1778600088224 0.5683216452598572 12160
1778600089401 0.6704652905464172 12180
1778600090583 0.22630400955677032 12200
1778600091760 0.7282227277755737 12220
1778600092953 0.22488458454608917 12240
1778600101669 0.528809130191803 12260
1778600102856 0.21159513294696808 12280
1778600104045 0.21715760231018066 12300
1778600105226 0.7069253325462341 12320
1778600106405 0.5641739368438721 12340
1778600107600 1.2824409008026123 12360
1778600108794 0.2545386254787445 12380
1778600109988 1.3870490789413452 12400
1778600111181 0.7799515724182129 12420
1778600112363 0.2287377566099167 12440
1778600113545 1.1318587064743042 12460
1778600114719 0.7306743860244751 12480
1778600115891 0.5919742584228516 12500
1778600124517 0.25223296880722046 12520
1778600125710 1.1323840618133545 12540
1778600126893 1.1240878105163574 12560
1778600128081 0.24060286581516266 12580
1778600129263 0.2698867917060852 12600
1778600130449 0.7567465305328369 12620
1778600131642 0.22860732674598694 12640
1778600132830 0.2550053298473358 12660
1778600134003 0.7666117548942566 12680
1778600135182 0.23945052921772003 12700
1778600136366 0.23311935365200043 12720
1778600137553 0.5360099673271179 12740
1778600146238 1.1212575435638428 12760
1778600147412 1.2594568729400635 12780
1778600148588 1.2215194702148438 12800
1778600149766 0.6436251401901245 12820
1778600150949 0.1948651671409607 12840
1778600152138 0.5860977172851562 12860
1778600153325 0.22937791049480438 12880
1778600154506 0.6499321460723877 12900
1778600155700 0.6828250885009766 12920
1778600156876 0.5776315331459045 12940
1778600158059 0.6757126450538635 12960
1778600159244 0.6864290833473206 12980
1778600160436 0.5528649687767029 13000
1778600169111 0.20327824354171753 13020
1778600170294 0.5788133144378662 13040
1778600171474 0.5430484414100647 13060
1778600172672 0.7242377996444702 13080
1778600173853 0.7603310942649841 13100
1778600175054 0.3394905626773834 13120
1778600176242 1.1249903440475464 13140
1778600177424 0.7466065287590027 13160
1778600178618 0.22668205201625824 13180
1778600179801 0.2522638440132141 13200
1778600180987 0.7702224850654602 13220
1778600182182 0.2562299370765686 13240
1778600190789 0.7584302425384521 13260
1778600191978 0.5399255156517029 13280
1778600193163 0.2506023347377777 13300
1778600194346 0.755075216293335 13320
1778600195533 0.22222837805747986 13340
1778600196720 0.21660922467708588 13360
1778600197914 0.25772035121917725 13380
1778600199095 0.2099669724702835 13400
1778600200282 0.23214560747146606 13420
1778600201461 0.24458801746368408 13440
1778600202645 0.7709869742393494 13460
1778600203824 0.2642229199409485 13480
1778600205010 1.2878321409225464 13500
1778600213662 0.2228499948978424 13520
1778600214843 0.6619876027107239 13540
1778600216019 0.5779430866241455 13560
1778600217212 0.6054297089576721 13580
1778600218400 0.6905548572540283 13600
1778600219586 1.133723258972168 13620
1778600220763 0.20443516969680786 13640
1778600221940 0.6841452717781067 13660
1778600223124 0.7210814952850342 13680
1778600224305 0.6627111434936523 13700
1778600225485 0.5583191514015198 13720
1778600226682 0.2306722104549408 13740
1778600235366 0.2148565649986267 13760
1778600236544 0.6885138154029846 13780
1778600237730 1.135219931602478 13800
1778600238914 0.2121429145336151 13820
1778600240096 0.5748851299285889 13840
1778600241290 0.6744160652160645 13860
1778600242478 0.20716077089309692 13880
1778600243663 0.5665503740310669 13900
1778600244872 0.21138228476047516 13920
1778600246095 0.29019179940223694 13940
1778600247284 0.6789222359657288 13960
1778600248473 0.6488595008850098 13980
1778600249657 0.5902407765388489 14000
1778600258238 0.5815491080284119 14020
1778600259450 0.6564967632293701 14040
1778600260634 0.19574913382530212 14060
1778600261819 0.22396649420261383 14080
1778600263007 0.31641483306884766 14100
1778600264192 0.23088505864143372 14120
1778600265371 0.5388615131378174 14140
1778600266551 0.19897642731666565 14160
1778600267725 0.2204335629940033 14180
1778600268905 0.6669775247573853 14200
1778600270086 1.141337275505066 14220
1778600271283 0.6062941551208496 14240
1778600279954 0.5625012516975403 14260
1778600281140 0.6749430298805237 14280
1778600282323 0.5870991945266724 14300
1778600283500 0.1856732815504074 14320
1778600284682 0.7394342422485352 14340
1778600285875 0.7465360760688782 14360
1778600287063 0.7813233733177185 14380
1778600288240 0.2167985886335373 14400
1778600289415 0.5348988771438599 14420
1778600290589 1.366680383682251 14440
1778600291771 0.5211907029151917 14460
1778600292952 1.1316468715667725 14480
1778600294136 0.5222876667976379 14500
1778600302773 0.2985709011554718 14520
1778600303949 0.8260731101036072 14540
1778600305139 0.26216423511505127 14560
1778600306319 0.7591302394866943 14580
1778600307499 0.7543067336082458 14600
1778600308672 0.23644649982452393 14620
1778600309855 0.529435932636261 14640
1778600311051 0.7015883922576904 14660
1778600312233 0.5652678608894348 14680
1778600313422 0.7730727791786194 14700
1778600314617 0.7564391493797302 14720
1778600315804 0.22902996838092804 14740
1778600324457 0.7851139903068542 14760
1778600325638 0.5537450909614563 14780
1778600326827 0.7813116908073425 14800
1778600327997 0.5393187403678894 14820
1778600329175 0.7050215601921082 14840
1778600330357 0.7070193290710449 14860
1778600331541 0.205425426363945 14880
1778600332724 0.22691841423511505 14900
1778600333909 0.5576373338699341 14920
1778600335085 0.22102920711040497 14940
1778600336273 0.6975004076957703 14960
1778600337457 0.6014490723609924 14980
1778600338637 0.7002884745597839 15000
1778600347319 0.21864739060401917 15020
1778600348503 1.1430476903915405 15040
1778600349677 0.28474220633506775 15060
1778600350853 1.256038784980774 15080
1778600352041 0.6737673878669739 15100
1778600353244 0.23067668080329895 15120
1778600354423 0.5618434548377991 15140
1778600355607 0.698006272315979 15160
1778600356795 0.6870614290237427 15180
1778600357976 0.21559980511665344 15200
1778600359154 0.5682879090309143 15220
1778600360326 0.20136131346225739 15240
1778600368961 1.2405860424041748 15260
1778600370143 0.7224160432815552 15280
1778600371325 0.6764179468154907 15300
1778600372493 0.5655059814453125 15320
1778600373683 0.2118063122034073 15340
1778600374861 0.18556061387062073 15360
1778600376049 1.2052580118179321 15380
1778600377237 0.22336837649345398 15400
1778600378421 1.1294597387313843 15420
1778600379601 1.314084529876709 15440
1778600380785 0.6878195405006409 15460
1778600381954 0.20474205911159515 15480
1778600383142 0.5677997469902039 15500
1778600391822 0.22715552151203156 15520
1778600393007 0.5464522838592529 15540
1778600394187 0.7370838522911072 15560
1778600395366 0.7080155611038208 15580
1778600396541 0.5582404136657715 15600
1778600397713 0.256320059299469 15620
1778600398903 1.1212221384048462 15640
1778600400099 1.2851886749267578 15660
1778600401292 0.1897016167640686 15680
1778600402477 1.1225295066833496 15700
1778600403644 0.20912572741508484 15720
1778600404819 0.2046327292919159 15740
1778600413440 0.6930661797523499 15760
1778600414632 0.18418990075588226 15780
1778600415826 0.670666515827179 15800
1778600417021 1.2486836910247803 15820
1778600418215 0.58002769947052 15840
1778600419400 0.6513575315475464 15860
1778600420579 1.2292200326919556 15880
1778600421762 0.17679819464683533 15900
1778600422948 0.19370895624160767 15920
1778600424130 0.18720848858356476 15940
1778600425325 0.18957661092281342 15960
1778600426570 0.5413461923599243 15980
1778600427767 0.2069711834192276 16000
1778600436376 0.5623455047607422 16020
1778600437564 0.24304084479808807 16040
1778600438742 1.3315091133117676 16060
1778600439918 1.1187007427215576 16080
1778600441101 0.21829642355442047 16100
1778600442278 0.7411167621612549 16120
1778600443463 0.272687703371048 16140
1778600444639 0.688906192779541 16160
1778600445830 0.6707614064216614 16180
1778600447014 1.1147739887237549 16200
1778600448192 0.7852648496627808 16220
1778600449379 0.7118673920631409 16240
1778600458048 0.723239004611969 16260
1778600459237 0.563808023929596 16280
1778600460426 0.21434849500656128 16300
1778600461616 0.21657231450080872 16320
1778600462806 0.2265806794166565 16340
1778600463979 0.229330375790596 16360
1778600465162 0.2486739605665207 16380
1778600466365 0.21970556676387787 16400
1778600467543 0.21395452320575714 16420
1778600468727 0.7259154915809631 16440
1778600469906 0.20511513948440552 16460
1778600471093 0.2327612340450287 16480
1778600472284 0.20561158657073975 16500
1778600480861 0.7601870894432068 16520
1778600482041 0.2512991428375244 16540
1778600483224 0.2450537532567978 16560
1778600484416 0.2233075499534607 16580
1778600485594 0.5559220910072327 16600
1778600486769 0.5966855883598328 16620
1778600487951 1.2258247137069702 16640
1778600489131 0.5726044774055481 16660
1778600490312 0.5570289492607117 16680
1778600491502 0.5743365287780762 16700
1778600492689 0.18527205288410187 16720
1778600493859 0.7003993988037109 16740
1778600502526 0.20263324677944183 16760
1778600503712 0.6640482544898987 16780
1778600504910 0.6421862244606018 16800
1778600506088 0.17947980761528015 16820
1778600507261 0.1776764988899231 16840
1778600508454 0.2180616706609726 16860
1778600509636 0.20822811126708984 16880
1778600510818 0.5724201798439026 16900
1778600512010 0.5786529779434204 16920
1778600513203 0.21128568053245544 16940
1778600514387 0.2376084327697754 16960
1778600515563 0.20521271228790283 16980
1778600516737 0.5726959109306335 17000
1778600525381 1.1258395910263062 17020
1778600526555 0.5682332515716553 17040
1778600527737 0.18642109632492065 17060
1778600528930 0.20270167291164398 17080
1778600530109 0.19177724421024323 17100
1778600531302 0.577877402305603 17120
1778600532481 0.667788565158844 17140
1778600533661 0.21013867855072021 17160
1778600534846 0.5823137760162354 17180
1778600536033 0.682277262210846 17200
1778600537218 0.26283490657806396 17220
1778600538406 1.220597505569458 17240
1778600547072 1.1245896816253662 17260
1778600548253 1.1099892854690552 17280
1778600549440 0.1974051296710968 17300
1778600550623 0.26762935519218445 17320
1778600551804 1.280572533607483 17340
1778600552988 0.5727745294570923 17360
1778600554173 0.553133487701416 17380
1778600555350 0.2386063188314438 17400
1778600556534 0.5617240071296692 17420
1778600557723 0.6846253871917725 17440
1778600558908 0.20244011282920837 17460
1778600560080 0.19936904311180115 17480
1778600561267 0.6684854030609131 17500
1778600569952 0.18923728168010712 17520
1778600571136 0.5632084012031555 17540
1778600572325 0.21578840911388397 17560
1778600573518 0.5504209399223328 17580
1778600574709 0.6922705173492432 17600
1778600575885 0.5885676741600037 17620
1778600577070 0.6873913407325745 17640
1778600578259 0.5405257344245911 17660
1778600579446 0.5408071875572205 17680
1778600580623 0.6822327971458435 17700
1778600581804 0.2072306126356125 17720
1778600582991 0.5381075739860535 17740
1778600591642 0.6934098601341248 17760
1778600592830 0.23049293458461761 17780
1778600594000 0.7118256092071533 17800
1778600595177 0.21950632333755493 17820
1778600596362 0.2356986552476883 17840
1778600597544 0.19964547455310822 17860
1778600598721 0.7031536102294922 17880
1778600599902 1.1235450506210327 17900
1778600601091 0.20592360198497772 17920
1778600602278 0.6954815983772278 17940
1778600603457 0.5567300319671631 17960
1778600604650 1.1259320974349976 17980
1778600605835 1.1190582513809204 18000
1778600614576 0.20229241251945496 18020
1778600615749 0.18699385225772858 18040
1778600616928 0.6564430594444275 18060
1778600618115 0.5708159804344177 18080
1778600619309 0.5553231239318848 18100
1778600620496 0.62605881690979 18120
1778600621672 0.6804558634757996 18140
1778600622833 0.22496461868286133 18160
1778600624019 0.6605419516563416 18180
1778600625200 1.2479958534240723 18200
1778600626381 0.680582582950592 18220
1778600627554 1.140096664428711 18240
1778600636267 0.6771712303161621 18260
1778600637483 0.21250654757022858 18280
1778600638693 0.24578028917312622 18300
1778600639895 1.135248064994812 18320
1778600641083 0.19016264379024506 18340
1778600642273 0.20350350439548492 18360
1778600643464 0.22261379659175873 18380
1778600644636 0.20053014159202576 18400
1778600645811 0.6619531512260437 18420
1778600647000 0.19692203402519226 18440
1778600648192 1.2600574493408203 18460
1778600649371 0.19785642623901367 18480
1778600650565 0.6571143269538879 18500
1778600659163 0.21809090673923492 18520
1778600660357 0.5658798813819885 18540
1778600661542 0.5703482627868652 18560
1778600662725 0.21363961696624756 18580
1778600663902 0.19783872365951538 18600
1778600665088 1.2468218803405762 18620
1778600666270 1.1293331384658813 18640
1778600667459 0.2263549268245697 18660
1778600668645 1.2270723581314087 18680
1778600669822 0.2109312266111374 18700
1778600671002 0.6728681325912476 18720
1778600672183 0.2102033793926239 18740
1778600680808 0.5379858613014221 18760
1778600682004 1.1068377494812012 18780
1778600683188 0.7311104536056519 18800
1778600684372 0.2169109284877777 18820
1778600685567 0.5450165867805481 18840
1778600686745 0.21782876551151276 18860
1778600687928 0.6070030927658081 18880
1778600689114 0.20278866589069366 18900
1778600690304 0.7112376689910889 18920
1778600691493 0.5485531687736511 18940
1778600692683 0.7211557626724243 18960
1778600693863 0.18888221681118011 18980
1778600695046 0.689496636390686 19000
1778600703705 0.22576949000358582 19020
1778600704910 0.22190122306346893 19040
1778600706104 0.5678796768188477 19060
1778600707288 0.19490088522434235 19080
1778600708480 0.20579321682453156 19100
1778600709675 0.5507940649986267 19120
1778600710864 1.1392117738723755 19140
1778600712034 0.5650661587715149 19160
1778600713224 0.5607492327690125 19180
1778600714416 0.531517505645752 19200
1778600715601 0.5315088033676147 19220
1778600716787 1.1175854206085205 19240
1778600725424 0.5596905946731567 19260
1778600726596 0.5438166260719299 19280
1778600727782 1.1227383613586426 19300
1778600728970 0.21421754360198975 19320
1778600730157 0.21716241538524628 19340
1778600731338 0.5556694865226746 19360
1778600732519 0.7456305027008057 19380
1778600733708 0.20612424612045288 19400
1778600734878 0.21162036061286926 19420
1778600736053 0.20773154497146606 19440
1778600737247 0.7240303158760071 19460
1778600738441 0.22600309550762177 19480
1778600739616 0.5768219232559204 19500
1778600748245 0.5593706965446472 19520
1778600749428 0.21206901967525482 19540
1778600750603 0.7226375937461853 19560
1778600751796 0.2233584225177765 19580
1778600752977 0.5365622043609619 19600
1778600754159 0.20761002600193024 19620
1778600755342 0.2419300526380539 19640
1778600756525 0.21917369961738586 19660
1778600757716 1.1184611320495605 19680
1778600758908 0.7227298617362976 19700
1778600760092 0.550046443939209 19720
1778600761273 0.5573195219039917 19740
1778600769945 0.7226851582527161 19760
1778600771132 0.22708933055400848 19780
1778600772312 0.2290458381175995 19800
1778600773504 0.5808675289154053 19820
1778600774679 0.5665938258171082 19840
1778600775866 0.5616725087165833 19860
1778600777054 0.6786263585090637 19880
1778600778239 0.5488025546073914 19900
1778600779421 0.2170100212097168 19920
1778600780606 0.20921443402767181 19940
1778600781790 0.5658758878707886 19960
1778600782972 0.21025310456752777 19980
1778600784152 0.6914486885070801 20000
1778600792821 0.7019157409667969 20020
1778600794008 0.5365533232688904 20040
1778600795205 0.21667271852493286 20060
1778600796391 0.5634809136390686 20080
1778600797568 1.1315275430679321 20100
1778600798763 0.23542778193950653 20120
1778600799952 0.2048029601573944 20140
1778600801131 0.6765531301498413 20160
1778600802300 1.1440489292144775 20180
1778600803490 0.21674267947673798 20200
1778600804676 0.25049644708633423 20220
1778600805856 0.5471346974372864 20240
1778600814461 0.7036968469619751 20260
1778600815648 0.5638067722320557 20280
1778600816828 1.2895963191986084 20300
1778600818020 0.1920471489429474 20320
1778600819200 0.2624129354953766 20340
1778600820376 0.5538793206214905 20360
1778600821553 0.19352947175502777 20380
1778600822728 0.19940906763076782 20400
1778600823924 0.18747882544994354 20420
1778600825101 0.677207887172699 20440
1778600826283 0.20299340784549713 20460
1778600827459 0.5713356733322144 20480
1778600828647 0.5935083031654358 20500
1778600837292 0.5706872940063477 20520
1778600838480 0.21481817960739136 20540
1778600839654 0.196937695145607 20560
1778600840847 0.55661940574646 20580
1778600842030 0.5436856150627136 20600
1778600843212 0.6675046682357788 20620
1778600844385 0.5832955241203308 20640
1778600845572 0.5590535402297974 20660
1778600846757 0.5552341341972351 20680
1778600847951 0.5449085831642151 20700
1778600849143 1.2701340913772583 20720
1778600850321 0.20403024554252625 20740
1778600858989 0.5535712242126465 20760
1778600860172 0.5299885869026184 20780
1778600861357 0.6892397403717041 20800
1778600862547 0.6835776567459106 20820
1778600863731 1.1323273181915283 20840
1778600864930 0.5594598054885864 20860
1778600866109 0.5463337302207947 20880
1778600867284 0.5597192645072937 20900
1778600868466 1.255414605140686 20920
1778600869657 0.5594999194145203 20940
1778600870851 0.6703904867172241 20960
1778600872036 0.6884397268295288 20980
1778600873227 1.1314330101013184 21000
1778600881835 0.5510206818580627 21020
1778600883022 0.2142505794763565 21040
1778600884204 0.21555843949317932 21060
1778600885396 0.20945526659488678 21080
1778600886585 0.24500875174999237 21100
1778600887771 0.22815071046352386 21120
1778600888969 0.5812713503837585 21140
1778600890152 0.6978123784065247 21160
1778600891334 0.7366847991943359 21180
1778600892513 0.5390439629554749 21200
1778600893701 0.22201552987098694 21220
1778600894887 0.18505680561065674 21240
1778600903594 0.21152059733867645 21260
1778600904787 0.6873008608818054 21280
1778600905973 0.5455845594406128 21300
1778600907157 0.6713845729827881 21320
1778600908343 0.21162711083889008 21340
1778600909528 1.1356655359268188 21360
1778600910708 0.5699543356895447 21380
1778600911908 0.22423109412193298 21400
1778600913098 1.1356111764907837 21420
1778600914285 0.2065785676240921 21440
1778600915476 0.6804661154747009 21460
1778600916659 0.193691223859787 21480
1778600917838 0.18158942461013794 21500
1778600926452 0.566474437713623 21520
1778600927641 0.5427361130714417 21540
1778600928818 0.2217646837234497 21560
1778600930009 1.1191860437393188 21580
1778600931201 0.21878616511821747 21600
1778600932377 0.5614651441574097 21620
1778600933563 0.171485036611557 21640
1778600934742 0.5480980277061462 21660
1778600935926 0.673841655254364 21680
1778600937106 0.2313336580991745 21700
1778600938293 0.5574373006820679 21720
1778600939467 0.560293972492218 21740
1778600948127 0.19348536431789398 21760
1778600949310 1.2285997867584229 21780
1778600950497 0.6014119982719421 21800
1778600951688 0.5504046678543091 21820
1778600952874 0.23352114856243134 21840
1778600954070 0.17852339148521423 21860
1778600955261 0.22263510525226593 21880
1778600956446 0.20083899796009064 21900
1778600957625 0.6775572896003723 21920
1778600958819 0.18459951877593994 21940
1778600959991 0.555503785610199 21960
1778600961183 0.6766026020050049 21980
1778600962366 0.5771369338035583 22000
1778600971224 0.24521666765213013 22020
1778600972404 0.5482615828514099 22040
1778600973581 0.5863206386566162 22060
1778600974762 0.21258877217769623 22080
1778600975949 0.6899041533470154 22100
1778600977138 0.19242052733898163 22120
1778600978328 0.21185050904750824 22140
1778600979520 0.19041594862937927 22160
1778600980700 0.19660070538520813 22180
1778600981886 0.18113920092582703 22200
1778600983077 0.5510787963867188 22220
1778600984276 0.2693418860435486 22240
1778600992902 0.7336872816085815 22260
1778600994095 0.5814582109451294 22280
1778600995275 0.673760712146759 22300
1778600996464 0.565533459186554 22320
1778600997655 0.23787645995616913 22340
1778600998844 0.22836723923683167 22360
1778601000020 0.1945778727531433 22380
1778601001191 1.1424390077590942 22400
1778601002380 0.6077708601951599 22420
1778601003554 0.6870104074478149 22440
1778601004727 0.22305414080619812 22460
1778601005907 0.22903411090373993 22480
1778601007085 0.18197579681873322 22500
