1778599009005 1.02e-05 20
1778599010195 2.22e-05 40
1778599011358 2.9993318485523384e-05 60
1778599012550 2.9966592427616926e-05 80
1778599013738 2.9939866369710466e-05 100
1778599014918 2.9913140311804008e-05 120
1778599016115 2.988641425389755e-05 140
1778599017301 2.985968819599109e-05 160
1778599018476 2.9832962138084632e-05 180
1778599019658 2.9806236080178175e-05 200
1778599020828 2.9779510022271714e-05 220
1778599022013 2.9752783964365257e-05 240
1778599033133 2.97260579064588e-05 260
1778599034312 2.9699331848552338e-05 280
1778599035500 2.967260579064588e-05 300
1778599036684 2.9645879732739423e-05 320
1778599037864 2.9619153674832962e-05 340
1778599039060 2.9592427616926505e-05 360
1778599040243 2.9565701559020048e-05 380
1778599041430 2.9538975501113587e-05 400
1778599042607 2.951224944320713e-05 420
1778599043784 2.948552338530067e-05 440
1778599044960 2.9458797327394208e-05 460
1778599046139 2.943207126948775e-05 480
1778599047315 2.9405345211581293e-05 500
1778599055890 2.9378619153674832e-05 520
1778599057086 2.9351893095768374e-05 540
1778599058271 2.9325167037861917e-05 560
1778599059453 2.9298440979955456e-05 580
1778599060632 2.9271714922049e-05 600
1778599061811 2.924498886414254e-05 620
1778599062993 2.921826280623608e-05 640
1778599064180 2.9191536748329623e-05 660
1778599065364 2.9164810690423165e-05 680
1778599066545 2.9138084632516704e-05 700
1778599067734 2.9111358574610247e-05 720
1778599068925 2.908463251670379e-05 740
1778599077361 2.905790645879733e-05 760
1778599078544 2.903118040089087e-05 780
1778599079752 2.900445434298441e-05 800
1778599080936 2.8977728285077953e-05 820
1778599082124 2.8951002227171492e-05 840
1778599083300 2.892427616926503e-05 860
1778599084477 2.8897550111358574e-05 880
1778599085670 2.8870824053452116e-05 900
1778599086840 2.8844097995545655e-05 920
1778599088017 2.8817371937639198e-05 940
1778599089194 2.879064587973274e-05 960
1778599090367 2.876391982182628e-05 980
1778599091539 2.8737193763919822e-05 1000
1778599100164 2.8710467706013365e-05 1020
1778599101351 2.8683741648106904e-05 1040
1778599102530 2.8657015590200446e-05 1060
1778599103723 2.863028953229399e-05 1080
1778599104905 2.8603563474387528e-05 1100
1778599106094 2.857683741648107e-05 1120
1778599107275 2.8550111358574613e-05 1140
1778599108457 2.8523385300668152e-05 1160
1778599109630 2.8496659242761695e-05 1180
1778599110805 2.8469933184855237e-05 1200
1778599111996 2.8443207126948773e-05 1220
1778599113181 2.8416481069042316e-05 1240
1778599121791 2.8389755011135858e-05 1260
1778599122972 2.8363028953229397e-05 1280
1778599124156 2.833630289532294e-05 1300
1778599125339 2.8309576837416482e-05 1320
1778599126522 2.828285077951002e-05 1340
1778599127721 2.8256124721603564e-05 1360
1778599128901 2.8229398663697107e-05 1380
1778599130087 2.8202672605790646e-05 1400
1778599131266 2.817594654788419e-05 1420
1778599132444 2.814922048997773e-05 1440
1778599133630 2.812249443207127e-05 1460
1778599134810 2.8095768374164813e-05 1480
1778599135996 2.8069042316258355e-05 1500
1778599144600 2.8042316258351894e-05 1520
1778599145782 2.8015590200445437e-05 1540
1778599146972 2.7988864142538976e-05 1560
1778599148153 2.796213808463252e-05 1580
1778599149329 2.793541202672606e-05 1600
1778599150521 2.7908685968819597e-05 1620
1778599151700 2.788195991091314e-05 1640
1778599152887 2.7855233853006682e-05 1660
1778599154070 2.782850779510022e-05 1680
1778599155261 2.7801781737193764e-05 1700
1778599156465 2.7775055679287306e-05 1720
1778599157681 2.7748329621380845e-05 1740
1778599166313 2.7721603563474388e-05 1760
1778599167497 2.769487750556793e-05 1780
1778599168686 2.766815144766147e-05 1800
1778599169879 2.7641425389755012e-05 1820
1778599171073 2.7614699331848555e-05 1840
1778599172257 2.7587973273942094e-05 1860
1778599173444 2.7561247216035636e-05 1880
1778599174623 2.753452115812918e-05 1900
1778599175799 2.7507795100222718e-05 1920
1778599176980 2.748106904231626e-05 1940
1778599178166 2.7454342984409803e-05 1960
1778599179355 2.7427616926503342e-05 1980
1778599180542 2.740089086859688e-05 2000
1778599189182 2.7374164810690424e-05 2020
1778599190355 2.7347438752783963e-05 2040
1778599191532 2.7320712694877505e-05 2060
1778599192715 2.7293986636971048e-05 2080
1778599193909 2.7267260579064587e-05 2100
1778599195104 2.724053452115813e-05 2120
1778599196307 2.7213808463251672e-05 2140
1778599197484 2.718708240534521e-05 2160
1778599198654 2.7160356347438754e-05 2180
1778599199832 2.7133630289532296e-05 2200
1778599201013 2.7106904231625836e-05 2220
1778599202192 2.7080178173719378e-05 2240
1778599210758 2.7053452115812917e-05 2260
1778599211951 2.702672605790646e-05 2280
1778599213131 2.7000000000000002e-05 2300
1778599214314 2.697327394209354e-05 2320
1778599215507 2.6946547884187084e-05 2340
1778599216678 2.6919821826280627e-05 2360
1778599217859 2.6893095768374166e-05 2380
1778599219040 2.6866369710467705e-05 2400
1778599220225 2.6839643652561247e-05 2420
1778599221410 2.6812917594654787e-05 2440
1778599222590 2.678619153674833e-05 2460
1778599223766 2.675946547884187e-05 2480
1778599224954 2.673273942093541e-05 2500
1778599233613 2.6706013363028953e-05 2520
1778599234799 2.6679287305122496e-05 2540
1778599235971 2.6652561247216035e-05 2560
1778599237148 2.6625835189309578e-05 2580
1778599238345 2.659910913140312e-05 2600
1778599239530 2.657238307349666e-05 2620
1778599240710 2.6545657015590202e-05 2640
1778599241889 2.6518930957683744e-05 2660
1778599243087 2.6492204899777283e-05 2680
1778599244261 2.6465478841870826e-05 2700
1778599245443 2.643875278396437e-05 2720
1778599246620 2.6412026726057908e-05 2740
1778599255199 2.638530066815145e-05 2760
1778599256388 2.635857461024499e-05 2780
1778599257577 2.633184855233853e-05 2800
1778599258756 2.630512249443207e-05 2820
1778599259946 2.6278396436525614e-05 2840
1778599261133 2.6251670378619153e-05 2860
1778599262317 2.6224944320712695e-05 2880
1778599263501 2.6198218262806238e-05 2900
1778599264678 2.6171492204899777e-05 2920
1778599265865 2.614476614699332e-05 2940
1778599267054 2.611804008908686e-05 2960
1778599268219 2.60913140311804e-05 2980
1778599269400 2.6064587973273944e-05 3000
1778599278072 2.6037861915367483e-05 3020
1778599279254 2.6011135857461025e-05 3040
1778599280427 2.5984409799554568e-05 3060
1778599281604 2.5957683741648107e-05 3080
1778599282793 2.593095768374165e-05 3100
1778599283986 2.5904231625835192e-05 3120
1778599285179 2.587750556792873e-05 3140
1778599286376 2.585077951002227e-05 3160
1778599287560 2.5824053452115813e-05 3180
1778599288744 2.5797327394209352e-05 3200
1778599289944 2.5770601336302895e-05 3220
1778599291125 2.5743875278396437e-05 3240
1778599299732 2.5717149220489976e-05 3260
1778599300925 2.569042316258352e-05 3280
1778599302102 2.566369710467706e-05 3300
1778599303283 2.56369710467706e-05 3320
1778599304464 2.5610244988864143e-05 3340
1778599305659 2.5583518930957686e-05 3360
1778599306836 2.5556792873051225e-05 3380
1778599308006 2.5530066815144767e-05 3400
1778599309178 2.550334075723831e-05 3420
1778599310361 2.547661469933185e-05 3440
1778599311553 2.544988864142539e-05 3460
1778599312737 2.5423162583518934e-05 3480
1778599313932 2.5396436525612473e-05 3500
1778599322574 2.5369710467706016e-05 3520
1778599323763 2.5342984409799555e-05 3540
1778599324953 2.5316258351893094e-05 3560
1778599326141 2.5289532293986637e-05 3580
1778599327314 2.526280623608018e-05 3600
1778599328498 2.523608017817372e-05 3620
1778599329682 2.520935412026726e-05 3640
1778599330861 2.5182628062360803e-05 3660
1778599332057 2.5155902004454343e-05 3680
1778599333238 2.5129175946547885e-05 3700
1778599334415 2.5102449888641424e-05 3720
1778599335602 2.5075723830734967e-05 3740
1778599344337 2.504899777282851e-05 3760
1778599345517 2.502227171492205e-05 3780
1778599346697 2.499554565701559e-05 3800
1778599347871 2.4968819599109134e-05 3820
1778599349058 2.4942093541202673e-05 3840
1778599350252 2.4915367483296215e-05 3860
1778599351437 2.4888641425389758e-05 3880
1778599352616 2.4861915367483297e-05 3900
1778599353801 2.483518930957684e-05 3920
1778599354987 2.480846325167038e-05 3940
1778599356175 2.4781737193763918e-05 3960
1778599357344 2.475501113585746e-05 3980
1778599358526 2.4728285077951003e-05 4000
1778599367146 2.4701559020044542e-05 4020
1778599368330 2.4674832962138085e-05 4040
1778599369513 2.4648106904231627e-05 4060
1778599370698 2.4621380846325166e-05 4080
1778599371886 2.459465478841871e-05 4100
1778599373069 2.456792873051225e-05 4120
1778599374244 2.454120267260579e-05 4140
1778599375418 2.4514476614699333e-05 4160
1778599376593 2.4487750556792876e-05 4180
1778599377769 2.4461024498886415e-05 4200
1778599378946 2.4434298440979957e-05 4220
1778599380136 2.44075723830735e-05 4240
1778599388775 2.438084632516704e-05 4260
1778599389961 2.435412026726058e-05 4280
1778599391146 2.4327394209354124e-05 4300
1778599392327 2.430066815144766e-05 4320
1778599393511 2.4273942093541202e-05 4340
1778599394700 2.4247216035634745e-05 4360
1778599395881 2.4220489977728284e-05 4380
1778599397064 2.4193763919821827e-05 4400
1778599398248 2.4167037861915366e-05 4420
1778599399432 2.4140311804008908e-05 4440
1778599400613 2.411358574610245e-05 4460
1778599401797 2.408685968819599e-05 4480
1778599402989 2.4060133630289532e-05 4500
1778599411619 2.4033407572383075e-05 4520
1778599412818 2.4006681514476614e-05 4540
1778599414010 2.3979955456570157e-05 4560
1778599415200 2.39532293986637e-05 4580
1778599416386 2.392650334075724e-05 4600
1778599417562 2.389977728285078e-05 4620
1778599418751 2.3873051224944323e-05 4640
1778599419930 2.3846325167037863e-05 4660
1778599421103 2.3819599109131405e-05 4680
1778599422287 2.3792873051224944e-05 4700
1778599423472 2.3766146993318483e-05 4720
1778599424663 2.3739420935412026e-05 4740
1778599433257 2.371269487750557e-05 4760
1778599434446 2.3685968819599108e-05 4780
1778599435637 2.365924276169265e-05 4800
1778599436826 2.3632516703786193e-05 4820
1778599438021 2.3605790645879732e-05 4840
1778599439197 2.3579064587973274e-05 4860
1778599440371 2.3552338530066817e-05 4880
1778599441544 2.3525612472160356e-05 4900
1778599442733 2.34988864142539e-05 4920
1778599443916 2.347216035634744e-05 4940
1778599445107 2.344543429844098e-05 4960
1778599446274 2.3418708240534523e-05 4980
1778599447468 2.3391982182628065e-05 5000
1778599456147 2.3365256124721605e-05 5020
1778599457330 2.3338530066815147e-05 5040
1778599458519 2.331180400890869e-05 5060
1778599459701 2.328507795100223e-05 5080
1778599460880 2.3258351893095768e-05 5100
1778599462066 2.323162583518931e-05 5120
1778599463244 2.320489977728285e-05 5140
1778599464429 2.3178173719376392e-05 5160
1778599465626 2.315144766146993e-05 5180
1778599466815 2.3124721603563474e-05 5200
1778599467995 2.3097995545657016e-05 5220
1778599469190 2.3071269487750556e-05 5240
1778599477760 2.3044543429844098e-05 5260
1778599478933 2.301781737193764e-05 5280
1778599480112 2.299109131403118e-05 5300
1778599481295 2.2964365256124722e-05 5320
1778599482491 2.2937639198218265e-05 5340
1778599483661 2.2910913140311804e-05 5360
1778599484849 2.2884187082405346e-05 5380
1778599486037 2.285746102449889e-05 5400
1778599487220 2.2830734966592428e-05 5420
1778599488404 2.280400890868597e-05 5440
1778599489586 2.2777282850779513e-05 5460
1778599490759 2.275055679287305e-05 5480
1778599491963 2.272383073496659e-05 5500
1778599500580 2.2697104677060134e-05 5520
1778599501770 2.2670378619153673e-05 5540
1778599502976 2.2643652561247216e-05 5560
1778599504153 2.261692650334076e-05 5580
1778599505341 2.2590200445434297e-05 5600
1778599506527 2.256347438752784e-05 5620
1778599507702 2.2536748329621383e-05 5640
1778599508889 2.2510022271714922e-05 5660
1778599510072 2.2483296213808464e-05 5680
1778599511251 2.2456570155902007e-05 5700
1778599512438 2.2429844097995546e-05 5720
1778599513624 2.240311804008909e-05 5740
1778599522316 2.237639198218263e-05 5760
1778599523508 2.234966592427617e-05 5780
1778599524696 2.2322939866369713e-05 5800
1778599525879 2.2296213808463255e-05 5820
1778599527061 2.2269487750556794e-05 5840
1778599528246 2.2242761692650334e-05 5860
1778599529437 2.2216035634743873e-05 5880
1778599530620 2.2189309576837415e-05 5900
1778599531793 2.2162583518930958e-05 5920
1778599532984 2.2135857461024497e-05 5940
1778599534164 2.210913140311804e-05 5960
1778599535355 2.2082405345211582e-05 5980
1778599536537 2.205567928730512e-05 6000
1778599545160 2.2028953229398664e-05 6020
1778599546349 2.2002227171492206e-05 6040
1778599547526 2.1975501113585745e-05 6060
1778599548704 2.1948775055679288e-05 6080
1778599549889 2.192204899777283e-05 6100
1778599551071 2.189532293986637e-05 6120
1778599552258 2.1868596881959912e-05 6140
1778599553439 2.1841870824053455e-05 6160
1778599554622 2.1815144766146994e-05 6180
1778599555816 2.1788418708240536e-05 6200
1778599557003 2.176169265033408e-05 6220
1778599558197 2.1734966592427618e-05 6240
1778599566797 2.1708240534521157e-05 6260
1778599567989 2.16815144766147e-05 6280
1778599569179 2.165478841870824e-05 6300
1778599570355 2.162806236080178e-05 6320
1778599571543 2.1601336302895324e-05 6340
1778599572724 2.1574610244988863e-05 6360
1778599573905 2.1547884187082406e-05 6380
1778599575082 2.1521158129175948e-05 6400
1778599576265 2.1494432071269487e-05 6420
1778599577444 2.146770601336303e-05 6440
1778599578642 2.1440979955456572e-05 6460
1778599579817 2.141425389755011e-05 6480
1778599581005 2.1387527839643654e-05 6500
1778599589622 2.1360801781737197e-05 6520
1778599590815 2.1334075723830736e-05 6540
1778599591993 2.1307349665924278e-05 6560
1778599593179 2.1280623608017817e-05 6580
1778599594363 2.125389755011136e-05 6600
1778599595537 2.1227171492204903e-05 6620
1778599596717 2.1200445434298438e-05 6640
1778599597916 2.117371937639198e-05 6660
1778599599110 2.1146993318485523e-05 6680
1778599600287 2.1120267260579063e-05 6700
1778599601472 2.1093541202672605e-05 6720
1778599602658 2.1066815144766148e-05 6740
1778599611254 2.1040089086859687e-05 6760
1778599612446 2.101336302895323e-05 6780
1778599613630 2.0986636971046772e-05 6800
1778599614821 2.095991091314031e-05 6820
1778599615999 2.0933184855233853e-05 6840
1778599617176 2.0906458797327396e-05 6860
1778599618356 2.0879732739420935e-05 6880
1778599619542 2.0853006681514478e-05 6900
1778599620731 2.082628062360802e-05 6920
1778599621915 2.079955456570156e-05 6940
1778599623096 2.0772828507795102e-05 6960
1778599624274 2.0746102449888644e-05 6980
1778599625468 2.0719376391982184e-05 7000
1778599634095 2.0692650334075726e-05 7020
1778599635289 2.0665924276169265e-05 7040
1778599636473 2.0639198218262804e-05 7060
1778599637659 2.0612472160356347e-05 7080
1778599638850 2.058574610244989e-05 7100
1778599640033 2.055902004454343e-05 7120
1778599641214 2.053229398663697e-05 7140
1778599642399 2.0505567928730514e-05 7160
1778599643579 2.0478841870824053e-05 7180
1778599644765 2.0452115812917595e-05 7200
1778599645954 2.0425389755011138e-05 7220
1778599647148 2.0398663697104677e-05 7240
1778599655731 2.037193763919822e-05 7260
1778599656912 2.0345211581291762e-05 7280
1778599658098 2.03184855233853e-05 7300
1778599659267 2.0291759465478844e-05 7320
1778599660449 2.0265033407572383e-05 7340
1778599661634 2.0238307349665926e-05 7360
1778599662815 2.0211581291759468e-05 7380
1778599664002 2.0184855233853007e-05 7400
1778599665183 2.0158129175946546e-05 7420
1778599666369 2.013140311804009e-05 7440
1778599667544 2.0104677060133628e-05 7460
1778599668724 2.007795100222717e-05 7480
1778599669918 2.0051224944320713e-05 7500
1778599678525 2.0024498886414252e-05 7520
1778599679698 1.9997772828507795e-05 7540
1778599680888 1.9971046770601337e-05 7560
1778599682071 1.9944320712694877e-05 7580
1778599683255 1.991759465478842e-05 7600
1778599684446 1.989086859688196e-05 7620
1778599685632 1.98641425389755e-05 7640
1778599686817 1.9837416481069043e-05 7660
1778599688016 1.9810690423162586e-05 7680
1778599689205 1.9783964365256125e-05 7700
1778599690395 1.9757238307349668e-05 7720
1778599691578 1.973051224944321e-05 7740
1778599700365 1.970378619153675e-05 7760
1778599701580 1.9677060133630292e-05 7780
1778599702758 1.965033407572383e-05 7800
1778599703947 1.962360801781737e-05 7820
1778599705125 1.9596881959910913e-05 7840
1778599706311 1.9570155902004455e-05 7860
1778599707503 1.9543429844097994e-05 7880
1778599708684 1.9516703786191537e-05 7900
1778599709861 1.948997772828508e-05 7920
1778599711062 1.946325167037862e-05 7940
1778599712250 1.943652561247216e-05 7960
1778599713441 1.9409799554565704e-05 7980
1778599714631 1.9383073496659243e-05 8000
1778599723270 1.9356347438752785e-05 8020
1778599724460 1.9329621380846324e-05 8040
1778599725650 1.9302895322939867e-05 8060
1778599726826 1.927616926503341e-05 8080
1778599728004 1.924944320712695e-05 8100
1778599729179 1.922271714922049e-05 8120
1778599730368 1.9195991091314034e-05 8140
1778599731551 1.9169265033407573e-05 8160
1778599732728 1.9142538975501115e-05 8180
1778599733919 1.9115812917594655e-05 8200
1778599735103 1.9089086859688194e-05 8220
1778599736284 1.9062360801781736e-05 8240
1778599744996 1.903563474387528e-05 8260
1778599746183 1.9008908685968818e-05 8280
1778599747365 1.898218262806236e-05 8300
1778599748554 1.8955456570155903e-05 8320
1778599749736 1.8928730512249442e-05 8340
1778599750913 1.8902004454342985e-05 8360
1778599752104 1.8875278396436527e-05 8380
1778599753290 1.8848552338530066e-05 8400
1778599754478 1.882182628062361e-05 8420
1778599755654 1.879510022271715e-05 8440
1778599756832 1.876837416481069e-05 8460
1778599758017 1.8741648106904233e-05 8480
1778599759203 1.8714922048997776e-05 8500
1778599767908 1.8688195991091315e-05 8520
1778599769090 1.8661469933184857e-05 8540
1778599770280 1.86347438752784e-05 8560
1778599771469 1.8608017817371936e-05 8580
1778599772658 1.8581291759465478e-05 8600
1778599773853 1.855456570155902e-05 8620
1778599775041 1.852783964365256e-05 8640
1778599776233 1.8501113585746102e-05 8660
1778599777417 1.8474387527839645e-05 8680
1778599778598 1.8447661469933184e-05 8700
1778599779783 1.8420935412026727e-05 8720
1778599780972 1.839420935412027e-05 8740
1778599789702 1.836748329621381e-05 8760
1778599790877 1.834075723830735e-05 8780
1778599792069 1.831403118040089e-05 8800
1778599793243 1.8287305122494433e-05 8820
1778599794427 1.8260579064587975e-05 8840
1778599795603 1.8233853006681514e-05 8860
1778599796802 1.8207126948775057e-05 8880
1778599797978 1.81804008908686e-05 8900
1778599799154 1.815367483296214e-05 8920
1778599800330 1.812694877505568e-05 8940
1778599801512 1.810022271714922e-05 8960
1778599802699 1.807349665924276e-05 8980
1778599803885 1.8046770601336302e-05 9000
1778599812541 1.8020044543429844e-05 9020
1778599813714 1.7993318485523384e-05 9040
1778599814905 1.7966592427616926e-05 9060
1778599816091 1.793986636971047e-05 9080
1778599817269 1.7913140311804008e-05 9100
1778599818453 1.788641425389755e-05 9120
1778599819633 1.7859688195991093e-05 9140
1778599820802 1.7832962138084632e-05 9160
1778599821992 1.7806236080178175e-05 9180
1778599823171 1.7779510022271717e-05 9200
1778599824364 1.7752783964365256e-05 9220
1778599825545 1.77260579064588e-05 9240
1778599834278 1.769933184855234e-05 9260
1778599835471 1.767260579064588e-05 9280
1778599836662 1.7645879732739423e-05 9300
1778599837837 1.7619153674832966e-05 9320
1778599839031 1.7592427616926505e-05 9340
1778599840212 1.7565701559020044e-05 9360
1778599841400 1.7538975501113586e-05 9380
1778599842573 1.7512249443207126e-05 9400
1778599843746 1.7485523385300668e-05 9420
1778599844928 1.745879732739421e-05 9440
1778599846112 1.743207126948775e-05 9460
1778599847286 1.7405345211581292e-05 9480
1778599848464 1.737861915367483e-05 9500
1778599857118 1.7351893095768374e-05 9520
1778599858308 1.7325167037861916e-05 9540
1778599859493 1.7298440979955456e-05 9560
1778599860671 1.7271714922048998e-05 9580
1778599861850 1.724498886414254e-05 9600
1778599863041 1.721826280623608e-05 9620
1778599864218 1.7191536748329622e-05 9640
1778599865416 1.7164810690423165e-05 9660
1778599866597 1.7138084632516704e-05 9680
1778599867792 1.7111358574610247e-05 9700
1778599868980 1.708463251670379e-05 9720
1778599870177 1.7057906458797325e-05 9740
1778599878819 1.7031180400890867e-05 9760
1778599879998 1.700445434298441e-05 9780
1778599881198 1.697772828507795e-05 9800
1778599882408 1.6951002227171492e-05 9820
1778599883632 1.6924276169265034e-05 9840
1778599884818 1.6897550111358573e-05 9860
1778599885992 1.6870824053452116e-05 9880
1778599887169 1.684409799554566e-05 9900
1778599888349 1.6817371937639198e-05 9920
1778599889531 1.679064587973274e-05 9940
1778599890718 1.6763919821826283e-05 9960
1778599891894 1.6737193763919822e-05 9980
1778599893081 1.6710467706013364e-05 10000
1778599901697 1.6683741648106907e-05 10020
1778599902874 1.6657015590200446e-05 10040
1778599904062 1.663028953229399e-05 10060
1778599905249 1.660356347438753e-05 10080
1778599906440 1.657683741648107e-05 10100
1778599907621 1.6551447661469933e-05 10120
1778599908811 1.6524721603563476e-05 10140
1778599909995 1.649799554565702e-05 10160
1778599911178 1.6471269487750558e-05 10180
1778599912376 1.64445434298441e-05 10200
1778599913566 1.6417817371937643e-05 10220
1778599914740 1.639109131403118e-05 10240
1778599923422 1.636436525612472e-05 10260
1778599924607 1.633763919821826e-05 10280
1778599925791 1.6310913140311803e-05 10300
1778599926978 1.6284187082405345e-05 10320
1778599928165 1.6257461024498884e-05 10340
1778599929358 1.6230734966592427e-05 10360
1778599930526 1.620400890868597e-05 10380
1778599931703 1.617728285077951e-05 10400
1778599932885 1.615055679287305e-05 10420
1778599934073 1.6123830734966594e-05 10440
1778599935256 1.6097104677060133e-05 10460
1778599936432 1.6070378619153675e-05 10480
1778599937610 1.6043652561247218e-05 10500
1778599946233 1.6016926503340757e-05 10520
1778599947426 1.59902004454343e-05 10540
1778599948616 1.5963474387527842e-05 10560
1778599949804 1.593674832962138e-05 10580
1778599950988 1.5910022271714924e-05 10600
1778599952163 1.5883296213808466e-05 10620
1778599953349 1.5856570155902002e-05 10640
1778599954532 1.5829844097995545e-05 10660
1778599955703 1.5803118040089087e-05 10680
1778599956877 1.5776391982182626e-05 10700
1778599958067 1.574966592427617e-05 10720
1778599959261 1.572293986636971e-05 10740
1778599967964 1.569621380846325e-05 10760
1778599969148 1.5669487750556793e-05 10780
1778599970325 1.5642761692650336e-05 10800
1778599971516 1.5616035634743875e-05 10820
1778599972686 1.5589309576837417e-05 10840
1778599973858 1.556258351893096e-05 10860
1778599975033 1.55358574610245e-05 10880
1778599976223 1.550913140311804e-05 10900
1778599977396 1.5482405345211584e-05 10920
1778599978583 1.5455679287305123e-05 10940
1778599979775 1.5428953229398666e-05 10960
1778599980980 1.540222717149221e-05 10980
1778599982155 1.5375501113585748e-05 11000
1778599990894 1.5348775055679287e-05 11020
1778599992088 1.5322048997772826e-05 11040
1778599993278 1.529532293986637e-05 11060
1778599994453 1.526859688195991e-05 11080
1778599995635 1.5241870824053452e-05 11100
1778599996813 1.5215144766146993e-05 11120
1778599998007 1.5188418708240535e-05 11140
1778599999190 1.5161692650334074e-05 11160
1778600000368 1.5134966592427617e-05 11180
1778600001559 1.510824053452116e-05 11200
1778600002732 1.5081514476614699e-05 11220
1778600003923 1.5054788418708241e-05 11240
1778600012547 1.5028062360801784e-05 11260
1778600013736 1.5001336302895323e-05 11280
1778600014930 1.4974610244988865e-05 11300
1778600016106 1.4947884187082404e-05 11320
1778600017298 1.4921158129175947e-05 11340
1778600018480 1.4894432071269488e-05 11360
1778600019666 1.4867706013363029e-05 11380
1778600020842 1.4840979955456571e-05 11400
1778600022019 1.4814253897550112e-05 11420
1778600023208 1.4787527839643653e-05 11440
1778600024394 1.4760801781737195e-05 11460
1778600025569 1.4734075723830736e-05 11480
1778600026755 1.4707349665924275e-05 11500
1778600035403 1.4680623608017818e-05 11520
1778600036587 1.4653897550111359e-05 11540
1778600037762 1.46271714922049e-05 11560
1778600038947 1.460044543429844e-05 11580
1778600040128 1.4573719376391983e-05 11600
1778600041312 1.4546993318485524e-05 11620
1778600042493 1.4520267260579065e-05 11640
1778600043682 1.4493541202672607e-05 11660
1778600044867 1.4466815144766148e-05 11680
1778600046048 1.4440089086859687e-05 11700
1778600047238 1.441336302895323e-05 11720
1778600048418 1.438663697104677e-05 11740
1778600057083 1.4359910913140311e-05 11760
1778600058255 1.4333184855233854e-05 11780
1778600059438 1.4306458797327395e-05 11800
1778600060624 1.4279732739420936e-05 11820
1778600061803 1.4253006681514478e-05 11840
1778600063005 1.4226280623608019e-05 11860
1778600064222 1.419955456570156e-05 11880
1778600065402 1.4172828507795099e-05 11900
1778600066584 1.4146102449888642e-05 11920
1778600067779 1.4119376391982182e-05 11940
1778600068962 1.4092650334075723e-05 11960
1778600070146 1.4065924276169266e-05 11980
1778600071337 1.4039198218262807e-05 12000
1778600079951 1.4012472160356348e-05 12020
1778600081128 1.398574610244989e-05 12040
1778600082306 1.3959020044543431e-05 12060
1778600083491 1.393229398663697e-05 12080
1778600084671 1.3905567928730513e-05 12100
1778600085856 1.3878841870824053e-05 12120
1778600087042 1.3853452115812918e-05 12140
1778600088224 1.382672605790646e-05 12160
1778600089401 1.3800000000000002e-05 12180
1778600090583 1.3773273942093541e-05 12200
1778600091760 1.3746547884187082e-05 12220
1778600092953 1.3719821826280624e-05 12240
1778600101669 1.3693095768374165e-05 12260
1778600102856 1.3666369710467706e-05 12280
1778600104045 1.3639643652561248e-05 12300
1778600105226 1.361291759465479e-05 12320
1778600106405 1.358619153674833e-05 12340
1778600107600 1.3559465478841871e-05 12360
1778600108794 1.3532739420935414e-05 12380
1778600109988 1.3506013363028953e-05 12400
1778600111181 1.3479287305122494e-05 12420
1778600112363 1.3452561247216036e-05 12440
1778600113545 1.3425835189309577e-05 12460
1778600114719 1.3399109131403118e-05 12480
1778600115891 1.337238307349666e-05 12500
1778600124517 1.3345657015590201e-05 12520
1778600125710 1.3318930957683742e-05 12540
1778600126893 1.3292204899777285e-05 12560
1778600128081 1.3265478841870824e-05 12580
1778600129263 1.3238752783964365e-05 12600
1778600130449 1.3212026726057907e-05 12620
1778600131642 1.3185300668151448e-05 12640
1778600132830 1.3158574610244989e-05 12660
1778600134003 1.3131848552338531e-05 12680
1778600135182 1.3105122494432072e-05 12700
1778600136366 1.3078396436525613e-05 12720
1778600137553 1.3051670378619154e-05 12740
1778600146238 1.3024944320712696e-05 12760
1778600147412 1.2998218262806235e-05 12780
1778600148588 1.2971492204899776e-05 12800
1778600149766 1.2944766146993319e-05 12820
1778600150949 1.291804008908686e-05 12840
1778600152138 1.28913140311804e-05 12860
1778600153325 1.2864587973273943e-05 12880
1778600154506 1.2837861915367484e-05 12900
1778600155700 1.2811135857461025e-05 12920
1778600156876 1.2784409799554567e-05 12940
1778600158059 1.2757683741648108e-05 12960
1778600159244 1.2730957683741647e-05 12980
1778600160436 1.270423162583519e-05 13000
1778600169111 1.267750556792873e-05 13020
1778600170294 1.2650779510022272e-05 13040
1778600171474 1.2624053452115812e-05 13060
1778600172672 1.2597327394209355e-05 13080
1778600173853 1.2570601336302896e-05 13100
1778600175054 1.2543875278396437e-05 13120
1778600176242 1.2517149220489979e-05 13140
1778600177424 1.2490423162583518e-05 13160
1778600178618 1.2463697104677059e-05 13180
1778600179801 1.2436971046770602e-05 13200
1778600180987 1.2410244988864143e-05 13220
1778600182182 1.2383518930957683e-05 13240
1778600190789 1.2356792873051226e-05 13260
1778600191978 1.2330066815144767e-05 13280
1778600193163 1.2303340757238308e-05 13300
1778600194346 1.227661469933185e-05 13320
1778600195533 1.2249888641425391e-05 13340
1778600196720 1.222316258351893e-05 13360
1778600197914 1.2196436525612473e-05 13380
1778600199095 1.2169710467706013e-05 13400
1778600200282 1.2142984409799554e-05 13420
1778600201461 1.2116258351893095e-05 13440
1778600202645 1.2089532293986638e-05 13460
1778600203824 1.2062806236080179e-05 13480
1778600205010 1.203608017817372e-05 13500
1778600213662 1.2009354120267262e-05 13520
1778600214843 1.1982628062360803e-05 13540
1778600216019 1.1955902004454342e-05 13560
1778600217212 1.1929175946547884e-05 13580
1778600218400 1.1902449888641425e-05 13600
1778600219586 1.1875723830734966e-05 13620
1778600220763 1.1848997772828509e-05 13640
1778600221940 1.182227171492205e-05 13660
1778600223124 1.179554565701559e-05 13680
1778600224305 1.1768819599109133e-05 13700
1778600225485 1.1742093541202674e-05 13720
1778600226682 1.1715367483296215e-05 13740
1778600235366 1.1688641425389755e-05 13760
1778600236544 1.1661915367483296e-05 13780
1778600237730 1.1635189309576837e-05 13800
1778600238914 1.1608463251670378e-05 13820
1778600240096 1.158173719376392e-05 13840
1778600241290 1.1555011135857461e-05 13860
1778600242478 1.1528285077951002e-05 13880
1778600243663 1.1501559020044545e-05 13900
1778600244872 1.1474832962138086e-05 13920
1778600246095 1.1448106904231625e-05 13940
1778600247284 1.1421380846325167e-05 13960
1778600248473 1.1394654788418708e-05 13980
1778600249657 1.1367928730512249e-05 14000
1778600258238 1.1341202672605791e-05 14020
1778600259450 1.1314476614699332e-05 14040
1778600260634 1.1287750556792873e-05 14060
1778600261819 1.1261024498886416e-05 14080
1778600263007 1.1234298440979957e-05 14100
1778600264192 1.1207572383073497e-05 14120
1778600265371 1.1180846325167038e-05 14140
1778600266551 1.1155456570155903e-05 14160
1778600267725 1.1128730512249444e-05 14180
1778600268905 1.1102004454342985e-05 14200
1778600270086 1.1075278396436526e-05 14220
1778600271283 1.1048552338530068e-05 14240
1778600279954 1.1021826280623607e-05 14260
1778600281140 1.0995100222717148e-05 14280
1778600282323 1.096837416481069e-05 14300
1778600283500 1.0941648106904232e-05 14320
1778600284682 1.0914922048997772e-05 14340
1778600285875 1.0888195991091315e-05 14360
1778600287063 1.0861469933184856e-05 14380
1778600288240 1.0834743875278397e-05 14400
1778600289415 1.080801781737194e-05 14420
1778600290589 1.0781291759465478e-05 14440
1778600291771 1.075456570155902e-05 14460
1778600292952 1.0727839643652562e-05 14480
1778600294136 1.0701113585746103e-05 14500
1778600302773 1.0674387527839643e-05 14520
1778600303949 1.0647661469933186e-05 14540
1778600305139 1.0620935412026727e-05 14560
1778600306319 1.0594209354120268e-05 14580
1778600307499 1.0567483296213808e-05 14600
1778600308672 1.0540757238307351e-05 14620
1778600309855 1.051403118040089e-05 14640
1778600311051 1.0487305122494431e-05 14660
1778600312233 1.0460579064587974e-05 14680
1778600313422 1.0433853006681514e-05 14700
1778600314617 1.0407126948775055e-05 14720
1778600315804 1.0380400890868598e-05 14740
1778600324457 1.0353674832962139e-05 14760
1778600325638 1.032694877505568e-05 14780
1778600326827 1.0300222717149222e-05 14800
1778600327997 1.0273496659242763e-05 14820
1778600329175 1.0246770601336302e-05 14840
1778600330357 1.0220044543429845e-05 14860
1778600331541 1.0193318485523385e-05 14880
1778600332724 1.0166592427616926e-05 14900
1778600333909 1.0139866369710469e-05 14920
1778600335085 1.011314031180401e-05 14940
1778600336273 1.008641425389755e-05 14960
1778600337457 1.0059688195991091e-05 14980
1778600338637 1.0032962138084634e-05 15000
1778600347319 1.0006236080178173e-05 15020
1778600348503 9.979510022271714e-06 15040
1778600349677 9.952783964365256e-06 15060
1778600350853 9.926057906458797e-06 15080
1778600352041 9.899331848552338e-06 15100
1778600353244 9.87260579064588e-06 15120
1778600354423 9.845879732739421e-06 15140
1778600355607 9.819153674832962e-06 15160
1778600356795 9.792427616926505e-06 15180
1778600357976 9.765701559020046e-06 15200
1778600359154 9.738975501113585e-06 15220
1778600360326 9.712249443207127e-06 15240
1778600368961 9.685523385300668e-06 15260
1778600370143 9.658797327394209e-06 15280
1778600371325 9.632071269487752e-06 15300
1778600372493 9.605345211581292e-06 15320
1778600373683 9.578619153674833e-06 15340
1778600374861 9.551893095768374e-06 15360
1778600376049 9.525167037861917e-06 15380
1778600377237 9.498440979955457e-06 15400
1778600378421 9.471714922048997e-06 15420
1778600379601 9.44498886414254e-06 15440
1778600380785 9.41826280623608e-06 15460
1778600381954 9.391536748329621e-06 15480
1778600383142 9.364810690423163e-06 15500
1778600391822 9.338084632516704e-06 15520
1778600393007 9.311358574610245e-06 15540
1778600394187 9.284632516703788e-06 15560
1778600395366 9.257906458797328e-06 15580
1778600396541 9.231180400890868e-06 15600
1778600397713 9.20445434298441e-06 15620
1778600398903 9.177728285077951e-06 15640
1778600400099 9.151002227171492e-06 15660
1778600401292 9.124276169265033e-06 15680
1778600402477 9.097550111358575e-06 15700
1778600403644 9.070824053452116e-06 15720
1778600404819 9.044097995545657e-06 15740
1778600413440 9.0173719376392e-06 15760
1778600414632 8.99064587973274e-06 15780
1778600415826 8.96391982182628e-06 15800
1778600417021 8.937193763919822e-06 15820
1778600418215 8.910467706013363e-06 15840
1778600419400 8.883741648106904e-06 15860
1778600420579 8.857015590200446e-06 15880
1778600421762 8.830289532293987e-06 15900
1778600422948 8.803563474387528e-06 15920
1778600424130 8.77683741648107e-06 15940
1778600425325 8.750111358574611e-06 15960
1778600426570 8.723385300668152e-06 15980
1778600427767 8.696659242761693e-06 16000
1778600436376 8.669933184855234e-06 16020
1778600437564 8.643207126948775e-06 16040
1778600438742 8.616481069042315e-06 16060
1778600439918 8.589755011135858e-06 16080
1778600441101 8.563028953229399e-06 16100
1778600442278 8.53630289532294e-06 16120
1778600443463 8.509576837416482e-06 16140
1778600444639 8.484187082405345e-06 16160
1778600445830 8.457461024498886e-06 16180
1778600447014 8.430734966592427e-06 16200
1778600448192 8.40400890868597e-06 16220
1778600449379 8.37728285077951e-06 16240
1778600458048 8.350556792873051e-06 16260
1778600459237 8.323830734966594e-06 16280
1778600460426 8.297104677060133e-06 16300
1778600461616 8.270378619153674e-06 16320
1778600462806 8.243652561247216e-06 16340
1778600463979 8.216926503340757e-06 16360
1778600465162 8.190200445434298e-06 16380
1778600466365 8.16347438752784e-06 16400
1778600467543 8.136748329621382e-06 16420
1778600468727 8.110022271714922e-06 16440
1778600469906 8.083296213808465e-06 16460
1778600471093 8.056570155902006e-06 16480
1778600472284 8.029844097995545e-06 16500
1778600480861 8.003118040089086e-06 16520
1778600482041 7.976391982182628e-06 16540
1778600483224 7.949665924276169e-06 16560
1778600484416 7.92293986636971e-06 16580
1778600485594 7.896213808463252e-06 16600
1778600486769 7.869487750556793e-06 16620
1778600487951 7.842761692650334e-06 16640
1778600489131 7.816035634743877e-06 16660
1778600490312 7.789309576837418e-06 16680
1778600491502 7.762583518930957e-06 16700
1778600492689 7.7358574610245e-06 16720
1778600493859 7.70913140311804e-06 16740
1778600502526 7.682405345211581e-06 16760
1778600503712 7.655679287305123e-06 16780
1778600504910 7.628953229398664e-06 16800
1778600506088 7.602227171492205e-06 16820
1778600507261 7.575501113585745e-06 16840
1778600508454 7.548775055679288e-06 16860
1778600509636 7.5220489977728285e-06 16880
1778600510818 7.49532293986637e-06 16900
1778600512010 7.468596881959911e-06 16920
1778600513203 7.441870824053452e-06 16940
1778600514387 7.415144766146994e-06 16960
1778600515563 7.3884187082405344e-06 16980
1778600516737 7.361692650334076e-06 17000
1778600525381 7.334966592427618e-06 17020
1778600526555 7.308240534521158e-06 17040
1778600527737 7.2815144766146995e-06 17060
1778600528930 7.254788418708241e-06 17080
1778600530109 7.228062360801782e-06 17100
1778600531302 7.201336302895323e-06 17120
1778600532481 7.174610244988864e-06 17140
1778600533661 7.147884187082405e-06 17160
1778600534846 7.121158129175947e-06 17180
1778600536033 7.094432071269488e-06 17200
1778600537218 7.067706013363029e-06 17220
1778600538406 7.0409799554565705e-06 17240
1778600547072 7.014253897550111e-06 17260
1778600548253 6.987527839643653e-06 17280
1778600549440 6.960801781737194e-06 17300
1778600550623 6.934075723830735e-06 17320
1778600551804 6.907349665924276e-06 17340
1778600552988 6.880623608017817e-06 17360
1778600554173 6.853897550111359e-06 17380
1778600555350 6.827171492204901e-06 17400
1778600556534 6.800445434298441e-06 17420
1778600557723 6.773719376391982e-06 17440
1778600558908 6.746993318485523e-06 17460
1778600560080 6.720267260579065e-06 17480
1778600561267 6.6935412026726065e-06 17500
1778600569952 6.6668151447661465e-06 17520
1778600571136 6.640089086859688e-06 17540
1778600572325 6.61336302895323e-06 17560
1778600573518 6.586636971046771e-06 17580
1778600574709 6.5599109131403124e-06 17600
1778600575885 6.533184855233853e-06 17620
1778600577070 6.506458797327394e-06 17640
1778600578259 6.479732739420936e-06 17660
1778600579446 6.453006681514477e-06 17680
1778600580623 6.4262806236080175e-06 17700
1778600581804 6.399554565701559e-06 17720
1778600582991 6.3728285077951e-06 17740
1778600591642 6.346102449888642e-06 17760
1778600592830 6.3193763919821834e-06 17780
1778600594000 6.2926503340757234e-06 17800
1778600595177 6.265924276169265e-06 17820
1778600596362 6.239198218262806e-06 17840
1778600597544 6.212472160356348e-06 17860
1778600598721 6.185746102449889e-06 17880
1778600599902 6.159020044543429e-06 17900
1778600601091 6.132293986636971e-06 17920
1778600602278 6.105567928730513e-06 17940
1778600603457 6.0788418708240536e-06 17960
1778600604650 6.052115812917595e-06 17980
1778600605835 6.025389755011136e-06 18000
1778600614576 5.998663697104677e-06 18020
1778600615749 5.971937639198219e-06 18040
1778600616928 5.9452115812917595e-06 18060
1778600618115 5.918485523385301e-06 18080
1778600619309 5.891759465478842e-06 18100
1778600620496 5.865033407572383e-06 18120
1778600621672 5.8383073496659245e-06 18140
1778600622833 5.812917594654789e-06 18160
1778600624019 5.78619153674833e-06 18180
1778600625200 5.759465478841871e-06 18200
1778600626381 5.732739420935412e-06 18220
1778600627554 5.706013363028954e-06 18240
1778600636267 5.6792873051224945e-06 18260
1778600637483 5.652561247216036e-06 18280
1778600638693 5.625835189309577e-06 18300
1778600639895 5.599109131403118e-06 18320
1778600641083 5.57238307349666e-06 18340
1778600642273 5.5456570155902e-06 18360
1778600643464 5.518930957683742e-06 18380
1778600644636 5.492204899777283e-06 18400
1778600645811 5.465478841870824e-06 18420
1778600647000 5.4387527839643655e-06 18440
1778600648192 5.412026726057906e-06 18460
1778600649371 5.385300668151448e-06 18480
1778600650565 5.358574610244989e-06 18500
1778600659163 5.33184855233853e-06 18520
1778600660357 5.305122494432071e-06 18540
1778600661542 5.278396436525613e-06 18560
1778600662725 5.251670378619154e-06 18580
1778600663902 5.224944320712695e-06 18600
1778600665088 5.198218262806236e-06 18620
1778600666270 5.171492204899777e-06 18640
1778600667459 5.144766146993319e-06 18660
1778600668645 5.11804008908686e-06 18680
1778600669822 5.091314031180401e-06 18700
1778600671002 5.064587973273942e-06 18720
1778600672183 5.037861915367483e-06 18740
1778600680808 5.011135857461025e-06 18760
1778600682004 4.984409799554567e-06 18780
1778600683188 4.957683741648107e-06 18800
1778600684372 4.930957683741648e-06 18820
1778600685567 4.904231625835189e-06 18840
1778600686745 4.877505567928731e-06 18860
1778600687928 4.8507795100222725e-06 18880
1778600689114 4.8240534521158125e-06 18900
1778600690304 4.797327394209354e-06 18920
1778600691493 4.770601336302896e-06 18940
1778600692683 4.743875278396437e-06 18960
1778600693863 4.717149220489978e-06 18980
1778600695046 4.6904231625835184e-06 19000
1778600703705 4.66369710467706e-06 19020
1778600704910 4.636971046770602e-06 19040
1778600706104 4.610244988864143e-06 19060
1778600707288 4.5835189309576835e-06 19080
1778600708480 4.556792873051225e-06 19100
1778600709675 4.530066815144766e-06 19120
1778600710864 4.503340757238308e-06 19140
1778600712034 4.476614699331849e-06 19160
1778600713224 4.449888641425389e-06 19180
1778600714416 4.423162583518931e-06 19200
1778600715601 4.396436525612472e-06 19220
1778600716787 4.369710467706014e-06 19240
1778600725424 4.342984409799555e-06 19260
1778600726596 4.316258351893095e-06 19280
1778600727782 4.289532293986637e-06 19300
1778600728970 4.262806236080179e-06 19320
1778600730157 4.2360801781737195e-06 19340
1778600731338 4.209354120267261e-06 19360
1778600732519 4.182628062360801e-06 19380
1778600733708 4.155902004454343e-06 19400
1778600734878 4.129175946547885e-06 19420
1778600736053 4.1024498886414255e-06 19440
1778600737247 4.075723830734967e-06 19460
1778600738441 4.048997772828508e-06 19480
1778600739616 4.022271714922049e-06 19500
1778600748245 3.9955456570155905e-06 19520
1778600749428 3.968819599109131e-06 19540
1778600750603 3.942093541202672e-06 19560
1778600751796 3.915367483296214e-06 19580
1778600752977 3.888641425389755e-06 19600
1778600754159 3.8619153674832964e-06 19620
1778600755342 3.835189309576838e-06 19640
1778600756525 3.8084632516703785e-06 19660
1778600757716 3.78173719376392e-06 19680
1778600758908 3.7550111358574615e-06 19700
1778600760092 3.7282850779510023e-06 19720
1778600761273 3.7015590200445436e-06 19740
1778600769945 3.674832962138085e-06 19760
1778600771132 3.6481069042316257e-06 19780
1778600772312 3.621380846325167e-06 19800
1778600773504 3.5946547884187087e-06 19820
1778600774679 3.5679287305122495e-06 19840
1778600775866 3.541202672605791e-06 19860
1778600777054 3.5144766146993316e-06 19880
1778600778239 3.4877505567928733e-06 19900
1778600779421 3.4610244988864146e-06 19920
1778600780606 3.4342984409799554e-06 19940
1778600781790 3.4075723830734967e-06 19960
1778600782972 3.380846325167038e-06 19980
1778600784152 3.3541202672605792e-06 20000
1778600792821 3.32739420935412e-06 20020
1778600794008 3.3006681514476614e-06 20040
1778600795205 3.273942093541203e-06 20060
1778600796391 3.247216035634744e-06 20080
1778600797568 3.220489977728285e-06 20100
1778600798763 3.193763919821826e-06 20120
1778600799952 3.1670378619153677e-06 20140
1778600801131 3.140311804008909e-06 20160
1778600802300 3.114922048997773e-06 20180
1778600803490 3.088195991091314e-06 20200
1778600804676 3.0614699331848555e-06 20220
1778600805856 3.0347438752783964e-06 20240
1778600814461 3.0080178173719377e-06 20260
1778600815648 2.981291759465479e-06 20280
1778600816828 2.95456570155902e-06 20300
1778600818020 2.9278396436525615e-06 20320
1778600819200 2.9011135857461023e-06 20340
1778600820376 2.874387527839644e-06 20360
1778600821553 2.847661469933185e-06 20380
1778600822728 2.820935412026726e-06 20400
1778600823924 2.7942093541202674e-06 20420
1778600825101 2.7674832962138086e-06 20440
1778600826283 2.74075723830735e-06 20460
1778600827459 2.7140311804008907e-06 20480
1778600828647 2.687305122494432e-06 20500
1778600837292 2.6605790645879737e-06 20520
1778600838480 2.6338530066815145e-06 20540
1778600839654 2.607126948775056e-06 20560
1778600840847 2.5804008908685967e-06 20580
1778600842030 2.5536748329621383e-06 20600
1778600843212 2.526948775055679e-06 20620
1778600844385 2.5002227171492205e-06 20640
1778600845572 2.4734966592427617e-06 20660
1778600846757 2.446770601336303e-06 20680
1778600847951 2.4200445434298443e-06 20700
1778600849143 2.393318485523385e-06 20720
1778600850321 2.3665924276169264e-06 20740
1778600858989 2.339866369710468e-06 20760
1778600860172 2.313140311804009e-06 20780
1778600861357 2.28641425389755e-06 20800
1778600862547 2.259688195991091e-06 20820
1778600863731 2.2329621380846327e-06 20840
1778600864930 2.206236080178174e-06 20860
1778600866109 2.179510022271715e-06 20880
1778600867284 2.1527839643652565e-06 20900
1778600868466 2.1260579064587973e-06 20920
1778600869657 2.0993318485523386e-06 20940
1778600870851 2.0726057906458795e-06 20960
1778600872036 2.045879732739421e-06 20980
1778600873227 2.0191536748329624e-06 21000
1778600881835 1.9924276169265033e-06 21020
1778600883022 1.9657015590200445e-06 21040
1778600884204 1.938975501113586e-06 21060
1778600885396 1.912249443207127e-06 21080
1778600886585 1.8855233853006681e-06 21100
1778600887771 1.8587973273942094e-06 21120
1778600888969 1.8320712694877504e-06 21140
1778600890152 1.805345211581292e-06 21160
1778600891334 1.778619153674833e-06 21180
1778600892513 1.7518930957683742e-06 21200
1778600893701 1.7251670378619153e-06 21220
1778600894887 1.6984409799554566e-06 21240
1778600903594 1.6717149220489978e-06 21260
1778600904787 1.644988864142539e-06 21280
1778600905973 1.6182628062360802e-06 21300
1778600907157 1.5915367483296214e-06 21320
1778600908343 1.5648106904231625e-06 21340
1778600909528 1.5380846325167037e-06 21360
1778600910708 1.5113585746102452e-06 21380
1778600911908 1.4846325167037863e-06 21400
1778600913098 1.4579064587973275e-06 21420
1778600914285 1.4311804008908686e-06 21440
1778600915476 1.4044543429844099e-06 21460
1778600916659 1.377728285077951e-06 21480
1778600917838 1.3510022271714924e-06 21500
1778600926452 1.3242761692650335e-06 21520
1778600927641 1.2975501113585747e-06 21540
1778600928818 1.2708240534521158e-06 21560
1778600930009 1.244097995545657e-06 21580
1778600931201 1.217371937639198e-06 21600
1778600932377 1.1906458797327396e-06 21620
1778600933563 1.1639198218262806e-06 21640
1778600934742 1.137193763919822e-06 21660
1778600935926 1.110467706013363e-06 21680
1778600937106 1.0837416481069042e-06 21700
1778600938293 1.0570155902004455e-06 21720
1778600939467 1.0302895322939868e-06 21740
1778600948127 1.0035634743875278e-06 21760
1778600949310 9.76837416481069e-07 21780
1778600950497 9.501113585746101e-07 21800
1778600951688 9.233853006681515e-07 21820
1778600952874 8.966592427616927e-07 21840
1778600954070 8.699331848552338e-07 21860
1778600955261 8.432071269487751e-07 21880
1778600956446 8.164810690423163e-07 21900
1778600957625 7.897550111358574e-07 21920
1778600958819 7.630289532293987e-07 21940
1778600959991 7.363028953229398e-07 21960
1778600961183 7.095768374164811e-07 21980
1778600962366 6.828507795100223e-07 22000
1778600971224 6.561247216035634e-07 22020
1778600972404 6.293986636971047e-07 22040
1778600973581 6.026726057906459e-07 22060
1778600974762 5.75946547884187e-07 22080
1778600975949 5.492204899777283e-07 22100
1778600977138 5.224944320712695e-07 22120
1778600978328 4.957683741648107e-07 22140
1778600979520 4.6904231625835194e-07 22160
1778600980700 4.4365256124721605e-07 22180
1778600981886 4.1692650334075726e-07 22200
1778600983077 3.902004454342985e-07 22220
1778600984276 3.6347438752783964e-07 22240
1778600992902 3.3674832962138085e-07 22260
1778600994095 3.1002227171492206e-07 22280
1778600995275 2.832962138084632e-07 22300
1778600996464 2.5657015590200444e-07 22320
1778600997655 2.2984409799554568e-07 22340
1778600998844 2.0311804008908687e-07 22360
1778601000020 1.7639198218262806e-07 22380
1778601001191 1.4966592427616927e-07 22400
1778601002380 1.2293986636971046e-07 22420
1778601003554 9.621380846325167e-08 22440
1778601004727 6.948775055679287e-08 22460
1778601005907 4.276169265033408e-08 22480
1778601007085 1.6035634743875277e-08 22500
