1778599009005 0.697 20
1778599010195 0.694 40
1778599011358 0.7062 60
1778599012550 0.6936 80
1778599013738 0.7048 100
1778599014918 0.6936 120
1778599016115 0.6922 140
1778599017301 0.6981 160
1778599018476 0.7031 180
1778599019658 0.7129 200
1778599020828 0.6956 220
1778599022013 0.7025 240
1778599033133 0.7067 260
1778599034312 0.6938 280
1778599035500 0.6849 300
1778599036684 0.7046 320
1778599037864 0.7027 340
1778599039060 0.6941 360
1778599040243 0.7125 380
1778599041430 0.6939 400
1778599042607 0.7097 420
1778599043784 0.6931 440
1778599044960 0.6945 460
1778599046139 0.6904 480
1778599047315 0.6921 500
1778599055890 0.6765 520
1778599057086 0.6878 540
1778599058271 0.6969 560
1778599059453 0.673 580
1778599060632 0.6965 600
1778599061811 0.6801 620
1778599062993 0.6702 640
1778599064180 0.7481 660
1778599065364 0.6833 680
1778599066545 0.6912 700
1778599067734 0.69 720
1778599068925 0.6818 740
1778599077361 0.7234 760
1778599078544 0.666 780
1778599079752 0.7154 800
1778599080936 0.6938 820
1778599082124 0.7001 840
1778599083300 0.6979 860
1778599084477 0.6944 880
1778599085670 0.696 900
1778599086840 0.6996 920
1778599088017 0.686 940
1778599089194 0.6903 960
1778599090367 0.6994 980
1778599091539 0.6901 1000
1778599100164 0.6939 1020
1778599101351 0.6871 1040
1778599102530 0.6881 1060
1778599103723 0.6665 1080
1778599104905 0.725 1100
1778599106094 0.7009 1120
1778599107275 0.6949 1140
1778599108457 0.6995 1160
1778599109630 0.6932 1180
1778599110805 0.6932 1200
1778599111996 0.6957 1220
1778599113181 0.6968 1240
1778599121791 0.6926 1260
1778599122972 0.6967 1280
1778599124156 0.6909 1300
1778599125339 0.7031 1320
1778599126522 0.6961 1340
1778599127721 0.6926 1360
1778599128901 0.6966 1380
1778599130087 0.6951 1400
1778599131266 0.7031 1420
1778599132444 0.6961 1440
1778599133630 0.6945 1460
1778599134810 0.693 1480
1778599135996 0.6852 1500
1778599144600 0.6936 1520
1778599145782 0.6962 1540
1778599146972 0.6817 1560
1778599148153 0.6885 1580
1778599149329 0.6784 1600
1778599150521 0.6827 1620
1778599151700 0.6872 1640
1778599152887 0.6959 1660
1778599154070 0.6974 1680
1778599155261 0.6967 1700
1778599156465 0.6969 1720
1778599157681 0.7 1740
1778599166313 0.6857 1760
1778599167497 0.6888 1780
1778599168686 0.6883 1800
1778599169879 0.688 1820
1778599171073 0.6497 1840
1778599172257 0.7205 1860
1778599173444 0.7188 1880
1778599174623 0.6991 1900
1778599175799 0.6971 1920
1778599176980 0.6899 1940
1778599178166 0.7004 1960
1778599179355 0.6975 1980
1778599180542 0.6945 2000
1778599189182 0.6915 2020
1778599190355 0.6872 2040
1778599191532 0.7004 2060
1778599192715 0.6923 2080
1778599193909 0.6946 2100
1778599195104 0.6999 2120
1778599196307 0.6962 2140
1778599197484 0.7028 2160
1778599198654 0.6957 2180
1778599199832 0.6932 2200
1778599201013 0.6939 2220
1778599202192 0.6973 2240
1778599210758 0.6966 2260
1778599211951 0.6892 2280
1778599213131 0.6944 2300
1778599214314 0.6928 2320
1778599215507 0.6963 2340
1778599216678 0.693 2360
1778599217859 0.6839 2380
1778599219040 0.6964 2400
1778599220225 0.6867 2420
1778599221410 0.7072 2440
1778599222590 0.6888 2460
1778599223766 0.6895 2480
1778599224954 0.6959 2500
1778599233613 0.6963 2520
1778599234799 0.695 2540
1778599235971 0.6907 2560
1778599237148 0.6974 2580
1778599238345 0.6913 2600
1778599239530 0.6892 2620
1778599240710 0.6909 2640
1778599241889 0.6916 2660
1778599243087 0.6989 2680
1778599244261 0.6922 2700
1778599245443 0.6924 2720
1778599246620 0.6915 2740
1778599255199 0.6981 2760
1778599256388 0.6863 2780
1778599257577 0.6719 2800
1778599258756 0.6775 2820
1778599259946 0.6973 2840
1778599261133 0.7199 2860
1778599262317 0.6711 2880
1778599263501 0.674 2900
1778599264678 0.6947 2920
1778599265865 0.6974 2940
1778599267054 0.7034 2960
1778599268219 0.6857 2980
1778599269400 0.7081 3000
1778599278072 0.6943 3020
1778599279254 0.6963 3040
1778599280427 0.6954 3060
1778599281604 0.694 3080
1778599282793 0.6928 3100
1778599283986 0.69 3120
1778599285179 0.6987 3140
1778599286376 0.6898 3160
1778599287560 0.6921 3180
1778599288744 0.6988 3200
1778599289944 0.6905 3220
1778599291125 0.6911 3240
1778599299732 0.694 3260
1778599300925 0.6974 3280
1778599302102 0.6942 3300
1778599303283 0.6964 3320
1778599304464 0.6927 3340
1778599305659 0.695 3360
1778599306836 0.688 3380
1778599308006 0.6905 3400
1778599309178 0.6847 3420
1778599310361 0.6948 3440
1778599311553 0.6873 3460
1778599312737 0.6908 3480
1778599313932 0.6908 3500
1778599322574 0.6967 3520
1778599323763 0.6925 3540
1778599324953 0.6808 3560
1778599326141 0.6808 3580
1778599327314 0.7033 3600
1778599328498 0.6986 3620
1778599329682 0.6967 3640
1778599330861 0.6973 3660
1778599332057 0.6924 3680
1778599333238 0.6927 3700
1778599334415 0.6934 3720
1778599335602 0.6935 3740
1778599344337 0.693 3760
1778599345517 0.6893 3780
1778599346697 0.6928 3800
1778599347871 0.6935 3820
1778599349058 0.6963 3840
1778599350252 0.7003 3860
1778599351437 0.6938 3880
1778599352616 0.6924 3900
1778599353801 0.6933 3920
1778599354987 0.6961 3940
1778599356175 0.691 3960
1778599357344 0.6915 3980
1778599358526 0.6873 4000
1778599367146 0.6945 4020
1778599368330 0.6909 4040
1778599369513 0.6843 4060
1778599370698 0.6974 4080
1778599371886 0.697 4100
1778599373069 0.6926 4120
1778599374244 0.7021 4140
1778599375418 0.6993 4160
1778599376593 0.6889 4180
1778599377769 0.6938 4200
1778599378946 0.6907 4220
1778599380136 0.6941 4240
1778599388775 0.6902 4260
1778599389961 0.6954 4280
1778599391146 0.6945 4300
1778599392327 0.6853 4320
1778599393511 0.6914 4340
1778599394700 0.6947 4360
1778599395881 0.6916 4380
1778599397064 0.6922 4400
1778599398248 0.6962 4420
1778599399432 0.695 4440
1778599400613 0.6926 4460
1778599401797 0.6959 4480
1778599402989 0.6904 4500
1778599411619 0.695 4520
1778599412818 0.691 4540
1778599414010 0.6947 4560
1778599415200 0.6928 4580
1778599416386 0.6923 4600
1778599417562 0.6898 4620
1778599418751 0.6909 4640
1778599419930 0.6992 4660
1778599421103 0.6848 4680
1778599422287 0.685 4700
1778599423472 0.693 4720
1778599424663 0.6836 4740
1778599433257 0.6674 4760
1778599434446 0.7183 4780
1778599435637 0.7005 4800
1778599436826 0.6915 4820
1778599438021 0.6989 4840
1778599439197 0.6933 4860
1778599440371 0.6942 4880
1778599441544 0.6965 4900
1778599442733 0.6874 4920
1778599443916 0.6937 4940
1778599445107 0.6936 4960
1778599446274 0.6839 4980
1778599447468 0.672 5000
1778599456147 0.6866 5020
1778599457330 0.6915 5040
1778599458519 0.6822 5060
1778599459701 0.6859 5080
1778599460880 0.6881 5100
1778599462066 0.6751 5120
1778599463244 0.7252 5140
1778599464429 0.7093 5160
1778599465626 0.7002 5180
1778599466815 0.6954 5200
1778599467995 0.6934 5220
1778599469190 0.6918 5240
1778599477760 0.692 5260
1778599478933 0.6948 5280
1778599480112 0.6964 5300
1778599481295 0.6938 5320
1778599482491 0.6908 5340
1778599483661 0.7012 5360
1778599484849 0.6915 5380
1778599486037 0.6972 5400
1778599487220 0.6947 5420
1778599488404 0.6927 5440
1778599489586 0.6912 5460
1778599490759 0.6984 5480
1778599491963 0.688 5500
1778599500580 0.6972 5520
1778599501770 0.692 5540
1778599502976 0.699 5560
1778599504153 0.6884 5580
1778599505341 0.6859 5600
1778599506527 0.692 5620
1778599507702 0.6969 5640
1778599508889 0.6815 5660
1778599510072 0.6895 5680
1778599511251 0.6874 5700
1778599512438 0.688 5720
1778599513624 0.6767 5740
1778599522316 0.7082 5760
1778599523508 0.6977 5780
1778599524696 0.6935 5800
1778599525879 0.6891 5820
1778599527061 0.6986 5840
1778599528246 0.6924 5860
1778599529437 0.6896 5880
1778599530620 0.6915 5900
1778599531793 0.6971 5920
1778599532984 0.6996 5940
1778599534164 0.6915 5960
1778599535355 0.6955 5980
1778599536537 0.6952 6000
1778599545160 0.6878 6020
1778599546349 0.6931 6040
1778599547526 0.697 6060
1778599548704 0.693 6080
1778599549889 0.6953 6100
1778599551071 0.6871 6120
1778599552258 0.6975 6140
1778599553439 0.689 6160
1778599554622 0.6826 6180
1778599555816 0.6937 6200
1778599557003 0.6958 6220
1778599558197 0.695 6240
1778599566797 0.6845 6260
1778599567989 0.6894 6280
1778599569179 0.6785 6300
1778599570355 0.6851 6320
1778599571543 0.6754 6340
1778599572724 0.7144 6360
1778599573905 0.6877 6380
1778599575082 0.6902 6400
1778599576265 0.6866 6420
1778599577444 0.7108 6440
1778599578642 0.7113 6460
1778599579817 0.6929 6480
1778599581005 0.6923 6500
1778599589622 0.6965 6520
1778599590815 0.6922 6540
1778599591993 0.6955 6560
1778599593179 0.6909 6580
1778599594363 0.6929 6600
1778599595537 0.694 6620
1778599596717 0.691 6640
1778599597916 0.6949 6660
1778599599110 0.6955 6680
1778599600287 0.6918 6700
1778599601472 0.6973 6720
1778599602658 0.6878 6740
1778599611254 0.6862 6760
1778599612446 0.6946 6780
1778599613630 0.6983 6800
1778599614821 0.6902 6820
1778599615999 0.6867 6840
1778599617176 0.6857 6860
1778599618356 0.6924 6880
1778599619542 0.703 6900
1778599620731 0.7014 6920
1778599621915 0.6938 6940
1778599623096 0.6917 6960
1778599624274 0.6959 6980
1778599625468 0.6946 7000
1778599634095 0.693 7020
1778599635289 0.6968 7040
1778599636473 0.6921 7060
1778599637659 0.697 7080
1778599638850 0.6934 7100
1778599640033 0.6961 7120
1778599641214 0.6924 7140
1778599642399 0.695 7160
1778599643579 0.6925 7180
1778599644765 0.6943 7200
1778599645954 0.6913 7220
1778599647148 0.6936 7240
1778599655731 0.6859 7260
1778599656912 0.6915 7280
1778599658098 0.6885 7300
1778599659267 0.6862 7320
1778599660449 0.6955 7340
1778599661634 0.6828 7360
1778599662815 0.6712 7380
1778599664002 0.7039 7400
1778599665183 0.6994 7420
1778599666369 0.6875 7440
1778599667544 0.7071 7460
1778599668724 0.6916 7480
1778599669918 0.6868 7500
1778599678525 0.6883 7520
1778599679698 0.691 7540
1778599680888 0.7 7560
1778599682071 0.6852 7580
1778599683255 0.6813 7600
1778599684446 0.6646 7620
1778599685632 0.6846 7640
1778599686817 0.701 7660
1778599688016 0.6995 7680
1778599689205 0.6841 7700
1778599690395 0.6943 7720
1778599691578 0.6944 7740
1778599700365 0.6878 7760
1778599701580 0.6849 7780
1778599702758 0.6917 7800
1778599703947 0.6743 7820
1778599705125 0.7168 7840
1778599706311 0.677 7860
1778599707503 0.6906 7880
1778599708684 0.6966 7900
1778599709861 0.7001 7920
1778599711062 0.6902 7940
1778599712250 0.6924 7960
1778599713441 0.6886 7980
1778599714631 0.6954 8000
1778599723270 0.6998 8020
1778599724460 0.6987 8040
1778599725650 0.692 8060
1778599726826 0.6926 8080
1778599728004 0.6968 8100
1778599729179 0.6947 8120
1778599730368 0.6864 8140
1778599731551 0.6828 8160
1778599732728 0.6993 8180
1778599733919 0.6872 8200
1778599735103 0.6973 8220
1778599736284 0.6888 8240
1778599744996 0.7049 8260
1778599746183 0.6805 8280
1778599747365 0.6977 8300
1778599748554 0.689 8320
1778599749736 0.6945 8340
1778599750913 0.6902 8360
1778599752104 0.6937 8380
1778599753290 0.6919 8400
1778599754478 0.6974 8420
1778599755654 0.6734 8440
1778599756832 0.706 8460
1778599758017 0.6964 8480
1778599759203 0.6955 8500
1778599767908 0.7002 8520
1778599769090 0.6933 8540
1778599770280 0.6925 8560
1778599771469 0.6917 8580
1778599772658 0.6928 8600
1778599773853 0.6955 8620
1778599775041 0.6906 8640
1778599776233 0.6901 8660
1778599777417 0.6934 8680
1778599778598 0.6916 8700
1778599779783 0.6973 8720
1778599780972 0.6852 8740
1778599789702 0.6908 8760
1778599790877 0.6985 8780
1778599792069 0.6911 8800
1778599793243 0.6884 8820
1778599794427 0.6942 8840
1778599795603 0.6919 8860
1778599796802 0.6779 8880
1778599797978 0.7044 8900
1778599799154 0.6883 8920
1778599800330 0.6885 8940
1778599801512 0.6928 8960
1778599802699 0.6942 8980
1778599803885 0.6849 9000
1778599812541 0.6932 9020
1778599813714 0.6962 9040
1778599814905 0.688 9060
1778599816091 0.6895 9080
1778599817269 0.6877 9100
1778599818453 0.6909 9120
1778599819633 0.696 9140
1778599820802 0.6932 9160
1778599821992 0.7026 9180
1778599823171 0.6843 9200
1778599824364 0.6921 9220
1778599825545 0.6774 9240
1778599834278 0.7057 9260
1778599835471 0.7044 9280
1778599836662 0.6906 9300
1778599837837 0.695 9320
1778599839031 0.6932 9340
1778599840212 0.6969 9360
1778599841400 0.6914 9380
1778599842573 0.6965 9400
1778599843746 0.6989 9420
1778599844928 0.6921 9440
1778599846112 0.6856 9460
1778599847286 0.6855 9480
1778599848464 0.6934 9500
1778599857118 0.6926 9520
1778599858308 0.6973 9540
1778599859493 0.6935 9560
1778599860671 0.6912 9580
1778599861850 0.6903 9600
1778599863041 0.6836 9620
1778599864218 0.6985 9640
1778599865416 0.6999 9660
1778599866597 0.6992 9680
1778599867792 0.6866 9700
1778599868980 0.6867 9720
1778599870177 0.6814 9740
1778599878819 0.7079 9760
1778599879998 0.6969 9780
1778599881198 0.6939 9800
1778599882408 0.6955 9820
1778599883632 0.6845 9840
1778599884818 0.6881 9860
1778599885992 0.7033 9880
1778599887169 0.6946 9900
1778599888349 0.6901 9920
1778599889531 0.6886 9940
1778599890718 0.6891 9960
1778599891894 0.6923 9980
1778599893081 0.6869 10000
1778599901697 0.6756 10020
1778599902874 0.7058 10040
1778599904062 0.7028 10060
1778599905249 0.6825 10080
1778599906440 0.6928 10100
1778599907621 0.701 10120
1778599908811 0.6848 10140
1778599909995 0.6881 10160
1778599911178 0.7008 10180
1778599912376 0.6891 10200
1778599913566 0.6966 10220
1778599914740 0.6831 10240
1778599923422 0.6842 10260
1778599924607 0.6993 10280
1778599925791 0.6891 10300
1778599926978 0.696 10320
1778599928165 0.6915 10340
1778599929358 0.6854 10360
1778599930526 0.6976 10380
1778599931703 0.6924 10400
1778599932885 0.6858 10420
1778599934073 0.7056 10440
1778599935256 0.6936 10460
1778599936432 0.6842 10480
1778599937610 0.6876 10500
1778599946233 0.6794 10520
1778599947426 0.6919 10540
1778599948616 0.6949 10560
1778599949804 0.6995 10580
1778599950988 0.6982 10600
1778599952163 0.6801 10620
1778599953349 0.6865 10640
1778599954532 0.6827 10660
1778599955703 0.704 10680
1778599956877 0.7016 10700
1778599958067 0.6916 10720
1778599959261 0.6921 10740
1778599967964 0.6916 10760
1778599969148 0.6812 10780
1778599970325 0.696 10800
1778599971516 0.6765 10820
1778599972686 0.7095 10840
1778599973858 0.6873 10860
1778599975033 0.6935 10880
1778599976223 0.6882 10900
1778599977396 0.7059 10920
1778599978583 0.6963 10940
1778599979775 0.6982 10960
1778599980980 0.6848 10980
1778599982155 0.6964 11000
1778599990894 0.6896 11020
1778599992088 0.6827 11040
1778599993278 0.7032 11060
1778599994453 0.687 11080
1778599995635 0.6945 11100
1778599996813 0.6958 11120
1778599998007 0.6969 11140
1778599999190 0.6874 11160
1778600000368 0.6996 11180
1778600001559 0.6939 11200
1778600002732 0.6925 11220
1778600003923 0.6946 11240
1778600012547 0.6937 11260
1778600013736 0.697 11280
1778600014930 0.6944 11300
1778600016106 0.6882 11320
1778600017298 0.6924 11340
1778600018480 0.6945 11360
1778600019666 0.6913 11380
1778600020842 0.6927 11400
1778600022019 0.6964 11420
1778600023208 0.6924 11440
1778600024394 0.6937 11460
1778600025569 0.6908 11480
1778600026755 0.6876 11500
1778600035403 0.6971 11520
1778600036587 0.6897 11540
1778600037762 0.6948 11560
1778600038947 0.6966 11580
1778600040128 0.6854 11600
1778600041312 0.6937 11620
1778600042493 0.6926 11640
1778600043682 0.6889 11660
1778600044867 0.6941 11680
1778600046048 0.702 11700
1778600047238 0.687 11720
1778600048418 0.6922 11740
1778600057083 0.6849 11760
1778600058255 0.7055 11780
1778600059438 0.6999 11800
1778600060624 0.6962 11820
1778600061803 0.6977 11840
1778600063005 0.6915 11860
1778600064222 0.688 11880
1778600065402 0.7047 11900
1778600066584 0.6945 11920
1778600067779 0.6952 11940
1778600068962 0.6938 11960
1778600070146 0.6928 11980
1778600071337 0.6916 12000
1778600079951 0.6938 12020
1778600081128 0.6867 12040
1778600082306 0.6979 12060
1778600083491 0.6967 12080
1778600084671 0.6945 12100
1778600085856 0.687 12120
1778600087042 0.6898 12140
1778600088224 0.6941 12160
1778600089401 0.6888 12180
1778600090583 0.6896 12200
1778600091760 0.68 12220
1778600092953 0.6957 12240
1778600101669 0.7008 12260
1778600102856 0.6957 12280
1778600104045 0.6928 12300
1778600105226 0.6915 12320
1778600106405 0.6868 12340
1778600107600 0.6882 12360
1778600108794 0.6774 12380
1778600109988 0.6772 12400
1778600111181 0.7117 12420
1778600112363 0.6849 12440
1778600113545 0.6944 12460
1778600114719 0.7051 12480
1778600115891 0.6926 12500
1778600124517 0.6827 12520
1778600125710 0.6818 12540
1778600126893 0.6783 12560
1778600128081 0.6987 12580
1778600129263 0.6969 12600
1778600130449 0.6781 12620
1778600131642 0.68 12640
1778600132830 0.6769 12660
1778600134003 0.7108 12680
1778600135182 0.7015 12700
1778600136366 0.7051 12720
1778600137553 0.6987 12740
1778600146238 0.688 12760
1778600147412 0.6974 12780
1778600148588 0.6931 12800
1778600149766 0.7015 12820
1778600150949 0.698 12840
1778600152138 0.6879 12860
1778600153325 0.6896 12880
1778600154506 0.6943 12900
1778600155700 0.6866 12920
1778600156876 0.6876 12940
1778600158059 0.6964 12960
1778600159244 0.6918 12980
1778600160436 0.6927 13000
1778600169111 0.6974 13020
1778600170294 0.6837 13040
1778600171474 0.6814 13060
1778600172672 0.679 13080
1778600173853 0.6865 13100
1778600175054 0.6973 13120
1778600176242 0.6882 13140
1778600177424 0.6997 13160
1778600178618 0.6861 13180
1778600179801 0.6775 13200
1778600180987 0.7005 13220
1778600182182 0.6885 13240
1778600190789 0.6899 13260
1778600191978 0.6786 13280
1778600193163 0.7018 13300
1778600194346 0.6856 13320
1778600195533 0.6841 13340
1778600196720 0.695 13360
1778600197914 0.6933 13380
1778600199095 0.6796 13400
1778600200282 0.6823 13420
1778600201461 0.69 13440
1778600202645 0.6949 13460
1778600203824 0.7068 13480
1778600205010 0.7031 13500
1778600213662 0.7007 13520
1778600214843 0.6956 13540
1778600216019 0.6894 13560
1778600217212 0.6834 13580
1778600218400 0.6908 13600
1778600219586 0.695 13620
1778600220763 0.6899 13640
1778600221940 0.6953 13660
1778600223124 0.6927 13680
1778600224305 0.6979 13700
1778600225485 0.6923 13720
1778600226682 0.6949 13740
1778600235366 0.6958 13760
1778600236544 0.6861 13780
1778600237730 0.6948 13800
1778600238914 0.7013 13820
1778600240096 0.6904 13840
1778600241290 0.6923 13860
1778600242478 0.6947 13880
1778600243663 0.6901 13900
1778600244872 0.697 13920
1778600246095 0.6852 13940
1778600247284 0.6961 13960
1778600248473 0.6994 13980
1778600249657 0.6959 14000
1778600258238 0.6884 14020
1778600259450 0.6896 14040
1778600260634 0.69 14060
1778600261819 0.6927 14080
1778600263007 0.6914 14100
1778600264192 0.6947 14120
1778600265371 0.6918 14140
1778600266551 0.6961 14160
1778600267725 0.6925 14180
1778600268905 0.6892 14200
1778600270086 0.6971 14220
1778600271283 0.6881 14240
1778600279954 0.6907 14260
1778600281140 0.6935 14280
1778600282323 0.6902 14300
1778600283500 0.6856 14320
1778600284682 0.6761 14340
1778600285875 0.6864 14360
1778600287063 0.6805 14380
1778600288240 0.7014 14400
1778600289415 0.6892 14420
1778600290589 0.6896 14440
1778600291771 0.6965 14460
1778600292952 0.6859 14480
1778600294136 0.6683 14500
1778600302773 0.6764 14520
1778600303949 0.7061 14540
1778600305139 0.6922 14560
1778600306319 0.693 14580
1778600307499 0.6987 14600
1778600308672 0.6999 14620
1778600309855 0.6833 14640
1778600311051 0.6907 14660
1778600312233 0.6858 14680
1778600313422 0.6867 14700
1778600314617 0.6922 14720
1778600315804 0.6804 14740
1778600324457 0.6873 14760
1778600325638 0.7022 14780
1778600326827 0.6961 14800
1778600327997 0.6908 14820
1778600329175 0.6947 14840
1778600330357 0.7034 14860
1778600331541 0.694 14880
1778600332724 0.7051 14900
1778600333909 0.6869 14920
1778600335085 0.6905 14940
1778600336273 0.6963 14960
1778600337457 0.6867 14980
1778600338637 0.6874 15000
1778600347319 0.6987 15020
1778600348503 0.6925 15040
1778600349677 0.7016 15060
1778600350853 0.6899 15080
1778600352041 0.6845 15100
1778600353244 0.6926 15120
1778600354423 0.6931 15140
1778600355607 0.6935 15160
1778600356795 0.6944 15180
1778600357976 0.6963 15200
1778600359154 0.6948 15220
1778600360326 0.6946 15240
1778600368961 0.691 15260
1778600370143 0.6958 15280
1778600371325 0.6891 15300
1778600372493 0.7003 15320
1778600373683 0.6952 15340
1778600374861 0.6953 15360
1778600376049 0.6929 15380
1778600377237 0.6908 15400
1778600378421 0.6791 15420
1778600379601 0.6947 15440
1778600380785 0.6848 15460
1778600381954 0.6842 15480
1778600383142 0.7014 15500
1778600391822 0.6815 15520
1778600393007 0.6954 15540
1778600394187 0.6956 15560
1778600395366 0.687 15580
1778600396541 0.6809 15600
1778600397713 0.7006 15620
1778600398903 0.6948 15640
1778600400099 0.7014 15660
1778600401292 0.6939 15680
1778600402477 0.6955 15700
1778600403644 0.6794 15720
1778600404819 0.6943 15740
1778600413440 0.7004 15760
1778600414632 0.6976 15780
1778600415826 0.6851 15800
1778600417021 0.7066 15820
1778600418215 0.6924 15840
1778600419400 0.6902 15860
1778600420579 0.6937 15880
1778600421762 0.6866 15900
1778600422948 0.6859 15920
1778600424130 0.6745 15940
1778600425325 0.6984 15960
1778600426570 0.6868 15980
1778600427767 0.6962 16000
1778600436376 0.6872 16020
1778600437564 0.688 16040
1778600438742 0.6863 16060
1778600439918 0.6946 16080
1778600441101 0.7018 16100
1778600442278 0.7059 16120
1778600443463 0.6848 16140
1778600444639 0.7059 16160
1778600445830 0.6803 16180
1778600447014 0.6924 16200
1778600448192 0.6775 16220
1778600449379 0.6863 16240
1778600458048 0.6907 16260
1778600459237 0.6819 16280
1778600460426 0.6901 16300
1778600461616 0.6964 16320
1778600462806 0.7005 16340
1778600463979 0.6855 16360
1778600465162 0.681 16380
1778600466365 0.6816 16400
1778600467543 0.7092 16420
1778600468727 0.6945 16440
1778600469906 0.685 16460
1778600471093 0.6817 16480
1778600472284 0.6948 16500
1778600480861 0.7035 16520
1778600482041 0.6909 16540
1778600483224 0.6884 16560
1778600484416 0.7058 16580
1778600485594 0.7078 16600
1778600486769 0.6929 16620
1778600487951 0.6984 16640
1778600489131 0.6919 16660
1778600490312 0.6893 16680
1778600491502 0.6897 16700
1778600492689 0.7003 16720
1778600493859 0.6989 16740
1778600502526 0.6974 16760
1778600503712 0.6893 16780
1778600504910 0.6909 16800
1778600506088 0.6949 16820
1778600507261 0.6854 16840
1778600508454 0.6958 16860
1778600509636 0.6942 16880
1778600510818 0.6899 16900
1778600512010 0.6914 16920
1778600513203 0.6923 16940
1778600514387 0.7019 16960
1778600515563 0.6888 16980
1778600516737 0.6935 17000
1778600525381 0.6953 17020
1778600526555 0.6925 17040
1778600527737 0.6986 17060
1778600528930 0.6929 17080
1778600530109 0.691 17100
1778600531302 0.6908 17120
1778600532481 0.6874 17140
1778600533661 0.6927 17160
1778600534846 0.6857 17180
1778600536033 0.693 17200
1778600537218 0.6925 17220
1778600538406 0.6905 17240
1778600547072 0.686 17260
1778600548253 0.683 17280
1778600549440 0.6918 17300
1778600550623 0.704 17320
1778600551804 0.6947 17340
1778600552988 0.6891 17360
1778600554173 0.685 17380
1778600555350 0.6836 17400
1778600556534 0.6854 17420
1778600557723 0.7063 17440
1778600558908 0.6927 17460
1778600560080 0.6873 17480
1778600561267 0.6998 17500
1778600569952 0.6928 17520
1778600571136 0.6927 17540
1778600572325 0.6895 17560
1778600573518 0.6963 17580
1778600574709 0.6977 17600
1778600575885 0.6844 17620
1778600577070 0.6885 17640
1778600578259 0.6861 17660
1778600579446 0.6887 17680
1778600580623 0.6887 17700
1778600581804 0.7001 17720
1778600582991 0.6847 17740
1778600591642 0.6932 17760
1778600592830 0.6819 17780
1778600594000 0.6906 17800
1778600595177 0.6773 17820
1778600596362 0.7026 17840
1778600597544 0.6965 17860
1778600598721 0.6987 17880
1778600599902 0.6857 17900
1778600601091 0.6939 17920
1778600602278 0.6919 17940
1778600603457 0.6909 17960
1778600604650 0.6897 17980
1778600605835 0.7017 18000
1778600614576 0.6926 18020
1778600615749 0.6897 18040
1778600616928 0.7072 18060
1778600618115 0.7013 18080
1778600619309 0.6986 18100
1778600620496 0.693 18120
1778600621672 0.6951 18140
1778600622833 0.692 18160
1778600624019 0.6818 18180
1778600625200 0.6916 18200
1778600626381 0.686 18220
1778600627554 0.6867 18240
1778600636267 0.6974 18260
1778600637483 0.7003 18280
1778600638693 0.6926 18300
1778600639895 0.6953 18320
1778600641083 0.6946 18340
1778600642273 0.6823 18360
1778600643464 0.6967 18380
1778600644636 0.6858 18400
1778600645811 0.7005 18420
1778600647000 0.6858 18440
1778600648192 0.6841 18460
1778600649371 0.7058 18480
1778600650565 0.691 18500
1778600659163 0.6951 18520
1778600660357 0.6953 18540
1778600661542 0.6871 18560
1778600662725 0.689 18580
1778600663902 0.6877 18600
1778600665088 0.688 18620
1778600666270 0.6944 18640
1778600667459 0.6886 18660
1778600668645 0.6985 18680
1778600669822 0.6871 18700
1778600671002 0.68 18720
1778600672183 0.6894 18740
1778600680808 0.688 18760
1778600682004 0.695 18780
1778600683188 0.6906 18800
1778600684372 0.6936 18820
1778600685567 0.6944 18840
1778600686745 0.6829 18860
1778600687928 0.6751 18880
1778600689114 0.6911 18900
1778600690304 0.7045 18920
1778600691493 0.6948 18940
1778600692683 0.6837 18960
1778600693863 0.697 18980
1778600695046 0.6968 19000
1778600703705 0.6894 19020
1778600704910 0.6813 19040
1778600706104 0.6969 19060
1778600707288 0.7014 19080
1778600708480 0.6915 19100
1778600709675 0.6775 19120
1778600710864 0.6888 19140
1778600712034 0.6806 19160
1778600713224 0.6831 19180
1778600714416 0.7152 19200
1778600715601 0.6969 19220
1778600716787 0.6829 19240
1778600725424 0.6902 19260
1778600726596 0.6913 19280
1778600727782 0.6957 19300
1778600728970 0.6834 19320
1778600730157 0.6985 19340
1778600731338 0.6766 19360
1778600732519 0.6898 19380
1778600733708 0.6854 19400
1778600734878 0.7 19420
1778600736053 0.6997 19440
1778600737247 0.6813 19460
1778600738441 0.6942 19480
1778600739616 0.6863 19500
1778600748245 0.6904 19520
1778600749428 0.6771 19540
1778600750603 0.6932 19560
1778600751796 0.6849 19580
1778600752977 0.6896 19600
1778600754159 0.7068 19620
1778600755342 0.692 19640
1778600756525 0.6902 19660
1778600757716 0.6848 19680
1778600758908 0.6925 19700
1778600760092 0.7021 19720
1778600761273 0.6931 19740
1778600769945 0.7065 19760
1778600771132 0.6967 19780
1778600772312 0.7033 19800
1778600773504 0.6941 19820
1778600774679 0.6987 19840
1778600775866 0.6863 19860
1778600777054 0.6899 19880
1778600778239 0.6837 19900
1778600779421 0.688 19920
1778600780606 0.6996 19940
1778600781790 0.682 19960
1778600782972 0.686 19980
1778600784152 0.7082 20000
1778600792821 0.7052 20020
1778600794008 0.6872 20040
1778600795205 0.6894 20060
1778600796391 0.6872 20080
1778600797568 0.6951 20100
1778600798763 0.6926 20120
1778600799952 0.688 20140
1778600801131 0.6948 20160
1778600802300 0.691 20180
1778600803490 0.6862 20200
1778600804676 0.6946 20220
1778600805856 0.688 20240
1778600814461 0.7012 20260
1778600815648 0.6926 20280
1778600816828 0.6952 20300
1778600818020 0.6928 20320
1778600819200 0.6981 20340
1778600820376 0.6898 20360
1778600821553 0.6902 20380
1778600822728 0.6943 20400
1778600823924 0.6947 20420
1778600825101 0.6905 20440
1778600826283 0.6939 20460
1778600827459 0.695 20480
1778600828647 0.6767 20500
1778600837292 0.6914 20520
1778600838480 0.6881 20540
1778600839654 0.6948 20560
1778600840847 0.6847 20580
1778600842030 0.7044 20600
1778600843212 0.6944 20620
1778600844385 0.6846 20640
1778600845572 0.7067 20660
1778600846757 0.6864 20680
1778600847951 0.6853 20700
1778600849143 0.6885 20720
1778600850321 0.6926 20740
1778600858989 0.6792 20760
1778600860172 0.6947 20780
1778600861357 0.6939 20800
1778600862547 0.7066 20820
1778600863731 0.6853 20840
1778600864930 0.6851 20860
1778600866109 0.6881 20880
1778600867284 0.6921 20900
1778600868466 0.6998 20920
1778600869657 0.6845 20940
1778600870851 0.6927 20960
1778600872036 0.6866 20980
1778600873227 0.6815 21000
1778600881835 0.6984 21020
1778600883022 0.6996 21040
1778600884204 0.6866 21060
1778600885396 0.6833 21080
1778600886585 0.6989 21100
1778600887771 0.6936 21120
1778600888969 0.6794 21140
1778600890152 0.7012 21160
1778600891334 0.6887 21180
1778600892513 0.6852 21200
1778600893701 0.7011 21220
1778600894887 0.6994 21240
1778600903594 0.7006 21260
1778600904787 0.6955 21280
1778600905973 0.6905 21300
1778600907157 0.6992 21320
1778600908343 0.6928 21340
1778600909528 0.698 21360
1778600910708 0.692 21380
1778600911908 0.6905 21400
1778600913098 0.6943 21420
1778600914285 0.688 21440
1778600915476 0.701 21460
1778600916659 0.6926 21480
1778600917838 0.6885 21500
1778600926452 0.6859 21520
1778600927641 0.6938 21540
1778600928818 0.6838 21560
1778600930009 0.6956 21580
1778600931201 0.7013 21600
1778600932377 0.6915 21620
1778600933563 0.6867 21640
1778600934742 0.6925 21660
1778600935926 0.689 21680
1778600937106 0.6914 21700
1778600938293 0.6873 21720
1778600939467 0.6931 21740
1778600948127 0.6933 21760
1778600949310 0.6942 21780
1778600950497 0.6873 21800
1778600951688 0.6874 21820
1778600952874 0.688 21840
1778600954070 0.6964 21860
1778600955261 0.6891 21880
1778600956446 0.7028 21900
1778600957625 0.6898 21920
1778600958819 0.6966 21940
1778600959991 0.7039 21960
1778600961183 0.6894 21980
1778600962366 0.6812 22000
1778600971224 0.6889 22020
1778600972404 0.6914 22040
1778600973581 0.6823 22060
1778600974762 0.6937 22080
1778600975949 0.6888 22100
1778600977138 0.6886 22120
1778600978328 0.6967 22140
1778600979520 0.6958 22160
1778600980700 0.6879 22180
1778600981886 0.6893 22200
1778600983077 0.6924 22220
1778600984276 0.6894 22240
1778600992902 0.6962 22260
1778600994095 0.6886 22280
1778600995275 0.6922 22300
1778600996464 0.6921 22320
1778600997655 0.6832 22340
1778600998844 0.6963 22360
1778601000020 0.6897 22380
1778601001191 0.6817 22400
1778601002380 0.6777 22420
1778601003554 0.6965 22440
1778601004727 0.6915 22460
1778601005907 0.6961 22480
1778601007085 0.6901 22500
