1779350856032 0.021953896816684963 20
1779350857776 0.043907793633369926 40
1779350859528 0.06586169045005488 60
1779350861382 0.08781558726673985 80
1779350863099 0.10976948408342481 100
1779350864809 0.13172338090010977 120
1779350866556 0.15367727771679474 140
1779350868312 0.1756311745334797 160
1779350870022 0.19758507135016465 180
1779350871732 0.21953896816684962 200
1779350873468 0.2414928649835346 220
1779350875216 0.26344676180021953 240
1779350886012 0.27442371020856204 250
1779350888815 0.2854006586169045 260
1779350890554 0.30735455543358947 280
1779350892299 0.32930845225027444 300
1779350894039 0.3512623490669594 320
1779350895756 0.3732162458836443 340
1779350897472 0.3951701427003293 360
1779350899188 0.41712403951701427 380
1779350900923 0.43907793633369924 400
1779350902673 0.4610318331503842 420
1779350904425 0.4829857299670692 440
1779350906161 0.5049396267837541 460
1779350907873 0.5268935236004391 480
1779350909585 0.5488474204171241 500
1779350919444 0.5488474204171241 500
1779350923303 0.570801317233809 520
1779350925091 0.5927552140504939 540
1779350926811 0.6147091108671789 560
1779350928538 0.6366630076838639 580
1779350930254 0.6586169045005489 600
1779350931968 0.6805708013172338 620
1779350933690 0.7025246981339188 640
1779350935401 0.7244785949506037 660
1779350937110 0.7464324917672887 680
1779350938883 0.7683863885839737 700
1779350940675 0.7903402854006586 720
1779350942398 0.8122941822173436 740
1779350953137 0.823271130625686 750
1779350956308 0.8342480790340285 760
1779350958067 0.8562019758507134 780
1779350959828 0.8781558726673985 800
1779350961542 0.9001097694840834 820
1779350963293 0.9220636663007684 840
1779350965049 0.9440175631174533 860
1779350966824 0.9659714599341384 880
1779350968563 0.9879253567508233 900
1779350970267 1.0098792535675083 920
1779350972061 1.031833150384193 940
1779350973772 1.0537870472008781 960
1779350975483 1.0757409440175631 980
1779350977226 1.0976948408342482 1000
1779350987270 1.0976948408342482 1000
1779350990864 1.119648737650933 1020
1779350992580 1.141602634467618 1040
1779350994299 1.163556531284303 1060
1779350996035 1.1855104281009878 1080
1779350997778 1.2074643249176729 1100
1779350999496 1.2294182217343579 1120
1779351001226 1.2513721185510427 1140
1779351002959 1.2733260153677277 1160
1779351004705 1.2952799121844127 1180
1779351006434 1.3172338090010978 1200
1779351008162 1.3391877058177828 1220
1779351009949 1.3611416026344676 1240
1779351020557 1.37211855104281 1250
1779351024002 1.3830954994511526 1260
1779351025799 1.4050493962678376 1280
1779351027579 1.4270032930845225 1300
1779351029364 1.4489571899012075 1320
1779351031117 1.4709110867178925 1340
1779351032905 1.4928649835345773 1360
1779351034679 1.5148188803512623 1380
1779351036456 1.5367727771679474 1400
1779351038235 1.5587266739846322 1420
1779351039983 1.5806805708013172 1440
1779351041694 1.6026344676180022 1460
1779351043404 1.624588364434687 1480
1779351045130 1.6465422612513723 1500
1779351055059 1.6465422612513723 1500
1779351058886 1.668496158068057 1520
1779351060673 1.690450054884742 1540
1779351062442 1.7124039517014271 1560
1779351064220 1.734357848518112 1580
1779351066032 1.756311745334797 1600
1779351067801 1.778265642151482 1620
1779351069625 1.8002195389681668 1640
1779351071379 1.8221734357848518 1660
1779351073137 1.8441273326015368 1680
1779351074904 1.8660812294182216 1700
1779351076751 1.8880351262349067 1720
1779351078531 1.9099890230515917 1740
1779351089220 1.920965971459934 1750
1779351092085 1.9319429198682765 1760
1779351093863 1.9538968166849617 1780
1779351095583 1.9758507135016465 1800
1779351097290 1.9978046103183313 1820
1779351098975 2.0197585071350166 1840
1779351100750 2.0417124039517014 1860
1779351102512 2.063666300768386 1880
1779351104272 2.0856201975850714 1900
1779351106025 2.1075740944017562 1920
1779351107749 2.129527991218441 1940
1779351109486 2.1514818880351263 1960
1779351111197 2.173435784851811 1980
1779351112920 2.1953896816684964 2000
1779351122641 2.1953896816684964 2000
1779351126396 2.217343578485181 2020
1779351128138 2.239297475301866 2040
1779351129876 2.261251372118551 2060
1779351131610 2.283205268935236 2080
1779351133325 2.305159165751921 2100
1779351135047 2.327113062568606 2120
1779351136775 2.349066959385291 2140
1779351138527 2.3710208562019757 2160
1779351140259 2.392974753018661 2180
1779351141988 2.4149286498353457 2200
1779351143707 2.436882546652031 2220
1779351145425 2.4588364434687158 2240
1779351155946 2.469813391877058 2250
1779351159042 2.4807903402854006 2260
1779351160760 2.5027442371020854 2280
1779351162469 2.5246981339187706 2300
1779351164180 2.5466520307354554 2320
1779351165891 2.5686059275521407 2340
1779351167677 2.5905598243688255 2360
1779351169444 2.6125137211855103 2380
1779351171183 2.6344676180021955 2400
1779351172901 2.6564215148188803 2420
1779351174614 2.6783754116355656 2440
1779351176332 2.7003293084522504 2460
1779351178066 2.722283205268935 2480
1779351179840 2.74423710208562 2500
1779351189552 2.74423710208562 2500
1779351193359 2.7661909989023052 2520
1779351195096 2.78814489571899 2540
1779351196845 2.8100987925356753 2560
1779351198573 2.83205268935236 2580
1779351200347 2.854006586169045 2600
1779351202061 2.8759604829857297 2620
1779351203771 2.897914379802415 2640
1779351205483 2.9198682766190998 2660
1779351207190 2.941822173435785 2680
1779351208982 2.96377607025247 2700
1779351210705 2.9857299670691546 2720
1779351212445 3.00768386388584 2740
1779351223170 3.0186608122941823 2750
1779351226047 3.0296377607025247 2760
1779351227775 3.0515916575192095 2780
1779351229535 3.0735455543358947 2800
1779351231300 3.0954994511525795 2820
1779351233055 3.1174533479692643 2840
1779351234827 3.1394072447859496 2860
1779351236585 3.1613611416026344 2880
1779351238372 3.1833150384193196 2900
1779351240084 3.2052689352360044 2920
1779351241810 3.2272228320526892 2940
1779351243591 3.2491767288693745 2960
1779351245371 3.2711306256860593 2980
1779351247097 3.293084522502744 3000
1779351257130 3.293084522502744 3000
1779351261037 3.3150384193194293 3020
1779351262748 3.336992316136114 3040
1779351264468 3.358946212952799 3060
1779351266239 3.380900109769484 3080
1779351267950 3.402854006586169 3100
1779351269671 3.4248079034028542 3120
1779351271390 3.446761800219539 3140
1779351273108 3.468715697036224 3160
1779351274839 3.4906695938529086 3180
1779351276554 3.512623490669594 3200
1779351278271 3.5345773874862787 3220
1779351280001 3.556531284302964 3240
1779351290622 3.5675082327113063 3250
1779351293886 3.5784851811196488 3260
1779351295629 3.6004390779363336 3280
1779351297445 3.622392974753019 3300
1779351299191 3.6443468715697036 3320
1779351300972 3.666300768386389 3340
1779351302710 3.6882546652030737 3360
1779351304458 3.7102085620197585 3380
1779351306322 3.7321624588364433 3400
1779351308095 3.7541163556531285 3420
1779351309820 3.7760702524698133 3440
1779351311605 3.7980241492864986 3460
1779351313391 3.8199780461031834 3480
1779351315215 3.841931942919868 3500
1779351325061 3.841931942919868 3500
1779351329047 3.863885839736553 3520
1779351330800 3.885839736553238 3540
1779351332540 3.907793633369923 3560
1779351334294 3.9297475301866083 3580
1779351336102 3.951701427003293 3600
1779351337844 3.973655323819978 3620
1779351339602 3.995609220636663 3640
1779351341441 4.017563117453348 3660
1779351343271 4.039517014270033 3680
1779351344982 4.061470911086718 3700
1779351346695 4.083424807903403 3720
1779351348406 4.105378704720088 3740
1779351359080 4.11635565312843 3750
1779351362084 4.127332601536772 3760
1779351363893 4.149286498353458 3780
1779351365643 4.171240395170143 3800
1779351367403 4.193194291986828 3820
1779351369174 4.2151481888035125 3840
1779351370963 4.237102085620197 3860
1779351372748 4.259055982436882 3880
1779351374504 4.281009879253568 3900
1779351376262 4.302963776070253 3920
1779351378028 4.324917672886937 3940
1779351379804 4.346871569703622 3960
1779351381601 4.368825466520307 3980
1779351383314 4.390779363336993 4000
1779351392995 4.390779363336993 4000
1779351396840 4.4127332601536775 4020
1779351398555 4.434687156970362 4040
1779351400268 4.456641053787047 4060
1779351401985 4.478594950603732 4080
1779351403699 4.500548847420417 4100
1779351405410 4.522502744237102 4120
1779351407119 4.544456641053787 4140
1779351408832 4.566410537870472 4160
1779351410544 4.588364434687157 4180
1779351412257 4.610318331503842 4200
1779351413999 4.632272228320527 4220
1779351415847 4.654226125137212 4240
1779351427123 4.6652030735455545 4250
1779351430476 4.676180021953897 4260
1779351432338 4.698133918770582 4280
1779351434198 4.7200878155872665 4300
1779351435971 4.742041712403951 4320
1779351437829 4.763995609220637 4340
1779351439669 4.785949506037322 4360
1779351441508 4.807903402854007 4380
1779351443432 4.829857299670691 4400
1779351445210 4.851811196487376 4420
1779351446987 4.873765093304062 4440
1779351448759 4.895718990120747 4460
1779351450535 4.9176728869374315 4480
1779351452291 4.939626783754116 4500
1779351462166 4.939626783754116 4500
1779351466132 4.961580680570801 4520
1779351467885 4.983534577387486 4540
1779351479072 5.0 4555
1779351481490 5.0 4555
1779351493334 5.0 4555
1779351496440 5.0 4555
1779351501835 5.0 0
