1779350856032 0.2512154281139374 20
1779350857776 0.1242348700761795 40
1779350859528 0.05541999265551567 60
1779350861382 0.39498868584632874 80
1779350863099 0.34296584129333496 100
1779350864809 0.09852936118841171 120
1779350866556 0.21622078120708466 140
1779350868312 0.10952705889940262 160
1779350870022 0.14524972438812256 180
1779350871732 0.2338581532239914 200
1779350873468 0.09950826317071915 220
1779350875216 0.207652747631073 240
1779350888815 0.09414003789424896 260
1779350890554 0.24701623618602753 280
1779350892299 0.06520447880029678 300
1779350894039 0.07285863906145096 320
1779350895756 0.11659685522317886 340
1779350897472 0.06182831525802612 360
1779350899188 0.18447323143482208 380
1779350900923 0.11985910683870316 400
1779350902673 0.13163991272449493 420
1779350904425 0.15736894309520721 440
1779350906161 0.14729921519756317 460
1779350907873 0.0694655328989029 480
1779350909585 0.08178337663412094 500
1779350923303 0.1752285212278366 520
1779350925091 0.13720567524433136 540
1779350926811 0.2521294951438904 560
1779350928538 0.06927484273910522 580
1779350930254 0.1968584805727005 600
1779350931968 0.05151147022843361 620
1779350933690 0.10582433640956879 640
1779350935401 0.09507182985544205 660
1779350937110 0.2034940868616104 680
1779350938883 0.12784452736377716 700
1779350940675 0.17891189455986023 720
1779350942398 0.2237454354763031 740
1779350956308 0.33151546120643616 760
1779350958067 0.09676393866539001 780
1779350959828 0.2923606336116791 800
1779350961542 0.09492214024066925 820
1779350963293 0.04550296813249588 840
1779350965049 0.09947648644447327 860
1779350966824 0.05693633854389191 880
1779350968563 0.06042986363172531 900
1779350970267 0.20547789335250854 920
1779350972061 0.1618579924106598 940
1779350973772 0.30377069115638733 960
1779350975483 0.18917572498321533 980
1779350977226 0.16243882477283478 1000
1779350990864 0.11853019893169403 1020
1779350992580 0.06204619258642197 1040
1779350994299 0.06795520335435867 1060
1779350996035 0.06573318690061569 1080
1779350997778 0.2156475931406021 1100
1779350999496 0.1802680641412735 1120
1779351001226 0.07968311011791229 1140
1779351002959 0.15493075549602509 1160
1779351004705 0.06478962302207947 1180
1779351006434 0.11125856637954712 1200
1779351008162 0.11412694305181503 1220
1779351009949 0.1947411447763443 1240
1779351024002 0.0797540545463562 1260
1779351025799 0.06264854222536087 1280
1779351027579 0.09912239015102386 1300
1779351029364 0.054337237030267715 1320
1779351031117 0.22189311683177948 1340
1779351032905 0.12606745958328247 1360
1779351034679 0.05814194306731224 1380
1779351036456 0.05733022466301918 1400
1779351038235 0.11491364985704422 1420
1779351039983 0.04910361394286156 1440
1779351041694 0.05641861632466316 1460
1779351043404 0.23443953692913055 1480
1779351045130 0.1386214941740036 1500
1779351058886 0.18493132293224335 1520
1779351060673 0.19238263368606567 1540
1779351062442 0.09979826211929321 1560
1779351064220 0.15323613584041595 1580
1779351066032 0.16435615718364716 1600
1779351067801 0.1858111470937729 1620
1779351069625 0.10783642530441284 1640
1779351071379 0.07021436840295792 1660
1779351073137 0.06198093295097351 1680
1779351074904 0.049546223133802414 1700
1779351076751 0.04516501724720001 1720
1779351078531 0.19147376716136932 1740
1779351092085 0.06343371421098709 1760
1779351093863 0.1732572466135025 1780
1779351095583 0.09862299263477325 1800
1779351097290 0.18498706817626953 1820
1779351098975 0.1543404906988144 1840
1779351100750 0.0955280140042305 1860
1779351102512 0.09583097696304321 1880
1779351104272 0.08038344979286194 1900
1779351106025 0.09872616082429886 1920
1779351107749 0.09187249839305878 1940
1779351109486 0.16201041638851166 1960
1779351111197 0.0904298648238182 1980
1779351112920 0.0454714260995388 2000
1779351126396 0.25907185673713684 2020
1779351128138 0.15086662769317627 2040
1779351129876 0.12513230741024017 2060
1779351131610 0.054154518991708755 2080
1779351133325 0.2385473996400833 2100
1779351135047 0.13205762207508087 2120
1779351136775 0.1552848219871521 2140
1779351138527 0.0656375139951706 2160
1779351140259 0.14414134621620178 2180
1779351141988 0.23679271340370178 2200
1779351143707 0.05425158515572548 2220
1779351145425 0.10609641671180725 2240
1779351159042 0.1865905076265335 2260
1779351160760 0.15101434290409088 2280
1779351162469 0.08262449502944946 2300
1779351164180 0.055870044976472855 2320
1779351165891 0.22006218135356903 2340
1779351167677 0.033747486770153046 2360
1779351169444 0.0797668993473053 2380
1779351171183 0.12867319583892822 2400
1779351172901 0.17578285932540894 2420
1779351174614 0.16173386573791504 2440
1779351176332 0.10222360491752625 2460
1779351178066 0.042801834642887115 2480
1779351179840 0.15655972063541412 2500
1779351193359 0.10993107408285141 2520
1779351195096 0.08008649200201035 2540
1779351196845 0.2544410824775696 2560
1779351198573 0.041266415268182755 2580
1779351200347 0.09309393912553787 2600
1779351202061 0.10041016340255737 2620
1779351203771 0.23432111740112305 2640
1779351205483 0.2163185030221939 2660
1779351207190 0.16106955707073212 2680
1779351208982 0.1783137321472168 2700
1779351210705 0.03519337251782417 2720
1779351212445 0.0515335388481617 2740
1779351226047 0.05769234150648117 2760
1779351227775 0.08475983887910843 2780
1779351229535 0.24449409544467926 2800
1779351231300 0.12760929763317108 2820
1779351233055 0.14492478966712952 2840
1779351234827 0.051350560039281845 2860
1779351236585 0.05588725581765175 2880
1779351238372 0.0422838069498539 2900
1779351240084 0.07912864536046982 2920
1779351241810 0.09581636637449265 2940
1779351243591 0.1181197464466095 2960
1779351245371 0.18683360517024994 2980
1779351247097 0.165389746427536 3000
1779351261037 0.09440288692712784 3020
1779351262748 0.09265156835317612 3040
1779351264468 0.1956632286310196 3060
1779351266239 0.1970457285642624 3080
1779351267950 0.04739809408783913 3100
1779351269671 0.053373072296381 3120
1779351271390 0.22364960610866547 3140
1779351273108 0.0768585279583931 3160
1779351274839 0.04647070914506912 3180
1779351276554 0.09283927083015442 3200
1779351278271 0.1641779989004135 3220
1779351280001 0.2731149196624756 3240
1779351293886 0.04776947945356369 3260
1779351295629 0.04810021072626114 3280
1779351297445 0.1958390176296234 3300
1779351299191 0.08926862478256226 3320
1779351300972 0.13343550264835358 3340
1779351302710 0.18929554522037506 3360
1779351304458 0.2229417860507965 3380
1779351306322 0.053502921015024185 3400
1779351308095 0.18993516266345978 3420
1779351309820 0.10568809509277344 3440
1779351311605 0.15807807445526123 3460
1779351313391 0.09628406167030334 3480
1779351315215 0.20123355090618134 3500
1779351329047 0.2133161723613739 3520
1779351330800 0.13484543561935425 3540
1779351332540 0.09771300852298737 3560
1779351334294 0.06068386510014534 3580
1779351336102 0.15990032255649567 3600
1779351337844 0.04245253652334213 3620
1779351339602 0.11755036562681198 3640
1779351341441 0.050948988646268845 3660
1779351343271 0.1109418272972107 3680
1779351344982 0.1447659283876419 3700
1779351346695 0.04267202690243721 3720
1779351348406 0.0512237474322319 3740
1779351362084 0.10291367024183273 3760
1779351363893 0.10413846373558044 3780
1779351365643 0.05596001818776131 3800
1779351367403 0.14167147874832153 3820
1779351369174 0.05179931968450546 3840
1779351370963 0.23496480286121368 3860
1779351372748 0.1433224081993103 3880
1779351374504 0.047810304909944534 3900
1779351376262 0.19827088713645935 3920
1779351378028 0.06430338323116302 3940
1779351379804 0.10641330480575562 3960
1779351381601 0.13800930976867676 3980
1779351383314 0.06468713283538818 4000
1779351396840 0.2760729491710663 4020
1779351398555 0.10706447064876556 4040
1779351400268 0.16483426094055176 4060
1779351401985 0.04440264403820038 4080
1779351403699 0.0814729705452919 4100
1779351405410 0.17014944553375244 4120
1779351407119 0.15373705327510834 4140
1779351408832 0.04882964491844177 4160
1779351410544 0.06219446286559105 4180
1779351412257 0.35505029559135437 4200
1779351413999 0.07953117787837982 4220
1779351415847 0.20452101528644562 4240
1779351430476 0.15735965967178345 4260
1779351432338 0.10401804745197296 4280
1779351434198 0.061555005609989166 4300
1779351435971 0.06932714581489563 4320
1779351437829 0.13431763648986816 4340
1779351439669 0.17570823431015015 4360
1779351441508 0.22880806028842926 4380
1779351443432 0.1333211362361908 4400
1779351445210 0.07079193741083145 4420
1779351446987 0.21484790742397308 4440
1779351448759 0.13884341716766357 4460
1779351450535 0.23600783944129944 4480
1779351452291 0.15589235723018646 4500
1779351466132 0.05454988777637482 4520
1779351467885 0.17462222278118134 4540
