1779350856032 3.8e-05 20
1779350857776 7.800000000000001e-05 40
1779350859528 9.980022197558269e-05 60
1779350861382 9.935627081021089e-05 80
1779350863099 9.891231964483907e-05 100
1779350864809 9.846836847946727e-05 120
1779350866556 9.802441731409545e-05 140
1779350868312 9.758046614872365e-05 160
1779350870022 9.713651498335183e-05 180
1779350871732 9.669256381798003e-05 200
1779350873468 9.624861265260821e-05 220
1779350875216 9.580466148723641e-05 240
1779350888815 9.53607103218646e-05 260
1779350890554 9.491675915649278e-05 280
1779350892299 9.447280799112098e-05 300
1779350894039 9.402885682574917e-05 320
1779350895756 9.358490566037736e-05 340
1779350897472 9.314095449500556e-05 360
1779350899188 9.269700332963375e-05 380
1779350900923 9.225305216426194e-05 400
1779350902673 9.180910099889013e-05 420
1779350904425 9.136514983351832e-05 440
1779350906161 9.092119866814651e-05 460
1779350907873 9.04772475027747e-05 480
1779350909585 9.00332963374029e-05 500
1779350923303 8.958934517203108e-05 520
1779350925091 8.914539400665926e-05 540
1779350926811 8.870144284128746e-05 560
1779350928538 8.825749167591564e-05 580
1779350930254 8.781354051054384e-05 600
1779350931968 8.736958934517203e-05 620
1779350933690 8.692563817980022e-05 640
1779350935401 8.648168701442842e-05 660
1779350937110 8.603773584905662e-05 680
1779350938883 8.55937846836848e-05 700
1779350940675 8.5149833518313e-05 720
1779350942398 8.470588235294118e-05 740
1779350956308 8.426193118756938e-05 760
1779350958067 8.381798002219756e-05 780
1779350959828 8.337402885682575e-05 800
1779350961542 8.293007769145394e-05 820
1779350963293 8.248612652608213e-05 840
1779350965049 8.204217536071033e-05 860
1779350966824 8.159822419533851e-05 880
1779350968563 8.115427302996671e-05 900
1779350970267 8.071032186459489e-05 920
1779350972061 8.026637069922309e-05 940
1779350973772 7.982241953385127e-05 960
1779350975483 7.937846836847947e-05 980
1779350977226 7.893451720310767e-05 1000
1779350990864 7.849056603773586e-05 1020
1779350992580 7.804661487236405e-05 1040
1779350994299 7.760266370699223e-05 1060
1779350996035 7.715871254162043e-05 1080
1779350997778 7.671476137624861e-05 1100
1779350999496 7.627081021087681e-05 1120
1779351001226 7.5826859045505e-05 1140
1779351002959 7.538290788013319e-05 1160
1779351004705 7.493895671476137e-05 1180
1779351006434 7.449500554938957e-05 1200
1779351008162 7.405105438401776e-05 1220
1779351009949 7.360710321864595e-05 1240
1779351024002 7.316315205327414e-05 1260
1779351025799 7.271920088790233e-05 1280
1779351027579 7.227524972253052e-05 1300
1779351029364 7.183129855715872e-05 1320
1779351031117 7.138734739178691e-05 1340
1779351032905 7.09433962264151e-05 1360
1779351034679 7.04994450610433e-05 1380
1779351036456 7.005549389567148e-05 1400
1779351038235 6.961154273029968e-05 1420
1779351039983 6.916759156492786e-05 1440
1779351041694 6.872364039955606e-05 1460
1779351043404 6.827968923418424e-05 1480
1779351045130 6.783573806881244e-05 1500
1779351058886 6.739178690344062e-05 1520
1779351060673 6.694783573806882e-05 1540
1779351062442 6.6503884572697e-05 1560
1779351064220 6.605993340732519e-05 1580
1779351066032 6.561598224195338e-05 1600
1779351067801 6.517203107658158e-05 1620
1779351069625 6.472807991120978e-05 1640
1779351071379 6.428412874583796e-05 1660
1779351073137 6.384017758046616e-05 1680
1779351074904 6.339622641509434e-05 1700
1779351076751 6.295227524972254e-05 1720
1779351078531 6.250832408435072e-05 1740
1779351092085 6.206437291897892e-05 1760
1779351093863 6.16204217536071e-05 1780
1779351095583 6.11764705882353e-05 1800
1779351097290 6.0732519422863486e-05 1820
1779351098975 6.028856825749167e-05 1840
1779351100750 5.984461709211987e-05 1860
1779351102512 5.940066592674806e-05 1880
1779351104272 5.8956714761376255e-05 1900
1779351106025 5.851276359600444e-05 1920
1779351107749 5.8068812430632636e-05 1940
1779351109486 5.762486126526082e-05 1960
1779351111197 5.718091009988902e-05 1980
1779351112920 5.67369589345172e-05 2000
1779351126396 5.62930077691454e-05 2020
1779351128138 5.584905660377359e-05 2040
1779351129876 5.5405105438401786e-05 2060
1779351131610 5.496115427302997e-05 2080
1779351133325 5.451720310765817e-05 2100
1779351135047 5.407325194228635e-05 2120
1779351136775 5.3629300776914535e-05 2140
1779351138527 5.318534961154273e-05 2160
1779351140259 5.274139844617092e-05 2180
1779351141988 5.2297447280799113e-05 2200
1779351143707 5.1853496115427304e-05 2220
1779351145425 5.14095449500555e-05 2240
1779351159042 5.0965593784683685e-05 2260
1779351160760 5.052164261931188e-05 2280
1779351162469 5.0077691453940066e-05 2300
1779351164180 4.963374028856826e-05 2320
1779351165891 4.918978912319645e-05 2340
1779351167677 4.8745837957824645e-05 2360
1779351169444 4.8301886792452835e-05 2380
1779351171183 4.7857935627081026e-05 2400
1779351172901 4.7413984461709216e-05 2420
1779351174614 4.697003329633741e-05 2440
1779351176332 4.65260821309656e-05 2460
1779351178066 4.608213096559379e-05 2480
1779351179840 4.563817980022198e-05 2500
1779351193359 4.519422863485017e-05 2520
1779351195096 4.475027746947836e-05 2540
1779351196845 4.430632630410655e-05 2560
1779351198573 4.386237513873474e-05 2580
1779351200347 4.341842397336293e-05 2600
1779351202061 4.297447280799112e-05 2620
1779351203771 4.253052164261931e-05 2640
1779351205483 4.20865704772475e-05 2660
1779351207190 4.16426193118757e-05 2680
1779351208982 4.119866814650389e-05 2700
1779351210705 4.075471698113208e-05 2720
1779351212445 4.031076581576027e-05 2740
1779351226047 3.9866814650388456e-05 2760
1779351227775 3.9422863485016646e-05 2780
1779351229535 3.897891231964484e-05 2800
1779351231300 3.853496115427303e-05 2820
1779351233055 3.8091009988901225e-05 2840
1779351234827 3.7647058823529415e-05 2860
1779351236585 3.7203107658157606e-05 2880
1779351238372 3.6759156492785796e-05 2900
1779351240084 3.631520532741399e-05 2920
1779351241810 3.587125416204218e-05 2940
1779351243591 3.542730299667037e-05 2960
1779351245371 3.498335183129856e-05 2980
1779351247097 3.453940066592675e-05 3000
1779351261037 3.409544950055494e-05 3020
1779351262748 3.365149833518313e-05 3040
1779351264468 3.320754716981132e-05 3060
1779351266239 3.276359600443951e-05 3080
1779351267950 3.23196448390677e-05 3100
1779351269671 3.187569367369589e-05 3120
1779351271390 3.143174250832408e-05 3140
1779351273108 3.098779134295228e-05 3160
1779351274839 3.054384017758047e-05 3180
1779351276554 3.0099889012208658e-05 3200
1779351278271 2.9655937846836852e-05 3220
1779351280001 2.9211986681465043e-05 3240
1779351293886 2.8768035516093233e-05 3260
1779351295629 2.832408435072142e-05 3280
1779351297445 2.788013318534961e-05 3300
1779351299191 2.74361820199778e-05 3320
1779351300972 2.6992230854605992e-05 3340
1779351302710 2.6548279689234186e-05 3360
1779351304458 2.6104328523862376e-05 3380
1779351306322 2.5660377358490567e-05 3400
1779351308095 2.5216426193118758e-05 3420
1779351309820 2.4772475027746948e-05 3440
1779351311605 2.4328523862375142e-05 3460
1779351313391 2.388457269700333e-05 3480
1779351315215 2.344062153163152e-05 3500
1779351329047 2.2996670366259714e-05 3520
1779351330800 2.2552719200887904e-05 3540
1779351332540 2.2108768035516095e-05 3560
1779351334294 2.1664816870144285e-05 3580
1779351336102 2.1220865704772476e-05 3600
1779351337844 2.0776914539400666e-05 3620
1779351339602 2.0332963374028857e-05 3640
1779351341441 1.9889012208657048e-05 3660
1779351343271 1.9445061043285238e-05 3680
1779351344982 1.9001109877913432e-05 3700
1779351346695 1.8557158712541623e-05 3720
1779351348406 1.811320754716981e-05 3740
1779351362084 1.7669256381798004e-05 3760
1779351363893 1.7225305216426194e-05 3780
1779351365643 1.6781354051054385e-05 3800
1779351367403 1.6337402885682575e-05 3820
1779351369174 1.5893451720310766e-05 3840
1779351370963 1.544950055493896e-05 3860
1779351372748 1.5005549389567147e-05 3880
1779351374504 1.456159822419534e-05 3900
1779351376262 1.411764705882353e-05 3920
1779351378028 1.367369589345172e-05 3940
1779351379804 1.3229744728079913e-05 3960
1779351381601 1.2785793562708103e-05 3980
1779351383314 1.2341842397336294e-05 4000
1779351396840 1.1897891231964484e-05 4020
1779351398555 1.1453940066592675e-05 4040
1779351400268 1.1009988901220865e-05 4060
1779351401985 1.0566037735849058e-05 4080
1779351403699 1.0122086570477248e-05 4100
1779351405410 9.678135405105439e-06 4120
1779351407119 9.23418423973363e-06 4140
1779351408832 8.79023307436182e-06 4160
1779351410544 8.34628190899001e-06 4180
1779351412257 7.902330743618203e-06 4200
1779351413999 7.458379578246394e-06 4220
1779351415847 7.014428412874584e-06 4240
1779351430476 6.570477247502775e-06 4260
1779351432338 6.126526082130966e-06 4280
1779351434198 5.682574916759157e-06 4300
1779351435971 5.238623751387348e-06 4320
1779351437829 4.794672586015538e-06 4340
1779351439669 4.35072142064373e-06 4360
1779351441508 3.90677025527192e-06 4380
1779351443432 3.4628190899001116e-06 4400
1779351445210 3.018867924528302e-06 4420
1779351446987 2.574916759156493e-06 4440
1779351448759 2.1309655937846837e-06 4460
1779351450535 1.6870144284128745e-06 4480
1779351452291 1.2430632630410655e-06 4500
1779351466132 7.991120976692565e-07 4520
1779351467885 3.551609322974473e-07 4540
