1776951785861 0.0075075075075075074 20
1776951788187 0.015015015015015015 40
1776951790513 0.02252252252252252 60
1776951792802 0.03003003003003003 80
1776951795149 0.03753753753753754 100
1776951797489 0.04504504504504504 120
1776951799839 0.052552552552552555 140
1776951802179 0.06006006006006006 160
1776951804511 0.06756756756756757 180
1776951806866 0.07507507507507508 200
1776951809205 0.08258258258258258 220
1776951811548 0.09009009009009009 240
1776951823324 0.09384384384384384 250
1776951824511 0.09759759759759759 260
1776951826861 0.10510510510510511 280
1776951829221 0.11261261261261261 300
1776951831538 0.12012012012012012 320
1776951833887 0.12762762762762764 340
1776951836250 0.13513513513513514 360
1776951838610 0.14264264264264265 380
1776951840946 0.15015015015015015 400
1776951843302 0.15765765765765766 420
1776951845665 0.16516516516516516 440
1776951848039 0.17267267267267267 460
1776951850402 0.18018018018018017 480
1776951852763 0.18768768768768768 500
1776951862235 0.18768768768768768 500
1776951866427 0.19519519519519518 520
1776951868802 0.20270270270270271 540
1776951871171 0.21021021021021022 560
1776951873547 0.21771771771771772 580
1776951875914 0.22522522522522523 600
1776951878236 0.23273273273273273 620
1776951880580 0.24024024024024024 640
1776951882942 0.24774774774774774 660
1776951885314 0.2552552552552553 680
1776951887677 0.2627627627627628 700
1776951890062 0.2702702702702703 720
1776951892430 0.2777777777777778 740
1776951903123 0.28153153153153154 750
1776951904328 0.2852852852852853 760
1776951906716 0.2927927927927928 780
1776951909091 0.3003003003003003 800
1776951911481 0.3078078078078078 820
1776951913859 0.3153153153153153 840
1776951916237 0.3228228228228228 860
1776951918619 0.3303303303303303 880
1776951921000 0.33783783783783783 900
1776951923391 0.34534534534534533 920
1776951925782 0.35285285285285284 940
1776951928166 0.36036036036036034 960
1776951930554 0.36786786786786785 980
1776951932943 0.37537537537537535 1000
1776951942540 0.37537537537537535 1000
1776951947010 0.38288288288288286 1020
1776951949382 0.39039039039039036 1040
1776951951753 0.3978978978978979 1060
1776951954124 0.40540540540540543 1080
1776951956505 0.41291291291291293 1100
1776951958871 0.42042042042042044 1120
1776951961243 0.42792792792792794 1140
1776951963625 0.43543543543543545 1160
1776951966011 0.44294294294294295 1180
1776951968394 0.45045045045045046 1200
1776951970783 0.45795795795795796 1220
1776951973163 0.46546546546546547 1240
1776951983928 0.4692192192192192 1250
1776951985128 0.47297297297297297 1260
1776951987512 0.4804804804804805 1280
1776951989907 0.487987987987988 1300
1776951992296 0.4954954954954955 1320
1776951994679 0.503003003003003 1340
1776951997061 0.5105105105105106 1360
1776951999439 0.5180180180180181 1380
1776952001818 0.5255255255255256 1400
1776952004218 0.5330330330330331 1420
1776952006618 0.5405405405405406 1440
1776952009000 0.5480480480480481 1460
1776952011393 0.5555555555555556 1480
1776952013778 0.5630630630630631 1500
1776952023331 0.5630630630630631 1500
1776952028112 0.5705705705705706 1520
1776952030506 0.5780780780780781 1540
1776952032898 0.5855855855855856 1560
1776952035287 0.5930930930930931 1580
1776952037665 0.6006006006006006 1600
1776952040054 0.6081081081081081 1620
1776952042439 0.6156156156156156 1640
1776952044820 0.6231231231231231 1660
1776952047214 0.6306306306306306 1680
1776952049599 0.6381381381381381 1700
1776952051993 0.6456456456456456 1720
1776952054381 0.6531531531531531 1740
1776952065120 0.6569069069069069 1750
1776952066319 0.6606606606606606 1760
1776952068721 0.6681681681681682 1780
1776952071104 0.6756756756756757 1800
1776952073503 0.6831831831831832 1820
1776952075899 0.6906906906906907 1840
1776952078297 0.6981981981981982 1860
1776952080681 0.7057057057057057 1880
1776952083085 0.7132132132132132 1900
1776952085478 0.7207207207207207 1920
1776952087874 0.7282282282282282 1940
1776952090273 0.7357357357357357 1960
1776952092674 0.7432432432432432 1980
1776952095092 0.7507507507507507 2000
1776952104801 0.7507507507507507 2000
1776952108991 0.7582582582582582 2020
1776952111409 0.7657657657657657 2040
1776952113810 0.7732732732732732 2060
1776952116229 0.7807807807807807 2080
1776952118633 0.7882882882882883 2100
1776952121032 0.7957957957957958 2120
1776952123443 0.8033033033033034 2140
1776952125856 0.8108108108108109 2160
1776952128272 0.8183183183183184 2180
1776952130676 0.8258258258258259 2200
1776952133084 0.8333333333333334 2220
1776952135487 0.8408408408408409 2240
1776952146362 0.8445945945945946 2250
1776952147564 0.8483483483483484 2260
1776952149971 0.8558558558558559 2280
1776952152380 0.8633633633633634 2300
1776952154780 0.8708708708708709 2320
1776952157198 0.8783783783783784 2340
1776952159603 0.8858858858858859 2360
1776952162008 0.8933933933933934 2380
1776952164413 0.9009009009009009 2400
1776952166835 0.9084084084084084 2420
1776952169253 0.9159159159159159 2440
1776952171676 0.9234234234234234 2460
1776952174100 0.9309309309309309 2480
1776952176530 0.9384384384384384 2500
1776952186228 0.9384384384384384 2500
1776952190764 0.9459459459459459 2520
1776952193192 0.9534534534534534 2540
1776952195619 0.960960960960961 2560
1776952198034 0.9684684684684685 2580
1776952200455 0.975975975975976 2600
1776952202867 0.9834834834834835 2620
1776952205276 0.990990990990991 2640
1776952207677 0.9984984984984985 2660
1776952210090 1.006006006006006 2680
1776952212496 1.0135135135135136 2700
1776952214903 1.021021021021021 2720
1776952217303 1.0285285285285286 2740
1776952229139 1.0322822822822824 2750
1776952230339 1.0360360360360361 2760
1776952232768 1.0435435435435436 2780
1776952235183 1.0510510510510511 2800
1776952237613 1.0585585585585586 2820
1776952240039 1.0660660660660661 2840
1776952242458 1.0735735735735736 2860
1776952244871 1.0810810810810811 2880
1776952247283 1.0885885885885886 2900
1776952249685 1.0960960960960962 2920
1776952252090 1.1036036036036037 2940
1776952254515 1.1111111111111112 2960
1776952256905 1.1186186186186187 2980
1776952259302 1.1261261261261262 3000
1776952268987 1.1261261261261262 3000
1776952273572 1.1336336336336337 3020
1776952275985 1.1411411411411412 3040
1776952278398 1.1486486486486487 3060
1776952280809 1.1561561561561562 3080
1776952283216 1.1636636636636637 3100
1776952285645 1.1711711711711712 3120
1776952288024 1.1786786786786787 3140
1776952290428 1.1861861861861862 3160
1776952292854 1.1936936936936937 3180
1776952295270 1.2012012012012012 3200
1776952297729 1.2087087087087087 3220
1776952300154 1.2162162162162162 3240
1776952311064 1.21996996996997 3250
1776952312277 1.2237237237237237 3260
1776952314706 1.2312312312312312 3280
1776952317132 1.2387387387387387 3300
1776952319554 1.2462462462462462 3320
1776952321975 1.2537537537537538 3340
1776952324394 1.2612612612612613 3360
1776952326813 1.2687687687687688 3380
1776952329216 1.2762762762762763 3400
1776952331630 1.2837837837837838 3420
1776952334056 1.2912912912912913 3440
1776952336463 1.2987987987987988 3460
1776952338882 1.3063063063063063 3480
1776952341281 1.3138138138138138 3500
1776952350962 1.3138138138138138 3500
1776952355799 1.3213213213213213 3520
1776952358198 1.3288288288288288 3540
1776952360620 1.3363363363363363 3560
1776952363018 1.3438438438438438 3580
1776952365408 1.3513513513513513 3600
1776952367830 1.3588588588588588 3620
1776952370202 1.3663663663663663 3640
1776952372622 1.3738738738738738 3660
1776952375012 1.3813813813813813 3680
1776952377418 1.3888888888888888 3700
1776952379805 1.3963963963963963 3720
1776952382215 1.4039039039039038 3740
1776952393083 1.4076576576576576 3750
1776952394287 1.4114114114114114 3760
1776952396695 1.4189189189189189 3780
1776952399102 1.4264264264264264 3800
1776952401521 1.4339339339339339 3820
1776952403917 1.4414414414414414 3840
1776952406327 1.4489489489489489 3860
1776952408757 1.4564564564564564 3880
1776952411159 1.4639639639639639 3900
1776952413552 1.4714714714714714 3920
1776952415961 1.478978978978979 3940
1776952418370 1.4864864864864864 3960
1776952420790 1.493993993993994 3980
1776952423206 1.5015015015015014 4000
1776952432890 1.5015015015015014 4000
1776952437419 1.509009009009009 4020
1776952439842 1.5165165165165164 4040
1776952442263 1.524024024024024 4060
1776952444662 1.5315315315315314 4080
1776952447081 1.539039039039039 4100
1776952449492 1.5465465465465464 4120
1776952451901 1.554054054054054 4140
1776952454303 1.5615615615615615 4160
1776952456716 1.569069069069069 4180
1776952459125 1.5765765765765765 4200
1776952461522 1.584084084084084 4220
1776952463933 1.5915915915915915 4240
1776952475937 1.5953453453453452 4250
1776952477142 1.599099099099099 4260
1776952479539 1.6066066066066065 4280
1776952481941 1.614114114114114 4300
1776952484335 1.6216216216216215 4320
1776952486737 1.629129129129129 4340
1776952489134 1.6366366366366365 4360
1776952491542 1.644144144144144 4380
1776952493944 1.6516516516516515 4400
1776952496340 1.659159159159159 4420
1776952498738 1.6666666666666665 4440
1776952501145 1.674174174174174 4460
1776952503539 1.6816816816816815 4480
1776952505933 1.689189189189189 4500
1776952515609 1.689189189189189 4500
1776952520282 1.6966966966966965 4520
1776952522690 1.704204204204204 4540
1776952525096 1.7117117117117115 4560
1776952527511 1.7192192192192193 4580
1776952529919 1.7267267267267268 4600
1776952532312 1.7342342342342343 4620
1776952534724 1.7417417417417418 4640
1776952537131 1.7492492492492493 4660
1776952539538 1.7567567567567568 4680
1776952541916 1.7642642642642643 4700
1776952544320 1.7717717717717718 4720
1776952546704 1.7792792792792793 4740
1776952557575 1.783033033033033 4750
1776952558782 1.7867867867867868 4760
1776952561180 1.7942942942942943 4780
1776952563586 1.8018018018018018 4800
1776952565987 1.8093093093093093 4820
1776952568401 1.8168168168168168 4840
1776952570807 1.8243243243243243 4860
1776952573230 1.8318318318318318 4880
1776952575629 1.8393393393393394 4900
1776952578049 1.8468468468468469 4920
1776952580459 1.8543543543543544 4940
1776952582861 1.8618618618618619 4960
1776952585256 1.8693693693693694 4980
1776952587676 1.8768768768768769 5000
1776952597343 1.8768768768768769 5000
1776952601659 1.8843843843843844 5020
1776952604058 1.8918918918918919 5040
1776952606458 1.8993993993993994 5060
1776952608859 1.906906906906907 5080
1776952611256 1.9144144144144144 5100
1776952613660 1.921921921921922 5120
1776952616060 1.9294294294294294 5140
1776952618456 1.936936936936937 5160
1776952620863 1.9444444444444444 5180
1776952623251 1.951951951951952 5200
1776952625666 1.9594594594594594 5220
1776952628070 1.966966966966967 5240
1776952638942 1.9707207207207207 5250
1776952640151 1.9744744744744744 5260
1776952642561 1.981981981981982 5280
1776952644979 1.9894894894894894 5300
1776952647393 1.996996996996997 5320
1776952649785 2.0045045045045047 5340
1776952652185 2.012012012012012 5360
1776952654588 2.0195195195195197 5380
1776952656970 2.027027027027027 5400
1776952659379 2.0345345345345347 5420
1776952661789 2.042042042042042 5440
1776952664193 2.0495495495495497 5460
1776952666590 2.057057057057057 5480
1776952668991 2.0645645645645647 5500
1776952678668 2.0645645645645647 5500
1776952683230 2.0720720720720722 5520
1776952685641 2.0795795795795797 5540
1776952688054 2.0870870870870872 5560
1776952690447 2.0945945945945947 5580
1776952692851 2.1021021021021022 5600
1776952695261 2.1096096096096097 5620
1776952697667 2.1171171171171173 5640
1776952700075 2.1246246246246248 5660
1776952702480 2.1321321321321323 5680
1776952704871 2.1396396396396398 5700
1776952707266 2.1471471471471473 5720
1776952709658 2.1546546546546548 5740
1776952720510 2.1584084084084085 5750
1776952721721 2.1621621621621623 5760
1776952724111 2.16966966966967 5780
1776952726522 2.1771771771771773 5800
1776952728929 2.184684684684685 5820
1776952731330 2.1921921921921923 5840
1776952733741 2.1996996996997 5860
1776952736138 2.2072072072072073 5880
1776952738523 2.214714714714715 5900
1776952740919 2.2222222222222223 5920
1776952743312 2.22972972972973 5940
1776952745702 2.2372372372372373 5960
1776952748092 2.244744744744745 5980
1776952750487 2.2522522522522523 6000
1776952760099 2.2522522522522523 6000
1776952764613 2.25975975975976 6020
1776952767013 2.2672672672672673 6040
1776952769400 2.274774774774775 6060
1776952771795 2.2822822822822824 6080
1776952774168 2.28978978978979 6100
1776952776551 2.2972972972972974 6120
1776952778950 2.304804804804805 6140
1776952781342 2.3123123123123124 6160
1776952783724 2.31981981981982 6180
1776952786111 2.3273273273273274 6200
1776952788485 2.334834834834835 6220
1776952790894 2.3423423423423424 6240
1776952801700 2.346096096096096 6250
1776952802906 2.34984984984985 6260
1776952805315 2.3573573573573574 6280
1776952807709 2.364864864864865 6300
1776952810122 2.3723723723723724 6320
1776952812519 2.37987987987988 6340
1776952814921 2.3873873873873874 6360
1776952817303 2.394894894894895 6380
1776952819710 2.4024024024024024 6400
1776952822108 2.40990990990991 6420
1776952824509 2.4174174174174174 6440
1776952826920 2.424924924924925 6460
1776952829315 2.4324324324324325 6480
1776952831705 2.43993993993994 6500
1776952841336 2.43993993993994 6500
1776952846188 2.4474474474474475 6520
1776952848576 2.454954954954955 6540
1776952850980 2.4624624624624625 6560
1776952853377 2.46996996996997 6580
1776952855781 2.4774774774774775 6600
1776952858176 2.484984984984985 6620
1776952860579 2.4924924924924925 6640
1776952862985 2.5 6660
1776952865371 2.5075075075075075 6680
1776952867778 2.515015015015015 6700
1776952870156 2.5225225225225225 6720
1776952872560 2.53003003003003 6740
1776952883385 2.5337837837837838 6750
1776952884594 2.5375375375375375 6760
1776952886981 2.545045045045045 6780
1776952889379 2.5525525525525525 6800
1776952891783 2.56006006006006 6820
1776952894187 2.5675675675675675 6840
1776952896594 2.575075075075075 6860
1776952898987 2.5825825825825826 6880
1776952901385 2.59009009009009 6900
1776952903783 2.5975975975975976 6920
1776952906184 2.605105105105105 6940
1776952908598 2.6126126126126126 6960
1776952911003 2.62012012012012 6980
1776952913400 2.6276276276276276 7000
1776952923029 2.6276276276276276 7000
1776952927209 2.635135135135135 7020
1776952929607 2.6426426426426426 7040
1776952932006 2.65015015015015 7060
1776952934410 2.6576576576576576 7080
1776952936810 2.665165165165165 7100
1776952939214 2.6726726726726726 7120
1776952941614 2.68018018018018 7140
1776952944019 2.6876876876876876 7160
1776952946423 2.695195195195195 7180
1776952948820 2.7027027027027026 7200
1776952951216 2.71021021021021 7220
1776952953629 2.7177177177177176 7240
1776952964423 2.7214714714714714 7250
1776952965625 2.725225225225225 7260
1776952968035 2.7327327327327327 7280
1776952970433 2.74024024024024 7300
1776952972830 2.7477477477477477 7320
1776952975229 2.755255255255255 7340
1776952977628 2.7627627627627627 7360
1776952980029 2.77027027027027 7380
1776952982429 2.7777777777777777 7400
1776952984829 2.785285285285285 7420
1776952987225 2.7927927927927927 7440
1776952989631 2.8003003003003 7460
1776952992042 2.8078078078078077 7480
1776952994449 2.815315315315315 7500
1776953004093 2.815315315315315 7500
1776953008626 2.8228228228228227 7520
1776953011021 2.83033033033033 7540
1776953013446 2.8378378378378377 7560
1776953015852 2.8453453453453452 7580
1776953018263 2.8528528528528527 7600
1776953020657 2.8603603603603602 7620
1776953023051 2.8678678678678677 7640
1776953025446 2.8753753753753752 7660
1776953027840 2.8828828828828827 7680
1776953030232 2.8903903903903903 7700
1776953032611 2.8978978978978978 7720
1776953034999 2.9054054054054053 7740
1776953045802 2.909159159159159 7750
1776953045916 2.909159159159159 7750
1776953055785 2.909159159159159 7750
1776953069110 2.909159159159159 7750
1776953069702 2.909159159159159 0
