1778756300976 0.015015015015015015 20
1778756301559 0.03003003003003003 40
1778756302143 0.04504504504504504 60
1778756302726 0.06006006006006006 80
1778756303298 0.07507507507507508 100
1778756303861 0.09009009009009009 120
1778756304443 0.10510510510510511 140
1778756305026 0.12012012012012012 160
1778756305609 0.13513513513513514 180
1778756306191 0.15015015015015015 200
1778756306774 0.16516516516516516 220
1778756307358 0.18018018018018017 240
1778756309831 0.18768768768768768 250
1778756311464 0.19519519519519518 260
1778756312048 0.21021021021021022 280
1778756312632 0.22522522522522523 300
1778756313216 0.24024024024024024 320
1778756313802 0.2552552552552553 340
1778756314386 0.2702702702702703 360
1778756314968 0.2852852852852853 380
1778756315551 0.3003003003003003 400
1778756316134 0.3153153153153153 420
1778756316717 0.3303303303303303 440
1778756317300 0.34534534534534533 460
1778756317882 0.36036036036036034 480
1778756318454 0.37537537537537535 500
1778756320696 0.37537537537537535 500
1778756322393 0.39039039039039036 520
1778756322982 0.40540540540540543 540
1778756323564 0.42042042042042044 560
1778756324148 0.43543543543543545 580
1778756324731 0.45045045045045046 600
1778756325314 0.46546546546546547 620
1778756325897 0.4804804804804805 640
1778756326480 0.4954954954954955 660
1778756327063 0.5105105105105106 680
1778756327648 0.5255255255255256 700
1778756328230 0.5405405405405406 720
1778756328814 0.5555555555555556 740
1778756331366 0.5630630630630631 750
1778756333076 0.5705705705705706 760
1778756333661 0.5855855855855856 780
1778756334237 0.6006006006006006 800
1778756334819 0.6156156156156156 820
1778756335402 0.6306306306306306 840
1778756335986 0.6456456456456456 860
1778756336568 0.6606606606606606 880
1778756337151 0.6756756756756757 900
1778756337720 0.6906906906906907 920
1778756338288 0.7057057057057057 940
1778756338871 0.7207207207207207 960
1778756339456 0.7357357357357357 980
1778756340024 0.7507507507507507 1000
1778756342242 0.7507507507507507 1000
1778756344139 0.7657657657657657 1020
1778756344722 0.7807807807807807 1040
1778756345307 0.7957957957957958 1060
1778756345892 0.8108108108108109 1080
1778756346462 0.8258258258258259 1100
1778756347046 0.8408408408408409 1120
1778756347630 0.8558558558558559 1140
1778756348214 0.8708708708708709 1160
1778756348798 0.8858858858858859 1180
1778756349382 0.9009009009009009 1200
1778756349965 0.9159159159159159 1220
1778756350549 0.9309309309309309 1240
1778756353070 0.9384384384384384 1250
1778756354713 0.9459459459459459 1260
1778756355297 0.960960960960961 1280
1778756355882 0.975975975975976 1300
1778756356465 0.990990990990991 1320
1778756357049 1.006006006006006 1340
1778756357632 1.021021021021021 1360
1778756358214 1.0360360360360361 1380
1778756358796 1.0510510510510511 1400
1778756359378 1.0660660660660661 1420
1778756359961 1.0810810810810811 1440
1778756360544 1.0960960960960962 1460
1778756361128 1.1111111111111112 1480
1778756361711 1.1261261261261262 1500
1778756363932 1.1261261261261262 1500
1778756365674 1.1411411411411412 1520
1778756366258 1.1561561561561562 1540
1778756366827 1.1711711711711712 1560
1778756367396 1.1861861861861862 1580
1778756367964 1.2012012012012012 1600
1778756368542 1.2162162162162162 1620
1778756369124 1.2312312312312312 1640
1778756369693 1.2462462462462462 1660
1778756370262 1.2612612612612613 1680
1778756370831 1.2762762762762763 1700
1778756371415 1.2912912912912913 1720
1778756371998 1.3063063063063063 1740
1778756374480 1.3138138138138138 1750
1778756376335 1.3213213213213213 1760
1778756376919 1.3363363363363363 1780
1778756377504 1.3513513513513513 1800
1778756378089 1.3663663663663663 1820
1778756378672 1.3813813813813813 1840
1778756379258 1.3963963963963963 1860
1778756379841 1.4114114114114114 1880
1778756380425 1.4264264264264264 1900
1778756381005 1.4414414414414414 1920
1778756381577 1.4564564564564564 1940
1778756382147 1.4714714714714714 1960
1778756382716 1.4864864864864864 1980
1778756383285 1.5015015015015014 2000
1778756385514 1.5015015015015014 2000
1778756387403 1.5165165165165164 2020
1778756387972 1.5315315315315314 2040
1778756388541 1.5465465465465464 2060
1778756389110 1.5615615615615615 2080
1778756389680 1.5765765765765765 2100
1778756390250 1.5915915915915915 2120
1778756390818 1.6066066066066065 2140
1778756391387 1.6216216216216215 2160
1778756391957 1.6366366366366365 2180
1778756392525 1.6516516516516515 2200
1778756393094 1.6666666666666665 2220
1778756393665 1.6816816816816815 2240
1778756396191 1.689189189189189 2250
1778756397818 1.6966966966966965 2260
1778756398387 1.7117117117117115 2280
1778756398956 1.7267267267267268 2300
1778756399531 1.7417417417417418 2320
1778756400107 1.7567567567567568 2340
1778756400689 1.7717717717717718 2360
1778756401272 1.7867867867867868 2380
1778756401854 1.8018018018018018 2400
1778756402436 1.8168168168168168 2420
1778756403018 1.8318318318318318 2440
1778756403602 1.8468468468468469 2460
1778756404184 1.8618618618618619 2480
1778756404766 1.8768768768768769 2500
1778756407006 1.8768768768768769 2500
1778756408948 1.8918918918918919 2520
1778756409531 1.906906906906907 2540
1778756410115 1.921921921921922 2560
1778756410700 1.936936936936937 2580
1778756411283 1.951951951951952 2600
1778756411867 1.966966966966967 2620
1778756412450 1.981981981981982 2640
1778756413035 1.996996996996997 2660
1778756413621 2.012012012012012 2680
1778756414206 2.027027027027027 2700
1778756414789 2.042042042042042 2720
1778756415372 2.057057057057057 2740
1778756417890 2.0645645645645647 2750
1778756419321 2.0720720720720722 2760
1778756419906 2.0870870870870872 2780
1778756420490 2.1021021021021022 2800
1778756421074 2.1171171171171173 2820
1778756421657 2.1321321321321323 2840
1778756422242 2.1471471471471473 2860
1778756422827 2.1621621621621623 2880
1778756423403 2.1771771771771773 2900
1778756423972 2.1921921921921923 2920
1778756424542 2.2072072072072073 2940
1778756425112 2.2222222222222223 2960
1778756425681 2.2372372372372373 2980
1778756426250 2.2522522522522523 3000
1778756428458 2.2522522522522523 3000
1778756430334 2.2672672672672673 3020
1778756430918 2.2822822822822824 3040
1778756431487 2.2972972972972974 3060
1778756432056 2.3123123123123124 3080
1778756432633 2.3273273273273274 3100
1778756433203 2.3423423423423424 3120
1778756433773 2.3573573573573574 3140
1778756434342 2.3723723723723724 3160
1778756434911 2.3873873873873874 3180
1778756435480 2.4024024024024024 3200
1778756436049 2.4174174174174174 3220
1778756436618 2.4324324324324325 3240
1778756439127 2.43993993993994 3250
1778756440744 2.4474474474474475 3260
1778756441327 2.4624624624624625 3280
1778756441911 2.4774774774774775 3300
1778756442494 2.4924924924924925 3320
1778756443077 2.5075075075075075 3340
1778756443660 2.5225225225225225 3360
1778756444242 2.5375375375375375 3380
1778756444827 2.5525525525525525 3400
1778756445409 2.5675675675675675 3420
1778756445992 2.5825825825825826 3440
1778756446575 2.5975975975975976 3460
1778756447158 2.6126126126126126 3480
1778756447742 2.6276276276276276 3500
1778756449978 2.6276276276276276 3500
1778756451862 2.6426426426426426 3520
1778756452445 2.6576576576576576 3540
1778756453027 2.6726726726726726 3560
1778756453610 2.6876876876876876 3580
1778756454192 2.7027027027027026 3600
1778756454774 2.7177177177177176 3620
1778756455356 2.7327327327327327 3640
1778756455925 2.7477477477477477 3660
1778756456493 2.7627627627627627 3680
1778756457069 2.7777777777777777 3700
1778756457653 2.7927927927927927 3720
1778756458235 2.8078078078078077 3740
1778756460754 2.815315315315315 3750
1778756462357 2.8228228228228227 3760
1778756462939 2.8378378378378377 3780
1778756463521 2.8528528528528527 3800
1778756464091 2.8678678678678677 3820
1778756464660 2.8828828828828827 3840
1778756465228 2.8978978978978978 3860
1778756465797 2.9129129129129128 3880
1778756466391 2.9279279279279278 3900
1778756466973 2.942942942942943 3920
1778756467556 2.957957957957958 3940
1778756468139 2.972972972972973 3960
1778756468721 2.987987987987988 3980
1778756469307 3.003003003003003 4000
1778756471525 3.003003003003003 4000
1778756473569 3.018018018018018 4020
1778756474154 3.033033033033033 4040
1778756474736 3.048048048048048 4060
1778756475318 3.063063063063063 4080
1778756475903 3.078078078078078 4100
1778756476486 3.093093093093093 4120
1778756477068 3.108108108108108 4140
1778756477650 3.123123123123123 4160
1778756478233 3.138138138138138 4180
1778756478815 3.153153153153153 4200
1778756479398 3.1681681681681684 4220
1778756479980 3.1831831831831834 4240
1778756482495 3.190690690690691 4250
1778756483963 3.1981981981981984 4260
1778756484547 3.2132132132132134 4280
1778756485129 3.2282282282282284 4300
1778756485711 3.2432432432432434 4320
1778756486294 3.2582582582582584 4340
1778756486878 3.2732732732732734 4360
1778756487461 3.2882882882882885 4380
1778756488044 3.3033033033033035 4400
1778756488627 3.3183183183183185 4420
1778756489210 3.3333333333333335 4440
1778756489792 3.3483483483483485 4460
1778756490374 3.3633633633633635 4480
1778756490960 3.3783783783783785 4500
1778756493192 3.3783783783783785 4500
1778756495106 3.3933933933933935 4520
1778756495689 3.4084084084084085 4540
1778756496273 3.4234234234234235 4560
1778756496843 3.4384384384384385 4580
1778756497412 3.4534534534534536 4600
1778756497981 3.4684684684684686 4620
1778756498560 3.4834834834834836 4640
1778756499130 3.4984984984984986 4660
1778756499698 3.5135135135135136 4680
1778756500281 3.5285285285285286 4700
1778756500858 3.5435435435435436 4720
1778756501442 3.5585585585585586 4740
1778756503968 3.566066066066066 4750
1778756505622 3.5735735735735736 4760
1778756506208 3.5885885885885886 4780
1778756506792 3.6036036036036037 4800
1778756507374 3.6186186186186187 4820
1778756507944 3.6336336336336337 4840
1778756508536 3.6486486486486487 4860
1778756509122 3.6636636636636637 4880
1778756509701 3.6786786786786787 4900
1778756510283 3.6936936936936937 4920
1778756510865 3.7087087087087087 4940
1778756511448 3.7237237237237237 4960
1778756512030 3.7387387387387387 4980
1778756512614 3.7537537537537538 5000
1778756514846 3.7537537537537538 5000
1778756516768 3.7687687687687688 5020
1778756517353 3.7837837837837838 5040
1778756517935 3.798798798798799 5060
1778756518518 3.813813813813814 5080
1778756519100 3.828828828828829 5100
1778756519688 3.843843843843844 5120
1778756520271 3.858858858858859 5140
1778756520854 3.873873873873874 5160
1778756521438 3.888888888888889 5180
1778756522020 3.903903903903904 5200
1778756522604 3.918918918918919 5220
1778756523189 3.933933933933934 5240
1778756525715 3.9414414414414414 5250
1778756527366 3.948948948948949 5260
1778756527951 3.963963963963964 5280
1778756528534 3.978978978978979 5300
1778756529118 3.993993993993994 5320
1778756529701 4.009009009009009 5340
1778756530283 4.024024024024024 5360
1778756530867 4.039039039039039 5380
1778756531449 4.054054054054054 5400
1778756532032 4.069069069069069 5420
1778756532612 4.084084084084084 5440
1778756533186 4.099099099099099 5460
1778756533767 4.114114114114114 5480
1778756534353 4.129129129129129 5500
1778756536556 4.129129129129129 5500
1778756538441 4.1441441441441444 5520
1778756539026 4.1591591591591595 5540
1778756539609 4.1741741741741745 5560
1778756540194 4.1891891891891895 5580
1778756540778 4.2042042042042045 5600
1778756541362 4.2192192192192195 5620
1778756541947 4.2342342342342345 5640
1778756542530 4.2492492492492495 5660
1778756543101 4.2642642642642645 5680
1778756543670 4.2792792792792795 5700
1778756544248 4.2942942942942945 5720
1778756544832 4.3093093093093096 5740
1778756547329 4.316816816816817 5750
1778756548975 4.324324324324325 5760
1778756549545 4.33933933933934 5780
1778756550114 4.354354354354355 5800
1778756550683 4.36936936936937 5820
1778756551252 4.384384384384385 5840
1778756551821 4.3993993993994 5860
1778756552390 4.414414414414415 5880
1778756552959 4.42942942942943 5900
1778756553533 4.444444444444445 5920
1778756554117 4.45945945945946 5940
1778756554690 4.474474474474475 5960
1778756555259 4.48948948948949 5980
1778756555828 4.504504504504505 6000
1778756558068 4.504504504504505 6000
1778756559978 4.51951951951952 6020
1778756560547 4.534534534534535 6040
1778756561116 4.54954954954955 6060
1778756561685 4.564564564564565 6080
1778756562253 4.57957957957958 6100
1778756562823 4.594594594594595 6120
1778756563392 4.60960960960961 6140
1778756563961 4.624624624624625 6160
1778756564530 4.63963963963964 6180
1778756565098 4.654654654654655 6200
1778756565668 4.66966966966967 6220
1778756566237 4.684684684684685 6240
1778756568758 4.692192192192192 6250
1778756570399 4.6996996996997 6260
1778756570967 4.714714714714715 6280
1778756571537 4.72972972972973 6300
1778756572108 4.744744744744745 6320
1778756572677 4.75975975975976 6340
1778756573250 4.774774774774775 6360
1778756573829 4.78978978978979 6380
1778756574405 4.804804804804805 6400
1778756574974 4.81981981981982 6420
1778756575544 4.834834834834835 6440
1778756576113 4.84984984984985 6460
1778756576682 4.864864864864865 6480
1778756577252 4.87987987987988 6500
1778756579489 4.87987987987988 6500
1778756581391 4.894894894894895 6520
1778756581969 4.90990990990991 6540
1778756582539 4.924924924924925 6560
1778756583124 4.93993993993994 6580
1778756583707 4.954954954954955 6600
1778756584284 4.96996996996997 6620
1778756584858 4.984984984984985 6640
1778756585432 5.0 6660
1778756586879 5.0 6660
1778756589319 5.0 6660
1778756592486 5.0 6660
1778756596312 5.0 0
