1778756300976 0.6962 20
1778756301559 0.6844 40
1778756302143 0.6488 60
1778756302726 0.6112 80
1778756303298 0.5529 100
1778756303861 0.5454 120
1778756304443 0.4645 140
1778756305026 0.5323 160
1778756305609 0.5003 180
1778756306191 0.5352 200
1778756306774 0.4498 220
1778756307358 0.4348 240
1778756311464 0.4398 260
1778756312048 0.4668 280
1778756312632 0.4313 300
1778756313216 0.4606 320
1778756313802 0.4698 340
1778756314386 0.4552 360
1778756314968 0.4226 380
1778756315551 0.4069 400
1778756316134 0.4064 420
1778756316717 0.4168 440
1778756317300 0.4279 460
1778756317882 0.4347 480
1778756318454 0.451 500
1778756322393 0.4063 520
1778756322982 0.4475 540
1778756323564 0.3815 560
1778756324148 0.3685 580
1778756324731 0.4146 600
1778756325314 0.4041 620
1778756325897 0.4055 640
1778756326480 0.4164 660
1778756327063 0.3944 680
1778756327648 0.4073 700
1778756328230 0.3954 720
1778756328814 0.4128 740
1778756333076 0.4145 760
1778756333661 0.3895 780
1778756334237 0.3774 800
1778756334819 0.3982 820
1778756335402 0.4025 840
1778756335986 0.4104 860
1778756336568 0.3812 880
1778756337151 0.4659 900
1778756337720 0.386 920
1778756338288 0.3548 940
1778756338871 0.4021 960
1778756339456 0.3826 980
1778756340024 0.4274 1000
1778756344139 0.4629 1020
1778756344722 0.3966 1040
1778756345307 0.4231 1060
1778756345892 0.4261 1080
1778756346462 0.3785 1100
1778756347046 0.4294 1120
1778756347630 0.3761 1140
1778756348214 0.4523 1160
1778756348798 0.3947 1180
1778756349382 0.4354 1200
1778756349965 0.3842 1220
1778756350549 0.389 1240
1778756354713 0.4394 1260
1778756355297 0.4263 1280
1778756355882 0.4069 1300
1778756356465 0.4386 1320
1778756357049 0.3975 1340
1778756357632 0.4045 1360
1778756358214 0.3374 1380
1778756358796 0.3921 1400
1778756359378 0.3305 1420
1778756359961 0.3435 1440
1778756360544 0.3365 1460
1778756361128 0.3174 1480
1778756361711 0.3441 1500
1778756365674 0.3653 1520
1778756366258 0.3267 1540
1778756366827 0.3854 1560
1778756367396 0.3782 1580
1778756367964 0.3431 1600
1778756368542 0.3408 1620
1778756369124 0.3271 1640
1778756369693 0.3321 1660
1778756370262 0.2895 1680
1778756370831 0.3786 1700
1778756371415 0.3359 1720
1778756371998 0.3606 1740
1778756376335 0.355 1760
1778756376919 0.3164 1780
1778756377504 0.3311 1800
1778756378089 0.2949 1820
1778756378672 0.3341 1840
1778756379258 0.313 1860
1778756379841 0.3401 1880
1778756380425 0.3572 1900
1778756381005 0.3625 1920
1778756381577 0.3314 1940
1778756382147 0.3506 1960
1778756382716 0.3421 1980
1778756383285 0.3256 2000
1778756387403 0.3663 2020
1778756387972 0.3406 2040
1778756388541 0.3429 2060
1778756389110 0.3304 2080
1778756389680 0.3155 2100
1778756390250 0.2996 2120
1778756390818 0.3166 2140
1778756391387 0.3365 2160
1778756391957 0.3397 2180
1778756392525 0.3032 2200
1778756393094 0.3432 2220
1778756393665 0.35 2240
1778756397818 0.3313 2260
1778756398387 0.3204 2280
1778756398956 0.3576 2300
1778756399531 0.3628 2320
1778756400107 0.312 2340
1778756400689 0.3391 2360
1778756401272 0.3384 2380
1778756401854 0.3468 2400
1778756402436 0.3396 2420
1778756403018 0.2954 2440
1778756403602 0.3478 2460
1778756404184 0.3449 2480
1778756404766 0.3019 2500
1778756408948 0.2899 2520
1778756409531 0.3218 2540
1778756410115 0.3421 2560
1778756410700 0.3549 2580
1778756411283 0.322 2600
1778756411867 0.3011 2620
1778756412450 0.3453 2640
1778756413035 0.3723 2660
1778756413621 0.2926 2680
1778756414206 0.2646 2700
1778756414789 0.2344 2720
1778756415372 0.2558 2740
1778756419321 0.2499 2760
1778756419906 0.2696 2780
1778756420490 0.1804 2800
1778756421074 0.2716 2820
1778756421657 0.2545 2840
1778756422242 0.245 2860
1778756422827 0.343 2880
1778756423403 0.2938 2900
1778756423972 0.2576 2920
1778756424542 0.2464 2940
1778756425112 0.2232 2960
1778756425681 0.225 2980
1778756426250 0.2269 3000
1778756430334 0.2106 3020
1778756430918 0.2014 3040
1778756431487 0.2179 3060
1778756432056 0.2214 3080
1778756432633 0.2574 3100
1778756433203 0.2876 3120
1778756433773 0.2666 3140
1778756434342 0.2514 3160
1778756434911 0.1957 3180
1778756435480 0.2358 3200
1778756436049 0.2063 3220
1778756436618 0.2731 3240
1778756440744 0.2296 3260
1778756441327 0.2465 3280
1778756441911 0.2537 3300
1778756442494 0.2502 3320
1778756443077 0.2497 3340
1778756443660 0.2571 3360
1778756444242 0.2251 3380
1778756444827 0.244 3400
1778756445409 0.223 3420
1778756445992 0.2734 3440
1778756446575 0.2489 3460
1778756447158 0.2169 3480
1778756447742 0.263 3500
1778756451862 0.2546 3520
1778756452445 0.233 3540
1778756453027 0.2499 3560
1778756453610 0.2489 3580
1778756454192 0.2674 3600
1778756454774 0.2563 3620
1778756455356 0.218 3640
1778756455925 0.2377 3660
1778756456493 0.2694 3680
1778756457069 0.2787 3700
1778756457653 0.2582 3720
1778756458235 0.258 3740
1778756462357 0.2675 3760
1778756462939 0.262 3780
1778756463521 0.2155 3800
1778756464091 0.2736 3820
1778756464660 0.2453 3840
1778756465228 0.2723 3860
1778756465797 0.2427 3880
1778756466391 0.2648 3900
1778756466973 0.2105 3920
1778756467556 0.2464 3940
1778756468139 0.2389 3960
1778756468721 0.2607 3980
1778756469307 0.226 4000
1778756473569 0.2061 4020
1778756474154 0.1934 4040
1778756474736 0.1874 4060
1778756475318 0.1364 4080
1778756475903 0.1649 4100
1778756476486 0.1889 4120
1778756477068 0.1755 4140
1778756477650 0.16 4160
1778756478233 0.1384 4180
1778756478815 0.1774 4200
1778756479398 0.1239 4220
1778756479980 0.1721 4240
1778756483963 0.164 4260
1778756484547 0.1553 4280
1778756485129 0.1341 4300
1778756485711 0.1338 4320
1778756486294 0.157 4340
1778756486878 0.1709 4360
1778756487461 0.1548 4380
1778756488044 0.2052 4400
1778756488627 0.1309 4420
1778756489210 0.1647 4440
1778756489792 0.1712 4460
1778756490374 0.15 4480
1778756490960 0.1529 4500
1778756495106 0.1421 4520
1778756495689 0.1806 4540
1778756496273 0.1701 4560
1778756496843 0.1406 4580
1778756497412 0.165 4600
1778756497981 0.1497 4620
1778756498560 0.154 4640
1778756499130 0.1822 4660
1778756499698 0.1643 4680
1778756500281 0.1676 4700
1778756500858 0.1674 4720
1778756501442 0.1524 4740
1778756505622 0.1643 4760
1778756506208 0.1477 4780
1778756506792 0.1997 4800
1778756507374 0.1642 4820
1778756507944 0.1236 4840
1778756508536 0.1447 4860
1778756509122 0.1803 4880
1778756509701 0.1457 4900
1778756510283 0.2009 4920
1778756510865 0.1549 4940
1778756511448 0.167 4960
1778756512030 0.1904 4980
1778756512614 0.2082 5000
1778756516768 0.1751 5020
1778756517353 0.1519 5040
1778756517935 0.1516 5060
1778756518518 0.1536 5080
1778756519100 0.1601 5100
1778756519688 0.1849 5120
1778756520271 0.1852 5140
1778756520854 0.1602 5160
1778756521438 0.1374 5180
1778756522020 0.1465 5200
1778756522604 0.1435 5220
1778756523189 0.1697 5240
1778756527366 0.1545 5260
1778756527951 0.1613 5280
1778756528534 0.1551 5300
1778756529118 0.1785 5320
1778756529701 0.1376 5340
1778756530283 0.1149 5360
1778756530867 0.1004 5380
1778756531449 0.0746 5400
1778756532032 0.1101 5420
1778756532612 0.0996 5440
1778756533186 0.0926 5460
1778756533767 0.1239 5480
1778756534353 0.1202 5500
1778756538441 0.0852 5520
1778756539026 0.0935 5540
1778756539609 0.0911 5560
1778756540194 0.1256 5580
1778756540778 0.0996 5600
1778756541362 0.1304 5620
1778756541947 0.1546 5640
1778756542530 0.0878 5660
1778756543101 0.1221 5680
1778756543670 0.1197 5700
1778756544248 0.1269 5720
1778756544832 0.1217 5740
1778756548975 0.0819 5760
1778756549545 0.0858 5780
1778756550114 0.1006 5800
1778756550683 0.0823 5820
1778756551252 0.0869 5840
1778756551821 0.0868 5860
1778756552390 0.1382 5880
1778756552959 0.1115 5900
1778756553533 0.1164 5920
1778756554117 0.1225 5940
1778756554690 0.1574 5960
1778756555259 0.0875 5980
1778756555828 0.0736 6000
1778756559978 0.0731 6020
1778756560547 0.1322 6040
1778756561116 0.1541 6060
1778756561685 0.1087 6080
1778756562253 0.0982 6100
1778756562823 0.1048 6120
1778756563392 0.0615 6140
1778756563961 0.1171 6160
1778756564530 0.0952 6180
1778756565098 0.0763 6200
1778756565668 0.0897 6220
1778756566237 0.0722 6240
1778756570399 0.0965 6260
1778756570967 0.1262 6280
1778756571537 0.0712 6300
1778756572108 0.1245 6320
1778756572677 0.0903 6340
1778756573250 0.1176 6360
1778756573829 0.1196 6380
1778756574405 0.0845 6400
1778756574974 0.1104 6420
1778756575544 0.1105 6440
1778756576113 0.1258 6460
1778756576682 0.1067 6480
1778756577252 0.1359 6500
1778756581391 0.1033 6520
1778756581969 0.0882 6540
1778756582539 0.0776 6560
1778756583124 0.096 6580
1778756583707 0.1306 6600
1778756584284 0.0976 6620
1778756584858 0.1298 6640
1778756585432 0.102 6660
