1777676996829 2.724783182144165 20
1777677007344 2.1832549571990967 40
1777677017854 1.3910999298095703 60
1777677028365 1.4249953031539917 80
1777677038879 1.1372175216674805 100
1777677049395 1.3458378314971924 120
1777677059902 1.4857826232910156 140
1777677070413 0.9954960346221924 160
1777677080988 1.097141146659851 180
1777677091493 1.2263532876968384 200
1777677102002 1.1498924493789673 220
1777677112511 1.834078073501587 240
1777677148791 1.3352382183074951 260
1777677159305 1.3079543113708496 280
1777677169817 1.8736708164215088 300
1777677180333 1.1841505765914917 320
1777677190847 1.782669186592102 340
1777677201359 2.292203426361084 360
1777677211868 2.1503801345825195 380
1777677222382 2.157149314880371 400
1777677232894 1.8717355728149414 420
1777677243408 1.834854245185852 440
1777677253924 1.855891227722168 460
1777677264441 2.821288824081421 480
1777677274952 1.885944128036499 500
1777677311224 2.2667179107666016 520
1777677321732 1.8228358030319214 540
1777677332245 2.7648231983184814 560
1777677342762 3.3643412590026855 580
1777677353273 2.1800520420074463 600
1777677363784 2.3196253776550293 620
1777677374297 1.4040635824203491 640
1777677384809 3.414285659790039 660
1777677395322 3.0339717864990234 680
1777677405834 3.1728129386901855 700
1777677416346 1.4625616073608398 720
1777677426859 1.7005547285079956 740
1777677463131 4.040701389312744 760
1777677473646 4.043662071228027 780
1777677484163 3.4015963077545166 800
1777677494676 2.446939706802368 820
1777677505191 3.010173797607422 840
1777677515702 3.3151423931121826 860
1777677526217 2.9436397552490234 880
1777677536732 1.1554992198944092 900
1777677547247 1.680162787437439 920
1777677557760 2.083472490310669 940
1777677568279 1.7119226455688477 960
1777677578793 2.6151790618896484 980
1777677589302 2.1934151649475098 1000
1777677625585 1.8860478401184082 1020
1777677635834 2.347428321838379 1040
1777677646342 1.1268666982650757 1060
1777677656852 2.0639235973358154 1080
1777677667361 3.092512607574463 1100
1777677677876 1.9220763444900513 1120
1777677688388 1.9844940900802612 1140
1777677698901 2.228635549545288 1160
1777677709410 2.2701926231384277 1180
1777677719920 2.2658274173736572 1200
1777677730430 1.2135210037231445 1220
1777677740937 2.039492607116699 1240
1777677777208 1.2858401536941528 1260
1777677787717 2.3366570472717285 1280
1777677798228 1.0664335489273071 1300
1777677808739 1.9902727603912354 1320
1777677819252 1.8571425676345825 1340
1777677829766 0.4957447946071625 1360
1777677840284 1.796640157699585 1380
1777677850800 1.864749550819397 1400
1777677861311 1.9964853525161743 1420
1777677871825 4.439295768737793 1440
1777677882338 2.6496918201446533 1460
1777677892850 3.8452744483947754 1480
1777677903364 1.561811089515686 1500
1777677939643 1.3891630172729492 1520
1777677950154 4.983923435211182 1540
1777677960668 3.326949119567871 1560
1777677971185 1.4040392637252808 1580
1777677981695 4.282891750335693 1600
1777677992216 0.6889762878417969 1620
1777678002730 4.165278911590576 1640
1777678013244 4.182618141174316 1660
1777678023757 4.236478805541992 1680
1777678034270 3.4350826740264893 1700
1777678044790 3.7244410514831543 1720
1777678055305 1.0891578197479248 1740
1777678091710 2.029336452484131 1760
1777678102216 2.0526742935180664 1780
1777678112731 3.350363254547119 1800
1777678123244 5.080389022827148 1820
1777678133757 2.7343974113464355 1840
1777678144269 2.8727588653564453 1860
1777678154781 2.669527769088745 1880
1777678165290 3.9289450645446777 1900
1777678175800 4.2995195388793945 1920
1777678186312 3.167724370956421 1940
1777678196824 2.8383419513702393 1960
1777678207337 3.2665891647338867 1980
1777678217849 2.9785354137420654 2000
1777678254136 4.732461452484131 2020
1777678264650 2.1609532833099365 2040
1777678274896 2.125279664993286 2060
1777678285410 2.566582679748535 2080
1777678295921 1.191056251525879 2100
1777678306432 2.421992540359497 2120
1777678316949 1.8419462442398071 2140
1777678327459 2.96340012550354 2160
1777678337971 1.285509467124939 2180
1777678348482 2.824500799179077 2200
1777678358994 4.155540943145752 2220
1777678369503 2.656022310256958 2240
1777678405793 2.2067625522613525 2260
1777678416300 0.8779972791671753 2280
1777678426811 3.5277457237243652 2300
1777678437322 2.763800859451294 2320
1777678447832 2.023463487625122 2340
1777678458341 2.302194595336914 2360
1777678468848 2.2763278484344482 2380
1777678479357 3.3376777172088623 2400
1777678489866 0.6963568329811096 2420
1777678500381 2.6005027294158936 2440
1777678510891 1.916747808456421 2460
1777678521399 1.6979894638061523 2480
1777678531907 2.8389368057250977 2500
1777678568509 3.6127192974090576 2520
1777678579017 1.762610673904419 2540
1777678589524 2.0485386848449707 2560
1777678600032 1.7130296230316162 2580
1777678610543 3.2235584259033203 2600
1777678621052 2.8942041397094727 2620
1777678631562 1.639062762260437 2640
1777678642068 1.0300865173339844 2660
1777678652580 2.919764995574951 2680
1777678663092 3.0149877071380615 2700
1777678673600 1.0902297496795654 2720
1777678684111 1.916918158531189 2740
1777678720378 4.464338779449463 2760
1777678730886 2.8901419639587402 2780
1777678741400 1.476708173751831 2800
1777678751908 2.1970953941345215 2820
1777678762420 3.244396924972534 2840
1777678772932 2.740936517715454 2860
1777678783441 3.1577820777893066 2880
1777678793952 1.3310590982437134 2900
1777678804466 1.289021611213684 2920
1777678814976 0.6653406023979187 2940
1777678825488 4.480266094207764 2960
1777678836001 2.772036075592041 2980
1777678846512 1.435463309288025 3000
1777678882789 4.349399566650391 3020
1777678893302 0.5284126996994019 3040
1777678903819 3.9025754928588867 3060
1777678914339 5.01131010055542 3080
1777678924590 4.031678199768066 3100
1777678935103 3.570265054702759 3120
1777678945616 3.58699893951416 3140
1777678956123 2.616732597351074 3160
1777678966632 1.8672775030136108 3180
1777678977141 0.26548850536346436 3200
1777678987650 1.9178956747055054 3220
1777678998162 2.17434024810791 3240
1777679034434 1.9273097515106201 3260
1777679044942 4.888498306274414 3280
1777679055450 1.951202630996704 3300
1777679065963 4.830925464630127 3320
1777679076475 2.0402655601501465 3340
1777679086987 3.19415283203125 3360
1777679097679 2.8730907440185547 3380
1777679108186 1.9442709684371948 3400
1777679118694 2.0931570529937744 3420
1777679129204 3.4273548126220703 3440
1777679139709 1.2511378526687622 3460
1777679150216 2.1921141147613525 3480
1777679160725 2.6158533096313477 3500
1777679196998 2.594728469848633 3520
1777679207507 1.7580845355987549 3540
1777679218012 5.464320659637451 3560
1777679228529 1.6627540588378906 3580
1777679239039 3.552915334701538 3600
1777679249550 4.632285118103027 3620
1777679260057 4.639620304107666 3640
1777679270563 2.962073802947998 3660
1777679281078 0.5148487687110901 3680
1777679291587 3.4113948345184326 3700
1777679302098 1.274932622909546 3720
1777679312610 3.1689999103546143 3740
1777679348906 4.6860127449035645 3760
1777679359414 3.998063087463379 3780
1777679369927 3.053417444229126 3800
1777679380436 3.145273208618164 3820
1777679390943 5.614597320556641 3840
1777679401454 2.8889474868774414 3860
1777679411963 0.9038695693016052 3880
1777679422472 4.461239814758301 3900
1777679432982 2.333246946334839 3920
1777679443490 2.4730947017669678 3940
1777679454001 3.3827357292175293 3960
1777679464511 6.195061683654785 3980
1777679475023 0.42600780725479126 4000
1777679511289 0.9431944489479065 4020
1777679521804 3.5980968475341797 4040
1777679532317 1.8547859191894531 4060
1777679542826 3.7801990509033203 4080
1777679553340 4.094107627868652 4100
1777679563588 1.9210610389709473 4120
1777679574099 3.7069385051727295 4140
1777679584608 4.198782920837402 4160
1777679595119 2.39197039604187 4180
1777679605631 1.8994159698486328 4200
1777679616138 3.9043023586273193 4220
1777679626649 6.527190208435059 4240
1777679662937 3.045789957046509 4260
1777679673444 2.9656219482421875 4280
1777679683955 3.3671436309814453 4300
1777679694462 3.262888193130493 4320
1777679704967 4.394139766693115 4340
1777679715472 4.226910591125488 4360
1777679725986 3.9370956420898438 4380
1777679736498 2.240335464477539 4400
1777679747009 2.3249218463897705 4420
1777679757521 6.287154197692871 4440
1777679768058 3.733981132507324 4460
1777679779336 5.880319595336914 4480
1777679790636 7.4679718017578125 4500
1777679830944 2.6086206436157227 4520
1777679842955 4.298619747161865 4540
1777679854793 1.6829861402511597 4560
1777679866293 1.805138349533081 4580
1777679877525 1.7188609838485718 4600
1777679888768 1.2257293462753296 4620
1777679900051 4.913011074066162 4640
1777679911279 2.654973268508911 4660
1777679922525 2.306950807571411 4680
1777679933757 3.5629513263702393 4700
1777679944989 0.49491554498672485 4720
1777679956220 3.510404348373413 4740
1777679995092 8.042901039123535 4760
1777680006342 3.3899335861206055 4780
1777680017571 1.484226942062378 4800
1777680028810 2.6885833740234375 4820
1777680040123 5.053977966308594 4840
1777680051901 4.256088733673096 4860
1777680063867 7.445312976837158 4880
1777680075622 3.191545248031616 4900
1777680087356 0.921959400177002 4920
1777680098453 4.581113338470459 4940
1777680109502 3.71755313873291 4960
1777680120548 4.697453498840332 4980
1777680131596 7.600191116333008 5000
1777680169885 3.471590757369995 5020
1777680180977 3.9170773029327393 5040
1777680192082 5.732044696807861 5060
1777680203131 2.144791841506958 5080
1777680214172 2.386974573135376 5100
1777680225214 2.863516330718994 5120
