1777676996829 1.1400000000000001e-05 20
1777677007344 2.3400000000000003e-05 40
1777677017854 2.994690265486726e-05 60
1777677028365 2.9828908554572274e-05 80
1777677038879 2.9710914454277287e-05 100
1777677049395 2.9592920353982303e-05 120
1777677059902 2.9474926253687315e-05 140
1777677070413 2.9356932153392328e-05 160
1777677080988 2.9238938053097347e-05 180
1777677091493 2.912094395280236e-05 200
1777677102002 2.9002949852507376e-05 220
1777677112511 2.888495575221239e-05 240
1777677148791 2.8766961651917404e-05 260
1777677159305 2.8648967551622417e-05 280
1777677169817 2.8530973451327436e-05 300
1777677180333 2.841297935103245e-05 320
1777677190847 2.8294985250737465e-05 340
1777677201359 2.8176991150442477e-05 360
1777677211868 2.8058997050147493e-05 380
1777677222382 2.7941002949852506e-05 400
1777677232894 2.7823008849557525e-05 420
1777677243408 2.7705014749262538e-05 440
1777677253924 2.7587020648967554e-05 460
1777677264441 2.7469026548672566e-05 480
1777677274952 2.7351032448377582e-05 500
1777677311224 2.7233038348082595e-05 520
1777677321732 2.7115044247787614e-05 540
1777677332245 2.6997050147492627e-05 560
1777677342762 2.6879056047197643e-05 580
1777677353273 2.6761061946902655e-05 600
1777677363784 2.6643067846607668e-05 620
1777677374297 2.6525073746312684e-05 640
1777677384809 2.64070796460177e-05 660
1777677395322 2.6289085545722716e-05 680
1777677405834 2.6171091445427728e-05 700
1777677416346 2.6053097345132744e-05 720
1777677426859 2.5935103244837757e-05 740
1777677463131 2.5817109144542773e-05 760
1777677473646 2.569911504424779e-05 780
1777677484163 2.5581120943952805e-05 800
1777677494676 2.5463126843657817e-05 820
1777677505191 2.5345132743362833e-05 840
1777677515702 2.5227138643067846e-05 860
1777677526217 2.510914454277286e-05 880
1777677536732 2.4991150442477877e-05 900
1777677547247 2.4873156342182893e-05 920
1777677557760 2.4755162241887906e-05 940
1777677568279 2.4637168141592922e-05 960
1777677578793 2.4519174041297934e-05 980
1777677589302 2.440117994100295e-05 1000
1777677625585 2.4283185840707966e-05 1020
1777677635834 2.4165191740412982e-05 1040
1777677646342 2.4047197640117995e-05 1060
1777677656852 2.3929203539823007e-05 1080
1777677667361 2.3811209439528023e-05 1100
1777677677876 2.3693215339233036e-05 1120
1777677688388 2.3575221238938055e-05 1140
1777677698901 2.3457227138643068e-05 1160
1777677709410 2.3339233038348084e-05 1180
1777677719920 2.3221238938053096e-05 1200
1777677730430 2.3103244837758112e-05 1220
1777677740937 2.2985250737463125e-05 1240
1777677777208 2.2867256637168144e-05 1260
1777677787717 2.2749262536873157e-05 1280
1777677798228 2.2631268436578173e-05 1300
1777677808739 2.2513274336283185e-05 1320
1777677819252 2.23952802359882e-05 1340
1777677829766 2.2277286135693214e-05 1360
1777677840284 2.2159292035398233e-05 1380
1777677850800 2.2041297935103246e-05 1400
1777677861311 2.192330383480826e-05 1420
1777677871825 2.1805309734513274e-05 1440
1777677882338 2.168731563421829e-05 1460
1777677892850 2.1569321533923303e-05 1480
1777677903364 2.1451327433628322e-05 1500
1777677939643 2.1333333333333335e-05 1520
1777677950154 2.1215339233038347e-05 1540
1777677960668 2.1097345132743363e-05 1560
1777677971185 2.0979351032448376e-05 1580
1777677981695 2.086135693215339e-05 1600
1777677992216 2.0743362831858408e-05 1620
1777678002730 2.0625368731563424e-05 1640
1777678013244 2.0507374631268436e-05 1660
1777678023757 2.0389380530973452e-05 1680
1777678034270 2.0271386430678465e-05 1700
1777678044790 2.015339233038348e-05 1720
1777678055305 2.0035398230088497e-05 1740
1777678091710 1.9917404129793512e-05 1760
1777678102216 1.9799410029498525e-05 1780
1777678112731 1.968141592920354e-05 1800
1777678123244 1.9563421828908554e-05 1820
1777678133757 1.944542772861357e-05 1840
1777678144269 1.9327433628318585e-05 1860
1777678154781 1.92094395280236e-05 1880
1777678165290 1.9091445427728614e-05 1900
1777678175800 1.897345132743363e-05 1920
1777678186312 1.8855457227138642e-05 1940
1777678196824 1.873746312684366e-05 1960
1777678207337 1.8619469026548674e-05 1980
1777678217849 1.850147492625369e-05 2000
1777678254136 1.8383480825958703e-05 2020
1777678264650 1.8265486725663715e-05 2040
1777678274896 1.815339233038348e-05 2060
1777678285410 1.8035398230088495e-05 2080
1777678295921 1.791740412979351e-05 2100
1777678306432 1.7799410029498527e-05 2120
1777678316949 1.768141592920354e-05 2140
1777678327459 1.7563421828908556e-05 2160
1777678337971 1.7445427728613568e-05 2180
1777678348482 1.7327433628318584e-05 2200
1777678358994 1.72094395280236e-05 2220
1777678369503 1.7091445427728616e-05 2240
1777678405793 1.697345132743363e-05 2260
1777678416300 1.6855457227138645e-05 2280
1777678426811 1.6737463126843657e-05 2300
1777678437322 1.6619469026548673e-05 2320
1777678447832 1.650147492625369e-05 2340
1777678458341 1.63834808259587e-05 2360
1777678468848 1.6265486725663718e-05 2380
1777678479357 1.614749262536873e-05 2400
1777678489866 1.6029498525073746e-05 2420
1777678500381 1.591150442477876e-05 2440
1777678510891 1.5793510324483778e-05 2460
1777678521399 1.567551622418879e-05 2480
1777678531907 1.5557522123893807e-05 2500
1777678568509 1.543952802359882e-05 2520
1777678579017 1.5321533923303835e-05 2540
1777678589524 1.520353982300885e-05 2560
1777678600032 1.5085545722713865e-05 2580
1777678610543 1.496755162241888e-05 2600
1777678621052 1.4849557522123894e-05 2620
1777678631562 1.4731563421828908e-05 2640
1777678642068 1.4613569321533924e-05 2660
1777678652580 1.4495575221238938e-05 2680
1777678663092 1.4377581120943952e-05 2700
1777678673600 1.4259587020648968e-05 2720
1777678684111 1.4141592920353983e-05 2740
1777678720378 1.4023598820058997e-05 2760
1777678730886 1.3905604719764013e-05 2780
1777678741400 1.3787610619469027e-05 2800
1777678751908 1.3669616519174041e-05 2820
1777678762420 1.3551622418879057e-05 2840
1777678772932 1.3433628318584072e-05 2860
1777678783441 1.3315634218289086e-05 2880
1777678793952 1.3197640117994102e-05 2900
1777678804466 1.3079646017699116e-05 2920
1777678814976 1.296165191740413e-05 2940
1777678825488 1.2843657817109146e-05 2960
1777678836001 1.272566371681416e-05 2980
1777678846512 1.2607669616519175e-05 3000
1777678882789 1.248967551622419e-05 3020
1777678893302 1.2371681415929203e-05 3040
1777678903819 1.2253687315634218e-05 3060
1777678914339 1.2135693215339233e-05 3080
1777678924590 1.2017699115044248e-05 3100
1777678935103 1.1899705014749262e-05 3120
1777678945616 1.1781710914454278e-05 3140
1777678956123 1.1663716814159292e-05 3160
1777678966632 1.1545722713864306e-05 3180
1777678977141 1.1427728613569322e-05 3200
1777678987650 1.1309734513274337e-05 3220
1777678998162 1.1191740412979351e-05 3240
1777679034434 1.1073746312684367e-05 3260
1777679044942 1.0955752212389381e-05 3280
1777679055450 1.0837758112094395e-05 3300
1777679065963 1.0719764011799411e-05 3320
1777679076475 1.0601769911504426e-05 3340
1777679086987 1.048377581120944e-05 3360
1777679097679 1.0365781710914456e-05 3380
1777679108186 1.024778761061947e-05 3400
1777679118694 1.0129793510324484e-05 3420
1777679129204 1.00117994100295e-05 3440
1777679139709 9.893805309734514e-06 3460
1777679150216 9.775811209439529e-06 3480
1777679160725 9.657817109144543e-06 3500
1777679196998 9.539823008849557e-06 3520
1777679207507 9.421828908554572e-06 3540
1777679218012 9.303834808259586e-06 3560
1777679228529 9.185840707964602e-06 3580
1777679239039 9.067846607669616e-06 3600
1777679249550 8.94985250737463e-06 3620
1777679260057 8.831858407079646e-06 3640
1777679270563 8.71386430678466e-06 3660
1777679281078 8.595870206489675e-06 3680
1777679291587 8.47787610619469e-06 3700
1777679302098 8.359882005899705e-06 3720
1777679312610 8.241887905604719e-06 3740
1777679348906 8.123893805309735e-06 3760
1777679359414 8.00589970501475e-06 3780
1777679369927 7.887905604719764e-06 3800
1777679380436 7.76991150442478e-06 3820
1777679390943 7.651917404129794e-06 3840
1777679401454 7.533923303834808e-06 3860
1777679411963 7.415929203539823e-06 3880
1777679422472 7.297935103244837e-06 3900
1777679432982 7.1799410029498525e-06 3920
1777679443490 7.061946902654868e-06 3940
1777679454001 6.943952802359882e-06 3960
1777679464511 6.825958702064897e-06 3980
1777679475023 6.707964601769912e-06 4000
1777679511289 6.589970501474926e-06 4020
1777679521804 6.4719764011799414e-06 4040
1777679532317 6.3539823008849565e-06 4060
1777679542826 6.235988200589971e-06 4080
1777679553340 6.117994100294985e-06 4100
1777679563588 6e-06 4120
1777679574099 5.882005899705014e-06 4140
1777679584608 5.7640117994100295e-06 4160
1777679595119 5.646017699115045e-06 4180
1777679605631 5.528023598820059e-06 4200
1777679616138 5.410029498525074e-06 4220
1777679626649 5.292035398230089e-06 4240
1777679662937 5.174041297935103e-06 4260
1777679673444 5.0560471976401184e-06 4280
1777679683955 4.9380530973451335e-06 4300
1777679694462 4.820058997050148e-06 4320
1777679704967 4.702064896755162e-06 4340
1777679715472 4.584070796460177e-06 4360
1777679725986 4.466076696165191e-06 4380
1777679736498 4.3480825958702065e-06 4400
1777679747009 4.230088495575222e-06 4420
1777679757521 4.112094395280236e-06 4440
1777679768058 3.994100294985251e-06 4460
1777679779336 3.876106194690266e-06 4480
1777679790636 3.7581120943952803e-06 4500
1777679830944 3.640117994100295e-06 4520
1777679842955 3.528023598820059e-06 4540
1777679854793 3.410029498525074e-06 4560
1777679866293 3.2920353982300887e-06 4580
1777679877525 3.174041297935103e-06 4600
1777679888768 3.056047197640118e-06 4620
1777679900051 2.9380530973451328e-06 4640
1777679911279 2.8200589970501474e-06 4660
1777679922525 2.7020648967551626e-06 4680
1777679933757 2.5840707964601772e-06 4700
1777679944989 2.4660766961651915e-06 4720
1777679956220 2.3480825958702066e-06 4740
1777679995092 2.2300884955752213e-06 4760
1777680006342 2.112094395280236e-06 4780
1777680017571 1.994100294985251e-06 4800
1777680028810 1.8761061946902655e-06 4820
1777680040123 1.7581120943952804e-06 4840
1777680051901 1.6401179941002949e-06 4860
1777680063867 1.5221238938053098e-06 4880
1777680075622 1.4041297935103246e-06 4900
1777680087356 1.2861356932153391e-06 4920
1777680098453 1.168141592920354e-06 4940
1777680109502 1.050147492625369e-06 4960
1777680120548 9.321533923303836e-07 4980
1777680131596 8.141592920353983e-07 5000
1777680169885 6.961651917404129e-07 5020
1777680180977 5.781710914454278e-07 5040
1777680192082 4.601769911504425e-07 5060
1777680203131 3.4218289085545723e-07 5080
1777680214172 2.24188790560472e-07 5100
1777680225214 1.0619469026548672e-07 5120
