1778758740349 0.40104901790618896 20
1778758740503 0.5140554904937744 40
1778758740657 0.6641849279403687 60
1778758740811 0.5736418962478638 80
1778758740964 0.42067670822143555 100
1778758741118 0.38572707772254944 120
1778758741274 0.4298398494720459 140
1778758741428 0.5846671462059021 160
1778758741582 0.425007164478302 180
1778758741735 0.3912147581577301 200
1778758741889 0.35184070467948914 220
1778758742042 0.3563663363456726 240
1778758744577 0.3896093964576721 260
1778758744732 0.6308407783508301 280
1778758744885 0.5951811671257019 300
1778758745038 0.4292585849761963 320
1778758745191 0.3438606560230255 340
1778758745345 0.39215925335884094 360
1778758745497 0.32990241050720215 380
1778758745651 0.46720513701438904 400
1778758745804 0.49972042441368103 420
1778758745958 0.3276146650314331 440
1778758746111 0.42617106437683105 460
1778758746264 0.38287052512168884 480
1778758746418 0.5287054777145386 500
1778758749012 0.3864341676235199 520
1778758749165 0.4753994643688202 540
1778758749318 0.513872504234314 560
1778758749472 0.5092309713363647 580
1778758749624 0.49328693747520447 600
1778758749777 0.5727089047431946 620
1778758749930 0.38137492537498474 640
1778758750085 0.39656656980514526 660
1778758750239 0.5565640330314636 680
1778758750392 0.36066126823425293 700
1778758750545 0.4256884455680847 720
1778758750698 0.32907360792160034 740
1778758753226 0.3864268660545349 760
1778758753382 0.6380212306976318 780
1778758753538 0.3685798943042755 800
1778758753693 0.4948749542236328 820
1778758753849 0.34765034914016724 840
1778758754004 0.517894983291626 860
1778758754160 0.372677206993103 880
1778758754315 0.43638643622398376 900
1778758754470 0.3746432662010193 920
1778758754626 0.5028637051582336 940
1778758754782 0.4071156978607178 960
1778758754938 0.4711093604564667 980
1778758755093 0.35890305042266846 1000
1778758757750 0.3482419550418854 1020
1778758757905 0.49339061975479126 1040
1778758758061 0.36621713638305664 1060
1778758758216 0.35180121660232544 1080
1778758758372 0.5172987580299377 1100
1778758758527 0.3678887188434601 1120
1778758758682 0.33378612995147705 1140
1778758758837 0.3722502291202545 1160
1778758758994 0.3572055399417877 1180
1778758759149 0.3852440118789673 1200
1778758759303 0.4772847890853882 1220
1778758759458 0.3995780348777771 1240
1778758762003 0.42772218585014343 1260
1778758762159 0.3567984104156494 1280
1778758762314 0.44233131408691406 1300
1778758762467 0.32889989018440247 1320
1778758762623 0.37742072343826294 1340
1778758762776 0.36002522706985474 1360
1778758762930 0.3546992540359497 1380
1778758763083 0.37785637378692627 1400
1778758763236 0.3989400267601013 1420
1778758763390 0.32952213287353516 1440
1778758763545 0.3795780539512634 1460
1778758763700 0.9348402619361877 1480
1778758763855 0.3972710967063904 1500
1778758766450 0.44226938486099243 1520
1778758766604 0.37069404125213623 1540
1778758766758 0.3726004362106323 1560
1778758766912 0.6319211721420288 1580
1778758767066 0.33745524287223816 1600
1778758767219 0.3297862410545349 1620
1778758767373 1.1175925731658936 1640
1778758767527 0.4188687205314636 1660
1778758767680 0.3927198052406311 1680
1778758767833 0.399605929851532 1700
1778758767986 0.3736310601234436 1720
1778758768140 0.39712417125701904 1740
1778758770817 0.3811449706554413 1760
1778758770974 0.41106149554252625 1780
1778758771131 0.368523508310318 1800
1778758771286 0.6323761940002441 1820
1778758771442 0.5295650959014893 1840
1778758771595 0.4147780239582062 1860
1778758771749 0.4765739440917969 1880
1778758771904 0.4346182942390442 1900
1778758772059 0.5606309771537781 1920
1778758772215 0.4325171709060669 1940
1778758772370 0.38139569759368896 1960
1778758772526 0.38152432441711426 1980
1778758772682 0.32370442152023315 2000
1778758775299 0.35468199849128723 2020
1778758775454 0.5615153312683105 2040
1778758775609 0.38727882504463196 2060
1778758775763 0.6041699051856995 2080
1778758775918 0.3623606860637665 2100
1778758776073 0.42201995849609375 2120
1778758776228 0.43600520491600037 2140
1778758776382 0.39321646094322205 2160
1778758776537 0.3501521944999695 2180
1778758776692 0.36251547932624817 2200
1778758776847 0.3471461832523346 2220
1778758777002 0.6337419152259827 2240
1778758779607 0.34747734665870667 2260
1778758779764 0.42032989859580994 2280
1778758779917 0.35688304901123047 2300
1778758780069 0.45583465695381165 2320
1778758780222 0.3273719549179077 2340
1778758780375 0.444153755903244 2360
1778758780527 0.4088013172149658 2380
1778758780680 0.46078965067863464 2400
1778758780833 0.41372939944267273 2420
1778758780986 0.4415029287338257 2440
1778758781138 0.31498029828071594 2460
1778758781292 0.8184927105903625 2480
1778758781444 0.4790284335613251 2500
1778758784040 0.34513792395591736 2520
1778758784198 0.39301154017448425 2540
1778758784353 0.40538573265075684 2560
1778758784509 0.3802357316017151 2580
1778758784664 0.51654452085495 2600
1778758784819 0.4181864261627197 2620
1778758784975 0.3724530041217804 2640
1778758785130 0.5339903235435486 2660
1778758785288 0.4500921964645386 2680
1778758785443 0.4061069190502167 2700
1778758785599 0.34757399559020996 2720
1778758785754 0.5227654576301575 2740
1778758788364 0.34163138270378113 2760
1778758788519 0.39566555619239807 2780
1778758788676 0.3856137990951538 2800
1778758788829 0.4719497263431549 2820
1778758788982 0.3871585428714752 2840
1778758789136 0.4918445348739624 2860
1778758789290 0.34248095750808716 2880
1778758789443 0.3670048415660858 2900
1778758789596 0.3252285420894623 2920
1778758789749 0.38158082962036133 2940
1778758789902 0.5902863144874573 2960
1778758790057 0.5726150274276733 2980
1778758790212 0.5680809020996094 3000
1778758792811 0.350543737411499 3020
1778758792966 0.4841155707836151 3040
1778758793122 0.3807411193847656 3060
1778758793277 0.39029061794281006 3080
1778758793434 0.4556180536746979 3100
1778758793590 0.33478814363479614 3120
1778758793745 0.4605978727340698 3140
1778758793899 0.7109727263450623 3160
1778758794052 0.38710346817970276 3180
1778758794207 0.5981227159500122 3200
1778758794360 0.45287835597991943 3220
1778758794514 0.38461238145828247 3240
1778758797059 0.33836498856544495 3260
1778758797214 0.337554931640625 3280
1778758797369 0.3376840353012085 3300
1778758797527 0.9329169988632202 3320
1778758797681 0.4296731650829315 3340
1778758797836 0.3281571865081787 3360
1778758797991 0.415820449590683 3380
1778758798146 0.6233175992965698 3400
1778758798301 0.4059563875198364 3420
1778758798457 0.39539358019828796 3440
1778758798612 0.6606926321983337 3460
1778758798766 0.40302857756614685 3480
1778758798922 0.3970491588115692 3500
1778758801603 0.7275570631027222 3520
1778758801758 0.3624955713748932 3540
1778758801913 0.3380030393600464 3560
1778758802069 0.34198251366615295 3580
1778758802224 0.34653639793395996 3600
1778758802379 0.40553849935531616 3620
1778758802533 0.4689696729183197 3640
1778758802688 0.37109366059303284 3660
1778758802843 0.5312744379043579 3680
1778758802998 0.312194287776947 3700
1778758803153 0.3309350311756134 3720
1778758803308 0.32119807600975037 3740
1778758805873 0.33072516322135925 3760
1778758806032 0.32149648666381836 3780
1778758806187 0.3006618320941925 3800
1778758806342 0.36993923783302307 3820
1778758806496 0.44481372833251953 3840
1778758806651 0.3739231526851654 3860
1778758806806 0.47721534967422485 3880
1778758806961 0.2953152656555176 3900
1778758807116 0.48584553599357605 3920
1778758807271 0.41637927293777466 3940
1778758807426 0.388277530670166 3960
1778758807581 0.5734902620315552 3980
1778758807741 0.5397542715072632 4000
1778758810365 0.3735426366329193 4020
1778758810521 0.3574191927909851 4040
1778758810677 0.5060895681381226 4060
1778758810833 0.4223872423171997 4080
1778758810988 0.5616580843925476 4100
1778758811145 0.766035795211792 4120
1778758811300 0.3850753605365753 4140
1778758811454 0.3697274923324585 4160
1778758811607 0.400081604719162 4180
1778758811761 0.5135155320167542 4200
1778758811914 0.3871208131313324 4220
1778758812067 0.46518605947494507 4240
1778758814727 0.3882177472114563 4260
1778758814882 0.3928473889827728 4280
1778758815038 0.322418212890625 4300
1778758815195 0.3491852879524231 4320
1778758815350 0.5188363194465637 4340
1778758815505 0.4549890458583832 4360
1778758815660 0.3021508455276489 4380
1778758815815 0.474979430437088 4400
1778758815970 0.3334929645061493 4420
1778758816126 0.4195292294025421 4440
1778758816281 0.5769199728965759 4460
1778758816436 0.3509974777698517 4480
1778758816591 0.31230592727661133 4500
1778758819196 0.5044834017753601 4520
1778758819352 0.3266794681549072 4540
1778758819507 0.45195430517196655 4560
1778758819663 0.4910251498222351 4580
1778758819818 0.44720718264579773 4600
1778758819973 0.29614371061325073 4620
1778758820128 0.42501410841941833 4640
1778758820283 0.4238298535346985 4660
1778758820438 0.5197937488555908 4680
1778758820593 0.3385540843009949 4700
1778758820748 0.476638525724411 4720
1778758820903 0.5209428071975708 4740
1778758823445 0.47480106353759766 4760
1778758823599 0.3115215003490448 4780
1778758823752 0.4958117604255676 4800
1778758823905 0.35671114921569824 4820
1778758824058 0.4239095151424408 4840
1778758824211 0.4848403036594391 4860
1778758824364 0.32832497358322144 4880
1778758824518 0.5287805199623108 4900
1778758824673 0.6511086225509644 4920
1778758824828 0.3293730318546295 4940
1778758824982 0.34945759177207947 4960
1778758825137 0.33411622047424316 4980
1778758825292 0.3551467955112457 5000
1778758827998 0.32959961891174316 5020
1778758828153 0.4474686086177826 5040
1778758828308 0.3517443835735321 5060
1778758828462 0.33933961391448975 5080
1778758828617 0.6094589829444885 5100
1778758828772 0.34134700894355774 5120
1778758828927 0.7579089999198914 5140
1778758829081 0.49832770228385925 5160
1778758829233 0.43996697664260864 5180
1778758829388 0.4004197418689728 5200
1778758829542 0.375956267118454 5220
1778758829697 0.3702520728111267 5240
1778758832307 0.5118600130081177 5260
1778758832462 0.5418252348899841 5280
1778758832617 0.35672932863235474 5300
1778758832772 0.4729006886482239 5320
1778758832929 0.35135263204574585 5340
1778758833083 0.38347533345222473 5360
1778758833238 0.4451007843017578 5380
1778758833395 0.330354779958725 5400
1778758833550 0.4754609763622284 5420
1778758833705 0.40163037180900574 5440
1778758833859 0.3823700249195099 5460
1778758834014 0.4543183445930481 5480
1778758834169 0.32350608706474304 5500
1778758836787 0.40859249234199524 5520
1778758836943 0.43087244033813477 5540
1778758837100 0.36400336027145386 5560
1778758837255 0.626075267791748 5580
1778758837410 0.31017205119132996 5600
1778758837565 0.414876252412796 5620
1778758837720 0.617630124092102 5640
1778758837874 0.3303949534893036 5660
1778758838027 0.35938018560409546 5680
1778758838180 0.34908628463745117 5700
1778758838333 0.382437139749527 5720
1778758838486 0.3806627690792084 5740
1778758841030 0.49699923396110535 5760
1778758841185 0.46855464577674866 5780
1778758841341 0.38328590989112854 5800
1778758841497 0.3729965090751648 5820
1778758841653 0.3586462438106537 5840
1778758841808 0.638055682182312 5860
1778758841963 0.3252008855342865 5880
1778758842119 0.3511548340320587 5900
1778758842275 0.4562735855579376 5920
1778758842429 0.3369535505771637 5940
1778758842583 0.38928020000457764 5960
1778758842738 0.29932862520217896 5980
1778758842893 0.5137163400650024 6000
1778758845563 0.43799906969070435 6020
1778758845719 0.48199042677879333 6040
1778758845873 0.377725213766098 6060
1778758846028 0.3424953818321228 6080
1778758846183 0.36309292912483215 6100
1778758846339 0.3535570204257965 6120
1778758846495 0.3150729835033417 6140
1778758846650 0.3132195770740509 6160
1778758846806 0.3352886736392975 6180
1778758846961 0.37432414293289185 6200
1778758847117 0.3923061490058899 6220
1778758847273 0.5864577293395996 6240
1778758849876 0.7070395350456238 6260
1778758850032 0.34664395451545715 6280
1778758850187 0.3603506088256836 6300
1778758850343 0.3372308909893036 6320
1778758850498 0.4191789925098419 6340
1778758850652 0.391458660364151 6360
1778758850807 0.39420098066329956 6380
1778758850962 0.34571486711502075 6400
1778758851117 0.47611507773399353 6420
1778758851272 0.5589786171913147 6440
1778758851427 0.5014185309410095 6460
1778758851582 0.3480134904384613 6480
1778758851737 0.4216993451118469 6500
1778758854286 0.3261721134185791 6520
1778758854442 0.3244314193725586 6540
1778758854598 0.2944258153438568 6560
1778758854753 0.3182070851325989 6580
1778758854908 0.32573795318603516 6600
1778758855063 0.4245557188987732 6620
1778758855218 0.5570870637893677 6640
1778758855374 0.5254377126693726 6660
