1778758740349 1.1400000000000001e-05 20
1778758740503 2.3400000000000003e-05 40
1778758740657 2.9959152798789713e-05 60
1778758740811 2.986838124054463e-05 80
1778758740964 2.977760968229955e-05 100
1778758741118 2.9686838124054462e-05 120
1778758741274 2.959606656580938e-05 140
1778758741428 2.9505295007564295e-05 160
1778758741582 2.9414523449319215e-05 180
1778758741735 2.9323751891074132e-05 200
1778758741889 2.923298033282905e-05 220
1778758742042 2.9142208774583965e-05 240
1778758744577 2.905143721633888e-05 260
1778758744732 2.8960665658093798e-05 280
1778758744885 2.8869894099848715e-05 300
1778758745038 2.8779122541603634e-05 320
1778758745191 2.8688350983358548e-05 340
1778758745345 2.8597579425113464e-05 360
1778758745497 2.850680786686838e-05 380
1778758745651 2.84160363086233e-05 400
1778758745804 2.8325264750378217e-05 420
1778758745958 2.823449319213313e-05 440
1778758746111 2.8143721633888047e-05 460
1778758746264 2.8052950075642967e-05 480
1778758746418 2.7962178517397883e-05 500
1778758749012 2.78714069591528e-05 520
1778758749165 2.778063540090772e-05 540
1778758749318 2.7689863842662633e-05 560
1778758749472 2.759909228441755e-05 580
1778758749624 2.7508320726172466e-05 600
1778758749777 2.7417549167927386e-05 620
1778758749930 2.7326777609682302e-05 640
1778758750085 2.7236006051437215e-05 660
1778758750239 2.7145234493192132e-05 680
1778758750392 2.7054462934947052e-05 700
1778758750545 2.696369137670197e-05 720
1778758750698 2.6872919818456885e-05 740
1778758753226 2.6782148260211798e-05 760
1778758753382 2.6691376701966718e-05 780
1778758753538 2.6600605143721634e-05 800
1778758753693 2.650983358547655e-05 820
1778758753849 2.641906202723147e-05 840
1778758754004 2.6328290468986387e-05 860
1778758754160 2.62375189107413e-05 880
1778758754315 2.6146747352496217e-05 900
1778758754470 2.6055975794251137e-05 920
1778758754626 2.5965204236006053e-05 940
1778758754782 2.587443267776097e-05 960
1778758754938 2.5783661119515883e-05 980
1778758755093 2.5692889561270803e-05 1000
1778758757750 2.560211800302572e-05 1020
1778758757905 2.5511346444780636e-05 1040
1778758758061 2.5420574886535553e-05 1060
1778758758216 2.532980332829047e-05 1080
1778758758372 2.5239031770045386e-05 1100
1778758758527 2.5148260211800302e-05 1120
1778758758682 2.505748865355522e-05 1140
1778758758837 2.496671709531014e-05 1160
1778758758994 2.4875945537065055e-05 1180
1778758759149 2.4785173978819968e-05 1200
1778758759303 2.4694402420574888e-05 1220
1778758759458 2.4603630862329805e-05 1240
1778758762003 2.451285930408472e-05 1260
1778758762159 2.4422087745839638e-05 1280
1778758762314 2.4331316187594554e-05 1300
1778758762467 2.424054462934947e-05 1320
1778758762623 2.4149773071104387e-05 1340
1778758762776 2.4059001512859304e-05 1360
1778758762930 2.3968229954614224e-05 1380
1778758763083 2.3877458396369137e-05 1400
1778758763236 2.3786686838124053e-05 1420
1778758763390 2.369591527987897e-05 1440
1778758763545 2.360514372163389e-05 1460
1778758763700 2.3514372163388806e-05 1480
1778758763855 2.3423600605143723e-05 1500
1778758766450 2.333282904689864e-05 1520
1778758766604 2.3242057488653556e-05 1540
1778758766758 2.3151285930408472e-05 1560
1778758766912 2.306051437216339e-05 1580
1778758767066 2.296974281391831e-05 1600
1778758767219 2.2878971255673222e-05 1620
1778758767373 2.278819969742814e-05 1640
1778758767527 2.2697428139183055e-05 1660
1778758767680 2.2606656580937975e-05 1680
1778758767833 2.251588502269289e-05 1700
1778758767986 2.2425113464447805e-05 1720
1778758768140 2.233434190620272e-05 1740
1778758770817 2.224357034795764e-05 1760
1778758770974 2.2152798789712558e-05 1780
1778758771131 2.2062027231467474e-05 1800
1778758771286 2.197125567322239e-05 1820
1778758771442 2.1880484114977307e-05 1840
1778758771595 2.1789712556732224e-05 1860
1778758771749 2.169894099848714e-05 1880
1778758771904 2.160816944024206e-05 1900
1778758772059 2.1517397881996977e-05 1920
1778758772215 2.142662632375189e-05 1940
1778758772370 2.1335854765506806e-05 1960
1778758772526 2.1245083207261726e-05 1980
1778758772682 2.1154311649016643e-05 2000
1778758775299 2.106354009077156e-05 2020
1778758775454 2.0972768532526472e-05 2040
1778758775609 2.0881996974281392e-05 2060
1778758775763 2.079122541603631e-05 2080
1778758775918 2.0700453857791225e-05 2100
1778758776073 2.0609682299546145e-05 2120
1778758776228 2.0518910741301062e-05 2140
1778758776382 2.0428139183055975e-05 2160
1778758776537 2.033736762481089e-05 2180
1778758776692 2.024659606656581e-05 2200
1778758776847 2.0155824508320728e-05 2220
1778758777002 2.0065052950075644e-05 2240
1778758779607 1.9974281391830558e-05 2260
1778758779764 1.9883509833585478e-05 2280
1778758779917 1.9792738275340394e-05 2300
1778758780069 1.970196671709531e-05 2320
1778758780222 1.9611195158850227e-05 2340
1778758780375 1.9520423600605144e-05 2360
1778758780527 1.942965204236006e-05 2380
1778758780680 1.9338880484114977e-05 2400
1778758780833 1.9248108925869897e-05 2420
1778758780986 1.9157337367624813e-05 2440
1778758781138 1.906656580937973e-05 2460
1778758781292 1.8975794251134643e-05 2480
1778758781444 1.8885022692889563e-05 2500
1778758784040 1.879425113464448e-05 2520
1778758784198 1.8703479576399396e-05 2540
1778758784353 1.8612708018154312e-05 2560
1778758784509 1.852193645990923e-05 2580
1778758784664 1.8431164901664145e-05 2600
1778758784819 1.8340393343419062e-05 2620
1778758784975 1.824962178517398e-05 2640
1778758785130 1.8158850226928898e-05 2660
1778758785288 1.806807866868381e-05 2680
1778758785443 1.7977307110438728e-05 2700
1778758785599 1.7886535552193648e-05 2720
1778758785754 1.7795763993948564e-05 2740
1778758788364 1.770499243570348e-05 2760
1778758788519 1.7614220877458397e-05 2780
1778758788676 1.7523449319213314e-05 2800
1778758788829 1.743267776096823e-05 2820
1778758788982 1.7341906202723147e-05 2840
1778758789136 1.7251134644478063e-05 2860
1778758789290 1.7160363086232983e-05 2880
1778758789443 1.7069591527987897e-05 2900
1778758789596 1.6978819969742813e-05 2920
1778758789749 1.688804841149773e-05 2940
1778758789902 1.679727685325265e-05 2960
1778758790057 1.6706505295007566e-05 2980
1778758790212 1.661573373676248e-05 3000
1778758792811 1.65249621785174e-05 3020
1778758792966 1.6434190620272316e-05 3040
1778758793122 1.6343419062027232e-05 3060
1778758793277 1.625264750378215e-05 3080
1778758793434 1.6161875945537065e-05 3100
1778758793590 1.607110438729198e-05 3120
1778758793745 1.5980332829046898e-05 3140
1778758793899 1.5889561270801815e-05 3160
1778758794052 1.5798789712556735e-05 3180
1778758794207 1.570801815431165e-05 3200
1778758794360 1.5617246596066564e-05 3220
1778758794514 1.552647503782148e-05 3240
1778758797059 1.54357034795764e-05 3260
1778758797214 1.5344931921331317e-05 3280
1778758797369 1.5254160363086232e-05 3300
1778758797527 1.5163388804841152e-05 3320
1778758797681 1.5072617246596067e-05 3340
1778758797836 1.4981845688350983e-05 3360
1778758797991 1.4891074130105902e-05 3380
1778758798146 1.4800302571860816e-05 3400
1778758798301 1.4709531013615735e-05 3420
1778758798457 1.4618759455370651e-05 3440
1778758798612 1.4527987897125568e-05 3460
1778758798766 1.4437216338880484e-05 3480
1778758798922 1.43464447806354e-05 3500
1778758801603 1.4255673222390317e-05 3520
1778758801758 1.4164901664145235e-05 3540
1778758801913 1.407413010590015e-05 3560
1778758802069 1.3983358547655068e-05 3580
1778758802224 1.3892586989409985e-05 3600
1778758802379 1.3801815431164902e-05 3620
1778758802533 1.371104387291982e-05 3640
1778758802688 1.3620272314674735e-05 3660
1778758802843 1.3529500756429653e-05 3680
1778758802998 1.343872919818457e-05 3700
1778758803153 1.3347957639939486e-05 3720
1778758803308 1.3257186081694402e-05 3740
1778758805873 1.316641452344932e-05 3760
1778758806032 1.3075642965204235e-05 3780
1778758806187 1.2984871406959154e-05 3800
1778758806342 1.289409984871407e-05 3820
1778758806496 1.2803328290468987e-05 3840
1778758806651 1.2712556732223903e-05 3860
1778758806806 1.262178517397882e-05 3880
1778758806961 1.2531013615733736e-05 3900
1778758807116 1.2440242057488654e-05 3920
1778758807271 1.2349470499243571e-05 3940
1778758807426 1.2258698940998488e-05 3960
1778758807581 1.2167927382753404e-05 3980
1778758807741 1.207715582450832e-05 4000
1778758810365 1.1986384266263239e-05 4020
1778758810521 1.1895612708018154e-05 4040
1778758810677 1.1804841149773072e-05 4060
1778758810833 1.1714069591527988e-05 4080
1778758810988 1.1623298033282905e-05 4100
1778758811145 1.1532526475037821e-05 4120
1778758811300 1.1441754916792738e-05 4140
1778758811454 1.1350983358547654e-05 4160
1778758811607 1.1260211800302573e-05 4180
1778758811761 1.1169440242057488e-05 4200
1778758811914 1.1078668683812406e-05 4220
1778758812067 1.0987897125567324e-05 4240
1778758814727 1.0897125567322239e-05 4260
1778758814882 1.081089258698941e-05 4280
1778758815038 1.0720121028744327e-05 4300
1778758815195 1.0629349470499244e-05 4320
1778758815350 1.053857791225416e-05 4340
1778758815505 1.0447806354009079e-05 4360
1778758815660 1.0357034795763993e-05 4380
1778758815815 1.0266263237518912e-05 4400
1778758815970 1.0175491679273827e-05 4420
1778758816126 1.0084720121028745e-05 4440
1778758816281 9.993948562783661e-06 4460
1778758816436 9.903177004538578e-06 4480
1778758816591 9.812405446293494e-06 4500
1778758819196 9.721633888048413e-06 4520
1778758819352 9.630862329803327e-06 4540
1778758819507 9.540090771558246e-06 4560
1778758819663 9.449319213313162e-06 4580
1778758819818 9.358547655068079e-06 4600
1778758819973 9.267776096822997e-06 4620
1778758820128 9.177004538577912e-06 4640
1778758820283 9.08623298033283e-06 4660
1778758820438 8.995461422087746e-06 4680
1778758820593 8.904689863842663e-06 4700
1778758820748 8.81391830559758e-06 4720
1778758820903 8.723146747352496e-06 4740
1778758823445 8.632375189107412e-06 4760
1778758823599 8.54160363086233e-06 4780
1778758823752 8.450832072617246e-06 4800
1778758823905 8.360060514372164e-06 4820
1778758824058 8.26928895612708e-06 4840
1778758824211 8.178517397881997e-06 4860
1778758824364 8.087745839636915e-06 4880
1778758824518 7.99697428139183e-06 4900
1778758824673 7.906202723146748e-06 4920
1778758824828 7.815431164901665e-06 4940
1778758824982 7.724659606656581e-06 4960
1778758825137 7.633888048411498e-06 4980
1778758825292 7.543116490166415e-06 5000
1778758827998 7.4523449319213315e-06 5020
1778758828153 7.361573373676249e-06 5040
1778758828308 7.2708018154311654e-06 5060
1778758828462 7.180030257186082e-06 5080
1778758828617 7.0892586989409985e-06 5100
1778758828772 6.998487140695916e-06 5120
1778758828927 6.907715582450832e-06 5140
1778758829081 6.816944024205749e-06 5160
1778758829233 6.726172465960665e-06 5180
1778758829388 6.635400907715583e-06 5200
1778758829542 6.544629349470499e-06 5220
1778758829697 6.453857791225416e-06 5240
1778758832307 6.363086232980332e-06 5260
1778758832462 6.27231467473525e-06 5280
1778758832617 6.181543116490166e-06 5300
1778758832772 6.090771558245084e-06 5320
1778758832929 6e-06 5340
1778758833083 5.9092284417549175e-06 5360
1778758833238 5.818456883509834e-06 5380
1778758833395 5.7276853252647506e-06 5400
1778758833550 5.636913767019667e-06 5420
1778758833705 5.5461422087745845e-06 5440
1778758833859 5.455370650529501e-06 5460
1778758834014 5.3645990922844175e-06 5480
1778758834169 5.273827534039334e-06 5500
1778758836787 5.183055975794251e-06 5520
1778758836943 5.092284417549168e-06 5540
1778758837100 5.0015128593040845e-06 5560
1778758837255 4.910741301059001e-06 5580
1778758837410 4.819969742813918e-06 5600
1778758837565 4.729198184568836e-06 5620
1778758837720 4.638426626323752e-06 5640
1778758837874 4.547655068078669e-06 5660
1778758838027 4.456883509833586e-06 5680
1778758838180 4.366111951588503e-06 5700
1778758838333 4.275340393343419e-06 5720
1778758838486 4.184568835098336e-06 5740
1778758841030 4.093797276853253e-06 5760
1778758841185 4.00302571860817e-06 5780
1778758841341 3.912254160363086e-06 5800
1778758841497 3.821482602118003e-06 5820
1778758841653 3.7307110438729196e-06 5840
1778758841808 3.639939485627837e-06 5860
1778758841963 3.5491679273827535e-06 5880
1778758842119 3.4583963691376704e-06 5900
1778758842275 3.367624810892587e-06 5920
1778758842429 3.276853252647504e-06 5940
1778758842583 3.1860816944024204e-06 5960
1778758842738 3.0953101361573374e-06 5980
1778758842893 3.004538577912254e-06 6000
1778758845563 2.9137670196671713e-06 6020
1778758845719 2.822995461422088e-06 6040
1778758845873 2.7322239031770048e-06 6060
1778758846028 2.6414523449319213e-06 6080
1778758846183 2.5506807866868382e-06 6100
1778758846339 2.4599092284417547e-06 6120
1778758846495 2.3691376701966717e-06 6140
1778758846650 2.2783661119515886e-06 6160
1778758846806 2.1875945537065056e-06 6180
1778758846961 2.096822995461422e-06 6200
1778758847117 2.006051437216339e-06 6220
1778758847273 1.9152798789712556e-06 6240
1778758849876 1.8245083207261725e-06 6260
1778758850032 1.7337367624810895e-06 6280
1778758850187 1.6429652042360062e-06 6300
1778758850343 1.552193645990923e-06 6320
1778758850498 1.4614220877458397e-06 6340
1778758850652 1.3706505295007566e-06 6360
1778758850807 1.2798789712556734e-06 6380
1778758850962 1.1891074130105901e-06 6400
1778758851117 1.0983358547655068e-06 6420
1778758851272 1.0075642965204238e-06 6440
1778758851427 9.167927382753404e-07 6460
1778758851582 8.260211800302572e-07 6480
1778758851737 7.35249621785174e-07 6500
1778758854286 6.444780635400908e-07 6520
1778758854442 5.537065052950076e-07 6540
1778758854598 4.6293494704992436e-07 6560
1778758854753 3.7216338880484115e-07 6580
1778758854908 2.8139183055975794e-07 6600
1778758855063 1.9062027231467473e-07 6620
1778758855218 9.984871406959153e-08 6640
1778758855374 9.07715582450832e-09 6660
