1778758740349 0.6991 20
1778758740503 0.6999 40
1778758740657 0.6992 60
1778758740811 0.694 80
1778758740964 0.6947 100
1778758741118 0.6909 120
1778758741274 0.6886 140
1778758741428 0.69 160
1778758741582 0.6887 180
1778758741735 0.6853 200
1778758741889 0.6901 220
1778758742042 0.6885 240
1778758744577 0.6852 260
1778758744732 0.683 280
1778758744885 0.6837 300
1778758745038 0.6801 320
1778758745191 0.6831 340
1778758745345 0.6799 360
1778758745497 0.6835 380
1778758745651 0.68 400
1778758745804 0.6805 420
1778758745958 0.6779 440
1778758746111 0.6784 460
1778758746264 0.6791 480
1778758746418 0.6792 500
1778758749012 0.676 520
1778758749165 0.6773 540
1778758749318 0.6756 560
1778758749472 0.6796 580
1778758749624 0.6797 600
1778758749777 0.6759 620
1778758749930 0.672 640
1778758750085 0.6763 660
1778758750239 0.6731 680
1778758750392 0.6703 700
1778758750545 0.6763 720
1778758750698 0.6684 740
1778758753226 0.6689 760
1778758753382 0.6695 780
1778758753538 0.6714 800
1778758753693 0.6713 820
1778758753849 0.6773 840
1778758754004 0.6638 860
1778758754160 0.6624 880
1778758754315 0.6714 900
1778758754470 0.6728 920
1778758754626 0.6631 940
1778758754782 0.6669 960
1778758754938 0.6611 980
1778758755093 0.6661 1000
1778758757750 0.6612 1020
1778758757905 0.6661 1040
1778758758061 0.6693 1060
1778758758216 0.6707 1080
1778758758372 0.6652 1100
1778758758527 0.6564 1120
1778758758682 0.6657 1140
1778758758837 0.6669 1160
1778758758994 0.6665 1180
1778758759149 0.6565 1200
1778758759303 0.6648 1220
1778758759458 0.6659 1240
1778758762003 0.6592 1260
1778758762159 0.6619 1280
1778758762314 0.6742 1300
1778758762467 0.6581 1320
1778758762623 0.6587 1340
1778758762776 0.6629 1360
1778758762930 0.6607 1380
1778758763083 0.6579 1400
1778758763236 0.6551 1420
1778758763390 0.6565 1440
1778758763545 0.6637 1460
1778758763700 0.6646 1480
1778758763855 0.6581 1500
1778758766450 0.6619 1520
1778758766604 0.6573 1540
1778758766758 0.6538 1560
1778758766912 0.6518 1580
1778758767066 0.656 1600
1778758767219 0.6435 1620
1778758767373 0.6597 1640
1778758767527 0.6605 1660
1778758767680 0.6541 1680
1778758767833 0.6572 1700
1778758767986 0.6539 1720
1778758768140 0.6551 1740
1778758770817 0.6542 1760
1778758770974 0.6545 1780
1778758771131 0.6589 1800
1778758771286 0.6646 1820
1778758771442 0.6511 1840
1778758771595 0.6463 1860
1778758771749 0.6498 1880
1778758771904 0.6576 1900
1778758772059 0.6562 1920
1778758772215 0.6474 1940
1778758772370 0.6542 1960
1778758772526 0.6573 1980
1778758772682 0.6465 2000
1778758775299 0.665 2020
1778758775454 0.6641 2040
1778758775609 0.6489 2060
1778758775763 0.6519 2080
1778758775918 0.6446 2100
1778758776073 0.6509 2120
1778758776228 0.6572 2140
1778758776382 0.6501 2160
1778758776537 0.6472 2180
1778758776692 0.6492 2200
1778758776847 0.6504 2220
1778758777002 0.646 2240
1778758779607 0.6612 2260
1778758779764 0.6454 2280
1778758779917 0.6552 2300
1778758780069 0.6549 2320
1778758780222 0.6519 2340
1778758780375 0.6593 2360
1778758780527 0.6472 2380
1778758780680 0.6406 2400
1778758780833 0.6544 2420
1778758780986 0.6407 2440
1778758781138 0.6575 2460
1778758781292 0.6486 2480
1778758781444 0.652 2500
1778758784040 0.6426 2520
1778758784198 0.6489 2540
1778758784353 0.645 2560
1778758784509 0.6382 2580
1778758784664 0.6503 2600
1778758784819 0.6429 2620
1778758784975 0.6548 2640
1778758785130 0.6492 2660
1778758785288 0.6443 2680
1778758785443 0.6505 2700
1778758785599 0.6532 2720
1778758785754 0.6394 2740
1778758788364 0.6492 2760
1778758788519 0.646 2780
1778758788676 0.6417 2800
1778758788829 0.6371 2820
1778758788982 0.645 2840
1778758789136 0.6455 2860
1778758789290 0.6436 2880
1778758789443 0.6374 2900
1778758789596 0.6466 2920
1778758789749 0.643 2940
1778758789902 0.6474 2960
1778758790057 0.6489 2980
1778758790212 0.6468 3000
1778758792811 0.6548 3020
1778758792966 0.6423 3040
1778758793122 0.632 3060
1778758793277 0.6366 3080
1778758793434 0.6383 3100
1778758793590 0.6403 3120
1778758793745 0.6516 3140
1778758793899 0.637 3160
1778758794052 0.6292 3180
1778758794207 0.6511 3200
1778758794360 0.6328 3220
1778758794514 0.6421 3240
1778758797059 0.6388 3260
1778758797214 0.6374 3280
1778758797369 0.646 3300
1778758797527 0.6445 3320
1778758797681 0.6421 3340
1778758797836 0.6487 3360
1778758797991 0.6467 3380
1778758798146 0.6394 3400
1778758798301 0.6431 3420
1778758798457 0.6505 3440
1778758798612 0.6397 3460
1778758798766 0.6326 3480
1778758798922 0.6438 3500
1778758801603 0.6455 3520
1778758801758 0.6431 3540
1778758801913 0.6499 3560
1778758802069 0.6315 3580
1778758802224 0.6416 3600
1778758802379 0.6286 3620
1778758802533 0.6378 3640
1778758802688 0.6405 3660
1778758802843 0.6366 3680
1778758802998 0.6378 3700
1778758803153 0.6335 3720
1778758803308 0.6422 3740
1778758805873 0.6373 3760
1778758806032 0.6347 3780
1778758806187 0.6472 3800
1778758806342 0.6304 3820
1778758806496 0.6386 3840
1778758806651 0.6424 3860
1778758806806 0.6349 3880
1778758806961 0.6341 3900
1778758807116 0.6382 3920
1778758807271 0.6365 3940
1778758807426 0.6358 3960
1778758807581 0.6314 3980
1778758807741 0.6367 4000
1778758810365 0.634 4020
1778758810521 0.6322 4040
1778758810677 0.6473 4060
1778758810833 0.6333 4080
1778758810988 0.6284 4100
1778758811145 0.6443 4120
1778758811300 0.6336 4140
1778758811454 0.6265 4160
1778758811607 0.6335 4180
1778758811761 0.6328 4200
1778758811914 0.6391 4220
1778758812067 0.6324 4240
1778758814727 0.63 4260
1778758814882 0.6457 4280
1778758815038 0.6501 4300
1778758815195 0.6356 4320
1778758815350 0.6404 4340
1778758815505 0.6352 4360
1778758815660 0.639 4380
1778758815815 0.6403 4400
1778758815970 0.6308 4420
1778758816126 0.6365 4440
1778758816281 0.6446 4460
1778758816436 0.6276 4480
1778758816591 0.6253 4500
1778758819196 0.6391 4520
1778758819352 0.6415 4540
1778758819507 0.6271 4560
1778758819663 0.6331 4580
1778758819818 0.6341 4600
1778758819973 0.641 4620
1778758820128 0.6451 4640
1778758820283 0.6433 4660
1778758820438 0.6283 4680
1778758820593 0.6317 4700
1778758820748 0.6365 4720
1778758820903 0.6393 4740
1778758823445 0.6364 4760
1778758823599 0.6215 4780
1778758823752 0.6243 4800
1778758823905 0.6392 4820
1778758824058 0.6205 4840
1778758824211 0.6382 4860
1778758824364 0.6353 4880
1778758824518 0.6307 4900
1778758824673 0.6265 4920
1778758824828 0.6259 4940
1778758824982 0.6301 4960
1778758825137 0.6246 4980
1778758825292 0.6349 5000
1778758827998 0.6443 5020
1778758828153 0.6262 5040
1778758828308 0.6271 5060
1778758828462 0.6195 5080
1778758828617 0.6332 5100
1778758828772 0.63 5120
1778758828927 0.6407 5140
1778758829081 0.6302 5160
1778758829233 0.6204 5180
1778758829388 0.6275 5200
1778758829542 0.6392 5220
1778758829697 0.631 5240
1778758832307 0.6268 5260
1778758832462 0.6484 5280
1778758832617 0.6165 5300
1778758832772 0.6344 5320
1778758832929 0.6209 5340
1778758833083 0.6302 5360
1778758833238 0.6338 5380
1778758833395 0.6327 5400
1778758833550 0.6288 5420
1778758833705 0.6389 5440
1778758833859 0.6402 5460
1778758834014 0.638 5480
1778758834169 0.6226 5500
1778758836787 0.6356 5520
1778758836943 0.6326 5540
1778758837100 0.6425 5560
1778758837255 0.627 5580
1778758837410 0.6248 5600
1778758837565 0.6407 5620
1778758837720 0.6269 5640
1778758837874 0.6322 5660
1778758838027 0.6295 5680
1778758838180 0.6294 5700
1778758838333 0.6351 5720
1778758838486 0.6288 5740
1778758841030 0.6512 5760
1778758841185 0.6298 5780
1778758841341 0.6332 5800
1778758841497 0.6187 5820
1778758841653 0.6462 5840
1778758841808 0.6386 5860
1778758841963 0.6221 5880
1778758842119 0.6265 5900
1778758842275 0.6267 5920
1778758842429 0.6346 5940
1778758842583 0.6158 5960
1778758842738 0.6463 5980
1778758842893 0.6237 6000
1778758845563 0.6202 6020
1778758845719 0.634 6040
1778758845873 0.6408 6060
1778758846028 0.6391 6080
1778758846183 0.6382 6100
1778758846339 0.6383 6120
1778758846495 0.6193 6140
1778758846650 0.6231 6160
1778758846806 0.6324 6180
1778758846961 0.6211 6200
1778758847117 0.6404 6220
1778758847273 0.6226 6240
1778758849876 0.6252 6260
1778758850032 0.6406 6280
1778758850187 0.6376 6300
1778758850343 0.6274 6320
1778758850498 0.6213 6340
1778758850652 0.6309 6360
1778758850807 0.6229 6380
1778758850962 0.6328 6400
1778758851117 0.6305 6420
1778758851272 0.6254 6440
1778758851427 0.6313 6460
1778758851582 0.6384 6480
1778758851737 0.6288 6500
1778758854286 0.6392 6520
1778758854442 0.6311 6540
1778758854598 0.6208 6560
1778758854753 0.6312 6580
1778758854908 0.627 6600
1778758855063 0.6385 6620
1778758855218 0.6341 6640
1778758855374 0.6376 6660
