1776961377237 0.0547945205479452 20
1776961378854 0.1095890410958904 40
1776961380498 0.1643835616438356 60
1776961382118 0.2191780821917808 80
1776961383759 0.273972602739726 100
1776961385412 0.3287671232876712 120
1776961387054 0.3835616438356164 140
1776961388705 0.4383561643835616 160
1776961390352 0.4931506849315068 180
1776961391971 0.547945205479452 200
1776961393609 0.6027397260273972 220
1776961395259 0.6575342465753424 240
1776961396545 0.684931506849315 250
1776961397367 0.7123287671232876 260
1776961399014 0.7671232876712328 280
1776961400660 0.821917808219178 300
1776961402309 0.8767123287671232 320
1776961403948 0.9315068493150684 340
1776961405591 0.9863013698630136 360
1776961407239 1.0410958904109588 380
1776961408888 1.095890410958904 400
1776961410543 1.1506849315068493 420
1776961412179 1.2054794520547945 440
1776961413833 1.2602739726027397 460
1776961415480 1.3150684931506849 480
1776961417127 1.36986301369863 500
1776961417592 1.36986301369863 500
1776961420903 1.4246575342465753 520
1776961422568 1.4794520547945205 540
1776961424222 1.5342465753424657 560
1776961425856 1.589041095890411 580
1776961427501 1.643835616438356 600
1776961429140 1.6986301369863015 620
1776961430787 1.7534246575342465 640
1776961432430 1.808219178082192 660
1776961434077 1.8630136986301369 680
1776961435710 1.9178082191780823 700
1776961437359 1.9726027397260273 720
1776961438997 2.0273972602739727 740
1776961440293 2.0547945205479454 750
1776961441118 2.0821917808219177 760
1776961442756 2.136986301369863 780
1776961444411 2.191780821917808 800
1776961446047 2.2465753424657535 820
1776961447694 2.3013698630136985 840
1776961449335 2.356164383561644 860
1776961450983 2.410958904109589 880
1776961452622 2.4657534246575343 900
1776961454271 2.5205479452054793 920
1776961455908 2.5753424657534247 940
1776961457553 2.6301369863013697 960
1776961459202 2.684931506849315 980
1776961460843 2.73972602739726 1000
1776961461822 2.73972602739726 1000
1776961465494 2.7945205479452055 1020
1776961467126 2.8493150684931505 1040
1776961468777 2.904109589041096 1060
1776961470420 2.958904109589041 1080
1776961472069 3.0136986301369864 1100
1776961473708 3.0684931506849313 1120
1776961475356 3.1232876712328768 1140
1776961476998 3.1780821917808217 1160
1776961478652 3.232876712328767 1180
1776961480296 3.287671232876712 1200
1776961481932 3.3424657534246576 1220
1776961483574 3.3972602739726026 1240
1776961484863 3.4246575342465753 1250
1776961485697 3.452054794520548 1260
1776961487340 3.506849315068493 1280
1776961488985 3.5616438356164384 1300
1776961490633 3.616438356164384 1320
1776961492273 3.671232876712329 1340
1776961493922 3.7260273972602738 1360
1776961495570 3.780821917808219 1380
1776961497237 3.8356164383561646 1400
1776961498886 3.8904109589041096 1420
1776961500546 3.9452054794520546 1440
1776961502199 4.0 1460
1776961503855 4.054794520547945 1480
1776961505510 4.109589041095891 1500
1776961505977 4.109589041095891 1500
1776961513404 4.164383561643835 1520
1776961515059 4.219178082191781 1540
1776961516700 4.273972602739726 1560
1776961518351 4.328767123287671 1580
1776961519995 4.383561643835616 1600
1776961521639 4.438356164383562 1620
1776961523251 4.493150684931507 1640
1776961524904 4.5479452054794525 1660
1776961526544 4.602739726027397 1680
1776961528185 4.657534246575342 1700
1776961529823 4.712328767123288 1720
1776961531475 4.767123287671232 1740
1776961532768 4.794520547945205 1750
1776961533590 4.821917808219178 1760
1776961535248 4.876712328767123 1780
1776961536887 4.931506849315069 1800
1776961538533 4.986301369863014 1820
1776961540168 5.041095890410959 1840
1776961541818 5.095890410958904 1860
1776961543462 5.1506849315068495 1880
1776961545106 5.205479452054795 1900
1776961546765 5.260273972602739 1920
1776961548421 5.315068493150685 1940
1776961550081 5.36986301369863 1960
1776961551735 5.424657534246576 1980
1776961553402 5.47945205479452 2000
1776961554727 5.47945205479452 2000
1776961558112 5.534246575342466 2020
1776961559762 5.589041095890411 2040
1776961561407 5.6438356164383565 2060
1776961563072 5.698630136986301 2080
1776961564717 5.7534246575342465 2100
1776961566361 5.808219178082192 2120
1776961568031 5.863013698630137 2140
1776961569681 5.917808219178082 2160
1776961571323 5.972602739726027 2180
1776961572978 6.027397260273973 2200
1776961574631 6.082191780821918 2220
1776961576270 6.136986301369863 2240
1776961577579 6.164383561643835 2250
1776961578410 6.191780821917808 2260
1776961580060 6.2465753424657535 2280
1776961581707 6.301369863013699 2300
1776961583368 6.3561643835616435 2320
1776961585013 6.410958904109589 2340
1776961586660 6.465753424657534 2360
1776961588328 6.52054794520548 2380
1776961589967 6.575342465753424 2400
1776961591621 6.63013698630137 2420
1776961593261 6.684931506849315 2440
1776961594912 6.739726027397261 2460
1776961596548 6.794520547945205 2480
1776961598194 6.8493150684931505 2500
1776961598665 6.8493150684931505 2500
1776961602732 6.904109589041096 2520
1776961604384 6.958904109589041 2540
1776961606025 7.013698630136986 2560
1776961607662 7.068493150684931 2580
1776961609310 7.123287671232877 2600
1776961610947 7.178082191780822 2620
1776961612594 7.232876712328767 2640
1776961614239 7.287671232876712 2660
1776961615887 7.342465753424658 2680
1776961617528 7.397260273972603 2700
1776961619182 7.4520547945205475 2720
1776961620830 7.506849315068493 2740
1776961622125 7.534246575342466 2750
1776961622944 7.561643835616438 2760
1776961624584 7.616438356164384 2780
1776961626233 7.671232876712329 2800
1776961627866 7.726027397260274 2820
1776961629512 7.780821917808219 2840
1776961631146 7.835616438356165 2860
1776961632796 7.890410958904109 2880
1776961634436 7.945205479452055 2900
1776961636078 8.0 2920
1776961637721 8.054794520547945 2940
1776961639368 8.10958904109589 2960
1776961641012 8.164383561643836 2980
1776961642645 8.219178082191782 3000
1776961643129 8.219178082191782 3000
1776961647231 8.273972602739725 3020
1776961648888 8.32876712328767 3040
1776961650542 8.383561643835616 3060
1776961652187 8.438356164383562 3080
1776961653850 8.493150684931507 3100
1776961655532 8.547945205479452 3120
1776961657219 8.602739726027398 3140
1776961658919 8.657534246575342 3160
1776961660613 8.712328767123287 3180
1776961662271 8.767123287671232 3200
1776961663931 8.821917808219178 3220
1776961665606 8.876712328767123 3240
1776961666913 8.904109589041095 3250
1776961667757 8.931506849315069 3260
1776961669424 8.986301369863014 3280
1776961671138 9.04109589041096 3300
1776961672796 9.095890410958905 3320
1776961674456 9.150684931506849 3340
1776961676128 9.205479452054794 3360
1776961677789 9.26027397260274 3380
1776961679451 9.315068493150685 3400
1776961681114 9.36986301369863 3420
1776961682769 9.424657534246576 3440
1776961684441 9.479452054794521 3460
1776961686102 9.534246575342467 3480
1776961687763 9.58904109589041 3500
1776961688325 9.58904109589041 3500
1776961691469 9.58904109589041 3500
1776961692573 9.58904109589041 3500
1776961693339 9.58904109589041 3500
1776961693870 9.58904109589041 0
