1776961377237 3.244290590286255 20
1776961378854 4.390888690948486 40
1776961380498 2.8176214694976807 60
1776961382118 2.740224838256836 80
1776961383759 3.805143356323242 100
1776961385412 2.404963731765747 120
1776961387054 1.378016710281372 140
1776961388705 2.1795971393585205 160
1776961390352 7.189859867095947 180
1776961391971 3.442044734954834 200
1776961393609 2.5555431842803955 220
1776961395259 5.202439308166504 240
1776961397367 4.951461315155029 260
1776961399014 7.699204921722412 280
1776961400660 13.671346664428711 300
1776961402309 7.375575542449951 320
1776961403948 4.297868728637695 340
1776961405591 6.653968811035156 360
1776961407239 3.0275375843048096 380
1776961408888 10.218409538269043 400
1776961410543 5.629627227783203 420
1776961412179 8.274459838867188 440
1776961413833 12.549270629882812 460
1776961415480 10.56641674041748 480
1776961417127 8.82349967956543 500
1776961420903 3.7216718196868896 520
1776961422568 5.919375896453857 540
1776961424222 9.13096809387207 560
1776961425856 3.9922115802764893 580
1776961427501 2.120269536972046 600
1776961429140 8.047398567199707 620
1776961430787 9.117069244384766 640
1776961432430 8.126480102539062 660
1776961434077 7.66554069519043 680
1776961435710 6.222246170043945 700
1776961437359 5.82344913482666 720
1776961438997 4.286417484283447 740
1776961441118 5.6732497215271 760
1776961442756 3.979759693145752 780
1776961444411 6.472503185272217 800
1776961446047 17.182104110717773 820
1776961447694 13.319084167480469 840
1776961449335 6.859954357147217 860
1776961450983 9.842473030090332 880
1776961452622 4.577532768249512 900
1776961454271 7.378966808319092 920
1776961455908 9.235638618469238 940
1776961457553 4.449741840362549 960
1776961459202 3.4009644985198975 980
1776961460843 8.871685981750488 1000
1776961465494 3.6521830558776855 1020
1776961467126 16.59003257751465 1040
1776961468777 8.363351821899414 1060
1776961470420 8.871159553527832 1080
1776961472069 36.862491607666016 1100
1776961473708 0.5893428325653076 1120
1776961475356 23.24720573425293 1140
1776961476998 35.26042556762695 1160
1776961478652 11.197040557861328 1180
1776961480296 4.095279693603516 1200
1776961481932 0.1564270257949829 1220
1776961483574 0.21341033279895782 1240
1776961485697 3.8095309734344482 1260
1776961487340 24.619123458862305 1280
1776961488985 0.6812024116516113 1300
1776961490633 2.4814507961273193 1320
1776961492273 0.24492423236370087 1340
1776961493922 0.5008828043937683 1360
1776961495570 0.8109157085418701 1380
1776961497237 17.289587020874023 1400
1776961498886 37.27692794799805 1420
1776961500546 10.531781196594238 1440
1776961502199 1.1147246360778809 1460
1776961503855 56.85447692871094 1480
1776961505510 4.333360195159912 1500
1776961513404 0.38255438208580017 1520
1776961515059 10.58300495147705 1540
1776961516700 0.13395079970359802 1560
1776961518351 58.12934494018555 1580
1776961519995 45.93122482299805 1600
1776961521639 1.4823988676071167 1620
1776961523251 1.7669610977172852 1640
1776961524904 0.12792889773845673 1660
1776961526544 10.609920501708984 1680
1776961528185 29.924654006958008 1700
1776961529823 0.7259995937347412 1720
1776961531475 0.8254234790802002 1740
1776961533590 0.16767358779907227 1760
1776961535248 79.3968505859375 1780
1776961536887 0.19051684439182281 1800
1776961538533 1.220193862915039 1820
1776961540168 29.274805068969727 1840
1776961541818 0.4227340817451477 1860
1776961543462 10.527871131896973 1880
1776961545106 0.12060033529996872 1900
1776961546765 0.08037345856428146 1920
1776961548421 0.07058370858430862 1940
1776961550081 29.570966720581055 1960
1776961551735 0.12703727185726166 1980
1776961553402 0.07117512822151184 2000
1776961558112 0.3693970739841461 2020
1776961559762 34.53668212890625 2040
1776961561407 0.08570823073387146 2060
1776961563072 1.1863789558410645 2080
1776961564717 0.07797863334417343 2100
1776961566361 0.1254875510931015 2120
1776961568031 0.04475603252649307 2140
1776961569681 22.667028427124023 2160
1776961571323 0.06032579392194748 2180
1776961572978 0.11354229599237442 2200
1776961574631 0.5592153072357178 2220
1776961576270 0.06674724072217941 2240
1776961578410 0.05058569461107254 2260
1776961580060 0.04714543744921684 2280
1776961581707 0.18513444066047668 2300
1776961583368 0.05914159491658211 2320
1776961585013 0.04127546399831772 2340
1776961586660 0.04199348762631416 2360
1776961588328 0.02782818116247654 2380
1776961589967 0.027604248374700546 2400
1776961591621 192.59375 2420
1776961593261 0.03844413533806801 2440
1776961594912 0.08406207710504532 2460
1776961596548 0.15282785892486572 2480
1776961598194 0.10335860401391983 2500
1776961602732 0.0833977684378624 2520
1776961604384 0.08375132828950882 2540
1776961606025 0.05547493323683739 2560
1776961607662 0.07984936237335205 2580
1776961609310 0.9003031849861145 2600
1776961610947 0.04726705327630043 2620
1776961612594 83.97956848144531 2640
1776961614239 13.224660873413086 2660
1776961615887 0.03285080939531326 2680
1776961617528 0.06537066400051117 2700
1776961619182 0.04481792449951172 2720
1776961620830 0.034706056118011475 2740
1776961622944 0.023639891296625137 2760
1776961624584 109.26121520996094 2780
1776961626233 0.043887827545404434 2800
1776961627866 0.0774841159582138 2820
1776961629512 0.055567849427461624 2840
1776961631146 1.6855049133300781 2860
1776961632796 0.04531291127204895 2880
1776961634436 0.03603627160191536 2900
1776961636078 0.07189510762691498 2920
1776961637721 0.09230408817529678 2940
1776961639368 0.03446090966463089 2960
1776961641012 0.056585438549518585 2980
1776961642645 0.13873128592967987 3000
1776961647231 3.632878065109253 3020
1776961648888 0.04134504497051239 3040
1776961650542 0.04511967673897743 3060
1776961652187 0.028356263414025307 3080
1776961653850 0.12753801047801971 3100
1776961655532 0.0334540456533432 3120
1776961657219 0.0381239578127861 3140
1776961658919 0.04093281179666519 3160
1776961660613 0.030243968591094017 3180
1776961662271 0.031112490221858025 3200
1776961663931 0.7272323369979858 3220
1776961665606 0.030159981921315193 3240
1776961667757 0.06694530695676804 3260
1776961669424 0.04011433571577072 3280
1776961671138 0.027438350021839142 3300
1776961672796 0.026286302134394646 3320
1776961674456 0.09603523463010788 3340
1776961676128 0.022843943908810616 3360
1776961677789 0.024058084934949875 3380
1776961679451 0.025258637964725494 3400
1776961681114 0.022990407422184944 3420
1776961682769 0.023915452882647514 3440
1776961684441 0.03356659412384033 3460
1776961686102 0.02523907460272312 3480
1776961687763 0.026314599439501762 3500
