1776961377237 1.4794520547945206e-06 20
1776961378854 3.041095890410959e-06 40
1776961380498 4.684931506849315e-06 60
1776961382118 6.246575342465754e-06 80
1776961383759 7.89041095890411e-06 100
1776961385412 9.534246575342467e-06 120
1776961387054 1.1178082191780822e-05 140
1776961388705 1.2821917808219178e-05 160
1776961390352 1.4465753424657535e-05 180
1776961391971 1.6027397260273974e-05 200
1776961393609 1.767123287671233e-05 220
1776961395259 1.9315068493150686e-05 240
1776961397367 2.0958904109589043e-05 260
1776961399014 2.26027397260274e-05 280
1776961400660 2.4246575342465755e-05 300
1776961402309 2.589041095890411e-05 320
1776961403948 2.7534246575342468e-05 340
1776961405591 2.9178082191780824e-05 360
1776961407239 2.9908675799086758e-05 380
1776961408888 2.9726027397260275e-05 400
1776961410543 2.954337899543379e-05 420
1776961412179 2.9360730593607307e-05 440
1776961413833 2.9178082191780824e-05 460
1776961415480 2.899543378995434e-05 480
1776961417127 2.8812785388127856e-05 500
1776961420903 2.863013698630137e-05 520
1776961422568 2.8447488584474887e-05 540
1776961424222 2.82648401826484e-05 560
1776961425856 2.808219178082192e-05 580
1776961427501 2.7899543378995433e-05 600
1776961429140 2.771689497716895e-05 620
1776961430787 2.7534246575342468e-05 640
1776961432430 2.7351598173515982e-05 660
1776961434077 2.71689497716895e-05 680
1776961435710 2.6986301369863014e-05 700
1776961437359 2.680365296803653e-05 720
1776961438997 2.6621004566210045e-05 740
1776961441118 2.6438356164383563e-05 760
1776961442756 2.625570776255708e-05 780
1776961444411 2.6073059360730594e-05 800
1776961446047 2.589041095890411e-05 820
1776961447694 2.5707762557077626e-05 840
1776961449335 2.5525114155251143e-05 860
1776961450983 2.5342465753424657e-05 880
1776961452622 2.5159817351598175e-05 900
1776961454271 2.497716894977169e-05 920
1776961455908 2.4794520547945206e-05 940
1776961457553 2.4611872146118724e-05 960
1776961459202 2.4429223744292238e-05 980
1776961460843 2.4246575342465755e-05 1000
1776961465494 2.406392694063927e-05 1020
1776961467126 2.3881278538812787e-05 1040
1776961468777 2.36986301369863e-05 1060
1776961470420 2.351598173515982e-05 1080
1776961472069 2.3333333333333336e-05 1100
1776961473708 2.315068493150685e-05 1120
1776961475356 2.2968036529680367e-05 1140
1776961476998 2.278538812785388e-05 1160
1776961478652 2.26027397260274e-05 1180
1776961480296 2.2420091324200913e-05 1200
1776961481932 2.223744292237443e-05 1220
1776961483574 2.2054794520547945e-05 1240
1776961485697 2.1872146118721462e-05 1260
1776961487340 2.168949771689498e-05 1280
1776961488985 2.1506849315068494e-05 1300
1776961490633 2.132420091324201e-05 1320
1776961492273 2.1141552511415525e-05 1340
1776961493922 2.0958904109589043e-05 1360
1776961495570 2.0776255707762557e-05 1380
1776961497237 2.0593607305936074e-05 1400
1776961498886 2.041095890410959e-05 1420
1776961500546 2.0228310502283106e-05 1440
1776961502199 2.0045662100456623e-05 1460
1776961503855 1.9863013698630137e-05 1480
1776961505510 1.9680365296803655e-05 1500
1776961513404 1.949771689497717e-05 1520
1776961515059 1.9315068493150686e-05 1540
1776961516700 1.9132420091324204e-05 1560
1776961518351 1.8949771689497718e-05 1580
1776961519995 1.8767123287671235e-05 1600
1776961521639 1.858447488584475e-05 1620
1776961523251 1.841095890410959e-05 1640
1776961524904 1.8228310502283108e-05 1660
1776961526544 1.8045662100456622e-05 1680
1776961528185 1.786301369863014e-05 1700
1776961529823 1.7680365296803653e-05 1720
1776961531475 1.749771689497717e-05 1740
1776961533590 1.7315068493150685e-05 1760
1776961535248 1.7132420091324202e-05 1780
1776961536887 1.694977168949772e-05 1800
1776961538533 1.6767123287671234e-05 1820
1776961540168 1.658447488584475e-05 1840
1776961541818 1.6401826484018266e-05 1860
1776961543462 1.6219178082191783e-05 1880
1776961545106 1.6036529680365297e-05 1900
1776961546765 1.5853881278538815e-05 1920
1776961548421 1.567123287671233e-05 1940
1776961550081 1.5488584474885846e-05 1960
1776961551735 1.5305936073059364e-05 1980
1776961553402 1.5123287671232878e-05 2000
1776961558112 1.4940639269406392e-05 2020
1776961559762 1.475799086757991e-05 2040
1776961561407 1.4575342465753425e-05 2060
1776961563072 1.439269406392694e-05 2080
1776961564717 1.4210045662100457e-05 2100
1776961566361 1.4027397260273972e-05 2120
1776961568031 1.3844748858447488e-05 2140
1776961569681 1.3662100456621004e-05 2160
1776961571323 1.347945205479452e-05 2180
1776961572978 1.3296803652968037e-05 2200
1776961574631 1.3114155251141553e-05 2220
1776961576270 1.2931506849315069e-05 2240
1776961578410 1.2748858447488584e-05 2260
1776961580060 1.25662100456621e-05 2280
1776961581707 1.2383561643835616e-05 2300
1776961583368 1.2200913242009132e-05 2320
1776961585013 1.2018264840182648e-05 2340
1776961586660 1.1835616438356165e-05 2360
1776961588328 1.165296803652968e-05 2380
1776961589967 1.1470319634703197e-05 2400
1776961591621 1.1287671232876712e-05 2420
1776961593261 1.1105022831050228e-05 2440
1776961594912 1.0922374429223744e-05 2460
1776961596548 1.073972602739726e-05 2480
1776961598194 1.0557077625570777e-05 2500
1776961602732 1.0374429223744293e-05 2520
1776961604384 1.0191780821917809e-05 2540
1776961606025 1.0009132420091324e-05 2560
1776961607662 9.82648401826484e-06 2580
1776961609310 9.643835616438356e-06 2600
1776961610947 9.461187214611872e-06 2620
1776961612594 9.278538812785388e-06 2640
1776961614239 9.095890410958905e-06 2660
1776961615887 8.91324200913242e-06 2680
1776961617528 8.730593607305937e-06 2700
1776961619182 8.547945205479452e-06 2720
1776961620830 8.365296803652968e-06 2740
1776961622944 8.182648401826484e-06 2760
1776961624584 8e-06 2780
1776961626233 7.817351598173515e-06 2800
1776961627866 7.634703196347033e-06 2820
1776961629512 7.452054794520548e-06 2840
1776961631146 7.2694063926940644e-06 2860
1776961632796 7.08675799086758e-06 2880
1776961634436 6.904109589041096e-06 2900
1776961636078 6.721461187214612e-06 2920
1776961637721 6.538812785388128e-06 2940
1776961639368 6.356164383561644e-06 2960
1776961641012 6.17351598173516e-06 2980
1776961642645 5.990867579908676e-06 3000
1776961647231 5.808219178082192e-06 3020
1776961648888 5.625570776255708e-06 3040
1776961650542 5.442922374429224e-06 3060
1776961652187 5.26027397260274e-06 3080
1776961653850 5.077625570776256e-06 3100
1776961655532 4.894977168949772e-06 3120
1776961657219 4.712328767123288e-06 3140
1776961658919 4.5296803652968036e-06 3160
1776961660613 4.34703196347032e-06 3180
1776961662271 4.164383561643836e-06 3200
1776961663931 3.981735159817352e-06 3220
1776961665606 3.799086757990868e-06 3240
1776961667757 3.6164383561643837e-06 3260
1776961669424 3.4337899543379e-06 3280
1776961671138 3.2511415525114157e-06 3300
1776961672796 3.068493150684932e-06 3320
1776961674456 2.8858447488584476e-06 3340
1776961676128 2.703196347031964e-06 3360
1776961677789 2.5205479452054796e-06 3380
1776961679451 2.337899543378996e-06 3400
1776961681114 2.155251141552511e-06 3420
1776961682769 1.9726027397260274e-06 3440
1776961684441 1.7899543378995433e-06 3460
1776961686102 1.6073059360730595e-06 3480
1776961687763 1.4246575342465755e-06 3500
