1778858685269 0.015015015015015015 20
1778858689187 0.03003003003003003 40
1778858693105 0.04504504504504504 60
1778858697025 0.06006006006006006 80
1778858700946 0.07507507507507508 100
1778858704864 0.09009009009009009 120
1778858708784 0.10510510510510511 140
1778858712714 0.12012012012012012 160
1778858716634 0.13513513513513514 180
1778858720554 0.15015015015015015 200
1778858724476 0.16516516516516516 220
1778858728398 0.18018018018018017 240
1778858739521 0.18768768768768768 250
1778858747094 0.19519519519519518 260
1778858751016 0.21021021021021022 280
1778858754939 0.22522522522522523 300
1778858758862 0.24024024024024024 320
1778858762785 0.2552552552552553 340
1778858766707 0.2702702702702703 360
1778858770630 0.2852852852852853 380
1778858774552 0.3003003003003003 400
1778858778476 0.3153153153153153 420
1778858782406 0.3303303303303303 440
1778858786329 0.34534534534534533 460
1778858790253 0.36036036036036034 480
1778858794202 0.37537537537537535 500
1778858803472 0.37537537537537535 500
1778858810971 0.39039039039039036 520
1778858814923 0.40540540540540543 540
1778858818872 0.42042042042042044 560
1778858822822 0.43543543543543545 580
1778858826783 0.45045045045045046 600
1778858830735 0.46546546546546547 620
1778858834682 0.4804804804804805 640
1778858838641 0.4954954954954955 660
1778858842599 0.5105105105105106 680
1778858846555 0.5255255255255256 700
1778858850505 0.5405405405405406 720
1778858854461 0.5555555555555556 740
1778858865668 0.5630630630630631 750
1778858871816 0.5705705705705706 760
1778858875756 0.5855855855855856 780
1778858879710 0.6006006006006006 800
1778858883665 0.6156156156156156 820
1778858887611 0.6306306306306306 840
1778858891556 0.6456456456456456 860
1778858895502 0.6606606606606606 880
1778858899443 0.6756756756756757 900
1778858903394 0.6906906906906907 920
1778858907337 0.7057057057057057 940
1778858911279 0.7207207207207207 960
1778858915230 0.7357357357357357 980
1778858919178 0.7507507507507507 1000
1778858928413 0.7507507507507507 1000
1778858936538 0.7657657657657657 1020
1778858940494 0.7807807807807807 1040
1778858944439 0.7957957957957958 1060
1778858948392 0.8108108108108109 1080
1778858952341 0.8258258258258259 1100
1778858956286 0.8408408408408409 1120
1778858960241 0.8558558558558559 1140
1778858964188 0.8708708708708709 1160
1778858968132 0.8858858858858859 1180
1778858972083 0.9009009009009009 1200
1778858976029 0.9159159159159159 1220
1778858979977 0.9309309309309309 1240
1778858991162 0.9384384384384384 1250
1778858997409 0.9459459459459459 1260
1778859001352 0.960960960960961 1280
1778859005299 0.975975975975976 1300
1778859009246 0.990990990990991 1320
1778859013356 1.006006006006006 1340
1778859017311 1.021021021021021 1360
1778859021257 1.0360360360360361 1380
1778859025208 1.0510510510510511 1400
1778859029154 1.0660660660660661 1420
1778859033105 1.0810810810810811 1440
1778859037050 1.0960960960960962 1460
1778859040997 1.1111111111111112 1480
1778859044948 1.1261261261261262 1500
1778859054182 1.1261261261261262 1500
1778859062377 1.1411411411411412 1520
1778859066333 1.1561561561561562 1540
1778859070277 1.1711711711711712 1560
1778859074227 1.1861861861861862 1580
1778859078180 1.2012012012012012 1600
1778859082133 1.2162162162162162 1620
1778859086086 1.2312312312312312 1640
1778859090044 1.2462462462462462 1660
1778859093988 1.2612612612612613 1680
1778859097932 1.2762762762762763 1700
1778859101878 1.2912912912912913 1720
1778859105827 1.3063063063063063 1740
1778859117015 1.3138138138138138 1750
1778859123261 1.3213213213213213 1760
1778859127209 1.3363363363363363 1780
1778859131155 1.3513513513513513 1800
1778859135111 1.3663663663663663 1820
1778859139056 1.3813813813813813 1840
1778859143004 1.3963963963963963 1860
1778859146960 1.4114114114114114 1880
1778859150909 1.4264264264264264 1900
1778859154865 1.4414414414414414 1920
1778859158814 1.4564564564564564 1940
1778859162761 1.4714714714714714 1960
1778859166711 1.4864864864864864 1980
1778859170659 1.5015015015015014 2000
1778859179859 1.5015015015015014 2000
1778859188101 1.5165165165165164 2020
1778859192051 1.5315315315315314 2040
1778859195995 1.5465465465465464 2060
1778859200093 1.5615615615615615 2080
1778859204046 1.5765765765765765 2100
1778859207993 1.5915915915915915 2120
1778859211945 1.6066066066066065 2140
1778859215897 1.6216216216216215 2160
1778859219841 1.6366366366366365 2180
1778859223788 1.6516516516516515 2200
1778859227735 1.6666666666666665 2220
1778859231680 1.6816816816816815 2240
1778859242857 1.689189189189189 2250
1778859249066 1.6966966966966965 2260
1778859253019 1.7117117117117115 2280
1778859256964 1.7267267267267268 2300
1778859260915 1.7417417417417418 2320
1778859264868 1.7567567567567568 2340
1778859268816 1.7717717717717718 2360
1778859272766 1.7867867867867868 2380
1778859276711 1.8018018018018018 2400
1778859280659 1.8168168168168168 2420
1778859284605 1.8318318318318318 2440
1778859288548 1.8468468468468469 2460
1778859292499 1.8618618618618619 2480
1778859296446 1.8768768768768769 2500
1778859305645 1.8768768768768769 2500
1778859313844 1.8918918918918919 2520
1778859317798 1.906906906906907 2540
1778859321743 1.921921921921922 2560
1778859325691 1.936936936936937 2580
1778859329638 1.951951951951952 2600
1778859333586 1.966966966966967 2620
1778859337533 1.981981981981982 2640
1778859341484 1.996996996996997 2660
1778859345419 2.012012012012012 2680
1778859349363 2.027027027027027 2700
1778859353314 2.042042042042042 2720
1778859357258 2.057057057057057 2740
1778859368438 2.0645645645645647 2750
1778859374700 2.0720720720720722 2760
1778859378648 2.0870870870870872 2780
1778859382600 2.1021021021021022 2800
1778859386549 2.1171171171171173 2820
1778859390493 2.1321321321321323 2840
1778859394439 2.1471471471471473 2860
1778859398384 2.1621621621621623 2880
1778859402332 2.1771771771771773 2900
1778859406284 2.1921921921921923 2920
1778859410232 2.2072072072072073 2940
1778859414184 2.2222222222222223 2960
1778859418135 2.2372372372372373 2980
1778859422084 2.2522522522522523 3000
1778859431302 2.2522522522522523 3000
1778859439465 2.2672672672672673 3020
1778859443416 2.2822822822822824 3040
1778859447364 2.2972972972972974 3060
1778859451312 2.3123123123123124 3080
1778859455261 2.3273273273273274 3100
1778859459210 2.3423423423423424 3120
1778859463165 2.3573573573573574 3140
1778859467123 2.3723723723723724 3160
1778859471076 2.3873873873873874 3180
1778859475038 2.4024024024024024 3200
1778859478997 2.4174174174174174 3220
1778859482953 2.4324324324324325 3240
1778859494135 2.43993993993994 3250
1778859500354 2.4474474474474475 3260
1778859504305 2.4624624624624625 3280
1778859508256 2.4774774774774775 3300
1778859512208 2.4924924924924925 3320
1778859516158 2.5075075075075075 3340
1778859520119 2.5225225225225225 3360
1778859524073 2.5375375375375375 3380
1778859528030 2.5525525525525525 3400
1778859531993 2.5675675675675675 3420
1778859535950 2.5825825825825826 3440
1778859539901 2.5975975975975976 3460
1778859543864 2.6126126126126126 3480
1778859547825 2.6276276276276276 3500
1778859557060 2.6276276276276276 3500
1778859565228 2.6426426426426426 3520
1778859569173 2.6576576576576576 3540
1778859573115 2.6726726726726726 3560
1778859577062 2.6876876876876876 3580
1778859581009 2.7027027027027026 3600
1778859584957 2.7177177177177176 3620
1778859588907 2.7327327327327327 3640
1778859592857 2.7477477477477477 3660
1778859596801 2.7627627627627627 3680
1778859600755 2.7777777777777777 3700
1778859604705 2.7927927927927927 3720
1778859608654 2.8078078078078077 3740
1778859619839 2.815315315315315 3750
1778859626068 2.8228228228228227 3760
1778859630017 2.8378378378378377 3780
1778859633968 2.8528528528528527 3800
1778859637923 2.8678678678678677 3820
1778859641875 2.8828828828828827 3840
1778859645821 2.8978978978978978 3860
1778859649767 2.9129129129129128 3880
1778859653714 2.9279279279279278 3900
1778859657668 2.942942942942943 3920
1778859661625 2.957957957957958 3940
1778859665567 2.972972972972973 3960
1778859669518 2.987987987987988 3980
1778859673441 3.003003003003003 4000
1778859682676 3.003003003003003 4000
1778859690852 3.018018018018018 4020
1778859694803 3.033033033033033 4040
1778859698742 3.048048048048048 4060
1778859702690 3.063063063063063 4080
1778859706638 3.078078078078078 4100
1778859710584 3.093093093093093 4120
1778859714530 3.108108108108108 4140
1778859718479 3.123123123123123 4160
1778859722425 3.138138138138138 4180
1778859726380 3.153153153153153 4200
1778859730325 3.1681681681681684 4220
1778859734267 3.1831831831831834 4240
1778859745465 3.190690690690691 4250
1778859751737 3.1981981981981984 4260
1778859755687 3.2132132132132134 4280
1778859759810 3.2282282282282284 4300
1778859763759 3.2432432432432434 4320
1778859767714 3.2582582582582584 4340
1778859771666 3.2732732732732734 4360
1778859775611 3.2882882882882885 4380
1778859779554 3.3033033033033035 4400
1778859783500 3.3183183183183185 4420
1778859787448 3.3333333333333335 4440
1778859791396 3.3483483483483485 4460
1778859795345 3.3633633633633635 4480
1778859799292 3.3783783783783785 4500
1778859808504 3.3783783783783785 4500
1778859816676 3.3933933933933935 4520
1778859820632 3.4084084084084085 4540
1778859824586 3.4234234234234235 4560
1778859828537 3.4384384384384385 4580
1778859832487 3.4534534534534536 4600
1778859836442 3.4684684684684686 4620
1778859840395 3.4834834834834836 4640
1778859844343 3.4984984984984986 4660
1778859848291 3.5135135135135136 4680
1778859852242 3.5285285285285286 4700
1778859856187 3.5435435435435436 4720
1778859860134 3.5585585585585586 4740
1778859871329 3.566066066066066 4750
1778859877644 3.5735735735735736 4760
1778859881592 3.5885885885885886 4780
1778859885550 3.6036036036036037 4800
1778859889509 3.6186186186186187 4820
1778859893460 3.6336336336336337 4840
1778859897423 3.6486486486486487 4860
1778859901374 3.6636636636636637 4880
1778859905321 3.6786786786786787 4900
1778859909266 3.6936936936936937 4920
1778859913218 3.7087087087087087 4940
1778859917164 3.7237237237237237 4960
1778859921116 3.7387387387387387 4980
1778859925058 3.7537537537537538 5000
1778859934282 3.7537537537537538 5000
1778859942395 3.7687687687687688 5020
1778859946341 3.7837837837837838 5040
1778859950289 3.798798798798799 5060
1778859954213 3.813813813813814 5080
1778859958137 3.828828828828829 5100
1778859962063 3.843843843843844 5120
1778859965986 3.858858858858859 5140
1778859969910 3.873873873873874 5160
1778859973834 3.888888888888889 5180
1778859977757 3.903903903903904 5200
1778859981680 3.918918918918919 5220
1778859985612 3.933933933933934 5240
1778859996729 3.9414414414414414 5250
1778860002775 3.948948948948949 5260
1778860006700 3.963963963963964 5280
1778860010623 3.978978978978979 5300
1778860014545 3.993993993993994 5320
1778860018456 4.009009009009009 5340
1778860022387 4.024024024024024 5360
1778860026317 4.039039039039039 5380
1778860030251 4.054054054054054 5400
1778860034183 4.069069069069069 5420
1778860038113 4.084084084084084 5440
1778860042044 4.099099099099099 5460
1778860045974 4.114114114114114 5480
1778860049906 4.129129129129129 5500
1778860059060 4.129129129129129 5500
1778860066959 4.1441441441441444 5520
1778860070882 4.1591591591591595 5540
1778860074805 4.1741741741741745 5560
1778860078728 4.1891891891891895 5580
1778860082651 4.2042042042042045 5600
1778860086576 4.2192192192192195 5620
1778860090500 4.2342342342342345 5640
1778860094432 4.2492492492492495 5660
1778860098355 4.2642642642642645 5680
1778860102278 4.2792792792792795 5700
1778860106202 4.2942942942942945 5720
1778860110125 4.3093093093093096 5740
1778860121251 4.316816816816817 5750
1778860127248 4.324324324324325 5760
1778860131171 4.33933933933934 5780
1778860135095 4.354354354354355 5800
1778860139018 4.36936936936937 5820
1778860142943 4.384384384384385 5840
1778860146869 4.3993993993994 5860
1778860150796 4.414414414414415 5880
1778860154719 4.42942942942943 5900
1778860158642 4.444444444444445 5920
1778860162565 4.45945945945946 5940
1778860166488 4.474474474474475 5960
1778860170412 4.48948948948949 5980
1778860174334 4.504504504504505 6000
1778860183479 4.504504504504505 6000
1778860191372 4.51951951951952 6020
1778860195294 4.534534534534535 6040
1778860199217 4.54954954954955 6060
1778860203141 4.564564564564565 6080
1778860207069 4.57957957957958 6100
1778860210991 4.594594594594595 6120
1778860214913 4.60960960960961 6140
1778860218837 4.624624624624625 6160
1778860222767 4.63963963963964 6180
1778860226697 4.654654654654655 6200
1778860230626 4.66966966966967 6220
1778860234557 4.684684684684685 6240
1778860245663 4.692192192192192 6250
1778860251662 4.6996996996997 6260
1778860255585 4.714714714714715 6280
1778860259513 4.72972972972973 6300
1778860263436 4.744744744744745 6320
1778860267359 4.75975975975976 6340
1778860271281 4.774774774774775 6360
1778860275204 4.78978978978979 6380
1778860279127 4.804804804804805 6400
1778860283050 4.81981981981982 6420
1778860286973 4.834834834834835 6440
1778860290895 4.84984984984985 6460
1778860294818 4.864864864864865 6480
1778860298741 4.87987987987988 6500
1778860307886 4.87987987987988 6500
1778860315782 4.894894894894895 6520
1778860319841 4.90990990990991 6540
1778860323764 4.924924924924925 6560
1778860327686 4.93993993993994 6580
1778860331612 4.954954954954955 6600
1778860335542 4.96996996996997 6620
1778860339472 4.984984984984985 6640
1778860343381 5.0 6660
1778860352523 5.0 6660
1778860356576 5.0 6660
1778860367459 5.0 6660
1778860378665 5.0 6660
1778860380794 5.0 0
