1778858685269 3.8e-05 20
1778858689187 7.800000000000001e-05 40
1778858693105 9.986384266263238e-05 60
1778858697025 9.956127080181544e-05 80
1778858700946 9.925869894099849e-05 100
1778858704864 9.895612708018155e-05 120
1778858708784 9.86535552193646e-05 140
1778858712714 9.835098335854766e-05 160
1778858716634 9.804841149773071e-05 180
1778858720554 9.774583963691377e-05 200
1778858724476 9.744326777609682e-05 220
1778858728398 9.714069591527989e-05 240
1778858747094 9.683812405446295e-05 260
1778858751016 9.653555219364599e-05 280
1778858754939 9.623298033282904e-05 300
1778858758862 9.593040847201211e-05 320
1778858762785 9.562783661119517e-05 340
1778858766707 9.532526475037822e-05 360
1778858770630 9.502269288956128e-05 380
1778858774552 9.472012102874433e-05 400
1778858778476 9.441754916792739e-05 420
1778858782406 9.411497730711044e-05 440
1778858786329 9.38124054462935e-05 460
1778858790253 9.350983358547655e-05 480
1778858794202 9.320726172465961e-05 500
1778858810971 9.290468986384266e-05 520
1778858814923 9.260211800302573e-05 540
1778858818872 9.229954614220879e-05 560
1778858822822 9.199697428139183e-05 580
1778858826783 9.169440242057488e-05 600
1778858830735 9.139183055975795e-05 620
1778858834682 9.108925869894101e-05 640
1778858838641 9.078668683812406e-05 660
1778858842599 9.04841149773071e-05 680
1778858846555 9.018154311649017e-05 700
1778858850505 8.987897125567323e-05 720
1778858854461 8.957639939485628e-05 740
1778858871816 8.927382753403934e-05 760
1778858875756 8.897125567322239e-05 780
1778858879710 8.866868381240545e-05 800
1778858883665 8.83661119515885e-05 820
1778858887611 8.806354009077157e-05 840
1778858891556 8.776096822995463e-05 860
1778858895502 8.745839636913767e-05 880
1778858899443 8.715582450832072e-05 900
1778858903394 8.685325264750379e-05 920
1778858907337 8.655068078668685e-05 940
1778858911279 8.62481089258699e-05 960
1778858915230 8.594553706505294e-05 980
1778858919178 8.564296520423601e-05 1000
1778858936538 8.534039334341907e-05 1020
1778858940494 8.503782148260212e-05 1040
1778858944439 8.473524962178518e-05 1060
1778858948392 8.443267776096823e-05 1080
1778858952341 8.413010590015129e-05 1100
1778858956286 8.382753403933434e-05 1120
1778858960241 8.35249621785174e-05 1140
1778858964188 8.322239031770047e-05 1160
1778858968132 8.291981845688351e-05 1180
1778858972083 8.261724659606656e-05 1200
1778858976029 8.231467473524963e-05 1220
1778858979977 8.201210287443269e-05 1240
1778858997409 8.170953101361574e-05 1260
1778859001352 8.140695915279878e-05 1280
1778859005299 8.110438729198185e-05 1300
1778859009246 8.080181543116491e-05 1320
1778859013356 8.049924357034796e-05 1340
1778859017311 8.019667170953102e-05 1360
1778859021257 7.989409984871407e-05 1380
1778859025208 7.959152798789713e-05 1400
1778859029154 7.928895612708018e-05 1420
1778859033105 7.898638426626324e-05 1440
1778859037050 7.86838124054463e-05 1460
1778859040997 7.838124054462935e-05 1480
1778859044948 7.80786686838124e-05 1500
1778859062377 7.777609682299547e-05 1520
1778859066333 7.747352496217853e-05 1540
1778859070277 7.717095310136158e-05 1560
1778859074227 7.686838124054462e-05 1580
1778859078180 7.656580937972769e-05 1600
1778859082133 7.626323751891075e-05 1620
1778859086086 7.59606656580938e-05 1640
1778859090044 7.565809379727686e-05 1660
1778859093988 7.535552193645991e-05 1680
1778859097932 7.505295007564297e-05 1700
1778859101878 7.475037821482602e-05 1720
1778859105827 7.444780635400908e-05 1740
1778859123261 7.414523449319215e-05 1760
1778859127209 7.384266263237519e-05 1780
1778859131155 7.354009077155824e-05 1800
1778859135111 7.323751891074131e-05 1820
1778859139056 7.293494704992437e-05 1840
1778859143004 7.263237518910742e-05 1860
1778859146960 7.232980332829046e-05 1880
1778859150909 7.202723146747353e-05 1900
1778859154865 7.172465960665659e-05 1920
1778859158814 7.142208774583964e-05 1940
1778859162761 7.11195158850227e-05 1960
1778859166711 7.081694402420575e-05 1980
1778859170659 7.051437216338881e-05 2000
1778859188101 7.021180030257186e-05 2020
1778859192051 6.990922844175492e-05 2040
1778859195995 6.960665658093797e-05 2060
1778859200093 6.930408472012103e-05 2080
1778859204046 6.900151285930408e-05 2100
1778859207993 6.869894099848715e-05 2120
1778859211945 6.83963691376702e-05 2140
1778859215897 6.809379727685326e-05 2160
1778859219841 6.77912254160363e-05 2180
1778859223788 6.748865355521937e-05 2200
1778859227735 6.718608169440243e-05 2220
1778859231680 6.688350983358548e-05 2240
1778859249066 6.658093797276854e-05 2260
1778859253019 6.627836611195159e-05 2280
1778859256964 6.597579425113465e-05 2300
1778859260915 6.56732223903177e-05 2320
1778859264868 6.537065052950076e-05 2340
1778859268816 6.506807866868381e-05 2360
1778859272766 6.476550680786687e-05 2380
1778859276711 6.446293494704992e-05 2400
1778859280659 6.416036308623299e-05 2420
1778859284605 6.385779122541605e-05 2440
1778859288548 6.35552193645991e-05 2460
1778859292499 6.325264750378214e-05 2480
1778859296446 6.295007564296521e-05 2500
1778859313844 6.264750378214827e-05 2520
1778859317798 6.234493192133132e-05 2540
1778859321743 6.204236006051438e-05 2560
1778859325691 6.173978819969743e-05 2580
1778859329638 6.143721633888049e-05 2600
1778859333586 6.113464447806354e-05 2620
1778859337533 6.08320726172466e-05 2640
1778859341484 6.052950075642966e-05 2660
1778859345419 6.0226928895612714e-05 2680
1778859349363 5.992435703479576e-05 2700
1778859353314 5.962178517397883e-05 2720
1778859357258 5.931921331316188e-05 2740
1778859374700 5.9016641452344934e-05 2760
1778859378648 5.871406959152799e-05 2780
1778859382600 5.841149773071105e-05 2800
1778859386549 5.8108925869894106e-05 2820
1778859390493 5.7806354009077154e-05 2840
1778859394439 5.750378214826021e-05 2860
1778859398384 5.720121028744327e-05 2880
1778859402332 5.6898638426626326e-05 2900
1778859406284 5.659606656580938e-05 2920
1778859410232 5.6293494704992436e-05 2940
1778859414184 5.59909228441755e-05 2960
1778859418135 5.568835098335855e-05 2980
1778859422084 5.53857791225416e-05 3000
1778859439465 5.508320726172467e-05 3020
1778859443416 5.478063540090772e-05 3040
1778859447364 5.4478063540090774e-05 3060
1778859451312 5.417549167927383e-05 3080
1778859455261 5.387291981845689e-05 3100
1778859459210 5.3570347957639946e-05 3120
1778859463165 5.3267776096822994e-05 3140
1778859467123 5.296520423600605e-05 3160
1778859471076 5.266263237518911e-05 3180
1778859475038 5.2360060514372166e-05 3200
1778859478997 5.205748865355522e-05 3220
1778859482953 5.175491679273827e-05 3240
1778859500354 5.145234493192134e-05 3260
1778859504305 5.114977307110439e-05 3280
1778859508256 5.084720121028744e-05 3300
1778859512208 5.054462934947051e-05 3320
1778859516158 5.024205748865356e-05 3340
1778859520119 4.9939485627836613e-05 3360
1778859524073 4.963691376701967e-05 3380
1778859528030 4.9334341906202724e-05 3400
1778859531993 4.9031770045385785e-05 3420
1778859535950 4.8729198184568834e-05 3440
1778859539901 4.8426626323751896e-05 3460
1778859543864 4.812405446293495e-05 3480
1778859547825 4.7821482602118006e-05 3500
1778859565228 4.751891074130106e-05 3520
1778859569173 4.7216338880484116e-05 3540
1778859573115 4.691376701966717e-05 3560
1778859577062 4.6611195158850226e-05 3580
1778859581009 4.630862329803328e-05 3600
1778859584957 4.600605143721634e-05 3620
1778859588907 4.57034795763994e-05 3640
1778859592857 4.540090771558245e-05 3660
1778859596801 4.509833585476551e-05 3680
1778859600755 4.479576399394856e-05 3700
1778859604705 4.4493192133131625e-05 3720
1778859608654 4.4190620272314673e-05 3740
1778859626068 4.3888048411497735e-05 3760
1778859630017 4.358547655068079e-05 3780
1778859633968 4.3282904689863845e-05 3800
1778859637923 4.29803328290469e-05 3820
1778859641875 4.2677760968229956e-05 3840
1778859645821 4.237518910741301e-05 3860
1778859649767 4.2072617246596066e-05 3880
1778859653714 4.177004538577912e-05 3900
1778859657668 4.146747352496218e-05 3920
1778859661625 4.116490166414524e-05 3940
1778859665567 4.086232980332829e-05 3960
1778859669518 4.055975794251135e-05 3980
1778859673441 4.02571860816944e-05 4000
1778859690852 3.9954614220877465e-05 4020
1778859694803 3.965204236006051e-05 4040
1778859698742 3.9349470499243575e-05 4060
1778859702690 3.904689863842662e-05 4080
1778859706638 3.8744326777609685e-05 4100
1778859710584 3.844175491679274e-05 4120
1778859714530 3.8139183055975795e-05 4140
1778859718479 3.783661119515885e-05 4160
1778859722425 3.7534039334341906e-05 4180
1778859726380 3.723146747352496e-05 4200
1778859730325 3.692889561270802e-05 4220
1778859734267 3.662632375189108e-05 4240
1778859751737 3.632375189107413e-05 4260
1778859755687 3.602118003025719e-05 4280
1778859759810 3.571860816944024e-05 4300
1778859763759 3.5416036308623305e-05 4320
1778859767714 3.511346444780635e-05 4340
1778859771666 3.4810892586989415e-05 4360
1778859775611 3.450832072617246e-05 4380
1778859779554 3.4205748865355525e-05 4400
1778859783500 3.390317700453858e-05 4420
1778859787448 3.3600605143721635e-05 4440
1778859791396 3.329803328290469e-05 4460
1778859795345 3.2995461422087745e-05 4480
1778859799292 3.26928895612708e-05 4500
1778859816676 3.239031770045386e-05 4520
1778859820632 3.208774583963692e-05 4540
1778859824586 3.178517397881997e-05 4560
1778859828537 3.148260211800303e-05 4580
1778859832487 3.118003025718608e-05 4600
1778859836442 3.0877458396369144e-05 4620
1778859840395 3.057488653555219e-05 4640
1778859844343 3.027231467473525e-05 4660
1778859848291 2.9969742813918306e-05 4680
1778859852242 2.9667170953101365e-05 4700
1778859856187 2.9364599092284416e-05 4720
1778859860134 2.9062027231467475e-05 4740
1778859877644 2.875945537065053e-05 4760
1778859881592 2.845688350983359e-05 4780
1778859885550 2.815431164901664e-05 4800
1778859889509 2.78517397881997e-05 4820
1778859893460 2.7549167927382757e-05 4840
1778859897423 2.724659606656581e-05 4860
1778859901374 2.694402420574887e-05 4880
1778859905321 2.6641452344931922e-05 4900
1778859909266 2.633888048411498e-05 4920
1778859913218 2.6036308623298032e-05 4940
1778859917164 2.573373676248109e-05 4960
1778859921116 2.5431164901664146e-05 4980
1778859925058 2.5128593040847204e-05 5000
1778859942395 2.482602118003026e-05 5020
1778859946341 2.4523449319213315e-05 5040
1778859950289 2.422087745839637e-05 5060
1778859954213 2.3918305597579428e-05 5080
1778859958137 2.3615733736762483e-05 5100
1778859962063 2.331316187594554e-05 5120
1778859965986 2.3010590015128593e-05 5140
1778859969910 2.270801815431165e-05 5160
1778859973834 2.2405446293494707e-05 5180
1778859977757 2.2102874432677762e-05 5200
1778859981680 2.1800302571860817e-05 5220
1778859985612 2.1497730711043872e-05 5240
1778860002775 2.1195158850226927e-05 5260
1778860006700 2.0892586989409986e-05 5280
1778860010623 2.0590015128593044e-05 5300
1778860014545 2.02874432677761e-05 5320
1778860018456 1.9984871406959154e-05 5340
1778860022387 1.968229954614221e-05 5360
1778860026317 1.9379727685325268e-05 5380
1778860030251 1.9077155824508323e-05 5400
1778860034183 1.8774583963691378e-05 5420
1778860038113 1.8472012102874433e-05 5440
1778860042044 1.8169440242057488e-05 5460
1778860045974 1.7866868381240547e-05 5480
1778860049906 1.7564296520423602e-05 5500
1778860066959 1.7261724659606657e-05 5520
1778860070882 1.6959152798789712e-05 5540
1778860074805 1.6656580937972767e-05 5560
1778860078728 1.6354009077155826e-05 5580
1778860082651 1.605143721633888e-05 5600
1778860086576 1.574886535552194e-05 5620
1778860090500 1.5446293494704994e-05 5640
1778860094432 1.514372163388805e-05 5660
1778860098355 1.4841149773071106e-05 5680
1778860102278 1.4538577912254161e-05 5700
1778860106202 1.4236006051437218e-05 5720
1778860110125 1.3933434190620273e-05 5740
1778860127248 1.363086232980333e-05 5760
1778860131171 1.3328290468986385e-05 5780
1778860135095 1.302571860816944e-05 5800
1778860139018 1.2723146747352497e-05 5820
1778860142943 1.2420574886535553e-05 5840
1778860146869 1.2118003025718608e-05 5860
1778860150796 1.1815431164901665e-05 5880
1778860154719 1.151285930408472e-05 5900
1778860158642 1.1210287443267777e-05 5920
1778860162565 1.0907715582450832e-05 5940
1778860166488 1.0605143721633887e-05 5960
1778860170412 1.0302571860816944e-05 5980
1778860174334 1e-05 6000
1778860191372 9.697428139183058e-06 6020
1778860195294 9.394856278366113e-06 6040
1778860199217 9.092284417549168e-06 6060
1778860203141 8.789712556732225e-06 6080
1778860207069 8.48714069591528e-06 6100
1778860210991 8.184568835098336e-06 6120
1778860214913 7.881996974281393e-06 6140
1778860218837 7.579425113464449e-06 6160
1778860222767 7.276853252647504e-06 6180
1778860226697 6.97428139183056e-06 6200
1778860230626 6.671709531013616e-06 6220
1778860234557 6.369137670196672e-06 6240
1778860251662 6.066565809379728e-06 6260
1778860255585 5.763993948562784e-06 6280
1778860259513 5.46142208774584e-06 6300
1778860263436 5.158850226928896e-06 6320
1778860267359 4.856278366111952e-06 6340
1778860271281 4.5537065052950075e-06 6360
1778860275204 4.2511346444780634e-06 6380
1778860279127 3.948562783661119e-06 6400
1778860283050 3.6459909228441757e-06 6420
1778860286973 3.3434190620272316e-06 6440
1778860290895 3.0408472012102876e-06 6460
1778860294818 2.7382753403933435e-06 6480
1778860298741 2.4357034795763994e-06 6500
1778860315782 2.1331316187594553e-06 6520
1778860319841 1.8305597579425113e-06 6540
1778860323764 1.5279878971255674e-06 6560
1778860327686 1.2254160363086233e-06 6580
1778860331612 9.228441754916794e-07 6600
1778860335542 6.202723146747353e-07 6620
1778860339472 3.177004538577912e-07 6640
1778860343381 1.51285930408472e-08 6660
