1778858685269 0.6846656799316406 20
1778858689187 0.6118760108947754 40
1778858693105 0.5561862468719483 60
1778858697025 0.6010277271270752 80
1778858700946 0.5191623210906983 100
1778858704864 0.5847160816192627 120
1778858708784 0.5538696765899658 140
1778858712714 0.5133984565734864 160
1778858716634 0.5597414970397949 180
1778858720554 0.5096692085266114 200
1778858724476 0.5186577796936035 220
1778858728398 0.4590435981750488 240
1778858747094 0.46706547737121584 260
1778858751016 0.5005705833435059 280
1778858754939 0.4864795684814453 300
1778858758862 0.5174967765808105 320
1778858762785 0.5098112106323243 340
1778858766707 0.49531049728393556 360
1778858770630 0.4679527759552002 380
1778858774552 0.4499789237976074 400
1778858778476 0.4567666530609131 420
1778858782406 0.4951468467712402 440
1778858786329 0.4919745445251465 460
1778858790253 0.4432538986206055 480
1778858794202 0.5001893997192383 500
1778858810971 0.4705641269683838 520
1778858814923 0.5201072216033935 540
1778858818872 0.4483522891998291 560
1778858822822 0.4688018798828125 580
1778858826783 0.4598860740661621 600
1778858830735 0.4924428462982178 620
1778858834682 0.5170977592468262 640
1778858838641 0.5895480632781982 660
1778858842599 0.6057244777679444 680
1778858846555 0.5297217845916748 700
1778858850505 0.496522045135498 720
1778858854461 0.5119785308837891 740
1778858871816 0.49820847511291505 760
1778858875756 0.4660813808441162 780
1778858879710 0.4954837799072266 800
1778858883665 0.4807548999786377 820
1778858887611 0.4962143421173096 840
1778858891556 0.5362505912780762 860
1778858895502 0.4944577217102051 880
1778858899443 0.5251790046691894 900
1778858903394 0.4534447193145752 920
1778858907337 0.4214932441711426 940
1778858911279 0.49785594940185546 960
1778858915230 0.48454713821411133 980
1778858919178 0.5703768730163574 1000
1778858936538 0.5885294914245606 1020
1778858940494 0.5398788928985596 1040
1778858944439 0.5253495216369629 1060
1778858948392 0.546091890335083 1080
1778858952341 0.5806737899780273 1100
1778858956286 0.5756118774414063 1120
1778858960241 0.5945602416992187 1140
1778858964188 0.6044626712799073 1160
1778858968132 0.7263677597045899 1180
1778858972083 0.6044829845428467 1200
1778858976029 0.6254128456115723 1220
1778858979977 0.5252040386199951 1240
1778858997409 0.6252962112426758 1260
1778859001352 0.6638351440429687 1280
1778859005299 0.6608970642089844 1300
1778859009246 0.715698528289795 1320
1778859013356 0.7148276329040527 1340
1778859017311 0.7417984008789062 1360
1778859021257 0.7054180145263672 1380
1778859025208 0.7036384582519531 1400
1778859029154 0.6972908020019531 1420
1778859033105 0.6931560516357422 1440
1778859037050 0.6957656860351562 1460
1778859040997 0.6922237396240234 1480
1778859044948 0.6952713012695313 1500
1778859062377 0.6976127624511719 1520
1778859066333 0.6992397308349609 1540
1778859070277 0.6911399841308594 1560
1778859074227 0.6904296875 1580
1778859078180 0.6920024871826171 1600
1778859082133 0.6873023986816407 1620
1778859086086 0.6920417785644531 1640
1778859090044 0.6887912750244141 1660
1778859093988 0.6950817108154297 1680
1778859097932 0.6904678344726562 1700
1778859101878 0.6886440277099609 1720
1778859105827 0.6979839324951171 1740
1778859123261 0.6821304321289062 1760
1778859127209 0.688720703125 1780
1778859131155 0.6895416259765625 1800
1778859135111 0.6875411987304687 1820
1778859139056 0.6898189544677734 1840
1778859143004 0.6912811279296875 1860
1778859146960 0.6905303955078125 1880
1778859150909 0.6912399291992187 1900
1778859154865 0.687335205078125 1920
1778859158814 0.6944629669189453 1940
1778859162761 0.6871795654296875 1960
1778859166711 0.6819419860839844 1980
1778859170659 0.6910484313964844 2000
1778859188101 0.6845306396484375 2020
1778859192051 0.6895645141601563 2040
1778859195995 0.6797218322753906 2060
1778859200093 0.6882919311523438 2080
1778859204046 0.6838096618652344 2100
1778859207993 0.6898681640625 2120
1778859211945 0.6906192779541016 2140
1778859215897 0.6847896575927734 2160
1778859219841 0.6878337860107422 2180
1778859223788 0.6846649169921875 2200
1778859227735 0.6912727355957031 2220
1778859231680 0.6962474822998047 2240
1778859249066 0.6926128387451171 2260
1778859253019 0.6856353759765625 2280
1778859256964 0.6893058776855469 2300
1778859260915 0.6794174194335938 2320
1778859264868 0.6861335754394531 2340
1778859268816 0.6918678283691406 2360
1778859272766 0.6859611511230469 2380
1778859276711 0.6810565948486328 2400
1778859280659 0.6852073669433594 2420
1778859284605 0.6934322357177735 2440
1778859288548 0.6855113983154297 2460
1778859292499 0.6783851623535156 2480
1778859296446 0.677777099609375 2500
1778859313844 0.6853683471679688 2520
1778859317798 0.6843395233154297 2540
1778859321743 0.6836284637451172 2560
1778859325691 0.6823230743408203 2580
1778859329638 0.6842658996582032 2600
1778859333586 0.6917813301086426 2620
1778859337533 0.6982002258300781 2640
1778859341484 0.6947402954101562 2660
1778859345419 0.6930398941040039 2680
1778859349363 0.6924079895019531 2700
1778859353314 0.6907943725585938 2720
1778859357258 0.6898330688476563 2740
1778859374700 0.6885433197021484 2760
1778859378648 0.6916522979736328 2780
1778859382600 0.6840190887451172 2800
1778859386549 0.6840007781982422 2820
1778859390493 0.6881690979003906 2840
1778859394439 0.6843166351318359 2860
1778859398384 0.6870513916015625 2880
1778859402332 0.6940513610839844 2900
1778859406284 0.6904594421386718 2920
1778859410232 0.6895668029785156 2940
1778859414184 0.6879371643066406 2960
1778859418135 0.6841705322265625 2980
1778859422084 0.6853965759277344 3000
1778859439465 0.6873249053955078 3020
1778859443416 0.6775489807128906 3040
1778859447364 0.6891822814941406 3060
1778859451312 0.6815647125244141 3080
1778859455261 0.6797420501708984 3100
1778859459210 0.6879993438720703 3120
1778859463165 0.6806491851806641 3140
1778859467123 0.6922809600830078 3160
1778859471076 0.6937992095947265 3180
1778859475038 0.6908031463623047 3200
1778859478997 0.6901275634765625 3220
1778859482953 0.6830406188964844 3240
1778859500354 0.6853244781494141 3260
1778859504305 0.6783321380615235 3280
1778859508256 0.6872882843017578 3300
1778859512208 0.6842479705810547 3320
1778859516158 0.6838146209716797 3340
1778859520119 0.6840381622314453 3360
1778859524073 0.6765285491943359 3380
1778859528030 0.6756580352783204 3400
1778859531993 0.6872100830078125 3420
1778859535950 0.6889854431152344 3440
1778859539901 0.6900169372558593 3460
1778859543864 0.690334701538086 3480
1778859547825 0.6858161926269531 3500
1778859565228 0.689044189453125 3520
1778859569173 0.6839649200439453 3540
1778859573115 0.6869522094726562 3560
1778859577062 0.67735595703125 3580
1778859581009 0.6883563995361328 3600
1778859584957 0.6759693145751953 3620
1778859588907 0.6728012084960937 3640
1778859592857 0.6924198150634766 3660
1778859596801 0.6819347381591797 3680
1778859600755 0.6905242919921875 3700
1778859604705 0.6798500061035156 3720
1778859608654 0.6919158935546875 3740
1778859626068 0.6804084777832031 3760
1778859630017 0.6881557464599609 3780
1778859633968 0.6857852935791016 3800
1778859637923 0.6914684295654296 3820
1778859641875 0.6889518737792969 3840
1778859645821 0.6820228576660157 3860
1778859649767 0.6835079193115234 3880
1778859653714 0.6879352569580078 3900
1778859657668 0.681551742553711 3920
1778859661625 0.6801586151123047 3940
1778859665567 0.6884895324707031 3960
1778859669518 0.6821266174316406 3980
1778859673441 0.6858826160430909 4000
1778859690852 0.6795719146728516 4020
1778859694803 0.6774368286132812 4040
1778859698742 0.695644760131836 4060
1778859702690 0.6848125457763672 4080
1778859706638 0.6816993713378906 4100
1778859710584 0.6835128784179687 4120
1778859714530 0.6884986877441406 4140
1778859718479 0.6860858917236328 4160
1778859722425 0.6876438140869141 4180
1778859726380 0.6834144592285156 4200
1778859730325 0.6831295013427734 4220
1778859734267 0.6841567993164063 4240
1778859751737 0.6790504455566406 4260
1778859755687 0.6798198699951172 4280
1778859759810 0.6700386047363281 4300
1778859763759 0.6764926910400391 4320
1778859767714 0.6526346206665039 4340
1778859771666 0.6696676254272461 4360
1778859775611 0.6438596725463868 4380
1778859779554 0.629937744140625 4400
1778859783500 0.6268405914306641 4420
1778859787448 0.6519247055053711 4440
1778859791396 0.6570676803588867 4460
1778859795345 0.6617450714111328 4480
1778859799292 0.6492654800415039 4500
1778859816676 0.620052719116211 4520
1778859820632 0.6380655288696289 4540
1778859824586 0.6031053543090821 4560
1778859828537 0.6145593643188476 4580
1778859832487 0.6258264541625976 4600
1778859836442 0.6104251861572265 4620
1778859840395 0.6113822937011719 4640
1778859844343 0.598996925354004 4660
1778859848291 0.6022140502929687 4680
1778859852242 0.5923992156982422 4700
1778859856187 0.5876862525939941 4720
1778859860134 0.5534174919128418 4740
1778859877644 0.5583747863769531 4760
1778859881592 0.5551427841186524 4780
1778859885550 0.5510759353637695 4800
1778859889509 0.5337627410888672 4820
1778859893460 0.5313766479492188 4840
1778859897423 0.5217140197753907 4860
1778859901374 0.5102251052856446 4880
1778859905321 0.4938022613525391 4900
1778859909266 0.5438366889953613 4920
1778859913218 0.5237075805664062 4940
1778859917164 0.5093928337097168 4960
1778859921116 0.5115874290466309 4980
1778859925058 0.4868620872497559 5000
1778859942395 0.49857044219970703 5020
1778859946341 0.5073404312133789 5040
1778859950289 0.481394100189209 5060
1778859954213 0.4825749397277832 5080
1778859958137 0.49778013229370116 5100
1778859962063 0.5198258399963379 5120
1778859965986 0.4913775444030762 5140
1778859969910 0.47153263092041015 5160
1778859973834 0.4800545692443848 5180
1778859977757 0.47575864791870115 5200
1778859981680 0.4836279392242432 5220
1778859985612 0.4933145523071289 5240
1778860002775 0.5093738555908203 5260
1778860006700 0.47362537384033204 5280
1778860010623 0.49218273162841797 5300
1778860014545 0.5314846038818359 5320
1778860018456 0.5181161880493164 5340
1778860022387 0.47678098678588865 5360
1778860026317 0.46881694793701173 5380
1778860030251 0.45814037322998047 5400
1778860034183 0.47384939193725584 5420
1778860038113 0.5091619491577148 5440
1778860042044 0.5070258140563965 5460
1778860045974 0.5028714179992676 5480
1778860049906 0.47239975929260253 5500
1778860066959 0.46264896392822263 5520
1778860070882 0.4851290225982666 5540
1778860074805 0.5007167816162109 5560
1778860078728 0.4821749210357666 5580
1778860082651 0.544913911819458 5600
1778860086576 0.5296093940734863 5620
1778860090500 0.5229764938354492 5640
1778860094432 0.4679703712463379 5660
1778860098355 0.47231178283691405 5680
1778860102278 0.4978191375732422 5700
1778860106202 0.47826337814331055 5720
1778860110125 0.49087185859680177 5740
1778860127248 0.4828618049621582 5760
1778860131171 0.48981475830078125 5780
1778860135095 0.501833152770996 5800
1778860139018 0.4605036735534668 5820
1778860142943 0.4541911602020264 5840
1778860146869 0.48091940879821776 5860
1778860150796 0.4537984848022461 5880
1778860154719 0.4598510265350342 5900
1778860158642 0.4979963779449463 5920
1778860162565 0.5137745857238769 5940
1778860166488 0.496355676651001 5960
1778860170412 0.4747137546539307 5980
1778860174334 0.46428661346435546 6000
1778860191372 0.4626302242279053 6020
1778860195294 0.49173746109008787 6040
1778860199217 0.47924370765686036 6060
1778860203141 0.4788521289825439 6080
1778860207069 0.48452210426330566 6100
1778860210991 0.45958499908447265 6120
1778860214913 0.46662487983703616 6140
1778860218837 0.45137577056884765 6160
1778860222767 0.46436767578125 6180
1778860226697 0.46881790161132814 6200
1778860230626 0.4661401271820068 6220
1778860234557 0.46001157760620115 6240
1778860251662 0.4728250980377197 6260
1778860255585 0.4814159393310547 6280
1778860259513 0.48586292266845704 6300
1778860263436 0.47833762168884275 6320
1778860267359 0.4691720485687256 6340
1778860271281 0.4818080425262451 6360
1778860275204 0.47234649658203126 6380
1778860279127 0.44411745071411135 6400
1778860283050 0.46501622200012205 6420
1778860286973 0.4742906093597412 6440
1778860290895 0.4814450263977051 6460
1778860294818 0.47118344306945803 6480
1778860298741 0.46657729148864746 6500
1778860315782 0.4572099208831787 6520
1778860319841 0.48425917625427245 6540
1778860323764 0.4895975112915039 6560
1778860327686 0.46540274620056155 6580
1778860331612 0.4929648399353027 6600
1778860335542 0.4722311019897461 6620
1778860339472 0.48444676399230957 6640
1778860343381 0.44240608215332033 6660
