1778598028312 3.6377854347229004 20
1778598029204 nan 40
1778598030101 5.320465087890625 60
1778598031006 10.620000839233398 80
1778598031906 2.3023552894592285 100
1778598032814 2.2718896865844727 120
1778598033706 5.189090251922607 140
1778598034611 4.833055019378662 160
1778598035512 13.571599006652832 180
1778598036414 7.276742935180664 200
1778598037316 16.38216781616211 220
1778598038214 11.089432716369629 240
1778598042388 7.232932090759277 260
1778598043289 4.276675224304199 280
1778598044189 9.146964073181152 300
1778598045089 7.7800750732421875 320
1778598045990 23.875831604003906 340
1778598046880 11.76851749420166 360
1778598047781 9.286605834960938 380
1778598048685 6.621229648590088 400
1778598049585 17.212791442871094 420
1778598050486 10.934481620788574 440
1778598051388 5.580764293670654 460
1778598052288 8.87786865234375 480
1778598053191 8.585296630859375 500
1778598057189 7.4946699142456055 520
1778598058091 7.123842716217041 540
1778598058992 9.910457611083984 560
1778598059897 9.51783561706543 580
1778598060800 6.857290267944336 600
1778598061701 9.117565155029297 620
1778598062603 19.600934982299805 640
1778598063503 12.79729175567627 660
1778598064406 1.8542580604553223 680
1778598065306 10.663990020751953 700
1778598066208 8.405338287353516 720
1778598067113 5.036408424377441 740
1778598071282 9.084102630615234 760
1778598072183 5.030004501342773 780
1778598073082 9.090580940246582 800
1778598073984 6.848567485809326 820
1778598074884 15.319846153259277 840
1778598075786 7.245480060577393 860
1778598076688 4.089413642883301 880
1778598077589 17.48015785217285 900
1778598078490 5.023681640625 920
1778598079391 3.9409878253936768 940
1778598080291 5.012360572814941 960
1778598081194 7.67563533782959 980
1778598082098 16.18501091003418 1000
1778598086186 8.764507293701172 1020
1778598087093 5.031209468841553 1040
1778598087992 6.423895835876465 1060
1778598088898 9.148077011108398 1080
1778598089801 12.258411407470703 1100
1778598090704 7.6370649337768555 1120
1778598091607 5.364747524261475 1140
1778598092510 7.885517597198486 1160
1778598093412 12.820069313049316 1180
1778598094314 10.677748680114746 1200
1778598095218 7.377651691436768 1220
1778598096122 14.27290153503418 1240
1778598100183 1.9330101013183594 1260
1778598101084 7.313869476318359 1280
1778598101988 3.7902190685272217 1300
1778598102890 2.03548264503479 1320
1778598103793 8.6630859375 1340
1778598104695 7.601473331451416 1360
1778598105598 2.411581516265869 1380
1778598106502 5.318706035614014 1400
1778598107406 6.858704566955566 1420
1778598108309 18.944692611694336 1440
1778598109212 20.549089431762695 1460
1778598110114 5.627457618713379 1480
1778598111016 6.416429042816162 1500
1778598114884 5.141786575317383 1520
1778598115787 8.438573837280273 1540
1778598116690 2.2370316982269287 1560
1778598117596 6.219008445739746 1580
1778598118499 7.97570276260376 1600
1778598119403 10.898948669433594 1620
1778598120307 5.1179704666137695 1640
1778598121212 6.195600986480713 1660
1778598122115 11.517322540283203 1680
1778598123018 10.58033561706543 1700
1778598123922 5.575284004211426 1720
1778598124827 2.0885818004608154 1740
1778598129039 6.754711151123047 1760
1778598129944 4.693988800048828 1780
1778598130853 7.6056389808654785 1800
1778598131757 8.811120986938477 1820
1778598132660 6.785985946655273 1840
1778598133562 12.931523323059082 1860
1778598134466 7.3891730308532715 1880
1778598135372 2.2567543983459473 1900
1778598136274 16.29853630065918 1920
1778598137176 7.9327168464660645 1940
1778598138079 8.979043960571289 1960
1778598138983 6.467926502227783 1980
1778598139885 5.211886405944824 2000
1778598143794 2.906507730484009 2020
1778598144697 8.562837600708008 2040
1778598145585 4.049764156341553 2060
1778598146488 11.90929889678955 2080
1778598147394 0.6800597906112671 2100
1778598148298 7.4655256271362305 2120
1778598149203 10.23804759979248 2140
1778598150109 2.9230728149414062 2160
1778598151012 6.516782283782959 2180
1778598151915 2.0611119270324707 2200
1778598152817 3.7196459770202637 2220
1778598153721 8.2306489944458 2240
1778598157931 5.746600151062012 2260
1778598158833 5.836738586425781 2280
1778598159736 28.555755615234375 2300
1778598160641 12.994096755981445 2320
1778598161545 3.5332109928131104 2340
1778598162447 4.401981353759766 2360
1778598163350 10.540409088134766 2380
1778598164252 11.800629615783691 2400
1778598165156 4.699231147766113 2420
1778598166060 7.545563220977783 2440
1778598166964 12.689689636230469 2460
1778598167868 6.7423481941223145 2480
1778598168771 9.806434631347656 2500
1778598172833 1.3277087211608887 2520
1778598173738 7.893979072570801 2540
1778598174640 7.151542663574219 2560
1778598175543 8.58125114440918 2580
1778598176450 2.20523738861084 2600
1778598177355 2.469167947769165 2620
1778598178258 14.365080833435059 2640
1778598179161 10.731812477111816 2660
1778598180065 6.100392818450928 2680
1778598180969 1.276032567024231 2700
1778598181873 0.5713820457458496 2720
1778598182777 2.523810863494873 2740
1778598186639 0.8126134872436523 2760
1778598187542 2.357785940170288 2780
1778598188444 2.627110004425049 2800
1778598189348 10.39523696899414 2820
1778598190253 7.557827472686768 2840
1778598191156 10.449701309204102 2860
1778598192059 3.6481223106384277 2880
1778598192963 0.6287310123443604 2900
1778598193865 4.215131759643555 2920
1778598194767 13.119677543640137 2940
1778598195673 1.6833827495574951 2960
1778598196575 8.282368659973145 2980
1778598197481 2.1457579135894775 3000
1778598201720 2.1054437160491943 3020
1778598202624 11.30158519744873 3040
1778598203529 9.713422775268555 3060
1778598204434 8.718785285949707 3080
1778598205322 10.28715991973877 3100
1778598206227 0.555755078792572 3120
1778598207132 2.551823854446411 3140
1778598208036 12.86233139038086 3160
1778598208940 5.654509544372559 3180
1778598209845 2.2404580116271973 3200
1778598210748 4.745650291442871 3220
1778598211654 1.512351393699646 3240
1778598215732 8.464295387268066 3260
1778598216640 3.767019271850586 3280
1778598217545 1.8582746982574463 3300
1778598218453 19.617124557495117 3320
1778598219358 10.103217124938965 3340
1778598220259 0.16076649725437164 3360
1778598221162 3.003974199295044 3380
1778598222071 9.094991683959961 3400
1778598222977 5.728766918182373 3420
1778598223880 3.7390151023864746 3440
1778598224787 1.5490010976791382 3460
1778598225691 0.868185818195343 3480
1778598226592 7.012502193450928 3500
1778598230626 10.054816246032715 3520
1778598231530 9.40628719329834 3540
1778598232432 0.9931773543357849 3560
1778598233333 1.6481802463531494 3580
1778598234225 0.12310926616191864 3600
1778598235127 16.798751831054688 3620
1778598236030 0.5832431316375732 3640
1778598236940 1.8792356252670288 3660
1778598237842 8.00737190246582 3680
1778598238744 8.931258201599121 3700
1778598239646 17.59363555908203 3720
1778598240549 21.053508758544922 3740
1778598244417 4.449414253234863 3760
1778598245321 14.17821979522705 3780
1778598246224 1.1887407302856445 3800
1778598247126 1.7289469242095947 3820
1778598248029 0.9106772541999817 3840
1778598248944 6.026123523712158 3860
1778598249880 10.115522384643555 3880
1778598250832 6.889424800872803 3900
1778598251732 15.509316444396973 3920
1778598252636 6.905195236206055 3940
1778598253540 3.3506131172180176 3960
1778598254444 0.9275185465812683 3980
1778598255349 1.6031287908554077 4000
1778598259797 7.960145473480225 4020
1778598260699 4.768529415130615 4040
1778598261599 0.823643684387207 4060
1778598262502 1.2199126482009888 4080
1778598263404 10.247200965881348 4100
1778598264287 1.532820224761963 4120
1778598265188 0.14388903975486755 4140
1778598266086 0.3132064938545227 4160
1778598266989 3.040201187133789 4180
1778598267893 0.9566057920455933 4200
1778598268795 10.538904190063477 4220
1778598269697 10.371620178222656 4240
1778598273781 8.8569917678833 4260
1778598274682 3.193373680114746 4280
1778598275582 15.333072662353516 4300
1778598276482 1.9959059953689575 4320
1778598277385 0.26655420660972595 4340
1778598278289 19.472198486328125 4360
1778598279192 2.727649211883545 4380
1778598280096 14.552127838134766 4400
1778598280997 1.665163516998291 4420
1778598281899 12.49258804321289 4440
1778598282800 15.246126174926758 4460
1778598283703 0.40097540616989136 4480
1778598284605 27.226444244384766 4500
1778598288833 0.16218167543411255 4520
1778598289733 1.7576067447662354 4540
1778598290636 1.8686978816986084 4560
1778598291536 0.7834812998771667 4580
1778598292437 1.5830267667770386 4600
1778598293340 3.542983055114746 4620
1778598294244 1.398013949394226 4640
1778598295148 2.477851390838623 4660
1778598296059 1.2049051523208618 4680
1778598296963 2.95986008644104 4700
1778598297866 2.690242052078247 4720
1778598298769 1.9455745220184326 4740
1778598302639 4.02929162979126 4760
1778598303541 0.33667486906051636 4780
1778598304443 18.562246322631836 4800
1778598305346 0.1104075163602829 4820
1778598306246 0.7168362736701965 4840
1778598307149 4.967535018920898 4860
1778598308051 0.654185950756073 4880
1778598308952 0.18430376052856445 4900
1778598309844 6.613509178161621 4920
1778598310750 3.161708354949951 4940
1778598311655 18.94825553894043 4960
1778598312558 5.017300605773926 4980
1778598313461 0.2452850490808487 5000
1778598317524 0.38721632957458496 5020
1778598318428 2.256406307220459 5040
1778598319335 2.7686867713928223 5060
1778598320239 0.16195759177207947 5080
1778598321143 0.09696532040834427 5100
1778598322047 2.9089319705963135 5120
