1776273667097 0.03474635163307853 50
1776273705864 0.06949270326615706 100
1776273744978 0.10423905489923559 150
1776273784372 0.13898540653231412 200
1776273823884 0.17373175816539263 250
1776273863620 0.20847810979847117 300
1776273903406 0.2432244614315497 350
1776273943286 0.27797081306462823 400
1776273983149 0.3127171646977067 450
1776274022952 0.34746351633078526 500
1776274062914 0.3822098679638638 550
1776274102930 0.41695621959694235 600
1776274143037 0.45170257123002083 650
1776274183047 0.4864489228630994 700
1776274223260 0.5211952744961779 750
1776274263402 0.5559416261292565 800
1776274303521 0.590687977762335 850
1776274343586 0.6254343293954134 900
1776274383525 0.660180681028492 950
1776274423396 0.6949270326615705 1000
1776274463390 0.729673384294649 1050
1776274503292 0.7644197359277276 1100
1776274543412 0.7991660875608061 1150
1776274583264 0.8339124391938847 1200
1776274623228 0.8686587908269632 1250
1776274663132 0.9034051424600417 1300
1776274702911 0.9381514940931203 1350
1776274742691 0.9728978457261988 1400
1776274813902 1.0 1439
1776274853887 1.0076441973592773 1450
1776274893285 1.0423905489923557 1500
1776274932679 1.0771369006254343 1550
1776274972039 1.111883252258513 1600
1776275011477 1.1466296038915913 1650
1776275050829 1.18137595552467 1700
1776275090132 1.2161223071577485 1750
1776275129429 1.2508686587908269 1800
1776275168692 1.2856150104239055 1850
1776275207971 1.320361362056984 1900
1776275247168 1.3551077136900624 1950
1776275286391 1.389854065323141 2000
1776275325548 1.4246004169562196 2050
1776275365188 1.459346768589298 2100
1776275404711 1.4940931202223766 2150
1776275444370 1.5288394718554552 2200
1776275483953 1.5635858234885336 2250
1776275523348 1.5983321751216122 2300
1776275562684 1.6330785267546908 2350
1776275602111 1.6678248783877692 2400
1776275641563 1.7025712300208478 2450
1776275680883 1.7373175816539264 2500
1776275720099 1.7720639332870047 2550
1776275759332 1.8068102849200836 2600
1776275798518 1.841556636553162 2650
1776275837631 1.8763029881862403 2700
1776275876696 1.9110493398193191 2750
1776275915813 1.9457956914523975 2800
1776275954924 1.9805420430854759 2850
