1776273667097 0.052848078310489655 50
1776273705864 16.502885818481445 100
1776273744978 0.03205360472202301 150
1776273784372 0.06622590869665146 200
1776273823884 0.009860210120677948 250
1776273863620 0.02085263468325138 300
1776273903406 0.009742342866957188 350
1776273943286 0.006370509508997202 400
1776273983149 0.009956689551472664 450
1776274022952 0.008366561494767666 500
1776274062914 0.00776164885610342 550
1776274102930 14.534327507019043 600
1776274143037 0.0443270280957222 650
1776274183047 9.222332000732422 700
1776274223260 0.020023338496685028 750
1776274263402 0.010610037483274937 800
1776274303521 0.1822759360074997 850
1776274343586 0.02250668965280056 900
1776274383525 0.031643345952034 950
1776274423396 0.007074667140841484 1000
1776274463390 0.006680049933493137 1050
1776274503292 0.011201906017959118 1100
1776274543412 0.010574626736342907 1150
1776274583264 0.04575527459383011 1200
1776274623228 0.020069897174835205 1250
1776274663132 0.012306537479162216 1300
1776274702911 0.006469501182436943 1350
1776274742691 0.006718892138451338 1400
1776274853887 6.334730625152588 1450
1776274893285 0.009324229322373867 1500
1776274932679 0.004511876031756401 1550
1776274972039 0.10280288010835648 1600
1776275011477 0.02262248657643795 1650
1776275050829 0.0019048035610467196 1700
1776275090132 0.0010237045353278518 1750
1776275129429 0.018331047147512436 1800
1776275168692 0.011531679891049862 1850
1776275207971 0.050298288464546204 1900
1776275247168 0.0012839797418564558 1950
1776275286391 0.0009014292736537755 2000
1776275325548 0.0010853848652914166 2050
1776275365188 0.007370100822299719 2100
1776275404711 0.007155084516853094 2150
1776275444370 0.015706682577729225 2200
1776275483953 0.0035934466868638992 2250
1776275523348 0.00482210423797369 2300
1776275562684 0.003329911734908819 2350
1776275602111 0.002387479180470109 2400
1776275641563 0.002051910851150751 2450
1776275680883 1.9371455907821655 2500
1776275720099 21.83390998840332 2550
1776275759332 0.004400535020977259 2600
1776275798518 0.0010473595466464758 2650
1776275837631 0.0008601713343523443 2700
1776275876696 0.00532147940248251 2750
1776275915813 0.0009033369715325534 2800
1776275954924 0.0009269574657082558 2850
1776276034389 0.0008754573646001518 2900
1776276073372 0.0008481801487505436 2950
1776276112401 0.0008556502289138734 3000
1776276151422 0.0007379316375590861 3050
1776276190416 0.000643076142296195 3100
1776276229313 0.000656621006783098 3150
1776276268219 0.0010989835718646646 3200
1776276307096 0.000564668036531657 3250
1776276345950 0.0006220810464583337 3300
1776276384826 0.0005009839660488069 3350
1776276423934 0.0015147579833865166 3400
1776276463199 0.00037840325967408717 3450
1776276502248 0.0005716740852221847 3500
1776276541294 0.0004710130160674453 3550
1776276580346 0.0004931133007630706 3600
1776276619369 0.0004694461531471461 3650
1776276658433 0.0003531633410602808 3700
1776276697495 0.0006326699513010681 3750
1776276736347 0.00047042069490998983 3800
1776276775123 0.0005115153035148978 3850
1776276813977 0.0005137582193128765 3900
1776276852835 0.00041782259359024465 3950
1776276891664 0.0005029502790421247 4000
1776276930367 0.0004971493035554886 4050
1776276969144 0.0006490537780337036 4100
1776277007956 0.000348369445418939 4150
1776277046698 0.00037003951729275286 4200
1776277085479 0.0014352906728163362 4250
1776277124266 0.00034504319773986936 4300
