1776273667097 0.2278 50
1776273705864 0.11 100
1776273744978 0.0901 150
1776273784372 0.1009 200
1776273823884 0.0245 250
1776273863620 0.0415 300
1776273903406 0.0317 350
1776273943286 0.0268 400
1776273983149 0.014 450
1776274022952 0.0272 500
1776274062914 0.0359 550
1776274102930 0.0627 600
1776274143037 0.0323 650
1776274183047 0.0628 700
1776274223260 0.0463 750
1776274263402 0.0353 800
1776274303521 0.0565 850
1776274343586 0.0201 900
1776274383525 0.0317 950
1776274423396 0.0303 1000
1776274463390 0.019 1050
1776274503292 0.0278 1100
1776274543412 0.0289 1150
1776274583264 0.007 1200
1776274623228 0.0342 1250
1776274663132 0.0126 1300
1776274702911 0.0425 1350
1776274742691 0.0204 1400
1776274853887 0.0317 1450
1776274893285 0.0005 1500
1776274932679 0.0025 1550
1776274972039 0.0002 1600
1776275011477 0.0117 1650
1776275050829 0.0017 1700
1776275090132 0.0001 1750
1776275129429 0.0004 1800
1776275168692 0.0001 1850
1776275207971 0.0214 1900
1776275247168 0.0001 1950
1776275286391 0.0078 2000
1776275325548 0.0063 2050
1776275365188 0.0298 2100
1776275404711 0.0002 2150
1776275444370 0.0197 2200
1776275483953 0.0004 2250
1776275523348 0.0001 2300
1776275562684 0.0042 2350
1776275602111 0.0233 2400
1776275641563 0.006 2450
1776275680883 0.0003 2500
1776275720099 0.0225 2550
1776275759332 0.0003 2600
1776275798518 0.0061 2650
1776275837631 0.0001 2700
1776275876696 0.0005 2750
1776275915813 0.0177 2800
1776275954924 0.0001 2850
