1776255500626 0.49618217468261716 50
1776255513534 0.47952823638916015 100
1776255526467 0.44988330841064456 150
1776255539422 0.4132381820678711 200
1776255552397 0.37394710540771486 250
1776255565385 0.33764034271240234 300
1776255578388 0.3081927108764648 350
1776255591421 0.2865523910522461 400
1776255610407 0.27180919647216795 450
1776255623457 0.2623050308227539 500
1776255636524 0.25677549362182617 550
1776255649607 0.25363208770751955 600
1776255662710 0.25189020156860353 650
1776255675835 0.2510416603088379 700
1776255688964 0.25060234069824217 750
1776255702098 0.25028553009033205 800
1776255715318 0.2501542091369629 850
1776255734708 0.2500921630859375 900
1776255747965 0.2500514793395996 950
1776255761252 0.2500382232666016 1000
1776255774500 0.2500229072570801 1050
1776255787677 0.25002126693725585 1100
1776255800876 0.2500026893615723 1150
1776255814072 0.2500108528137207 1200
1776255827265 0.25002614974975584 1250
1776255840470 0.250003490447998 1300
