1778884324310 0.4371584699453552 20
1778884342672 0.8743169398907104 40
1778884360626 1.3060109289617485 60
1778884378984 1.7431693989071038 80
1778884396937 2.1748633879781423 100
1778884415297 2.612021857923497 120
1778884433247 3.0437158469945356 140
1778884451604 3.480874316939891 160
1778884469960 3.918032786885246 180
1778884487907 4.3497267759562845 200
1778884506263 4.786885245901639 220
1778884524211 5.218579234972678 240
1778884535831 5.437158469945355 250
1778884546655 5.655737704918033 260
1778884564606 6.087431693989071 280
1778884582962 6.524590163934426 300
1778884601319 6.961748633879782 320
1778884619269 7.39344262295082 340
1778884637622 7.830601092896175 360
1778884655572 8.262295081967213 380
1778884673927 8.699453551912569 400
1778884691877 9.131147540983607 420
1778884710231 9.568306010928962 440
1778884728176 10.0 460
1778884730622 10.0 460
1778884732014 10.0 460
1778884735655 10.0 460
1778884738485 10.0 460
1778884743474 10.0 0
