1778884324310 0.21478621661663055 20
1778884342672 1.7661774158477783 40
1778884360626 5.250182628631592 60
1778884378984 4.246299743652344 80
1778884396937 4.153787136077881 100
1778884415297 3.081597089767456 120
1778884433247 3.72922945022583 140
1778884451604 6.139670372009277 160
1778884469960 8.290837287902832 180
1778884487907 15.213236808776855 200
1778884506263 7.880993843078613 220
1778884524211 6.775927543640137 240
1778884546655 13.831787109375 260
1778884564606 4.41140604019165 280
1778884582962 2.696476936340332 300
1778884601319 7.604677200317383 320
1778884619269 4.218478202819824 340
1778884637622 3.8071866035461426 360
1778884655572 3.457915782928467 380
1778884673927 3.610678195953369 400
1778884691877 3.8711459636688232 420
1778884710231 1.5391110181808472 440
1778884728176 0.22103290259838104 460
