1778884324310 3.8e-05 20
1778884342672 7.800000000000001e-05 40
1778884360626 9.78048780487805e-05 60
1778884378984 9.292682926829269e-05 80
1778884396937 8.804878048780489e-05 100
1778884415297 8.317073170731707e-05 120
1778884433247 7.829268292682928e-05 140
1778884451604 7.341463414634146e-05 160
1778884469960 6.853658536585367e-05 180
1778884487907 6.365853658536585e-05 200
1778884506263 5.878048780487805e-05 220
1778884524211 5.390243902439025e-05 240
1778884546655 4.902439024390244e-05 260
1778884564606 4.414634146341464e-05 280
1778884582962 3.9268292682926835e-05 300
1778884601319 3.4390243902439025e-05 320
1778884619269 2.951219512195122e-05 340
1778884637622 2.4634146341463414e-05 360
1778884655572 1.975609756097561e-05 380
1778884673927 1.4878048780487805e-05 400
1778884691877 1e-05 420
1778884710231 5.121951219512195e-06 440
1778884728176 2.439024390243903e-07 460
