1778851119836 3.8e-05 20
1778851122835 7.800000000000001e-05 40
1778851125814 9.986384266263238e-05 60
1778851128805 9.957639939485628e-05 80
1778851131788 9.927382753403934e-05 100
1778851134766 9.897125567322239e-05 120
1778851137740 9.866868381240545e-05 140
1778851140718 9.838124054462935e-05 160
1778851143699 9.807866868381241e-05 180
1778851146695 9.777609682299547e-05 200
1778851149699 9.747352496217852e-05 220
1778851152689 9.717095310136157e-05 240
1778851168758 9.686838124054464e-05 260
1778851171749 9.656580937972769e-05 280
1778851174744 9.626323751891075e-05 300
1778851177744 9.59606656580938e-05 320
1778851180726 9.565809379727686e-05 340
1778851183713 9.537065052950075e-05 360
1778851186717 9.506807866868381e-05 380
1778851189727 9.476550680786688e-05 400
1778851192723 9.446293494704993e-05 420
1778851195715 9.416036308623299e-05 440
1778851198693 9.385779122541603e-05 460
1778851201685 9.35552193645991e-05 480
1778851204680 9.325264750378215e-05 500
1778851220480 9.295007564296521e-05 520
1778851223461 9.264750378214826e-05 540
1778851226440 9.234493192133132e-05 560
1778851229418 9.204236006051437e-05 580
1778851232413 9.173978819969743e-05 600
1778851235422 9.14372163388805e-05 620
1778851238419 9.113464447806355e-05 640
1778851241403 9.08320726172466e-05 660
1778851244388 9.052950075642965e-05 680
1778851247377 9.022692889561272e-05 700
1778851250384 8.992435703479577e-05 720
1778851253376 8.962178517397883e-05 740
1778851269251 8.931921331316187e-05 760
1778851272251 8.901664145234494e-05 780
1778851275237 8.871406959152799e-05 800
1778851278238 8.841149773071105e-05 820
1778851281225 8.81089258698941e-05 840
1778851284211 8.780635400907716e-05 860
1778851287193 8.750378214826021e-05 880
1778851290196 8.720121028744327e-05 900
1778851293198 8.689863842662634e-05 920
1778851296208 8.659606656580939e-05 940
1778851299197 8.629349470499243e-05 960
1778851302194 8.599092284417549e-05 980
1778851305330 8.568835098335856e-05 1000
