1778851119836 0.6918701171875 20
1778851122835 0.6890373229980469 40
1778851125814 0.6330143928527832 60
1778851128805 0.6461244106292725 80
1778851131788 0.5805847644805908 100
1778851134766 0.48903236389160154 120
1778851137740 0.42528553009033204 140
1778851140718 0.4667663097381592 160
1778851143699 0.460516357421875 180
1778851146695 0.4642473697662354 200
1778851149699 0.420289421081543 220
1778851152689 0.4117764472961426 240
1778851168758 0.39255247116088865 260
1778851171749 0.4059112548828125 280
1778851174744 0.3829923629760742 300
1778851177744 0.43295722007751464 320
1778851180726 0.40570878982543945 340
1778851183713 0.4165643692016602 360
1778851186717 0.3811371326446533 380
1778851189727 0.36385378837585447 400
1778851192723 0.3483056306838989 420
1778851195715 0.3746558427810669 440
1778851198693 0.35853302478790283 460
1778851201685 0.3856671810150146 480
1778851204680 0.38935346603393556 500
1778851220480 0.35733718872070314 520
1778851223461 0.39456934928894044 540
1778851226440 0.34462590217590333 560
1778851229418 0.3395211935043335 580
1778851232413 0.3789698123931885 600
1778851235422 0.35508551597595217 620
1778851238419 0.38826000690460205 640
1778851241403 0.37952389717102053 660
1778851244388 0.3613408088684082 680
1778851247377 0.3692344665527344 700
1778851250384 0.3408996343612671 720
1778851253376 0.3982922315597534 740
1778851269251 0.3697672843933105 760
1778851272251 0.36048591136932373 780
1778851275237 0.34209260940551756 800
1778851278238 0.37471957206726075 820
1778851281225 0.3629434585571289 840
1778851284211 0.3704679012298584 860
1778851287193 0.34713866710662844 880
1778851290196 0.40903348922729493 900
1778851293198 0.318105411529541 920
1778851296208 0.3412973403930664 940
1778851299197 0.34974355697631837 960
1778851302194 0.34726676940917967 980
1778851305330 0.3706738710403442 1000
