1778290814132 0.21739130434782608 20
1778290817035 0.43478260869565216 40
1778290819928 0.6521739130434783 60
1778290822834 0.8695652173913043 80
1778290825735 1.0869565217391304 100
1778290828641 1.3043478260869565 120
1778290831542 1.5217391304347827 140
1778290834448 1.7391304347826086 160
1778290837348 1.9565217391304348 180
1778290840256 2.1739130434782608 200
1778290843163 2.391304347826087 220
1778290846074 2.608695652173913 240
1778290847630 2.717391304347826 250
1778290850100 2.8260869565217392 260
1778290853011 3.0434782608695654 280
1778290855925 3.260869565217391 300
1778290858833 3.4782608695652173 320
1778290861745 3.6956521739130435 340
1778290864649 3.9130434782608696 360
1778290867559 4.130434782608695 380
1778290870463 4.3478260869565215 400
1778290873374 4.565217391304348 420
1778290876278 4.782608695652174 440
1778290879188 5.0 460
1778290882094 5.217391304347826 480
1778290885003 5.434782608695652 500
1778290885109 5.434782608695652 500
1778290889169 5.6521739130434785 520
1778290892075 5.869565217391305 540
1778290894987 6.086956521739131 560
1778290897901 6.304347826086957 580
1778290900806 6.521739130434782 600
1778290903717 6.739130434782608 620
1778290906625 6.956521739130435 640
1778290909536 7.173913043478261 660
1778290912445 7.391304347826087 680
1778290915354 7.608695652173913 700
1778290918255 7.826086956521739 720
1778290921159 8.043478260869565 740
1778290922713 8.152173913043478 750
1778290925188 8.26086956521739 760
1778290928091 8.478260869565217 780
1778290931012 8.695652173913043 800
1778290933916 8.91304347826087 820
1778290936827 9.130434782608695 840
1778290939731 9.347826086956522 860
1778290942642 9.565217391304348 880
1778290945546 9.782608695652174 900
1778290948457 10.0 920
1778290949690 10.0 920
1778290950016 10.0 920
1778290950163 10.0 920
1778290950547 10.0 0
