1778290814132 1.08e-05 20
1778290817035 2.22e-05 40
1778290819928 2.9793103448275863e-05 60
1778290822834 2.910344827586207e-05 80
1778290825735 2.841379310344828e-05 100
1778290828641 2.772413793103448e-05 120
1778290831542 2.703448275862069e-05 140
1778290834448 2.6344827586206898e-05 160
1778290837348 2.5655172413793106e-05 180
1778290840256 2.496551724137931e-05 200
1778290843163 2.4275862068965516e-05 220
1778290846074 2.3586206896551724e-05 240
1778290850100 2.2896551724137933e-05 260
1778290853011 2.2206896551724138e-05 280
1778290855925 2.1517241379310346e-05 300
1778290858833 2.0827586206896554e-05 320
1778290861745 2.013793103448276e-05 340
1778290864649 1.9448275862068964e-05 360
1778290867559 1.8758620689655173e-05 380
1778290870463 1.806896551724138e-05 400
1778290873374 1.737931034482759e-05 420
1778290876278 1.668965517241379e-05 440
1778290879188 1.6e-05 460
1778290882094 1.5310344827586208e-05 480
1778290885003 1.4620689655172414e-05 500
1778290889169 1.3931034482758621e-05 520
1778290892075 1.3241379310344828e-05 540
1778290894987 1.2551724137931036e-05 560
1778290897901 1.1862068965517241e-05 580
1778290900806 1.117241379310345e-05 600
1778290903717 1.0482758620689656e-05 620
1778290906625 9.793103448275863e-06 640
1778290909536 9.10344827586207e-06 660
1778290912445 8.413793103448276e-06 680
1778290915354 7.724137931034483e-06 700
1778290918255 7.03448275862069e-06 720
1778290921159 6.344827586206897e-06 740
1778290925188 5.6551724137931035e-06 760
1778290928091 4.96551724137931e-06 780
1778290931012 4.275862068965518e-06 800
1778290933916 3.5862068965517243e-06 820
1778290936827 2.896551724137931e-06 840
1778290939731 2.206896551724138e-06 860
1778290942642 1.5172413793103447e-06 880
1778290945546 8.275862068965517e-07 900
1778290948457 1.3793103448275863e-07 920
