1778312287743 1.2565385103225708 20
1778312303313 0.9494315385818481 40
1778312319205 0.6959624290466309 60
1778312335110 1.6526771783828735 80
1778312351383 0.7985888123512268 100
1778312367395 1.7867062091827393 120
1778312383927 0.96602463722229 140
1778312399759 1.6675183773040771 160
1778312415882 1.1535770893096924 180
1778312431692 2.0441737174987793 200
1778312447701 1.0832940340042114 220
1778312463896 1.4965485334396362 240
1778312490844 1.253800868988037 260
1778312506431 1.2682119607925415 280
1778312522492 1.1199746131896973 300
1778312538199 1.2201144695281982 320
1778312554229 0.8931825160980225 340
1778312569894 0.8072909712791443 360
1778312585804 1.5630754232406616 380
1778312601383 0.6275389194488525 400
1778312616905 0.711239755153656 420
1778312633179 1.0334057807922363 440
1778312648395 0.8664605617523193 460
1778312664049 0.659757137298584 480
1778312679763 1.3041026592254639 500
1778312706363 1.0397088527679443 520
1778312721838 1.0092113018035889 540
1778312737917 1.4768565893173218 560
1778312753844 0.815172553062439 580
1778312769974 1.7434265613555908 600
1778312785454 1.9099940061569214 620
1778312801404 2.2938854694366455 640
1778312816832 1.1466994285583496 660
1778312832996 1.3982353210449219 680
1778312849127 0.9813599586486816 700
1778312864701 1.3774653673171997 720
1778312880617 1.0077828168869019 740
1778312907303 0.9438581466674805 760
1778312922903 1.1861263513565063 780
1778312938874 0.7056682109832764 800
1778312954633 2.082106351852417 820
1778312970442 1.3845579624176025 840
1778312986610 1.0759700536727905 860
1778313002639 1.02411687374115 880
1778313018643 1.2361172437667847 900
1778313034869 0.9921256899833679 920
1778313050580 1.8479522466659546 940
1778313066308 2.186406135559082 960
1778313082105 1.781528353691101 980
1778313097628 0.9973570704460144 1000
1778313124318 0.9963781833648682 1020
1778313139821 0.8642297983169556 1040
1778313156189 1.3317545652389526 1060
1778313172149 1.279181957244873 1080
1778313188186 1.0393682718276978 1100
1778313204247 1.6502305269241333 1120
1778313219776 0.7916576862335205 1140
1778313235120 0.9458678364753723 1160
1778313251156 1.8532878160476685 1180
1778313266864 1.3196001052856445 1200
1778313282629 1.1041405200958252 1220
1778313298258 2.6106913089752197 1240
1778313324742 1.27173912525177 1260
1778313340445 1.0170364379882812 1280
1778313355764 1.6952879428863525 1300
1778313371436 1.6976730823516846 1320
1778313386851 1.5432313680648804 1340
1778313402567 0.919842004776001 1360
