1778312287743 1.1400000000000001e-05 20
1778312303313 2.3400000000000003e-05 40
1778312319205 2.979514415781487e-05 60
1778312335110 2.933990895295903e-05 80
1778312351383 2.888467374810319e-05 100
1778312367395 2.8429438543247342e-05 120
1778312383927 2.79742033383915e-05 140
1778312399759 2.751896813353566e-05 160
1778312415882 2.706373292867982e-05 180
1778312431692 2.6608497723823978e-05 200
1778312447701 2.6153262518968134e-05 220
1778312463896 2.5698027314112293e-05 240
1778312490844 2.524279210925645e-05 260
1778312506431 2.4787556904400608e-05 280
1778312522492 2.4332321699544767e-05 300
1778312538199 2.3877086494688922e-05 320
1778312554229 2.342185128983308e-05 340
1778312569894 2.296661608497724e-05 360
1778312585804 2.25113808801214e-05 380
1778312601383 2.2056145675265552e-05 400
1778312616905 2.160091047040971e-05 420
1778312633179 2.114567526555387e-05 440
1778312648395 2.069044006069803e-05 460
1778312664049 2.0235204855842188e-05 480
1778312679763 1.9779969650986344e-05 500
1778312706363 1.93247344461305e-05 520
1778312721838 1.886949924127466e-05 540
1778312737917 1.8414264036418818e-05 560
1778312753844 1.7959028831562973e-05 580
1778312769974 1.7503793626707132e-05 600
1778312785454 1.704855842185129e-05 620
1778312801404 1.659332321699545e-05 640
1778312816832 1.6138088012139606e-05 660
1778312832996 1.5682852807283762e-05 680
1778312849127 1.5227617602427921e-05 700
1778312864701 1.477238239757208e-05 720
1778312880617 1.4317147192716237e-05 740
1778312907303 1.3861911987860395e-05 760
1778312922903 1.3406676783004552e-05 780
1778312938874 1.2951441578148711e-05 800
1778312954633 1.2496206373292868e-05 820
1778312970442 1.2040971168437026e-05 840
1778312986610 1.1585735963581185e-05 860
1778313002639 1.113050075872534e-05 880
1778313018643 1.06752655538695e-05 900
1778313034869 1.0220030349013657e-05 920
1778313050580 9.764795144157816e-06 940
1778313066308 9.309559939301973e-06 960
1778313082105 8.85432473444613e-06 980
1778313097628 8.39908952959029e-06 1000
1778313124318 7.943854324734446e-06 1020
1778313139821 7.488619119878604e-06 1040
1778313156189 7.033383915022762e-06 1060
1778313172149 6.57814871016692e-06 1080
1778313188186 6.1229135053110775e-06 1100
1778313204247 5.667678300455236e-06 1120
1778313219776 5.212443095599393e-06 1140
1778313235120 4.7572078907435505e-06 1160
1778313251156 4.301972685887709e-06 1180
1778313266864 3.846737481031866e-06 1200
1778313282629 3.3915022761760243e-06 1220
1778313298258 2.936267071320182e-06 1240
1778313324742 2.4810318664643403e-06 1260
1778313340445 2.0257966616084977e-06 1280
1778313355764 1.5705614567526555e-06 1300
1778313371436 1.1153262518968135e-06 1320
1778313386851 6.600910470409712e-07 1340
1778313402567 2.04855842185129e-07 1360
