1778312287743 0.6961 20
1778312303313 0.6765 40
1778312319205 0.6523 60
1778312335110 0.6184 80
1778312351383 0.5815 100
1778312367395 0.5434 120
1778312383927 0.5239 140
1778312399759 0.5151 160
1778312415882 0.4958 180
1778312431692 0.4902 200
1778312447701 0.4874 220
1778312463896 0.4864 240
1778312490844 0.4825 260
1778312506431 0.4562 280
1778312522492 0.441 300
1778312538199 0.4949 320
1778312554229 0.4847 340
1778312569894 0.4598 360
1778312585804 0.4639 380
1778312601383 0.4605 400
1778312616905 0.4822 420
1778312633179 0.4483 440
1778312648395 0.4566 460
1778312664049 0.4452 480
1778312679763 0.4501 500
1778312706363 0.4716 520
1778312721838 0.4395 540
1778312737917 0.4464 560
1778312753844 0.4293 580
1778312769974 0.4241 600
1778312785454 0.4567 620
1778312801404 0.4568 640
1778312816832 0.4301 660
1778312832996 0.4432 680
1778312849127 0.4255 700
1778312864701 0.4647 720
1778312880617 0.425 740
1778312907303 0.433 760
1778312922903 0.4547 780
1778312938874 0.426 800
1778312954633 0.4348 820
1778312970442 0.4225 840
1778312986610 0.4118 860
1778313002639 0.4457 880
1778313018643 0.4018 900
1778313034869 0.4374 920
1778313050580 0.4259 940
1778313066308 0.4172 960
1778313082105 0.4128 980
1778313097628 0.4404 1000
1778313124318 0.4582 1020
1778313139821 0.4192 1040
1778313156189 0.4118 1060
1778313172149 0.4116 1080
1778313188186 0.4011 1100
1778313204247 0.4274 1120
1778313219776 0.4261 1140
1778313235120 0.4289 1160
1778313251156 0.4168 1180
1778313266864 0.4265 1200
1778313282629 0.4523 1220
1778313298258 0.4112 1240
1778313324742 0.3944 1260
1778313340445 0.4064 1280
1778313355764 0.4012 1300
1778313371436 0.4163 1320
1778313386851 0.4125 1340
1778313402567 0.4126 1360
