1779324222139 0.028050490883590462 20
1779324222889 0.056100981767180924 40
1779324223492 0.08415147265077139 60
1779324224142 0.11220196353436185 80
1779324224827 0.1402524544179523 100
1779324225479 0.16830294530154277 120
1779324226178 0.19635343618513323 140
1779324226967 0.2244039270687237 160
1779324227595 0.25245441795231416 180
1779324228413 0.2805049088359046 200
1779324229110 0.3085553997194951 220
1779324229746 0.33660589060308554 240
1779324264207 0.3506311360448808 250
1779324265182 0.364656381486676 260
1779324265826 0.39270687237026647 280
1779324266460 0.42075736325385693 300
1779324267148 0.4488078541374474 320
1779324267781 0.47685834502103785 340
1779324268428 0.5049088359046283 360
1779324269173 0.5329593267882188 380
1779324269898 0.5610098176718092 400
1779324270624 0.5890603085553997 420
1779324271339 0.6171107994389902 440
1779324272047 0.6451612903225806 460
1779324272760 0.6732117812061711 480
1779324273449 0.7012622720897616 500
1779324291297 0.7012622720897616 500
1779324292561 0.729312762973352 520
1779324293060 0.7573632538569425 540
1779324293731 0.7854137447405329 560
1779324294393 0.8134642356241234 580
1779324295067 0.8415147265077139 600
1779324295708 0.8695652173913043 620
1779324296332 0.8976157082748948 640
1779324297030 0.9256661991584852 660
1779324297692 0.9537166900420757 680
1779324298337 0.9817671809256662 700
1779324298989 1.0098176718092566 720
1779324299641 1.0378681626928472 740
1779324310499 1.0518934081346423 750
1779324311526 1.0659186535764376 760
1779324312208 1.0939691444600281 780
1779324312906 1.1220196353436185 800
1779324313546 1.150070126227209 820
1779324314239 1.1781206171107994 840
1779324315078 1.20617110799439 860
1779324315700 1.2342215988779803 880
1779324316676 1.262272089761571 900
1779324317329 1.2903225806451613 920
1779324318065 1.3183730715287518 940
1779324318792 1.3464235624123422 960
1779324319478 1.3744740532959328 980
1779324320147 1.402524544179523 1000
1779324330228 1.402524544179523 1000
1779324331315 1.4305750350631137 1020
1779324331861 1.458625525946704 1040
1779324332437 1.4866760168302946 1060
1779324333024 1.514726507713885 1080
1779324333560 1.5427769985974753 1100
1779324334107 1.5708274894810659 1120
1779324334692 1.5988779803646564 1140
1779324335305 1.6269284712482468 1160
1779324336106 1.6549789621318372 1180
1779324336734 1.6830294530154277 1200
1779324337334 1.7110799438990183 1220
1779324337872 1.7391304347826086 1240
1779324348790 1.753155680224404 1250
1779324349899 1.767180925666199 1260
1779324350625 1.7952314165497896 1280
1779324351267 1.8232819074333801 1300
1779324351895 1.8513323983169705 1320
1779324352553 1.8793828892005608 1340
1779324353295 1.9074333800841514 1360
1779324353990 1.935483870967742 1380
1779324354738 1.9635343618513323 1400
1779324355412 1.9915848527349227 1420
1779324356100 2.0196353436185133 1440
1779324356638 2.047685834502104 1460
1779324357191 2.0757363253856944 1480
1779324357709 2.1037868162692845 1500
1779324367647 2.1037868162692845 1500
1779324369134 2.131837307152875 1520
1779324369758 2.1598877980364657 1540
1779324370463 2.1879382889200563 1560
1779324371201 2.2159887798036464 1580
1779324371960 2.244039270687237 1600
1779324372663 2.2720897615708275 1620
1779324373475 2.300140252454418 1640
1779324374227 2.3281907433380082 1660
1779324374971 2.356241234221599 1680
1779324375619 2.3842917251051894 1700
1779324376190 2.41234221598878 1720
1779324376743 2.44039270687237 1740
1779324390775 2.4544179523141656 1750
1779324391692 2.4684431977559607 1760
1779324392262 2.4964936886395512 1780
1779324392861 2.524544179523142 1800
1779324393539 2.552594670406732 1820
1779324394387 2.5806451612903225 1840
1779324395035 2.608695652173913 1860
1779324395795 2.6367461430575037 1880
1779324396464 2.6647966339410942 1900
1779324397048 2.6928471248246844 1920
1779324397714 2.720897615708275 1940
1779324398565 2.7489481065918655 1960
1779324399282 2.7769985974754556 1980
1779324400048 2.805049088359046 2000
1779324411331 2.805049088359046 2000
1779324412552 2.833099579242637 2020
1779324413228 2.8611500701262274 2040
1779324413885 2.889200561009818 2060
1779324414575 2.917251051893408 2080
1779324415242 2.9453015427769986 2100
1779324416023 2.973352033660589 2120
1779324416884 3.0014025245441793 2140
1779324417561 3.02945301542777 2160
1779324418330 3.0575035063113605 2180
1779324419012 3.085553997194951 2200
1779324419653 3.113604488078541 2220
1779324420388 3.1416549789621318 2240
1779324436679 3.1556802244039273 2250
1779324437335 3.1697054698457223 2260
1779324437864 3.197755960729313 2280
1779324438443 3.225806451612903 2300
1779324439066 3.2538569424964936 2320
1779324439688 3.281907433380084 2340
1779324440243 3.3099579242636747 2360
1779324440846 3.3380084151472653 2380
1779324441474 3.3660589060308554 2400
1779324442025 3.394109396914446 2420
1779324442582 3.4221598877980366 2440
1779324443487 3.4502103786816267 2460
1779324444176 3.4782608695652173 2480
1779324444744 3.506311360448808 2500
1779324459410 3.506311360448808 2500
1779324460622 3.5343618513323984 2520
1779324461208 3.562412342215989 2540
1779324461851 3.590462833099579 2560
1779324462546 3.6185133239831697 2580
1779324463235 3.6465638148667603 2600
1779324463925 3.6746143057503504 2620
1779324464614 3.702664796633941 2640
1779324465278 3.7307152875175316 2660
1779324465960 3.758765778401122 2680
1779324466678 3.7868162692847127 2700
1779324467450 3.814866760168303 2720
1779324468111 3.8429172510518934 2740
1779324482127 3.8569424964936885 2750
1779324483048 3.870967741935484 2760
1779324483677 3.899018232819074 2780
1779324484316 3.9270687237026647 2800
1779324485083 3.9551192145862553 2820
1779324485786 3.983169705469846 2840
1779324486488 4.011220196353436 2860
1779324487180 4.0392706872370265 2880
1779324487867 4.067321178120617 2900
1779324488529 4.095371669004208 2920
1779324489163 4.123422159887798 2940
1779324489782 4.151472650771389 2960
1779324490515 4.179523141654979 2980
1779324491239 4.207573632538569 3000
1779324501651 4.207573632538569 3000
1779324502795 4.23562412342216 3020
1779324503443 4.26367461430575 3040
1779324504201 4.291725105189341 3060
1779324504779 4.319775596072931 3080
1779324505473 4.3478260869565215 3100
1779324506141 4.3758765778401125 3120
1779324506735 4.403927068723703 3140
1779324507330 4.431977559607293 3160
1779324507902 4.460028050490884 3180
1779324508519 4.488078541374474 3200
1779324509151 4.516129032258064 3220
1779324509828 4.544179523141655 3240
1779324520691 4.55820476858345 3250
1779324521656 4.572230014025245 3260
1779324522283 4.600280504908836 3280
1779324522913 4.628330995792426 3300
1779324523583 4.6563814866760165 3320
1779324524249 4.6844319775596075 3340
1779324524881 4.712482468443198 3360
1779324525538 4.740532959326789 3380
1779324526250 4.768583450210379 3400
1779324527041 4.796633941093969 3420
1779324527751 4.82468443197756 3440
1779324528408 4.85273492286115 3460
1779324529111 4.88078541374474 3480
1779324529921 4.908835904628331 3500
1779324540884 4.908835904628331 3500
1779324542022 4.936886395511921 3520
1779324542585 4.9649368863955115 3540
1779324543115 4.9929873772791025 3560
1779324544207 5.0 3565
1779324557860 5.0 3565
1779324573484 5.0 3565
1779324589782 5.0 0
