1779324222139 0.4295222759246826 20
1779324222889 0.5035451054573059 40
1779324223492 0.4930990934371948 60
1779324224142 0.42761820554733276 80
1779324224827 0.3715343177318573 100
1779324225479 0.3752107322216034 120
1779324226178 0.3520951569080353 140
1779324226967 0.7140063643455505 160
1779324227595 0.35166415572166443 180
1779324228413 0.4982147216796875 200
1779324229110 0.5562384724617004 220
1779324229746 0.517672061920166 240
1779324265182 0.8330506682395935 260
1779324265826 0.3425242006778717 280
1779324266460 0.3100105822086334 300
1779324267148 0.30506256222724915 320
1779324267781 0.35515889525413513 340
1779324268428 0.376412034034729 360
1779324269173 0.45018312335014343 380
1779324269898 0.4276280999183655 400
1779324270624 0.36965319514274597 420
1779324271339 0.34512075781822205 440
1779324272047 0.4646020531654358 460
1779324272760 0.41573888063430786 480
1779324273449 0.5751125812530518 500
1779324292561 0.37039461731910706 520
1779324293060 0.573268711566925 540
1779324293731 0.42754945158958435 560
1779324294393 0.5231219530105591 580
1779324295067 0.487917959690094 600
1779324295708 0.47214215993881226 620
1779324296332 0.5383628606796265 640
1779324297030 0.4495029151439667 660
1779324297692 0.4241296052932739 680
1779324298337 0.4157942533493042 700
1779324298989 0.49156278371810913 720
1779324299641 0.34162503480911255 740
1779324311526 0.39841580390930176 760
1779324312208 0.41100046038627625 780
1779324312906 0.44590258598327637 800
1779324313546 0.454276978969574 820
1779324314239 0.49264204502105713 840
1779324315078 0.3467825949192047 860
1779324315700 0.3844706416130066 880
1779324316676 0.49546435475349426 900
1779324317329 0.3491440415382385 920
1779324318065 0.33998438715934753 940
1779324318792 0.3248206079006195 960
1779324319478 0.4879661798477173 980
1779324320147 0.39392754435539246 1000
1779324331315 0.48719507455825806 1020
1779324331861 0.3707160949707031 1040
1779324332437 0.42703497409820557 1060
1779324333024 0.4045895040035248 1080
1779324333560 0.4576719105243683 1100
1779324334107 0.38265660405158997 1120
1779324334692 0.3180752694606781 1140
1779324335305 0.5594152212142944 1160
1779324336106 0.5667846202850342 1180
1779324336734 0.4665142595767975 1200
1779324337334 0.3219529390335083 1220
1779324337872 0.40238937735557556 1240
1779324349899 0.4475628435611725 1260
1779324350625 0.3473426401615143 1280
1779324351267 0.6634370684623718 1300
1779324351895 0.35374316573143005 1320
1779324352553 0.3897402584552765 1340
1779324353295 0.4741767942905426 1360
1779324353990 0.37734028697013855 1380
1779324354738 0.37478598952293396 1400
1779324355412 0.5772264003753662 1420
1779324356100 0.41529521346092224 1440
1779324356638 0.35849863290786743 1460
1779324357191 0.4724130630493164 1480
1779324357709 0.5295873880386353 1500
1779324369134 0.3484833836555481 1520
1779324369758 0.4294627010822296 1540
1779324370463 0.3472699820995331 1560
1779324371201 0.3093859851360321 1580
1779324371960 0.3379735052585602 1600
1779324372663 0.33159151673316956 1620
1779324373475 0.385785847902298 1640
1779324374227 0.4309687912464142 1660
1779324374971 0.38735631108283997 1680
1779324375619 0.36197012662887573 1700
1779324376190 0.4014817476272583 1720
1779324376743 0.815235435962677 1740
1779324391692 0.5568370223045349 1760
1779324392262 0.4946555495262146 1780
1779324392861 0.3837500214576721 1800
1779324393539 0.39133206009864807 1820
1779324394387 0.6151131987571716 1840
1779324395035 0.337956964969635 1860
1779324395795 0.33854421973228455 1880
1779324396464 0.4101352393627167 1900
1779324397048 0.5288528800010681 1920
1779324397714 0.5093857049942017 1940
1779324398565 0.3520938456058502 1960
1779324399282 0.3148128390312195 1980
1779324400048 0.3900681734085083 2000
1779324412552 0.40295374393463135 2020
1779324413228 0.4203025698661804 2040
1779324413885 0.4310573637485504 2060
1779324414575 0.4296638071537018 2080
1779324415242 0.35032927989959717 2100
1779324416023 0.46777021884918213 2120
1779324416884 0.3681924641132355 2140
1779324417561 0.951939046382904 2160
1779324418330 0.43854179978370667 2180
1779324419012 0.379405677318573 2200
1779324419653 0.3259050250053406 2220
1779324420388 0.38238486647605896 2240
1779324437335 0.7460235953330994 2260
1779324437864 0.39225611090660095 2280
1779324438443 0.5712491869926453 2300
1779324439066 0.4100019037723541 2320
1779324439688 0.32278236746788025 2340
1779324440243 0.6074927449226379 2360
1779324440846 0.3973325788974762 2380
1779324441474 0.43021827936172485 2400
1779324442025 0.4181320071220398 2420
1779324442582 0.40840330719947815 2440
1779324443487 0.31063851714134216 2460
1779324444176 0.4909958839416504 2480
1779324444744 0.5652587413787842 2500
1779324460622 0.31466490030288696 2520
1779324461208 0.40509459376335144 2540
1779324461851 0.6430733799934387 2560
1779324462546 0.29539933800697327 2580
1779324463235 0.39505237340927124 2600
1779324463925 0.3186655342578888 2620
1779324464614 0.42306429147720337 2640
1779324465278 0.4328330159187317 2660
1779324465960 0.6889922022819519 2680
1779324466678 0.34562820196151733 2700
1779324467450 0.38265255093574524 2720
1779324468111 0.4316016435623169 2740
1779324483048 0.4234382212162018 2760
1779324483677 0.3304172158241272 2780
1779324484316 0.44787463545799255 2800
1779324485083 0.47726815938949585 2820
1779324485786 0.42565470933914185 2840
1779324486488 0.3494761884212494 2860
1779324487180 0.36784616112709045 2880
1779324487867 0.3515809178352356 2900
1779324488529 0.5700668692588806 2920
1779324489163 0.46650031208992004 2940
1779324489782 0.5136297941207886 2960
1779324490515 0.33744218945503235 2980
1779324491239 0.5946349501609802 3000
1779324502795 0.7270973920822144 3020
1779324503443 0.4270526170730591 3040
1779324504201 0.36860546469688416 3060
1779324504779 0.3886277675628662 3080
1779324505473 0.3620077669620514 3100
1779324506141 0.47664517164230347 3120
1779324506735 0.2925506830215454 3140
1779324507330 0.4350520074367523 3160
1779324507902 0.3282060921192169 3180
1779324508519 0.4402741491794586 3200
1779324509151 0.6064720749855042 3220
1779324509828 0.3251933753490448 3240
1779324521656 0.32271313667297363 3260
1779324522283 0.43638238310813904 3280
1779324522913 0.3482523262500763 3300
1779324523583 0.6029750108718872 3320
1779324524249 0.31988757848739624 3340
1779324524881 0.3375212848186493 3360
1779324525538 0.5085011124610901 3380
1779324526250 0.5339730978012085 3400
1779324527041 0.4825960397720337 3420
1779324527751 0.38471925258636475 3440
1779324528408 0.591576099395752 3460
1779324529111 0.38945114612579346 3480
1779324529921 0.4903411865234375 3500
1779324542022 0.3476721942424774 3520
1779324542585 0.3657740652561188 3540
1779324543115 0.44962960481643677 3560
