1779324222139 0.6885 20
1779324222889 0.6854 40
1779324223492 0.686 60
1779324224142 0.6847 80
1779324224827 0.6838 100
1779324225479 0.6815 120
1779324226178 0.6834 140
1779324226967 0.6836 160
1779324227595 0.6767 180
1779324228413 0.6805 200
1779324229110 0.6813 220
1779324229746 0.6702 240
1779324265182 0.6851 260
1779324265826 0.6786 280
1779324266460 0.6787 300
1779324267148 0.671 320
1779324267781 0.6864 340
1779324268428 0.6806 360
1779324269173 0.6766 380
1779324269898 0.6795 400
1779324270624 0.684 420
1779324271339 0.6733 440
1779324272047 0.6746 460
1779324272760 0.6692 480
1779324273449 0.6831 500
1779324292561 0.6739 520
1779324293060 0.6773 540
1779324293731 0.6736 560
1779324294393 0.6682 580
1779324295067 0.6751 600
1779324295708 0.6654 620
1779324296332 0.6697 640
1779324297030 0.6671 660
1779324297692 0.6647 680
1779324298337 0.6709 700
1779324298989 0.6708 720
1779324299641 0.6757 740
1779324311526 0.6704 760
1779324312208 0.6676 780
1779324312906 0.6573 800
1779324313546 0.6619 820
1779324314239 0.6655 840
1779324315078 0.6743 860
1779324315700 0.6614 880
1779324316676 0.665 900
1779324317329 0.6782 920
1779324318065 0.669 940
1779324318792 0.6648 960
1779324319478 0.6641 980
1779324320147 0.6619 1000
1779324331315 0.6633 1020
1779324331861 0.6628 1040
1779324332437 0.6633 1060
1779324333024 0.6604 1080
1779324333560 0.6519 1100
1779324334107 0.6652 1120
1779324334692 0.6678 1140
1779324335305 0.6649 1160
1779324336106 0.6611 1180
1779324336734 0.6704 1200
1779324337334 0.6681 1220
1779324337872 0.661 1240
1779324349899 0.6627 1260
1779324350625 0.6599 1280
1779324351267 0.6673 1300
1779324351895 0.6701 1320
1779324352553 0.6689 1340
1779324353295 0.6649 1360
1779324353990 0.6674 1380
1779324354738 0.6681 1400
1779324355412 0.6537 1420
1779324356100 0.6603 1440
1779324356638 0.6552 1460
1779324357191 0.6618 1480
1779324357709 0.6603 1500
1779324369134 0.6486 1520
1779324369758 0.6563 1540
1779324370463 0.6671 1560
1779324371201 0.6719 1580
1779324371960 0.6575 1600
1779324372663 0.6625 1620
1779324373475 0.6666 1640
1779324374227 0.6598 1660
1779324374971 0.6593 1680
1779324375619 0.6564 1700
1779324376190 0.6593 1720
1779324376743 0.6588 1740
1779324391692 0.6622 1760
1779324392262 0.646 1780
1779324392861 0.6655 1800
1779324393539 0.647 1820
1779324394387 0.6618 1840
1779324395035 0.6627 1860
1779324395795 0.6561 1880
1779324396464 0.6626 1900
1779324397048 0.6641 1920
1779324397714 0.6508 1940
1779324398565 0.6633 1960
1779324399282 0.6623 1980
1779324400048 0.6715 2000
1779324412552 0.6653 2020
1779324413228 0.6617 2040
1779324413885 0.6646 2060
1779324414575 0.6585 2080
1779324415242 0.6583 2100
1779324416023 0.6544 2120
1779324416884 0.6625 2140
1779324417561 0.6563 2160
1779324418330 0.6617 2180
1779324419012 0.6547 2200
1779324419653 0.6545 2220
1779324420388 0.6539 2240
1779324437335 0.6663 2260
1779324437864 0.6649 2280
1779324438443 0.656 2300
1779324439066 0.6485 2320
1779324439688 0.6553 2340
1779324440243 0.6531 2360
1779324440846 0.6567 2380
1779324441474 0.6553 2400
1779324442025 0.6541 2420
1779324442582 0.6596 2440
1779324443487 0.6648 2460
1779324444176 0.6513 2480
1779324444744 0.6628 2500
1779324460622 0.6682 2520
1779324461208 0.6528 2540
1779324461851 0.6658 2560
1779324462546 0.6504 2580
1779324463235 0.6559 2600
1779324463925 0.6543 2620
1779324464614 0.6658 2640
1779324465278 0.6538 2660
1779324465960 0.6602 2680
1779324466678 0.657 2700
1779324467450 0.648 2720
1779324468111 0.6628 2740
1779324483048 0.6537 2760
1779324483677 0.6504 2780
1779324484316 0.66 2800
1779324485083 0.6538 2820
1779324485786 0.6573 2840
1779324486488 0.6551 2860
1779324487180 0.6547 2880
1779324487867 0.6541 2900
1779324488529 0.6611 2920
1779324489163 0.6502 2940
1779324489782 0.6471 2960
1779324490515 0.657 2980
1779324491239 0.6477 3000
1779324502795 0.6564 3020
1779324503443 0.6627 3040
1779324504201 0.6462 3060
1779324504779 0.6502 3080
1779324505473 0.6642 3100
1779324506141 0.6427 3120
1779324506735 0.6669 3140
1779324507330 0.6517 3160
1779324507902 0.6553 3180
1779324508519 0.6563 3200
1779324509151 0.6559 3220
1779324509828 0.6615 3240
1779324521656 0.6574 3260
1779324522283 0.6557 3280
1779324522913 0.6522 3300
1779324523583 0.6499 3320
1779324524249 0.6478 3340
1779324524881 0.6671 3360
1779324525538 0.6605 3380
1779324526250 0.6564 3400
1779324527041 0.6578 3420
1779324527751 0.6413 3440
1779324528408 0.6686 3460
1779324529111 0.6584 3480
1779324529921 0.6666 3500
1779324542022 0.6543 3520
1779324542585 0.6516 3540
1779324543115 0.6527 3560
