1778316439007 0.017777777777777778 20
1778316444271 0.035555555555555556 40
1778316449450 0.05333333333333334 60
1778316454711 0.07111111111111111 80
1778316459891 0.08888888888888889 100
1778316465120 0.10666666666666667 120
1778316470348 0.12444444444444444 140
1778316475582 0.14222222222222222 160
1778316480757 0.16 180
1778316485939 0.17777777777777778 200
1778316491166 0.19555555555555557 220
1778316496401 0.21333333333333335 240
1778316516026 0.2222222222222222 250
1778316520217 0.2311111111111111 260
1778316525504 0.24888888888888888 280
1778316530773 0.26666666666666666 300
1778316536027 0.28444444444444444 320
1778316541294 0.3022222222222222 340
1778316546593 0.32 360
1778316551857 0.3377777777777778 380
1778316557140 0.35555555555555557 400
1778316562399 0.37333333333333335 420
1778316567710 0.39111111111111113 440
1778316573030 0.4088888888888889 460
1778316578346 0.4266666666666667 480
1778316584032 0.4444444444444444 500
1778316600485 0.4444444444444444 500
1778316607539 0.4622222222222222 520
1778316612839 0.48 540
1778316618069 0.49777777777777776 560
1778316623374 0.5155555555555555 580
1778316628628 0.5333333333333333 600
1778316633930 0.5511111111111111 620
1778316639219 0.5688888888888889 640
1778316644516 0.5866666666666667 660
1778316649841 0.6044444444444445 680
1778316655100 0.6222222222222222 700
1778316660389 0.64 720
1778316665699 0.6577777777777778 740
1778316684781 0.6666666666666666 750
1778316689273 0.6755555555555556 760
1778316694558 0.6933333333333334 780
1778316700248 0.7111111111111111 800
1778316705546 0.7288888888888889 820
1778316710792 0.7466666666666667 840
1778316716103 0.7644444444444445 860
1778316721333 0.7822222222222223 880
1778316726637 0.8 900
1778316731959 0.8177777777777778 920
1778316737239 0.8355555555555556 940
1778316742513 0.8533333333333334 960
1778316747818 0.8711111111111111 980
1778316753131 0.8888888888888888 1000
1778316769740 0.8888888888888888 1000
1778316777093 0.9066666666666666 1020
1778316782397 0.9244444444444444 1040
1778316787681 0.9422222222222222 1060
1778316792972 0.96 1080
1778316798234 0.9777777777777777 1100
1778316803511 0.9955555555555555 1120
1778316809267 1.0133333333333334 1140
1778316814549 1.031111111111111 1160
1778316819865 1.048888888888889 1180
1778316825172 1.0666666666666667 1200
1778316830443 1.0844444444444445 1220
1778316835715 1.1022222222222222 1240
1778316854744 1.1111111111111112 1250
1778316859273 1.12 1260
1778316864531 1.1377777777777778 1280
1778316869808 1.1555555555555554 1300
1778316875067 1.1733333333333333 1320
1778316880355 1.1911111111111112 1340
1778316885521 1.208888888888889 1360
1778316890747 1.2266666666666666 1380
1778316895985 1.2444444444444445 1400
1778316901288 1.2622222222222224 1420
1778316906511 1.28 1440
1778316911747 1.2977777777777777 1460
1778316916983 1.3155555555555556 1480
1778316922180 1.3333333333333333 1500
1778316939047 1.3333333333333333 1500
1778316946443 1.3511111111111112 1520
1778316951670 1.3688888888888888 1540
1778316956899 1.3866666666666667 1560
1778316962123 1.4044444444444444 1580
1778316967355 1.4222222222222223 1600
1778316972594 1.44 1620
1778316977890 1.4577777777777778 1640
1778316983138 1.4755555555555555 1660
1778316988392 1.4933333333333334 1680
1778316993644 1.511111111111111 1700
1778316998878 1.528888888888889 1720
1778317004135 1.5466666666666666 1740
1778317023204 1.5555555555555556 1750
1778317025353 1.5555555555555556 1750
1778317042020 1.5555555555555556 1750
1778317080030 1.5555555555555556 1750
1778317081214 1.5555555555555556 0
