1778316439007 7.774574279785156 20
1778316444271 33.48328399658203 40
1778316449450 43.715023040771484 60
1778316454711 28.39539337158203 80
1778316459891 2.62404203414917 100
1778316465120 2.8023858070373535 120
1778316470348 1.0770065784454346 140
1778316475582 2.225123882293701 160
1778316480757 1.4982326030731201 180
1778316485939 0.5900353789329529 200
1778316491166 0.3242246210575104 220
1778316496401 0.2848414182662964 240
1778316520217 0.8431833386421204 260
1778316525504 0.37430429458618164 280
1778316530773 0.6692482233047485 300
1778316536027 0.6628122329711914 320
1778316541294 0.42123064398765564 340
1778316546593 0.7084637880325317 360
1778316551857 0.38007888197898865 380
1778316557140 0.3532056212425232 400
1778316562399 0.5828629732131958 420
1778316567710 0.5484073162078857 440
1778316573030 8.432449340820312 460
1778316578346 7.8003973960876465 480
1778316584032 6.734776973724365 500
1778316607539 2.461092233657837 520
1778316612839 3.0914933681488037 540
1778316618069 2.5744316577911377 560
1778316623374 0.6706872582435608 580
1778316628628 0.6771283745765686 600
1778316633930 1.0299235582351685 620
1778316639219 0.8129462599754333 640
1778316644516 0.5221967101097107 660
1778316649841 0.6800193786621094 680
1778316655100 1.2833665609359741 700
1778316660389 1.4101462364196777 720
1778316665699 0.47852447628974915 740
1778316689273 2.2826333045959473 760
1778316694558 1.186153531074524 780
1778316700248 0.6002532839775085 800
1778316705546 1.2668671607971191 820
1778316710792 1.7246408462524414 840
1778316716103 1.0346413850784302 860
1778316721333 0.6318836808204651 880
1778316726637 1.039465069770813 900
1778316731959 0.46849995851516724 920
1778316737239 0.5054264068603516 940
1778316742513 1.256263017654419 960
1778316747818 1.26103675365448 980
1778316753131 0.5134064555168152 1000
1778316777093 1.2088381052017212 1020
1778316782397 0.7369180917739868 1040
1778316787681 1.4237117767333984 1060
1778316792972 1.1309664249420166 1080
1778316798234 0.2725440561771393 1100
1778316803511 1.5065916776657104 1120
1778316809267 0.917400062084198 1140
1778316814549 0.447343111038208 1160
1778316819865 1.1588679552078247 1180
1778316825172 1.043287754058838 1200
1778316830443 0.5891093015670776 1220
1778316835715 0.4423254728317261 1240
1778316859273 1.4560787677764893 1260
1778316864531 0.7029349207878113 1280
1778316869808 0.393646776676178 1300
1778316875067 0.3676745593547821 1320
1778316880355 0.7943469882011414 1340
1778316885521 0.6190593242645264 1360
1778316890747 0.7580648064613342 1380
1778316895985 1.028727650642395 1400
1778316901288 1.1125648021697998 1420
1778316906511 0.44837042689323425 1440
1778316911747 0.4652024507522583 1460
1778316916983 0.8872414231300354 1480
1778316922180 0.33605945110321045 1500
1778316946443 1.151867389678955 1520
1778316951670 1.177010178565979 1540
1778316956899 0.46157628297805786 1560
1778316962123 1.7808080911636353 1580
1778316967355 0.4758435785770416 1600
1778316972594 1.2229654788970947 1620
1778316977890 1.0935641527175903 1640
1778316983138 0.5874817371368408 1660
1778316988392 1.05631685256958 1680
1778316993644 0.647387683391571 1700
1778316998878 0.7704325914382935 1720
1778317004135 0.3475682735443115 1740
