1778316439007 1.1400000000000001e-05 20
1778316444271 2.3400000000000003e-05 40
1778316449450 2.9975892857142858e-05 60
1778316454711 2.9922321428571428e-05 80
1778316459891 2.986875e-05 100
1778316465120 2.981517857142857e-05 120
1778316470348 2.9761607142857144e-05 140
1778316475582 2.9708035714285717e-05 160
1778316480757 2.9654464285714286e-05 180
1778316485939 2.960089285714286e-05 200
1778316491166 2.954732142857143e-05 220
1778316496401 2.9493750000000002e-05 240
1778316520217 2.944017857142857e-05 260
1778316525504 2.9386607142857145e-05 280
1778316530773 2.9333035714285718e-05 300
1778316536027 2.9279464285714287e-05 320
1778316541294 2.9225892857142857e-05 340
1778316546593 2.9172321428571427e-05 360
1778316551857 2.911875e-05 380
1778316557140 2.9065178571428573e-05 400
1778316562399 2.9011607142857142e-05 420
1778316567710 2.8958035714285715e-05 440
1778316573030 2.8904464285714285e-05 460
1778316578346 2.8850892857142858e-05 480
1778316584032 2.8797321428571428e-05 500
1778316607539 2.874375e-05 520
1778316612839 2.8690178571428574e-05 540
1778316618069 2.8636607142857143e-05 560
1778316623374 2.8583035714285716e-05 580
1778316628628 2.8529464285714286e-05 600
1778316633930 2.847589285714286e-05 620
1778316639219 2.8422321428571432e-05 640
1778316644516 2.8368750000000002e-05 660
1778316649841 2.8315178571428575e-05 680
1778316655100 2.826160714285714e-05 700
1778316660389 2.8208035714285714e-05 720
1778316665699 2.8154464285714284e-05 740
1778316689273 2.8100892857142857e-05 760
1778316694558 2.804732142857143e-05 780
1778316700248 2.799375e-05 800
1778316705546 2.7940178571428572e-05 820
1778316710792 2.7886607142857142e-05 840
1778316716103 2.7833035714285715e-05 860
1778316721333 2.7779464285714288e-05 880
1778316726637 2.7725892857142858e-05 900
1778316731959 2.767232142857143e-05 920
1778316737239 2.761875e-05 940
1778316742513 2.7565178571428574e-05 960
1778316747818 2.7511607142857143e-05 980
1778316753131 2.7458035714285716e-05 1000
1778316777093 2.740446428571429e-05 1020
1778316782397 2.7350892857142855e-05 1040
1778316787681 2.729732142857143e-05 1060
1778316792972 2.7243749999999998e-05 1080
1778316798234 2.719017857142857e-05 1100
1778316803511 2.7136607142857144e-05 1120
1778316809267 2.7083035714285714e-05 1140
1778316814549 2.7029464285714287e-05 1160
1778316819865 2.6975892857142857e-05 1180
1778316825172 2.692232142857143e-05 1200
1778316830443 2.686875e-05 1220
1778316835715 2.6815178571428572e-05 1240
1778316859273 2.6761607142857145e-05 1260
1778316864531 2.6708035714285715e-05 1280
1778316869808 2.6654464285714288e-05 1300
1778316875067 2.6600892857142858e-05 1320
1778316880355 2.654732142857143e-05 1340
1778316885521 2.6493750000000004e-05 1360
1778316890747 2.6440178571428573e-05 1380
1778316895985 2.6386607142857143e-05 1400
1778316901288 2.6333035714285713e-05 1420
1778316906511 2.6279464285714286e-05 1440
1778316911747 2.6225892857142855e-05 1460
1778316916983 2.6172321428571428e-05 1480
1778316922180 2.611875e-05 1500
1778316946443 2.606517857142857e-05 1520
1778316951670 2.6011607142857144e-05 1540
1778316956899 2.5958035714285714e-05 1560
1778316962123 2.5904464285714287e-05 1580
1778316967355 2.585089285714286e-05 1600
1778316972594 2.579732142857143e-05 1620
1778316977890 2.5743750000000002e-05 1640
1778316983138 2.5690178571428572e-05 1660
1778316988392 2.5636607142857145e-05 1680
1778316993644 2.5583035714285715e-05 1700
1778316998878 2.5529464285714288e-05 1720
1778317004135 2.5475892857142857e-05 1740
