1778317677581 6.190844535827637 20
1778317695236 6.151675224304199 40
1778317712793 2.5583012104034424 60
1778317730559 2.9795923233032227 80
1778317747916 2.1124091148376465 100
1778317765636 2.58937668800354 120
1778317783209 2.1120996475219727 140
1778317800938 2.2960965633392334 160
1778317818795 3.6730997562408447 180
1778317836257 2.3688273429870605 200
1778317853629 2.129688024520874 220
1778317871357 2.557983875274658 240
1778317944577 2.2605738639831543 260
1778317962461 2.8170218467712402 280
1778317979932 2.092397689819336 300
1778317997663 2.7967309951782227 320
1778318015143 2.498666763305664 340
1778318032558 2.875922203063965 360
1778318050205 2.0301358699798584 380
1778318067726 2.4989378452301025 400
1778318085490 2.73342227935791 420
1778318103019 2.3916051387786865 440
1778318120695 2.2715835571289062 460
1778318138169 1.9292136430740356 480
1778318156091 2.285966157913208 500
1778318229320 2.6611900329589844 520
1778318247099 2.1934709548950195 540
1778318264458 3.990727424621582 560
1778318281875 2.616703987121582 580
1778318299663 2.188272476196289 600
1778318317086 3.24043345451355 620
1778318335034 2.7072129249572754 640
1778318352572 2.045283555984497 660
1778318370124 3.0021321773529053 680
1778318387739 2.504061222076416 700
1778318405246 3.4512410163879395 720
1778318423002 1.9568430185317993 740
1778318496233 5.0808210372924805 760
1778318513913 2.502019166946411 780
1778318531648 2.6541223526000977 800
1778318549075 2.024808168411255 820
1778318566719 4.781581878662109 840
1778318584420 3.768460750579834 860
1778318602277 2.6467862129211426 880
1778318619852 2.5654122829437256 900
1778318637299 2.56512451171875 920
1778318655312 2.3025708198547363 940
1778318672751 3.160438299179077 960
1778318690343 2.1544883251190186 980
1778318707923 1.6498160362243652 1000
1778318781563 3.03275728225708 1020
1778318799098 3.509935140609741 1040
1778318816687 2.9423866271972656 1060
1778318834568 2.528087615966797 1080
1778318852029 2.5548248291015625 1100
1778318869813 5.179530620574951 1120
1778318887762 4.026473045349121 1140
1778318905136 2.0106232166290283 1160
1778318922708 3.975848436355591 1180
1778318940414 3.4189109802246094 1200
1778318957915 1.955093264579773 1220
1778318975497 1.761346459388733 1240
1778319047401 5.143988132476807 1260
1778319064872 1.7117635011672974 1280
1778319081966 1.6708037853240967 1300
1778319099199 2.874878168106079 1320
1778319116769 2.366677761077881 1340
1778319134255 3.693030595779419 1360
1778319151795 2.3856735229492188 1380
1778319169137 4.105309009552002 1400
1778319186466 4.115458011627197 1420
1778319203789 1.709207534790039 1440
1778319220911 3.120009422302246 1460
1778319238309 3.519822359085083 1480
1778319255401 1.8377459049224854 1500
1778319327389 3.5471699237823486 1520
1778319344682 3.8339016437530518 1540
1778319362241 1.6721718311309814 1560
1778319379326 3.906789541244507 1580
1778319396902 3.156916379928589 1600
1778319414492 4.7803144454956055 1620
1778319431778 3.9766335487365723 1640
1778319448921 2.5604512691497803 1660
1778319466235 4.6278791427612305 1680
1778319483548 3.03889536857605 1700
1778319500686 3.7430403232574463 1720
1778319517619 2.7009658813476562 1740
1778319587792 2.4901459217071533 1760
1778319604814 2.7800207138061523 1780
1778319621821 5.021461009979248 1800
1778319638764 2.7404298782348633 1820
1778319655694 3.1378326416015625 1840
1778319672915 2.7043488025665283 1860
1778319689949 6.223681926727295 1880
1778319707200 7.098541736602783 1900
1778319724605 3.1695175170898438 1920
1778319741726 3.407050848007202 1940
1778319758751 4.943426609039307 1960
1778319775675 4.861696243286133 1980
1778319792610 5.071869373321533 2000
1778319862768 5.230402946472168 2020
1778319879715 2.4186720848083496 2040
1778319896731 4.821279525756836 2060
1778319913656 4.795963764190674 2080
1778319930687 5.983249664306641 2100
1778319947599 2.3897440433502197 2120
1778319964810 2.7777867317199707 2140
1778319982016 2.754558801651001 2160
1778319999145 2.1314361095428467 2180
1778320016340 3.0529046058654785 2200
1778320033263 2.833883762359619 2220
1778320050472 3.994605779647827 2240
1778320120634 2.398672580718994 2260
1778320137583 3.2250449657440186 2280
1778320154624 2.422895669937134 2300
1778320171552 2.141253709793091 2320
1778320188597 4.0267157554626465 2340
1778320205551 4.022214412689209 2360
1778320222579 1.8153893947601318 2380
1778320239521 2.36842942237854 2400
1778320256575 2.426154851913452 2420
1778320273521 3.5877339839935303 2440
1778320290755 2.7674787044525146 2460
1778320307680 2.2225098609924316 2480
1778320324578 2.9633169174194336 2500
1778320394769 2.69588565826416 2520
1778320411672 2.6953771114349365 2540
1778320428661 3.3475918769836426 2560
1778320445599 6.762752532958984 2580
1778320462500 3.3604791164398193 2600
1778320479488 2.453059196472168 2620
1778320496400 2.62449049949646 2640
1778320513377 3.0900704860687256 2660
1778320530288 3.008354425430298 2680
1778320547406 3.5956687927246094 2700
1778320564328 2.564035654067993 2720
1778320581341 2.8131654262542725 2740
1778320651522 3.907247304916382 2760
1778320668860 3.6815876960754395 2780
1778320685824 4.425528049468994 2800
1778320702779 3.1990458965301514 2820
1778320719842 4.10245943069458 2840
1778320736846 3.1513707637786865 2860
1778320753939 7.262826919555664 2880
1778320771192 2.58017897605896 2900
1778320788125 3.2285337448120117 2920
1778320805146 2.3544771671295166 2940
1778320822417 3.630551815032959 2960
1778320839393 3.5487473011016846 2980
1778320856468 4.865729808807373 3000
1778320928206 2.8282079696655273 3020
1778320945619 5.0024285316467285 3040
1778320963220 3.2790307998657227 3060
1778320980844 4.097903728485107 3080
1778320998212 1.842149019241333 3100
1778321015530 2.901235818862915 3120
1778321032993 3.176565170288086 3140
1778321050562 2.475862741470337 3160
1778321067937 3.9465715885162354 3180
1778321085291 6.28107213973999 3200
1778321102330 3.478473663330078 3220
1778321119931 4.039427280426025 3240
1778321192063 2.42330265045166 3260
1778321209785 2.5550475120544434 3280
1778321227040 2.0950281620025635 3300
1778321244346 4.153402805328369 3320
1778321261916 3.8673298358917236 3340
1778321279268 2.512406587600708 3360
1778321296636 6.556171894073486 3380
1778321314354 3.461642265319824 3400
1778321331723 4.803096771240234 3420
1778321349160 3.701951742172241 3440
1778321366604 5.117145538330078 3460
1778321384028 3.1112356185913086 3480
1778321401335 3.8737411499023438 3500
1778321473865 3.1267170906066895 3520
1778321491302 4.174137592315674 3540
1778321509169 2.3899035453796387 3560
1778321526499 7.483396053314209 3580
1778321544037 2.0245187282562256 3600
1778321561436 8.153510093688965 3620
1778321578865 2.790642738342285 3640
1778321596484 11.285398483276367 3660
1778321613770 5.279519081115723 3680
1778321631272 5.252233505249023 3700
1778321648465 4.8400492668151855 3720
1778321665848 4.895954608917236 3740
1778321738279 8.137771606445312 3760
1778321755901 4.357131004333496 3780
1778321773348 6.222324371337891 3800
1778321790562 9.350946426391602 3820
1778321807682 3.5615038871765137 3840
1778321824977 3.910574436187744 3860
1778321842370 2.764540672302246 3880
1778321859450 5.960354328155518 3900
1778321876658 4.295164585113525 3920
1778321893932 6.236531734466553 3940
1778321911115 5.625241756439209 3960
1778321928269 3.4417033195495605 3980
1778321945282 1.4230201244354248 4000
1778322016970 2.7446048259735107 4020
1778322034274 5.652229309082031 4040
1778322051552 6.632189750671387 4060
1778322068903 6.10600471496582 4080
1778322086254 3.4745047092437744 4100
1778322103610 7.4286580085754395 4120
1778322121379 4.493614673614502 4140
1778322138792 5.8467183113098145 4160
1778322156165 1.769856333732605 4180
1778322173584 8.356593132019043 4200
1778322190811 3.5539839267730713 4220
1778322208486 9.491429328918457 4240
1778322280039 9.254314422607422 4260
1778322297594 2.7064239978790283 4280
1778322314797 3.693737506866455 4300
1778322331922 7.884882926940918 4320
1778322349083 7.822944641113281 4340
1778322366212 19.870502471923828 4360
1778322383433 6.8039069175720215 4380
1778322400668 3.197312116622925 4400
1778322418178 3.7030463218688965 4420
1778322435285 5.768917560577393 4440
1778322452545 6.365591049194336 4460
1778322469584 9.096840858459473 4480
1778322486727 4.994894027709961 4500
1778322558025 4.751336097717285 4520
1778322575091 4.737525939941406 4540
1778322592354 11.51471996307373 4560
1778322609529 3.355795383453369 4580
1778322626698 2.244696617126465 4600
1778322644006 4.970458984375 4620
1778322661183 6.414616107940674 4640
1778322678487 7.8638458251953125 4660
1778322695562 9.802756309509277 4680
1778322712589 5.123054027557373 4700
1778322729879 9.704789161682129 4720
1778322747012 35.23336410522461 4740
1778322818350 3.441300630569458 4760
1778322835389 5.355817794799805 4780
1778322852605 9.903081893920898 4800
1778322869653 6.961391925811768 4820
1778322886794 4.714206695556641 4840
1778322903990 2.556293249130249 4860
1778322921146 13.084586143493652 4880
1778322938192 4.4382524490356445 4900
1778322955314 10.228194236755371 4920
1778322972347 6.564066410064697 4940
1778322989682 2.1440441608428955 4960
1778323006737 2.453641891479492 4980
1778323024065 2.4828245639801025 5000
1778323094806 10.476530075073242 5020
1778323111748 6.1930413246154785 5040
1778323128750 2.627676010131836 5060
1778323145663 9.210015296936035 5080
1778323162872 20.15816879272461 5100
1778323179786 11.820048332214355 5120
1778323196773 8.6431884765625 5140
1778323213677 6.220656871795654 5160
1778323230629 9.345206260681152 5180
1778323247638 9.977079391479492 5200
1778323264849 13.500130653381348 5220
1778323281952 2.813622236251831 5240
1778323352673 14.04832935333252 5260
1778323369859 14.563395500183105 5280
1778323386896 3.604423761367798 5300
1778323404007 6.323896408081055 5320
1778323421311 8.66822624206543 5340
1778323438717 1.609094262123108 5360
1778323456288 6.968625545501709 5380
1778323473611 2.2941243648529053 5400
1778323491393 4.211319446563721 5420
1778323508511 7.774796485900879 5440
1778323525981 1.7817074060440063 5460
1778323543534 12.316069602966309 5480
1778323561427 2.6985325813293457 5500
1778323633681 5.653426170349121 5520
1778323650750 1.1896361112594604 5540
1778323668295 6.46381950378418 5560
1778323685409 5.6706223487854 5580
1778323702936 5.2960944175720215 5600
1778323720078 10.840921401977539 5620
1778323737248 3.025921583175659 5640
1778323754954 4.854323863983154 5660
1778323772092 5.274582386016846 5680
1778323789431 4.814894199371338 5700
1778323807005 5.854238510131836 5720
1778323824329 9.068611145019531 5740
1778323895963 7.175107479095459 5760
1778323913071 10.130516052246094 5780
1778323930502 3.6342251300811768 5800
1778323948064 3.2449162006378174 5820
1778323965721 19.462678909301758 5840
1778323983077 15.088081359863281 5860
1778324000359 6.950376987457275 5880
1778324017705 4.765290260314941 5900
1778324034814 11.992159843444824 5920
1778324052016 12.742687225341797 5940
1778324069350 10.890900611877441 5960
1778324086799 3.8427135944366455 5980
1778324104257 9.280058860778809 6000
1778324176621 0.7417920827865601 6020
1778324193833 8.800443649291992 6040
1778324211343 16.246400833129883 6060
1778324228802 20.165565490722656 6080
1778324246526 5.850467205047607 6100
1778324264086 10.049332618713379 6120
1778324281619 25.955461502075195 6140
1778324298912 7.153975009918213 6160
1778324316247 20.284637451171875 6180
1778324333577 22.30216407775879 6200
1778324351118 4.04464054107666 6220
1778324368597 13.963171005249023 6240
