1778317677581 0.6979 20
1778317695236 0.6906 40
1778317712793 0.6945 60
1778317730559 0.7026 80
1778317747916 0.6867 100
1778317765636 0.71 120
1778317783209 0.6896 140
1778317800938 0.6767 160
1778317818795 0.7488 180
1778317836257 0.7004 200
1778317853629 0.7017 220
1778317871357 0.6879 240
1778317944577 0.6726 260
1778317962461 0.6878 280
1778317979932 0.6621 300
1778317997663 0.649 320
1778318015143 0.6622 340
1778318032558 0.6876 360
1778318050205 0.6794 380
1778318067726 0.7113 400
1778318085490 0.7071 420
1778318103019 0.7021 440
1778318120695 0.6897 460
1778318138169 0.6766 480
1778318156091 0.6843 500
1778318229320 0.6625 520
1778318247099 0.6745 540
1778318264458 0.6598 560
1778318281875 0.6856 580
1778318299663 0.6784 600
1778318317086 0.6922 620
1778318335034 0.6642 640
1778318352572 0.6589 660
1778318370124 0.6934 680
1778318387739 0.7163 700
1778318405246 0.6341 720
1778318423002 0.6725 740
1778318496233 0.6663 760
1778318513913 0.6785 780
1778318531648 0.7108 800
1778318549075 0.637 820
1778318566719 0.6643 840
1778318584420 0.6955 860
1778318602277 0.6795 880
1778318619852 0.6863 900
1778318637299 0.6433 920
1778318655312 0.703 940
1778318672751 0.7019 960
1778318690343 0.6713 980
1778318707923 0.7034 1000
1778318781563 0.6597 1020
1778318799098 0.6589 1040
1778318816687 0.6504 1060
1778318834568 0.6369 1080
1778318852029 0.7258 1100
1778318869813 0.6521 1120
1778318887762 0.6331 1140
1778318905136 0.627 1160
1778318922708 0.6302 1180
1778318940414 0.6515 1200
1778318957915 0.6522 1220
1778318975497 0.5885 1240
1778319047401 0.6751 1260
1778319064872 0.6125 1280
1778319081966 0.6303 1300
1778319099199 0.6155 1320
1778319116769 0.6381 1340
1778319134255 0.7119 1360
1778319151795 0.6093 1380
1778319169137 0.6319 1400
1778319186466 0.6103 1420
1778319203789 0.6291 1440
1778319220911 0.6166 1460
1778319238309 0.6617 1480
1778319255401 0.6455 1500
1778319327389 0.5989 1520
1778319344682 0.687 1540
1778319362241 0.6354 1560
1778319379326 0.6734 1580
1778319396902 0.6156 1600
1778319414492 0.6607 1620
1778319431778 0.6281 1640
1778319448921 0.6001 1660
1778319466235 0.613 1680
1778319483548 0.6557 1700
1778319500686 0.6246 1720
1778319517619 0.6276 1740
1778319587792 0.6965 1760
1778319604814 0.6324 1780
1778319621821 0.6784 1800
1778319638764 0.63 1820
1778319655694 0.6154 1840
1778319672915 0.6389 1860
1778319689949 0.6151 1880
1778319707200 0.5831 1900
1778319724605 0.6603 1920
1778319741726 0.6446 1940
1778319758751 0.5977 1960
1778319775675 0.6162 1980
1778319792610 0.6249 2000
1778319862768 0.6587 2020
1778319879715 0.6413 2040
1778319896731 0.6386 2060
1778319913656 0.6245 2080
1778319930687 0.6628 2100
1778319947599 0.6393 2120
1778319964810 0.6698 2140
1778319982016 0.594 2160
1778319999145 0.6421 2180
1778320016340 0.6337 2200
1778320033263 0.5934 2220
1778320050472 0.6623 2240
1778320120634 0.5993 2260
1778320137583 0.5613 2280
1778320154624 0.5861 2300
1778320171552 0.5238 2320
1778320188597 0.6416 2340
1778320205551 0.5636 2360
1778320222579 0.5767 2380
1778320239521 0.573 2400
1778320256575 0.6077 2420
1778320273521 0.5912 2440
1778320290755 0.5575 2460
1778320307680 0.5995 2480
1778320324578 0.5346 2500
1778320394769 0.6106 2520
1778320411672 0.5105 2540
1778320428661 0.5433 2560
1778320445599 0.6347 2580
1778320462500 0.6629 2600
1778320479488 0.5933 2620
1778320496400 0.558 2640
1778320513377 0.5387 2660
1778320530288 0.5467 2680
1778320547406 0.5678 2700
1778320564328 0.6058 2720
1778320581341 0.6671 2740
1778320651522 0.6391 2760
1778320668860 0.5935 2780
1778320685824 0.551 2800
1778320702779 0.5699 2820
1778320719842 0.5216 2840
1778320736846 0.5344 2860
1778320753939 0.59 2880
1778320771192 0.5744 2900
1778320788125 0.6408 2920
1778320805146 0.5539 2940
1778320822417 0.6028 2960
1778320839393 0.5795 2980
1778320856468 0.5203 3000
1778320928206 0.6136 3020
1778320945619 0.6057 3040
1778320963220 0.5419 3060
1778320980844 0.602 3080
1778320998212 0.5186 3100
1778321015530 0.551 3120
1778321032993 0.5203 3140
1778321050562 0.5074 3160
1778321067937 0.5226 3180
1778321085291 0.6066 3200
1778321102330 0.5578 3220
1778321119931 0.5808 3240
1778321192063 0.5646 3260
1778321209785 0.5177 3280
1778321227040 0.4967 3300
1778321244346 0.569 3320
1778321261916 0.5559 3340
1778321279268 0.577 3360
1778321296636 0.4719 3380
1778321314354 0.437 3400
1778321331723 0.5225 3420
1778321349160 0.4791 3440
1778321366604 0.5253 3460
1778321384028 0.4598 3480
1778321401335 0.5071 3500
1778321473865 0.4498 3520
1778321491302 0.436 3540
1778321509169 0.4544 3560
1778321526499 0.5311 3580
1778321544037 0.4154 3600
1778321561436 0.4487 3620
1778321578865 0.5373 3640
1778321596484 0.5558 3660
1778321613770 0.4993 3680
1778321631272 0.448 3700
1778321648465 0.4673 3720
1778321665848 0.4627 3740
1778321738279 0.4922 3760
1778321755901 0.4896 3780
1778321773348 0.4865 3800
1778321790562 0.459 3820
1778321807682 0.4438 3840
1778321824977 0.4423 3860
1778321842370 0.4903 3880
1778321859450 0.5649 3900
1778321876658 0.3993 3920
1778321893932 0.5514 3940
1778321911115 0.4572 3960
1778321928269 0.4473 3980
1778321945282 0.4071 4000
1778322016970 0.4522 4020
1778322034274 0.5536 4040
1778322051552 0.5009 4060
1778322068903 0.5218 4080
1778322086254 0.4767 4100
1778322103610 0.4582 4120
1778322121379 0.3982 4140
1778322138792 0.5269 4160
1778322156165 0.4618 4180
1778322173584 0.4906 4200
1778322190811 0.4025 4220
1778322208486 0.5286 4240
1778322280039 0.5448 4260
1778322297594 0.4385 4280
1778322314797 0.462 4300
1778322331922 0.5126 4320
1778322349083 0.4903 4340
1778322366212 0.4598 4360
1778322383433 0.4587 4380
1778322400668 0.4391 4400
1778322418178 0.481 4420
1778322435285 0.5079 4440
1778322452545 0.4433 4460
1778322469584 0.4264 4480
1778322486727 0.5236 4500
1778322558025 0.3601 4520
1778322575091 0.3435 4540
1778322592354 0.436 4560
1778322609529 0.3299 4580
1778322626698 0.3641 4600
1778322644006 0.3816 4620
1778322661183 0.4444 4640
1778322678487 0.4 4660
1778322695562 0.3362 4680
1778322712589 0.3845 4700
1778322729879 0.3364 4720
1778322747012 0.3469 4740
1778322818350 0.4239 4760
1778322835389 0.365 4780
1778322852605 0.3679 4800
1778322869653 0.4063 4820
1778322886794 0.351 4840
1778322903990 0.353 4860
1778322921146 0.335 4880
1778322938192 0.3669 4900
1778322955314 0.3776 4920
1778322972347 0.3959 4940
1778322989682 0.3072 4960
1778323006737 0.2228 4980
1778323024065 0.3827 5000
1778323094806 0.4172 5020
1778323111748 0.4283 5040
1778323128750 0.3123 5060
1778323145663 0.3588 5080
1778323162872 0.2898 5100
1778323179786 0.4697 5120
1778323196773 0.424 5140
1778323213677 0.3847 5160
1778323230629 0.3636 5180
1778323247638 0.3464 5200
1778323264849 0.2991 5220
1778323281952 0.4081 5240
1778323352673 0.3577 5260
1778323369859 0.311 5280
1778323386896 0.3745 5300
1778323404007 0.4256 5320
1778323421311 0.3137 5340
1778323438717 0.3017 5360
1778323456288 0.381 5380
1778323473611 0.3891 5400
1778323491393 0.291 5420
1778323508511 0.2774 5440
1778323525981 0.3276 5460
1778323543534 0.4202 5480
1778323561427 0.4044 5500
1778323633681 0.2782 5520
1778323650750 0.3263 5540
1778323668295 0.4064 5560
1778323685409 0.309 5580
1778323702936 0.3902 5600
1778323720078 0.3533 5620
1778323737248 0.3537 5640
1778323754954 0.2524 5660
1778323772092 0.2094 5680
1778323789431 0.2885 5700
1778323807005 0.2673 5720
1778323824329 0.1731 5740
1778323895963 0.2069 5760
1778323913071 0.3534 5780
1778323930502 0.1914 5800
1778323948064 0.2333 5820
1778323965721 0.208 5840
1778323983077 0.2227 5860
1778324000359 0.1927 5880
1778324017705 0.1719 5900
1778324034814 0.3295 5920
1778324052016 0.236 5940
1778324069350 0.2797 5960
1778324086799 0.258 5980
1778324104257 0.2013 6000
1778324176621 0.2648 6020
1778324193833 0.249 6040
1778324211343 0.2792 6060
1778324228802 0.2715 6080
1778324246526 0.3186 6100
1778324264086 0.2883 6120
1778324281619 0.2239 6140
1778324298912 0.2542 6160
1778324316247 0.1711 6180
1778324333577 0.3674 6200
1778324351118 0.2382 6220
1778324368597 0.4137 6240
