1777463069899 0.7077 20
1777463074980 0.6949 40
1777463080133 0.6948 60
1777463085318 0.6912 80
1777463090433 0.6967 100
1777463095664 0.6818 120
1777463100823 0.69 140
1777463106035 0.7018 160
1777463111132 0.6834 180
1777463116304 0.7094 200
1777463121495 0.693 220
1777463126696 0.6886 240
1777463154350 0.7061 260
1777463159409 0.6852 280
1777463164591 0.6979 300
1777463169722 0.6863 320
1777463174864 0.7112 340
1777463180073 0.7368 360
1777463185265 0.6953 380
1777463190526 0.7044 400
1777463195740 0.6959 420
1777463201034 0.6773 440
1777463206249 0.7029 460
1777463211401 0.6978 480
1777463216590 0.7032 500
1777463244331 0.6931 520
1777463249488 0.6961 540
1777463254728 0.6933 560
1777463259960 0.7019 580
1777463265164 0.699 600
1777463270334 0.6925 620
1777463275434 0.6965 640
1777463280601 0.696 660
1777463285784 0.6938 680
1777463290921 0.6985 700
1777463296063 0.678 720
1777463301255 0.7012 740
1777463329452 0.6829 760
1777463334654 0.6865 780
1777463339825 0.7109 800
1777463345017 0.696 820
1777463350184 0.6963 840
1777463355402 0.688 860
1777463360586 0.6944 880
1777463365763 0.6832 900
1777463371081 0.717 920
1777463376236 0.6914 940
1777463381417 0.691 960
1777463386583 0.6796 980
1777463391905 0.6848 1000
1777463420094 0.7168 1020
1777463425278 0.6725 1040
1777463430482 0.7067 1060
1777463435861 0.6814 1080
1777463440986 0.6836 1100
1777463446187 0.7153 1120
1777463451408 0.7003 1140
1777463456561 0.6982 1160
1777463461656 0.698 1180
1777463466958 0.6885 1200
1777463472220 0.6968 1220
1777463477538 0.6891 1240
1777463505617 0.6842 1260
1777463510812 0.7122 1280
1777463515951 0.6883 1300
1777463521134 0.693 1320
1777463526253 0.6832 1340
1777463531435 0.6946 1360
1777463536670 0.7002 1380
1777463541899 0.6935 1400
1777463547143 0.6932 1420
1777463552271 0.687 1440
1777463557396 0.6961 1460
1777463562628 0.6888 1480
1777463567859 0.694 1500
