1778708305240 1.1400000000000001e-05 20
1778708306667 2.3400000000000003e-05 40
1778708308072 2.9959152798789713e-05 60
1778708309476 2.986838124054463e-05 80
1778708310881 2.977760968229955e-05 100
1778708312282 2.9686838124054462e-05 120
1778708313675 2.959606656580938e-05 140
1778708315078 2.9505295007564295e-05 160
1778708316499 2.9414523449319215e-05 180
1778708318034 2.9323751891074132e-05 200
1778708319552 2.923298033282905e-05 220
1778708320950 2.9142208774583965e-05 240
1778708324982 2.905143721633888e-05 260
1778708326385 2.8960665658093798e-05 280
1778708327796 2.8869894099848715e-05 300
1778708329191 2.8779122541603634e-05 320
1778708330587 2.8688350983358548e-05 340
1778708331995 2.8597579425113464e-05 360
1778708333400 2.850680786686838e-05 380
1778708334800 2.84160363086233e-05 400
1778708336201 2.8325264750378217e-05 420
1778708337604 2.823449319213313e-05 440
1778708339003 2.8143721633888047e-05 460
1778708340391 2.8052950075642967e-05 480
1778708341786 2.7962178517397883e-05 500
1778708345581 2.78714069591528e-05 520
1778708346982 2.778063540090772e-05 540
1778708348382 2.7689863842662633e-05 560
1778708349786 2.759909228441755e-05 580
1778708351198 2.7508320726172466e-05 600
1778708352596 2.7417549167927386e-05 620
1778708353996 2.7326777609682302e-05 640
1778708355391 2.7236006051437215e-05 660
1778708356785 2.7145234493192132e-05 680
1778708358179 2.7054462934947052e-05 700
1778708359576 2.696369137670197e-05 720
1778708360984 2.6872919818456885e-05 740
1778708364774 2.6782148260211798e-05 760
1778708366181 2.6691376701966718e-05 780
1778708367583 2.6600605143721634e-05 800
1778708368989 2.650983358547655e-05 820
1778708370393 2.641906202723147e-05 840
1778708371793 2.6328290468986387e-05 860
1778708373193 2.62375189107413e-05 880
1778708374600 2.6146747352496217e-05 900
1778708376001 2.6055975794251137e-05 920
1778708377401 2.5965204236006053e-05 940
1778708378805 2.587443267776097e-05 960
1778708380217 2.5783661119515883e-05 980
1778708381624 2.5692889561270803e-05 1000
1778708385428 2.560211800302572e-05 1020
1778708386830 2.5511346444780636e-05 1040
1778708388226 2.5420574886535553e-05 1060
1778708389627 2.532980332829047e-05 1080
1778708391028 2.5239031770045386e-05 1100
1778708392431 2.5148260211800302e-05 1120
1778708393825 2.505748865355522e-05 1140
1778708395222 2.496671709531014e-05 1160
1778708396627 2.4875945537065055e-05 1180
1778708398028 2.4785173978819968e-05 1200
1778708399426 2.4694402420574888e-05 1220
1778708400825 2.4603630862329805e-05 1240
1778708404610 2.451285930408472e-05 1260
1778708406013 2.4422087745839638e-05 1280
1778708407418 2.4331316187594554e-05 1300
1778708408819 2.424054462934947e-05 1320
1778708410224 2.4149773071104387e-05 1340
1778708411621 2.4059001512859304e-05 1360
1778708413021 2.3968229954614224e-05 1380
1778708414419 2.3877458396369137e-05 1400
1778708415821 2.3786686838124053e-05 1420
1778708417225 2.369591527987897e-05 1440
1778708418627 2.360514372163389e-05 1460
1778708420032 2.3514372163388806e-05 1480
1778708421432 2.3423600605143723e-05 1500
1778708425359 2.333282904689864e-05 1520
1778708426773 2.3242057488653556e-05 1540
1778708428179 2.3151285930408472e-05 1560
1778708429579 2.306051437216339e-05 1580
1778708430979 2.296974281391831e-05 1600
1778708432378 2.2878971255673222e-05 1620
1778708433773 2.278819969742814e-05 1640
1778708435186 2.2697428139183055e-05 1660
1778708436584 2.2606656580937975e-05 1680
1778708437976 2.251588502269289e-05 1700
1778708439384 2.2425113464447805e-05 1720
1778708440789 2.233434190620272e-05 1740
1778708444577 2.224357034795764e-05 1760
1778708445984 2.2152798789712558e-05 1780
1778708447387 2.2062027231467474e-05 1800
1778708448776 2.197125567322239e-05 1820
1778708450185 2.1880484114977307e-05 1840
1778708451574 2.1789712556732224e-05 1860
1778708452959 2.169894099848714e-05 1880
1778708454362 2.160816944024206e-05 1900
1778708455749 2.1517397881996977e-05 1920
1778708457140 2.142662632375189e-05 1940
1778708458540 2.1335854765506806e-05 1960
1778708459943 2.1245083207261726e-05 1980
1778708461328 2.1154311649016643e-05 2000
1778708465132 2.106354009077156e-05 2020
1778708466524 2.0972768532526472e-05 2040
1778708467915 2.0881996974281392e-05 2060
1778708469315 2.079122541603631e-05 2080
1778708470716 2.0700453857791225e-05 2100
1778708472115 2.0609682299546145e-05 2120
1778708473521 2.0518910741301062e-05 2140
1778708474918 2.0428139183055975e-05 2160
1778708476308 2.033736762481089e-05 2180
1778708477729 2.024659606656581e-05 2200
1778708479119 2.0155824508320728e-05 2220
1778708480509 2.0065052950075644e-05 2240
1778708484284 1.9974281391830558e-05 2260
1778708485685 1.9883509833585478e-05 2280
1778708487094 1.9792738275340394e-05 2300
1778708488496 1.970196671709531e-05 2320
1778708489891 1.9611195158850227e-05 2340
1778708491291 1.9520423600605144e-05 2360
1778708492691 1.942965204236006e-05 2380
1778708494096 1.9338880484114977e-05 2400
1778708495498 1.9248108925869897e-05 2420
1778708496904 1.9157337367624813e-05 2440
1778708498317 1.906656580937973e-05 2460
1778708499984 1.8975794251134643e-05 2480
1778708501387 1.8885022692889563e-05 2500
1778708505238 1.879425113464448e-05 2520
1778708506649 1.8703479576399396e-05 2540
1778708508061 1.8612708018154312e-05 2560
1778708509468 1.852193645990923e-05 2580
1778708510875 1.8431164901664145e-05 2600
1778708512280 1.8340393343419062e-05 2620
1778708513685 1.824962178517398e-05 2640
1778708515083 1.8158850226928898e-05 2660
1778708516507 1.806807866868381e-05 2680
1778708517934 1.7977307110438728e-05 2700
1778708519350 1.7886535552193648e-05 2720
1778708520757 1.7795763993948564e-05 2740
1778708524582 1.770499243570348e-05 2760
1778708525981 1.7614220877458397e-05 2780
1778708527395 1.7523449319213314e-05 2800
1778708528800 1.743267776096823e-05 2820
1778708530204 1.7341906202723147e-05 2840
1778708531610 1.7251134644478063e-05 2860
1778708533017 1.7160363086232983e-05 2880
1778708534435 1.7069591527987897e-05 2900
1778708535866 1.6978819969742813e-05 2920
1778708537274 1.688804841149773e-05 2940
1778708538680 1.679727685325265e-05 2960
1778708540081 1.6706505295007566e-05 2980
1778708541488 1.661573373676248e-05 3000
1778708545274 1.65249621785174e-05 3020
1778708546675 1.6434190620272316e-05 3040
1778708548087 1.6343419062027232e-05 3060
1778708549477 1.625264750378215e-05 3080
1778708550887 1.6161875945537065e-05 3100
1778708552296 1.607110438729198e-05 3120
1778708553705 1.5980332829046898e-05 3140
1778708555413 1.5889561270801815e-05 3160
1778708556816 1.5798789712556735e-05 3180
1778708558248 1.570801815431165e-05 3200
1778708559660 1.5617246596066564e-05 3220
1778708561061 1.552647503782148e-05 3240
1778708564858 1.54357034795764e-05 3260
1778708566266 1.5344931921331317e-05 3280
1778708567679 1.5254160363086232e-05 3300
1778708569074 1.5163388804841152e-05 3320
1778708570482 1.5072617246596067e-05 3340
1778708571880 1.4981845688350983e-05 3360
1778708573276 1.4891074130105902e-05 3380
1778708574677 1.4800302571860816e-05 3400
1778708576081 1.4709531013615735e-05 3420
1778708577479 1.4618759455370651e-05 3440
1778708578885 1.4527987897125568e-05 3460
1778708580297 1.4437216338880484e-05 3480
1778708581704 1.43464447806354e-05 3500
1778708585526 1.4255673222390317e-05 3520
1778708586929 1.4164901664145235e-05 3540
1778708588343 1.407413010590015e-05 3560
1778708589740 1.3983358547655068e-05 3580
1778708591144 1.3892586989409985e-05 3600
1778708592548 1.3801815431164902e-05 3620
1778708593958 1.371104387291982e-05 3640
1778708595369 1.3620272314674735e-05 3660
1778708596776 1.3529500756429653e-05 3680
1778708598195 1.343872919818457e-05 3700
1778708599609 1.3347957639939486e-05 3720
1778708601033 1.3257186081694402e-05 3740
1778708604832 1.316641452344932e-05 3760
1778708606230 1.3075642965204235e-05 3780
1778708607634 1.2984871406959154e-05 3800
1778708609039 1.289409984871407e-05 3820
1778708610444 1.2803328290468987e-05 3840
1778708611853 1.2712556732223903e-05 3860
1778708613262 1.262178517397882e-05 3880
1778708614665 1.2531013615733736e-05 3900
1778708616070 1.2440242057488654e-05 3920
1778708617476 1.2349470499243571e-05 3940
1778708618882 1.2258698940998488e-05 3960
1778708620288 1.2167927382753404e-05 3980
1778708621700 1.207715582450832e-05 4000
1778708625488 1.1986384266263239e-05 4020
1778708626911 1.1895612708018154e-05 4040
1778708628311 1.1804841149773072e-05 4060
1778708629707 1.1714069591527988e-05 4080
1778708631103 1.1623298033282905e-05 4100
1778708632494 1.1537065052950075e-05 4120
1778708633890 1.1446293494704993e-05 4140
1778708635294 1.1355521936459908e-05 4160
1778708636694 1.1264750378214827e-05 4180
1778708638101 1.1173978819969743e-05 4200
1778708639506 1.108320726172466e-05 4220
1778708640910 1.0992435703479578e-05 4240
1778708644712 1.0901664145234493e-05 4260
1778708646105 1.081089258698941e-05 4280
1778708647505 1.0720121028744327e-05 4300
1778708648921 1.0629349470499244e-05 4320
1778708650320 1.053857791225416e-05 4340
1778708651712 1.0447806354009079e-05 4360
1778708653113 1.0357034795763993e-05 4380
1778708654511 1.0266263237518912e-05 4400
1778708655910 1.0175491679273827e-05 4420
1778708657312 1.0084720121028745e-05 4440
1778708658721 9.993948562783661e-06 4460
1778708660120 9.903177004538578e-06 4480
1778708661514 9.812405446293494e-06 4500
1778708665299 9.721633888048413e-06 4520
1778708666695 9.630862329803327e-06 4540
1778708668091 9.540090771558246e-06 4560
1778708669487 9.449319213313162e-06 4580
1778708670886 9.358547655068079e-06 4600
1778708672296 9.267776096822997e-06 4620
1778708673706 9.177004538577912e-06 4640
1778708675119 9.08623298033283e-06 4660
1778708676543 8.995461422087746e-06 4680
1778708677961 8.904689863842663e-06 4700
1778708679356 8.81391830559758e-06 4720
1778708680906 8.723146747352496e-06 4740
1778708684835 8.632375189107412e-06 4760
1778708686236 8.54160363086233e-06 4780
1778708687652 8.450832072617246e-06 4800
1778708689057 8.360060514372164e-06 4820
1778708690458 8.26928895612708e-06 4840
1778708691852 8.178517397881997e-06 4860
1778708693255 8.087745839636915e-06 4880
1778708694656 7.99697428139183e-06 4900
1778708696045 7.906202723146748e-06 4920
1778708697464 7.815431164901665e-06 4940
1778708698871 7.724659606656581e-06 4960
1778708700275 7.633888048411498e-06 4980
1778708701682 7.543116490166415e-06 5000
1778708705452 7.4523449319213315e-06 5020
1778708706853 7.361573373676249e-06 5040
1778708708252 7.2708018154311654e-06 5060
1778708709641 7.180030257186082e-06 5080
1778708711065 7.0892586989409985e-06 5100
1778708712477 6.998487140695916e-06 5120
1778708713862 6.907715582450832e-06 5140
1778708715259 6.816944024205749e-06 5160
1778708716690 6.726172465960665e-06 5180
1778708718077 6.635400907715583e-06 5200
1778708719475 6.544629349470499e-06 5220
1778708720868 6.453857791225416e-06 5240
1778708724663 6.363086232980332e-06 5260
1778708726058 6.27231467473525e-06 5280
1778708727471 6.181543116490166e-06 5300
1778708728891 6.090771558245084e-06 5320
1778708730293 6e-06 5340
1778708731686 5.9092284417549175e-06 5360
1778708733082 5.818456883509834e-06 5380
1778708734479 5.7276853252647506e-06 5400
1778708735883 5.636913767019667e-06 5420
1778708737275 5.5461422087745845e-06 5440
1778708738680 5.455370650529501e-06 5460
1778708740077 5.3645990922844175e-06 5480
1778708741476 5.273827534039334e-06 5500
1778708745306 5.183055975794251e-06 5520
1778708746707 5.092284417549168e-06 5540
1778708748103 5.0015128593040845e-06 5560
1778708749499 4.910741301059001e-06 5580
1778708750892 4.819969742813918e-06 5600
1778708752280 4.729198184568836e-06 5620
1778708753686 4.638426626323752e-06 5640
1778708755077 4.547655068078669e-06 5660
1778708756471 4.456883509833586e-06 5680
1778708757864 4.366111951588503e-06 5700
1778708759261 4.275340393343419e-06 5720
1778708760658 4.18910741301059e-06 5740
1778708764460 4.098335854765507e-06 5760
1778708765856 4.0075642965204234e-06 5780
1778708767254 3.916792738275341e-06 5800
1778708768651 3.826021180030257e-06 5820
1778708770055 3.735249621785174e-06 5840
1778708771460 3.644478063540091e-06 5860
1778708772860 3.5537065052950078e-06 5880
1778708774265 3.4629349470499247e-06 5900
1778708775670 3.3721633888048412e-06 5920
1778708777071 3.281391830559758e-06 5940
1778708778466 3.1906202723146747e-06 5960
1778708779862 3.0998487140695916e-06 5980
1778708781263 3.009077155824508e-06 6000
1778708785052 2.9183055975794255e-06 6020
1778708786435 2.827534039334342e-06 6040
1778708787826 2.736762481089259e-06 6060
1778708789228 2.6459909228441755e-06 6080
1778708790626 2.5552193645990925e-06 6100
1778708792029 2.464447806354009e-06 6120
1778708793424 2.373676248108926e-06 6140
1778708794808 2.2829046898638425e-06 6160
1778708796190 2.19213313161876e-06 6180
1778708797581 2.1013615733736764e-06 6200
1778708798985 2.0105900151285933e-06 6220
1778708800384 1.91981845688351e-06 6240
1778708804178 1.8290468986384266e-06 6260
1778708805577 1.7382753403933433e-06 6280
1778708806980 1.6475037821482603e-06 6300
1778708808383 1.556732223903177e-06 6320
1778708809783 1.4659606656580937e-06 6340
1778708811184 1.3751891074130105e-06 6360
1778708812864 1.2844175491679274e-06 6380
1778708814266 1.1936459909228442e-06 6400
1778708815665 1.1028744326777609e-06 6420
1778708817067 1.0121028744326776e-06 6440
1778708818460 9.213313161875947e-07 6460
1778708819871 8.305597579425114e-07 6480
1778708821257 7.397881996974283e-07 6500
1778708825027 6.49016641452345e-07 6520
1778708826423 5.582450832072618e-07 6540
1778708827816 4.674735249621785e-07 6560
1778708829217 3.767019667170953e-07 6580
1778708830606 2.859304084720121e-07 6600
1778708832004 1.951588502269289e-07 6620
1778708833400 1.043872919818457e-07 6640
1778708834810 1.3615733736762481e-08 6660
