1778708305240 0.6984 20
1778708306667 0.6742 40
1778708308072 0.6452 60
1778708309476 0.6108 80
1778708310881 0.5566 100
1778708312282 0.565 120
1778708313675 0.5292 140
1778708315078 0.4823 160
1778708316499 0.5186 180
1778708318034 0.4528 200
1778708319552 0.4604 220
1778708320950 0.4558 240
1778708324982 0.4259 260
1778708326385 0.463 280
1778708327796 0.4057 300
1778708329191 0.4153 320
1778708330587 0.5228 340
1778708331995 0.4285 360
1778708333400 0.4691 380
1778708334800 0.422 400
1778708336201 0.4501 420
1778708337604 0.4019 440
1778708339003 0.4211 460
1778708340391 0.4037 480
1778708341786 0.45 500
1778708345581 0.4067 520
1778708346982 0.449 540
1778708348382 0.3599 560
1778708349786 0.4418 580
1778708351198 0.4371 600
1778708352596 0.3867 620
1778708353996 0.3832 640
1778708355391 0.4428 660
1778708356785 0.3651 680
1778708358179 0.4027 700
1778708359576 0.4293 720
1778708360984 0.4039 740
1778708364774 0.3851 760
1778708366181 0.4129 780
1778708367583 0.3844 800
1778708368989 0.3945 820
1778708370393 0.3827 840
1778708371793 0.3636 860
1778708373193 0.3811 880
1778708374600 0.3782 900
1778708376001 0.4129 920
1778708377401 0.3567 940
1778708378805 0.3738 960
1778708380217 0.3755 980
1778708381624 0.3617 1000
1778708385428 0.3726 1020
1778708386830 0.3369 1040
1778708388226 0.3726 1060
1778708389627 0.3926 1080
1778708391028 0.394 1100
1778708392431 0.4067 1120
1778708393825 0.3666 1140
1778708395222 0.4037 1160
1778708396627 0.3879 1180
1778708398028 0.3843 1200
1778708399426 0.3582 1220
1778708400825 0.3474 1240
1778708404610 0.3853 1260
1778708406013 0.4074 1280
1778708407418 0.3638 1300
1778708408819 0.3608 1320
1778708410224 0.3707 1340
1778708411621 0.3319 1360
1778708413021 0.3656 1380
1778708414419 0.3456 1400
1778708415821 0.3191 1420
1778708417225 0.3324 1440
1778708418627 0.3871 1460
1778708420032 0.3637 1480
1778708421432 0.3254 1500
1778708425359 0.3198 1520
1778708426773 0.3764 1540
1778708428179 0.3364 1560
1778708429579 0.3129 1580
1778708430979 0.3709 1600
1778708432378 0.3265 1620
1778708433773 0.3269 1640
1778708435186 0.3424 1660
1778708436584 0.3619 1680
1778708437976 0.3201 1700
1778708439384 0.311 1720
1778708440789 0.3302 1740
1778708444577 0.3267 1760
1778708445984 0.3032 1780
1778708447387 0.3586 1800
1778708448776 0.3799 1820
1778708450185 0.3463 1840
1778708451574 0.3628 1860
1778708452959 0.3321 1880
1778708454362 0.3209 1900
1778708455749 0.3583 1920
1778708457140 0.3082 1940
1778708458540 0.3141 1960
1778708459943 0.351 1980
1778708461328 0.3571 2000
1778708465132 0.3123 2020
1778708466524 0.3203 2040
1778708467915 0.3754 2060
1778708469315 0.2768 2080
1778708470716 0.372 2100
1778708472115 0.3238 2120
1778708473521 0.357 2140
1778708474918 0.3446 2160
1778708476308 0.3509 2180
1778708477729 0.3786 2200
1778708479119 0.3603 2220
1778708480509 0.3266 2240
1778708484284 0.3643 2260
1778708485685 0.3092 2280
1778708487094 0.3666 2300
1778708488496 0.3647 2320
1778708489891 0.327 2340
1778708491291 0.3268 2360
1778708492691 0.3514 2380
1778708494096 0.2903 2400
1778708495498 0.3243 2420
1778708496904 0.3369 2440
1778708498317 0.325 2460
1778708499984 0.334 2480
1778708501387 0.3439 2500
1778708505238 0.3437 2520
1778708506649 0.3415 2540
1778708508061 0.2898 2560
1778708509468 0.2921 2580
1778708510875 0.3468 2600
1778708512280 0.3345 2620
1778708513685 0.3191 2640
1778708515083 0.3351 2660
1778708516507 0.2982 2680
1778708517934 0.3032 2700
1778708519350 0.313 2720
1778708520757 0.2771 2740
1778708524582 0.2929 2760
1778708525981 0.3091 2780
1778708527395 0.3361 2800
1778708528800 0.2882 2820
1778708530204 0.3148 2840
1778708531610 0.3328 2860
1778708533017 0.3247 2880
1778708534435 0.2747 2900
1778708535866 0.3116 2920
1778708537274 0.27 2940
1778708538680 0.3036 2960
1778708540081 0.3009 2980
1778708541488 0.3277 3000
1778708545274 0.3168 3020
1778708546675 0.3342 3040
1778708548087 0.2756 3060
1778708549477 0.3299 3080
1778708550887 0.3045 3100
1778708552296 0.265 3120
1778708553705 0.2972 3140
1778708555413 0.2983 3160
1778708556816 0.28 3180
1778708558248 0.2596 3200
1778708559660 0.3032 3220
1778708561061 0.2929 3240
1778708564858 0.2894 3260
1778708566266 0.3219 3280
1778708567679 0.2684 3300
1778708569074 0.2804 3320
1778708570482 0.3016 3340
1778708571880 0.2845 3360
1778708573276 0.3056 3380
1778708574677 0.2751 3400
1778708576081 0.2777 3420
1778708577479 0.3138 3440
1778708578885 0.282 3460
1778708580297 0.2706 3480
1778708581704 0.287 3500
1778708585526 0.3312 3520
1778708586929 0.3128 3540
1778708588343 0.3498 3560
1778708589740 0.3157 3580
1778708591144 0.2733 3600
1778708592548 0.2582 3620
1778708593958 0.264 3640
1778708595369 0.2796 3660
1778708596776 0.2951 3680
1778708598195 0.3228 3700
1778708599609 0.2844 3720
1778708601033 0.3361 3740
1778708604832 0.3061 3760
1778708606230 0.3042 3780
1778708607634 0.2901 3800
1778708609039 0.2788 3820
1778708610444 0.3054 3840
1778708611853 0.2758 3860
1778708613262 0.2975 3880
1778708614665 0.2847 3900
1778708616070 0.3132 3920
1778708617476 0.3011 3940
1778708618882 0.3152 3960
1778708620288 0.2895 3980
1778708621700 0.2839 4000
1778708625488 0.2536 4020
1778708626911 0.2377 4040
1778708628311 0.2527 4060
1778708629707 0.2979 4080
1778708631103 0.24 4100
1778708632494 0.2634 4120
1778708633890 0.2664 4140
1778708635294 0.2773 4160
1778708636694 0.2267 4180
1778708638101 0.2844 4200
1778708639506 0.2597 4220
1778708640910 0.2765 4240
1778708644712 0.2422 4260
1778708646105 0.3002 4280
1778708647505 0.2812 4300
1778708648921 0.2334 4320
1778708650320 0.2611 4340
1778708651712 0.2516 4360
1778708653113 0.2823 4380
1778708654511 0.2551 4400
1778708655910 0.2893 4420
1778708657312 0.3016 4440
1778708658721 0.2724 4460
1778708660120 0.3007 4480
1778708661514 0.318 4500
1778708665299 0.2854 4520
1778708666695 0.2715 4540
1778708668091 0.2089 4560
1778708669487 0.2492 4580
1778708670886 0.2109 4600
1778708672296 0.2662 4620
1778708673706 0.2956 4640
1778708675119 0.2735 4660
1778708676543 0.2774 4680
1778708677961 0.2548 4700
1778708679356 0.281 4720
1778708680906 0.2743 4740
1778708684835 0.285 4760
1778708686236 0.2487 4780
1778708687652 0.2374 4800
1778708689057 0.3028 4820
1778708690458 0.2673 4840
1778708691852 0.2293 4860
1778708693255 0.2526 4880
1778708694656 0.2807 4900
1778708696045 0.2794 4920
1778708697464 0.2512 4940
1778708698871 0.245 4960
1778708700275 0.2325 4980
1778708701682 0.2554 5000
1778708705452 0.3125 5020
1778708706853 0.2345 5040
1778708708252 0.2259 5060
1778708709641 0.2524 5080
1778708711065 0.2954 5100
1778708712477 0.305 5120
1778708713862 0.2379 5140
1778708715259 0.3073 5160
1778708716690 0.2836 5180
1778708718077 0.2849 5200
1778708719475 0.2835 5220
1778708720868 0.2514 5240
1778708724663 0.266 5260
1778708726058 0.2704 5280
1778708727471 0.2851 5300
1778708728891 0.2501 5320
1778708730293 0.2392 5340
1778708731686 0.2682 5360
1778708733082 0.2333 5380
1778708734479 0.2414 5400
1778708735883 0.226 5420
1778708737275 0.2378 5440
1778708738680 0.2714 5460
1778708740077 0.2596 5480
1778708741476 0.2932 5500
1778708745306 0.2019 5520
1778708746707 0.2756 5540
1778708748103 0.2157 5560
1778708749499 0.2594 5580
1778708750892 0.1901 5600
1778708752280 0.2702 5620
1778708753686 0.2394 5640
1778708755077 0.2384 5660
1778708756471 0.2369 5680
1778708757864 0.2313 5700
1778708759261 0.2593 5720
1778708760658 0.2554 5740
1778708764460 0.2745 5760
1778708765856 0.2848 5780
1778708767254 0.2477 5800
1778708768651 0.2342 5820
1778708770055 0.2304 5840
1778708771460 0.264 5860
1778708772860 0.2465 5880
1778708774265 0.231 5900
1778708775670 0.2265 5920
1778708777071 0.2668 5940
1778708778466 0.2136 5960
1778708779862 0.2415 5980
1778708781263 0.2213 6000
1778708785052 0.2043 6020
1778708786435 0.2481 6040
1778708787826 0.1818 6060
1778708789228 0.2549 6080
1778708790626 0.2615 6100
1778708792029 0.2549 6120
1778708793424 0.1758 6140
1778708794808 0.2292 6160
1778708796190 0.2805 6180
1778708797581 0.1941 6200
1778708798985 0.228 6220
1778708800384 0.2092 6240
1778708804178 0.2635 6260
1778708805577 0.2499 6280
1778708806980 0.2365 6300
1778708808383 0.2333 6320
1778708809783 0.1995 6340
1778708811184 0.2345 6360
1778708812864 0.2425 6380
1778708814266 0.2757 6400
1778708815665 0.2261 6420
1778708817067 0.2335 6440
1778708818460 0.2129 6460
1778708819871 0.2713 6480
1778708821257 0.2601 6500
1778708825027 0.2208 6520
1778708826423 0.243 6540
1778708827816 0.2348 6560
1778708829217 0.2455 6580
1778708830606 0.2521 6600
1778708832004 0.2239 6620
1778708833400 0.2187 6640
1778708834810 0.2624 6660
