1778924491680 0.021953896816684963 20
1778924497201 0.043907793633369926 40
1778924502725 0.06586169045005488 60
1778924508247 0.08781558726673985 80
1778924513767 0.10976948408342481 100
1778924519287 0.13172338090010977 120
1778924524809 0.15367727771679474 140
1778924530329 0.1756311745334797 160
1778924535857 0.19758507135016465 180
1778924541386 0.21953896816684962 200
1778924546915 0.2414928649835346 220
1778924552445 0.26344676180021953 240
1778924565176 0.27442371020856204 250
1778924571872 0.2854006586169045 260
1778924577402 0.30735455543358947 280
1778924582931 0.32930845225027444 300
1778924588458 0.3512623490669594 320
1778924593985 0.3732162458836443 340
1778924599511 0.3951701427003293 360
1778924605038 0.41712403951701427 380
1778924610565 0.43907793633369924 400
1778924616091 0.4610318331503842 420
1778924621616 0.4829857299670692 440
1778924627141 0.5049396267837541 460
1778924632667 0.5268935236004391 480
1778924638192 0.5488474204171241 500
1778924648160 0.5488474204171241 500
1778924657034 0.570801317233809 520
1778924662566 0.5927552140504939 540
1778924668093 0.6147091108671789 560
1778924673619 0.6366630076838639 580
1778924679144 0.6586169045005489 600
1778924684670 0.6805708013172338 620
1778924690195 0.7025246981339188 640
1778924695720 0.7244785949506037 660
1778924701246 0.7464324917672887 680
1778924706771 0.7683863885839737 700
1778924712299 0.7903402854006586 720
1778924717829 0.8122941822173436 740
1778924730564 0.823271130625686 750
1778924737271 0.8342480790340285 760
1778924742802 0.8562019758507134 780
1778924748333 0.8781558726673985 800
1778924753869 0.9001097694840834 820
1778924759403 0.9220636663007684 840
1778924764939 0.9440175631174533 860
1778924770474 0.9659714599341384 880
1778924776009 0.9879253567508233 900
1778924781450 1.0098792535675083 920
1778924786985 1.031833150384193 940
1778924792520 1.0537870472008781 960
1778924798054 1.0757409440175631 980
1778924803589 1.0976948408342482 1000
1778924813560 1.0976948408342482 1000
1778924823612 1.119648737650933 1020
1778924829151 1.141602634467618 1040
1778924834685 1.163556531284303 1060
1778924840220 1.1855104281009878 1080
1778924845754 1.2074643249176729 1100
1778924851289 1.2294182217343579 1120
1778924856823 1.2513721185510427 1140
1778924862358 1.2733260153677277 1160
1778924867892 1.2952799121844127 1180
1778924873427 1.3172338090010978 1200
1778924878962 1.3391877058177828 1220
1778924884496 1.3611416026344676 1240
1778924897232 1.37211855104281 1250
1778924903981 1.3830954994511526 1260
1778924909521 1.4050493962678376 1280
1778924915056 1.4270032930845225 1300
1778924920591 1.4489571899012075 1320
1778924926127 1.4709110867178925 1340
1778924931663 1.4928649835345773 1360
1778924937198 1.5148188803512623 1380
1778924942733 1.5367727771679474 1400
1778924948268 1.5587266739846322 1420
1778924953802 1.5806805708013172 1440
1778924959336 1.6026344676180022 1460
1778924964871 1.624588364434687 1480
1778924970405 1.6465422612513723 1500
1778924980376 1.6465422612513723 1500
1778924989880 1.668496158068057 1520
1778924995420 1.690450054884742 1540
1778925000958 1.7124039517014271 1560
1778925006495 1.734357848518112 1580
1778925012031 1.756311745334797 1600
1778925017567 1.778265642151482 1620
1778925023103 1.8002195389681668 1640
1778925028638 1.8221734357848518 1660
1778925034173 1.8441273326015368 1680
1778925039708 1.8660812294182216 1700
1778925045245 1.8880351262349067 1720
1778925050780 1.9099890230515917 1740
1778925063517 1.920965971459934 1750
1778925069697 1.9319429198682765 1760
1778925075237 1.9538968166849617 1780
1778925080775 1.9758507135016465 1800
1778925086311 1.9978046103183313 1820
1778925091753 2.0197585071350166 1840
1778925097289 2.0417124039517014 1860
1778925102825 2.063666300768386 1880
1778925108363 2.0856201975850714 1900
1778925113898 2.1075740944017562 1920
1778925119434 2.129527991218441 1940
1778925124970 2.1514818880351263 1960
1778925130507 2.173435784851811 1980
1778925136043 2.1953896816684964 2000
1778925146015 2.1953896816684964 2000
1778925155485 2.217343578485181 2020
1778925161026 2.239297475301866 2040
1778925166561 2.261251372118551 2060
1778925172096 2.283205268935236 2080
1778925177633 2.305159165751921 2100
1778925183168 2.327113062568606 2120
1778925188704 2.349066959385291 2140
1778925194240 2.3710208562019757 2160
1778925199775 2.392974753018661 2180
1778925205310 2.4149286498353457 2200
1778925210847 2.436882546652031 2220
1778925216496 2.4588364434687158 2240
1778925229230 2.469813391877058 2250
1778925235932 2.4807903402854006 2260
1778925241474 2.5027442371020854 2280
1778925247011 2.5246981339187706 2300
1778925252548 2.5466520307354554 2320
1778925258084 2.5686059275521407 2340
1778925263620 2.5905598243688255 2360
1778925269154 2.6125137211855103 2380
1778925274690 2.6344676180021955 2400
1778925280225 2.6564215148188803 2420
1778925285760 2.6783754116355656 2440
1778925291295 2.7003293084522504 2460
1778925296832 2.722283205268935 2480
1778925302368 2.74423710208562 2500
1778925312338 2.74423710208562 2500
1778925322357 2.7661909989023052 2520
1778925327895 2.78814489571899 2540
1778925333431 2.8100987925356753 2560
1778925338967 2.83205268935236 2580
1778925344503 2.854006586169045 2600
1778925350038 2.8759604829857297 2620
1778925355573 2.897914379802415 2640
1778925361109 2.9198682766190998 2660
1778925366645 2.941822173435785 2680
1778925372181 2.96377607025247 2700
1778925377717 2.9857299670691546 2720
1778925383159 3.00768386388584 2740
1778925395897 3.0186608122941823 2750
1778925402077 3.0296377607025247 2760
1778925407617 3.0515916575192095 2780
1778925413154 3.0735455543358947 2800
1778925418688 3.0954994511525795 2820
1778925424224 3.1174533479692643 2840
1778925429759 3.1394072447859496 2860
1778925435294 3.1613611416026344 2880
1778925440829 3.1833150384193196 2900
1778925446364 3.2052689352360044 2920
1778925451898 3.2272228320526892 2940
1778925457433 3.2491767288693745 2960
1778925462968 3.2711306256860593 2980
1778925468504 3.293084522502744 3000
1778925478473 3.293084522502744 3000
1778925488516 3.3150384193194293 3020
1778925494056 3.336992316136114 3040
1778925499590 3.358946212952799 3060
1778925505124 3.380900109769484 3080
1778925510658 3.402854006586169 3100
1778925516192 3.4248079034028542 3120
1778925521725 3.446761800219539 3140
1778925527260 3.468715697036224 3160
1778925532794 3.4906695938529086 3180
1778925538328 3.512623490669594 3200
1778925543862 3.5345773874862787 3220
1778925549396 3.556531284302964 3240
1778925562129 3.5675082327113063 3250
1778925568322 3.5784851811196488 3260
1778925573854 3.6004390779363336 3280
1778925579380 3.622392974753019 3300
1778925584905 3.6443468715697036 3320
1778925590431 3.666300768386389 3340
1778925595956 3.6882546652030737 3360
1778925601482 3.7102085620197585 3380
1778925607007 3.7321624588364433 3400
1778925612533 3.7541163556531285 3420
1778925618059 3.7760702524698133 3440
1778925623585 3.7980241492864986 3460
1778925629111 3.8199780461031834 3480
1778925634637 3.841931942919868 3500
1778925644599 3.841931942919868 3500
1778925654067 3.863885839736553 3520
1778925659595 3.885839736553238 3540
1778925665121 3.907793633369923 3560
1778925670652 3.9297475301866083 3580
1778925676187 3.951701427003293 3600
1778925681723 3.973655323819978 3620
1778925687257 3.995609220636663 3640
1778925692697 4.017563117453348 3660
1778925698232 4.039517014270033 3680
1778925703766 4.061470911086718 3700
1778925709301 4.083424807903403 3720
1778925714835 4.105378704720088 3740
1778925727570 4.11635565312843 3750
1778925734276 4.127332601536772 3760
1778925739817 4.149286498353458 3780
1778925745353 4.171240395170143 3800
1778925750888 4.193194291986828 3820
1778925756422 4.2151481888035125 3840
1778925761958 4.237102085620197 3860
1778925767491 4.259055982436882 3880
1778925773025 4.281009879253568 3900
1778925778559 4.302963776070253 3920
1778925784093 4.324917672886937 3940
1778925789628 4.346871569703622 3960
1778925795162 4.368825466520307 3980
1778925800696 4.390779363336993 4000
1778925810666 4.390779363336993 4000
1778925820095 4.4127332601536775 4020
1778925825636 4.434687156970362 4040
1778925831170 4.456641053787047 4060
1778925836704 4.478594950603732 4080
1778925842238 4.500548847420417 4100
1778925847772 4.522502744237102 4120
1778925853305 4.544456641053787 4140
1778925858840 4.566410537870472 4160
1778925864374 4.588364434687157 4180
1778925869908 4.610318331503842 4200
1778925875443 4.632272228320527 4220
1778925880977 4.654226125137212 4240
1778925893711 4.6652030735455545 4250
1778925900420 4.676180021953897 4260
1778925905958 4.698133918770582 4280
1778925911490 4.7200878155872665 4300
1778925917021 4.742041712403951 4320
1778925922554 4.763995609220637 4340
1778925928086 4.785949506037322 4360
1778925933618 4.807903402854007 4380
1778925939149 4.829857299670691 4400
1778925944681 4.851811196487376 4420
1778925950213 4.873765093304062 4440
1778925955745 4.895718990120747 4460
1778925961277 4.9176728869374315 4480
1778925966925 4.939626783754116 4500
1778925976894 4.939626783754116 4500
1778925986897 4.961580680570801 4520
1778925992436 4.983534577387486 4540
1778926006458 5.0 4555
1778926009869 5.0 4555
1778926021413 5.0 4555
1778926024433 5.0 4555
1778926029581 5.0 0
