1778924491680 32.5649528503418 20
1778924497201 60.26520919799805 40
1778924502725 11.946378707885742 60
1778924508247 9.568587303161621 80
1778924513767 20.11056137084961 100
1778924519287 19.216079711914062 120
1778924524809 29.989036560058594 140
1778924530329 19.338184356689453 160
1778924535857 29.57950210571289 180
1778924541386 15.404183387756348 200
1778924546915 9.172625541687012 220
1778924552445 7.14615535736084 240
1778924571872 18.43294906616211 260
1778924577402 20.073759078979492 280
1778924582931 17.93798065185547 300
1778924588458 15.54413890838623 320
1778924593985 13.068285942077637 340
1778924599511 8.10212230682373 360
1778924605038 7.755603790283203 380
1778924610565 9.347390174865723 400
1778924616091 10.275394439697266 420
1778924621616 2.6078474521636963 440
1778924627141 21.19867706298828 460
1778924632667 10.92673110961914 480
1778924638192 11.006814956665039 500
1778924657034 8.980620384216309 520
1778924662566 5.665573596954346 540
1778924668093 4.637344837188721 560
1778924673619 20.559385299682617 580
1778924679144 12.489155769348145 600
1778924684670 9.041866302490234 620
1778924690195 12.949347496032715 640
1778924695720 6.196782112121582 660
1778924701246 19.887666702270508 680
1778924706771 25.055130004882812 700
1778924712299 17.37952995300293 720
1778924717829 25.042436599731445 740
1778924737271 43.49077224731445 760
1778924742802 6.842432975769043 780
1778924748333 18.177993774414062 800
1778924753869 30.098148345947266 820
1778924759403 21.9875545501709 840
1778924764939 32.858882904052734 860
1778924770474 9.061379432678223 880
1778924776009 4.644423007965088 900
1778924781450 3.828700542449951 920
1778924786985 9.652033805847168 940
1778924792520 11.024462699890137 960
1778924798054 29.851593017578125 980
1778924803589 8.454813957214355 1000
1778924823612 8.329764366149902 1020
1778924829151 8.242335319519043 1040
1778924834685 19.22384262084961 1060
1778924840220 8.190237998962402 1080
1778924845754 9.059754371643066 1100
1778924851289 7.978264808654785 1120
1778924856823 10.263397216796875 1140
1778924862358 8.423724174499512 1160
1778924867892 11.947406768798828 1180
1778924873427 6.406974792480469 1200
1778924878962 11.171468734741211 1220
1778924884496 13.842047691345215 1240
1778924903981 13.580992698669434 1260
1778924909521 21.26829719543457 1280
1778924915056 25.461931228637695 1300
1778924920591 4.602715015411377 1320
1778924926127 26.670602798461914 1340
1778924931663 7.74403190612793 1360
1778924937198 17.618648529052734 1380
1778924942733 9.685728073120117 1400
1778924948268 14.764967918395996 1420
1778924953802 15.546368598937988 1440
1778924959336 7.37147331237793 1460
1778924964871 8.29142951965332 1480
1778924970405 9.298477172851562 1500
1778924989880 11.619714736938477 1520
1778924995420 12.784912109375 1540
1778925000958 9.176692008972168 1560
1778925006495 7.422970771789551 1580
1778925012031 11.860997200012207 1600
1778925017567 9.270639419555664 1620
1778925023103 9.735021591186523 1640
1778925028638 7.134076118469238 1660
1778925034173 11.2114896774292 1680
1778925039708 13.771307945251465 1700
1778925045245 9.192286491394043 1720
1778925050780 15.415510177612305 1740
1778925069697 11.617963790893555 1760
1778925075237 7.186558723449707 1780
1778925080775 8.323904037475586 1800
1778925086311 5.430003643035889 1820
1778925091753 13.072729110717773 1840
1778925097289 11.254809379577637 1860
1778925102825 10.255780220031738 1880
1778925108363 14.301121711730957 1900
1778925113898 20.78845977783203 1920
1778925119434 16.01092529296875 1940
1778925124970 8.058457374572754 1960
1778925130507 16.358530044555664 1980
1778925136043 9.91701889038086 2000
1778925155485 19.269113540649414 2020
1778925161026 11.844035148620605 2040
1778925166561 14.238813400268555 2060
1778925172096 15.223763465881348 2080
1778925177633 7.171687126159668 2100
1778925183168 10.867348670959473 2120
1778925188704 11.950054168701172 2140
1778925194240 9.162443161010742 2160
1778925199775 10.388520240783691 2180
1778925205310 8.638355255126953 2200
1778925210847 8.76708984375 2220
1778925216496 8.3703031539917 2240
1778925235932 7.460296154022217 2260
1778925241474 10.557974815368652 2280
1778925247011 10.208252906799316 2300
1778925252548 8.507194519042969 2320
1778925258084 19.455591201782227 2340
1778925263620 11.454599380493164 2360
1778925269154 14.282918930053711 2380
1778925274690 13.05771255493164 2400
1778925280225 20.11785888671875 2420
1778925285760 7.46279764175415 2440
1778925291295 13.54404354095459 2460
1778925296832 19.506481170654297 2480
1778925302368 9.279778480529785 2500
1778925322357 5.988705635070801 2520
1778925327895 10.38967227935791 2540
1778925333431 11.858898162841797 2560
1778925338967 8.60174560546875 2580
1778925344503 8.819680213928223 2600
1778925350038 11.823549270629883 2620
1778925355573 20.664691925048828 2640
1778925361109 9.275956153869629 2660
1778925366645 12.075430870056152 2680
1778925372181 12.776045799255371 2700
1778925377717 9.445019721984863 2720
1778925383159 8.012853622436523 2740
1778925402077 6.6629438400268555 2760
1778925407617 6.622354030609131 2780
1778925413154 9.558984756469727 2800
1778925418688 11.126089096069336 2820
1778925424224 12.51055908203125 2840
1778925429759 8.729113578796387 2860
1778925435294 8.650923728942871 2880
1778925440829 10.165976524353027 2900
1778925446364 13.709010124206543 2920
1778925451898 18.386388778686523 2940
1778925457433 11.821629524230957 2960
1778925462968 7.3229804039001465 2980
1778925468504 16.51459503173828 3000
1778925488516 5.029528617858887 3020
1778925494056 12.988504409790039 3040
1778925499590 13.885353088378906 3060
1778925505124 21.13300132751465 3080
1778925510658 10.229508399963379 3100
1778925516192 10.684662818908691 3120
1778925521725 9.167363166809082 3140
1778925527260 16.91168785095215 3160
1778925532794 8.799062728881836 3180
1778925538328 10.459037780761719 3200
1778925543862 12.742996215820312 3220
1778925549396 16.992225646972656 3240
1778925568322 9.663918495178223 3260
1778925573854 5.741688251495361 3280
1778925579380 9.638278007507324 3300
1778925584905 8.077387809753418 3320
1778925590431 7.395681858062744 3340
1778925595956 12.345956802368164 3360
1778925601482 8.673447608947754 3380
1778925607007 26.945737838745117 3400
1778925612533 10.840438842773438 3420
1778925618059 8.646076202392578 3440
1778925623585 8.620838165283203 3460
1778925629111 26.404773712158203 3480
1778925634637 7.551636695861816 3500
1778925654067 9.16049575805664 3520
1778925659595 15.522891998291016 3540
1778925665121 20.20427703857422 3560
1778925670652 10.817306518554688 3580
1778925676187 12.9822998046875 3600
1778925681723 8.668660163879395 3620
1778925687257 8.803810119628906 3640
1778925692697 9.846158981323242 3660
1778925698232 9.509407997131348 3680
1778925703766 22.686561584472656 3700
1778925709301 12.44825553894043 3720
1778925714835 10.905304908752441 3740
1778925734276 10.905771255493164 3760
1778925739817 8.088780403137207 3780
1778925745353 5.262991428375244 3800
1778925750888 18.378482818603516 3820
1778925756422 27.79730796813965 3840
1778925761958 6.071136951446533 3860
1778925767491 8.56093692779541 3880
1778925773025 15.610862731933594 3900
1778925778559 7.425659656524658 3920
1778925784093 11.029886245727539 3940
1778925789628 21.634044647216797 3960
1778925795162 10.234711647033691 3980
1778925800696 6.827750205993652 4000
1778925820095 14.511760711669922 4020
1778925825636 9.552145004272461 4040
1778925831170 18.42673683166504 4060
1778925836704 10.611166954040527 4080
1778925842238 13.037822723388672 4100
1778925847772 10.383615493774414 4120
1778925853305 10.26927375793457 4140
1778925858840 16.976648330688477 4160
1778925864374 12.819077491760254 4180
1778925869908 14.974679946899414 4200
1778925875443 14.324492454528809 4220
1778925880977 13.25709342956543 4240
1778925900420 8.864665031433105 4260
1778925905958 9.618907928466797 4280
1778925911490 7.867974758148193 4300
1778925917021 8.071087837219238 4320
1778925922554 4.939874172210693 4340
1778925928086 6.465834617614746 4360
1778925933618 8.91716194152832 4380
1778925939149 10.565793991088867 4400
1778925944681 6.940531253814697 4420
1778925950213 18.98150634765625 4440
1778925955745 7.012297630310059 4460
1778925961277 14.121203422546387 4480
1778925966925 6.625807285308838 4500
1778925986897 10.491124153137207 4520
1778925992436 9.04796314239502 4540
