1778924491680 0.6807193756103516 20
1778924497201 0.629598331451416 40
1778924502725 0.5917740821838379 60
1778924508247 0.6167454242706298 80
1778924513767 0.558210039138794 100
1778924519287 0.5484575748443603 120
1778924524809 0.5920973777770996 140
1778924530329 0.5557145118713379 160
1778924535857 0.5699419975280762 180
1778924541386 0.5613327026367188 200
1778924546915 0.5371830940246582 220
1778924552445 0.516939640045166 240
1778924571872 0.5218399047851563 260
1778924577402 0.4873570442199707 280
1778924582931 0.5263560295104981 300
1778924588458 0.5490134239196778 320
1778924593985 0.5118514060974121 340
1778924599511 0.5587438106536865 360
1778924605038 0.5488587856292725 380
1778924610565 0.5610411643981934 400
1778924616091 0.52885422706604 420
1778924621616 0.5472362518310547 440
1778924627141 0.5765365600585938 460
1778924632667 0.5514356613159179 480
1778924638192 0.5288185119628906 500
1778924657034 0.5188247680664062 520
1778924662566 0.49576454162597655 540
1778924668093 0.5056116104125976 560
1778924673619 0.5537068843841553 580
1778924679144 0.5361463069915772 600
1778924684670 0.5299083232879639 620
1778924690195 0.6121311664581299 640
1778924695720 0.563142967224121 660
1778924701246 0.5618703842163086 680
1778924706771 0.5247347831726075 700
1778924712299 0.5895504474639892 720
1778924717829 0.56114501953125 740
1778924737271 0.5426682472229004 760
1778924742802 0.5866714477539062 780
1778924748333 0.5359467506408692 800
1778924753869 0.5518248081207275 820
1778924759403 0.5276734352111816 840
1778924764939 0.5710326194763183 860
1778924770474 0.5867939949035644 880
1778924776009 0.5399073123931885 900
1778924781450 0.5980129241943359 920
1778924786985 0.5502979278564453 940
1778924792520 0.5448066234588623 960
1778924798054 0.5324471473693848 980
1778924803589 0.5577265739440918 1000
1778924823612 0.531045389175415 1020
1778924829151 0.5462035655975341 1040
1778924834685 0.5311535358428955 1060
1778924840220 0.54228835105896 1080
1778924845754 0.5377024650573731 1100
1778924851289 0.5599876403808594 1120
1778924856823 0.5086620807647705 1140
1778924862358 0.5654465198516846 1160
1778924867892 0.537371301651001 1180
1778924873427 0.5123796463012695 1200
1778924878962 0.5149174690246582 1220
1778924884496 0.5380560874938964 1240
1778924903981 0.5731076240539551 1260
1778924909521 0.5541082382202148 1280
1778924915056 0.5138480186462402 1300
1778924920591 0.550618839263916 1320
1778924926127 0.5349576950073243 1340
1778924931663 0.49281964302062986 1360
1778924937198 0.4934135913848877 1380
1778924942733 0.5281062602996827 1400
1778924948268 0.4981086254119873 1420
1778924953802 0.4684422969818115 1440
1778924959336 0.5101373672485352 1460
1778924964871 0.5442170143127442 1480
1778924970405 0.4897945404052734 1500
1778924989880 0.46316046714782716 1520
1778924995420 0.5103809356689453 1540
1778925000958 0.5088481426239013 1560
1778925006495 0.4947636604309082 1580
1778925012031 0.4731579780578613 1600
1778925017567 0.49979801177978517 1620
1778925023103 0.4768171787261963 1640
1778925028638 0.46028594970703124 1660
1778925034173 0.4331388473510742 1680
1778925039708 0.4497861862182617 1700
1778925045245 0.46302099227905275 1720
1778925050780 0.46374082565307617 1740
1778925069697 0.4656564235687256 1760
1778925075237 0.5064732074737549 1780
1778925080775 0.490846586227417 1800
1778925086311 0.46030426025390625 1820
1778925091753 0.4637045383453369 1840
1778925097289 0.45763044357299804 1860
1778925102825 0.47577862739562987 1880
1778925108363 0.4744097232818604 1900
1778925113898 0.4531160831451416 1920
1778925119434 0.4861797332763672 1940
1778925124970 0.48035550117492676 1960
1778925130507 0.44550118446350095 1980
1778925136043 0.5049895763397216 2000
1778925155485 0.5026881217956543 2020
1778925161026 0.5046223163604736 2040
1778925166561 0.4969936847686768 2060
1778925172096 0.48293676376342776 2080
1778925177633 0.45611023902893066 2100
1778925183168 0.44916343688964844 2120
1778925188704 0.48375582695007324 2140
1778925194240 0.4825545310974121 2160
1778925199775 0.4380518436431885 2180
1778925205310 0.459702730178833 2200
1778925210847 0.4520129203796387 2220
1778925216496 0.4848661422729492 2240
1778925235932 0.4537752628326416 2260
1778925241474 0.5056597709655761 2280
1778925247011 0.4734818458557129 2300
1778925252548 0.5127619743347168 2320
1778925258084 0.5330331802368165 2340
1778925263620 0.4758650779724121 2360
1778925269154 0.4658361911773682 2380
1778925274690 0.49265480041503906 2400
1778925280225 0.47250709533691404 2420
1778925285760 0.4959103584289551 2440
1778925291295 0.44089570045471194 2460
1778925296832 0.4913651943206787 2480
1778925302368 0.4897451400756836 2500
1778925322357 0.4499654769897461 2520
1778925327895 0.4756646633148193 2540
1778925333431 0.4274743556976318 2560
1778925338967 0.4813070297241211 2580
1778925344503 0.5113252162933349 2600
1778925350038 0.4657400131225586 2620
1778925355573 0.4648393154144287 2640
1778925361109 0.4577742576599121 2660
1778925366645 0.4652860164642334 2680
1778925372181 0.47741289138793946 2700
1778925377717 0.46100444793701173 2720
1778925383159 0.48184614181518554 2740
1778925402077 0.4748712062835693 2760
1778925407617 0.4236586570739746 2780
1778925413154 0.47927427291870117 2800
1778925418688 0.4546510219573975 2820
1778925424224 0.46990218162536623 2840
1778925429759 0.45730199813842776 2860
1778925435294 0.466445779800415 2880
1778925440829 0.5012871742248535 2900
1778925446364 0.40941710472106935 2920
1778925451898 0.4678631782531738 2940
1778925457433 0.4551065444946289 2960
1778925462968 0.46657357215881345 2980
1778925468504 0.484320068359375 3000
1778925488516 0.44840550422668457 3020
1778925494056 0.5076972484588623 3040
1778925499590 0.4812647819519043 3060
1778925505124 0.4818434238433838 3080
1778925510658 0.46529154777526854 3100
1778925516192 0.4602621078491211 3120
1778925521725 0.46508588790893557 3140
1778925527260 0.4752355575561523 3160
1778925532794 0.45947265625 3180
1778925538328 0.46983909606933594 3200
1778925543862 0.47814373970031737 3220
1778925549396 0.4310628414154053 3240
1778925568322 0.5171521186828614 3260
1778925573854 0.4894273281097412 3280
1778925579380 0.4605686187744141 3300
1778925584905 0.46219325065612793 3320
1778925590431 0.4566339492797852 3340
1778925595956 0.4538125991821289 3360
1778925601482 0.44989628791809083 3380
1778925607007 0.5361818313598633 3400
1778925612533 0.4421208381652832 3420
1778925618059 0.4052285671234131 3440
1778925623585 0.454621410369873 3460
1778925629111 0.46692309379577634 3480
1778925634637 0.45882768630981446 3500
1778925654067 0.4368306636810303 3520
1778925659595 0.39674303531646726 3540
1778925665121 0.4482552528381348 3560
1778925670652 0.4914248466491699 3580
1778925676187 0.45798416137695314 3600
1778925681723 0.4607131004333496 3620
1778925687257 0.45629405975341797 3640
1778925692697 0.3992064714431763 3660
1778925698232 0.4574276447296143 3680
1778925703766 0.43427443504333496 3700
1778925709301 0.42927980422973633 3720
1778925714835 0.4214510440826416 3740
1778925734276 0.4294844150543213 3760
1778925739817 0.3933728694915771 3780
1778925745353 0.4289082527160645 3800
1778925750888 0.43598575592041017 3820
1778925756422 0.43348169326782227 3840
1778925761958 0.3937563419342041 3860
1778925767491 0.4510385036468506 3880
1778925773025 0.4293949604034424 3900
1778925778559 0.4268803596496582 3920
1778925784093 0.44930229187011717 3940
1778925789628 0.4496967315673828 3960
1778925795162 0.4315742015838623 3980
1778925800696 0.4335310935974121 4000
1778925820095 0.42453656196594236 4020
1778925825636 0.42952380180358884 4040
1778925831170 0.42391295433044435 4060
1778925836704 0.4562593936920166 4080
1778925842238 0.39541125297546387 4100
1778925847772 0.44130635261535645 4120
1778925853305 0.4235961437225342 4140
1778925858840 0.4499617576599121 4160
1778925864374 0.40660438537597654 4180
1778925869908 0.429566478729248 4200
1778925875443 0.4080463409423828 4220
1778925880977 0.41239514350891116 4240
1778925900420 0.4285996437072754 4260
1778925905958 0.42926368713378904 4280
1778925911490 0.44134178161621096 4300
1778925917021 0.4214655876159668 4320
1778925922554 0.4021582126617432 4340
1778925928086 0.41486272811889646 4360
1778925933618 0.4284667015075684 4380
1778925939149 0.38896565437316893 4400
1778925944681 0.435459566116333 4420
1778925950213 0.3924873352050781 4440
1778925955745 0.44071574211120607 4460
1778925961277 0.45662336349487304 4480
1778925966925 0.40211973190307615 4500
1778925986897 0.41684632301330565 4520
1778925992436 0.4937398910522461 4540
