1778839214626 0.1206347793340683 20
1778839215759 0.11631344258785248 40
1778839216892 0.20561319589614868 60
1778839218025 0.06834273785352707 80
1778839219158 0.1610022634267807 100
1778839220292 0.11096296459436417 120
1778839221425 0.04966628551483154 140
1778839222560 0.1829286366701126 160
1778839223695 0.1388518512248993 180
1778839224830 0.08084335923194885 200
1778839225966 0.07460679113864899 220
1778839227101 0.042164869606494904 240
1778839238830 0.07071345299482346 260
1778839239966 0.232707679271698 280
1778839241101 0.15442682802677155 300
1778839242238 0.14284898340702057 320
1778839243375 0.05153418704867363 340
1778839244513 0.05563737824559212 360
1778839245651 0.03093854896724224 380
1778839246789 0.1521798074245453 400
1778839247932 0.10355391353368759 420
1778839249069 0.06151486188173294 440
1778839250207 0.15620598196983337 460
1778839251345 0.09954624623060226 480
1778839252483 0.19831052422523499 500
1778839264469 0.04849884286522865 520
1778839265607 0.18949441611766815 540
1778839266745 0.14624936878681183 560
1778839267882 0.14483384788036346 580
1778839269020 0.09628982841968536 600
1778839270158 0.14297455549240112 620
1778839271296 0.0622294656932354 640
1778839272434 0.05979090929031372 660
1778839273572 0.19661813974380493 680
1778839274710 0.07695643603801727 700
1778839275848 0.11071029305458069 720
1778839276986 0.04164479672908783 740
1778839288740 0.035187892615795135 760
1778839289880 0.19559192657470703 780
1778839291018 0.030640995129942894 800
1778839292155 0.14420250058174133 820
1778839293293 0.06527027487754822 840
1778839294430 0.18698658049106598 860
1778839295567 0.04099929705262184 880
1778839296704 0.10454624146223068 900
1778839297842 0.10608487576246262 920
1778839298980 0.19401757419109344 940
1778839300117 0.037109822034835815 960
1778839301255 0.19267390668392181 980
1778839302393 0.06886236369609833 1000
1778839314430 0.04096919670701027 1020
1778839315569 0.1947258859872818 1040
1778839316707 0.059695590287446976 1060
1778839317845 0.10480357706546783 1080
1778839318983 0.15290184319019318 1100
1778839320121 0.06283973157405853 1120
1778839321259 0.05961846560239792 1140
1778839322397 0.09474296867847443 1160
1778839323535 0.044012051075696945 1180
1778839324674 0.0972534790635109 1200
1778839325814 0.07311905175447464 1220
1778839326951 0.055112067610025406 1240
1778839338934 0.10610876977443695 1260
1778839340071 0.09716613590717316 1280
1778839341209 0.10039349645376205 1300
1778839342347 0.06440587341785431 1320
1778839343560 0.048301760107278824 1340
1778839344698 0.10305552929639816 1360
1778839345836 0.032192412763834 1380
1778839346975 0.058030594140291214 1400
1778839348113 0.10597787797451019 1420
1778839349251 0.06393637508153915 1440
1778839350389 0.046709805727005005 1460
1778839351527 0.33151158690452576 1480
1778839352666 0.09774810075759888 1500
1778839364728 0.06019497662782669 1520
1778839365867 0.1023840606212616 1540
1778839367007 0.0973789244890213 1560
1778839368147 0.1995333880186081 1580
1778839369285 0.059154003858566284 1600
1778839370425 0.062150988727808 1620
1778839371566 0.4681740999221802 1640
1778839372709 0.10723086446523666 1660
1778839373849 0.06469916552305222 1680
1778839374988 0.10208148509263992 1700
1778839376128 0.058667752891778946 1720
1778839377267 0.03659679368138313 1740
1778839389274 0.09681025892496109 1760
1778839390414 0.052509237080812454 1780
1778839391553 0.05411931499838829 1800
1778839392692 0.24024803936481476 1820
1778839393832 0.18128487467765808 1840
1778839394971 0.0278459545224905 1860
1778839396110 0.14936041831970215 1880
1778839397250 0.05574017018079758 1900
1778839398389 0.23945055902004242 1920
1778839399529 0.12964263558387756 1940
1778839400668 0.059933558106422424 1960
1778839401808 0.06308145076036453 1980
1778839402947 0.040512487292289734 2000
1778839415039 0.04946475103497505 2020
1778839416178 0.14605730772018433 2040
1778839417317 0.05831122770905495 2060
1778839418457 0.2868289351463318 2080
1778839419596 0.059324104338884354 2100
1778839420736 0.10989642888307571 2120
1778839421876 0.18645623326301575 2140
1778839423015 0.05938991904258728 2160
1778839424155 0.03297658637166023 2180
1778839425295 0.03817620500922203 2200
1778839426434 0.08930771052837372 2220
1778839427576 0.2812505066394806 2240
1778839439654 0.030958300456404686 2260
1778839440793 0.058035869151353836 2280
1778839441933 0.046245917677879333 2300
1778839443072 0.03885830566287041 2320
1778839444211 0.07832278311252594 2340
1778839445352 0.1529153287410736 2360
1778839446491 0.12282183021306992 2380
1778839447631 0.1345777064561844 2400
1778839448772 0.12319828569889069 2420
1778839449911 0.07136938720941544 2440
1778839451055 0.06672924757003784 2460
1778839452195 0.20297808945178986 2480
1778839453334 0.14555244147777557 2500
1778839465327 0.06187129765748978 2520
1778839466466 0.13203658163547516 2540
1778839467606 0.15498529374599457 2560
1778839468745 0.10173407942056656 2580
1778839469884 0.07331250607967377 2600
1778839471024 0.0845876932144165 2620
1778839472163 0.054791275411844254 2640
1778839473303 0.18789401650428772 2660
1778839474440 0.17539609968662262 2680
1778839475579 0.11773381382226944 2700
1778839476719 0.08642175793647766 2720
1778839477858 0.1452082246541977 2740
1778839489902 0.0356057733297348 2760
1778839491041 0.10100188106298447 2780
1778839492181 0.14371635019779205 2800
1778839493321 0.12338148057460785 2820
1778839494461 0.04273582994937897 2840
1778839495601 0.22150930762290955 2860
1778839496741 0.05442902445793152 2880
1778839497881 0.10026569664478302 2900
1778839499021 0.05399249866604805 2920
1778839500161 0.046852413564920425 2940
1778839501302 0.1359572559595108 2960
1778839502444 0.2279229313135147 2980
1778839503585 0.19611743092536926 3000
1778839515669 0.08921930938959122 3020
1778839516809 0.15615567564964294 3040
1778839517949 0.035187628120183945 3060
1778839519091 0.13223253190517426 3080
1778839520231 0.13723938167095184 3100
1778839521371 0.07467953115701675 3120
1778839522511 0.14597268402576447 3140
1778839523651 0.23888833820819855 3160
1778839524795 0.11502087116241455 3180
1778839525935 0.1538510024547577 3200
1778839527075 0.10723879188299179 3220
1778839528215 0.06319478154182434 3240
1778839540230 0.054098621010780334 3260
1778839541370 0.056127358227968216 3280
1778839542510 0.04170648008584976 3300
1778839543651 0.4108307957649231 3320
1778839544791 0.09279583394527435 3340
1778839545930 0.0725218802690506 3360
1778839547070 0.0614854097366333 3380
1778839548210 0.28664615750312805 3400
1778839549349 0.07010891288518906 3420
1778839550489 0.04171193018555641 3440
1778839551630 0.18706460297107697 3460
1778839552770 0.1240428015589714 3480
1778839553911 0.04330601543188095 3500
1778839565960 0.21894069015979767 3520
1778839567100 0.040371667593717575 3540
1778839568240 0.0920242890715599 3560
1778839569380 0.05309800058603287 3580
1778839570520 0.040937431156635284 3600
1778839571659 0.04206627979874611 3620
1778839572799 0.12826882302761078 3640
1778839573939 0.12255444377660751 3660
1778839575081 0.2433188259601593 3680
1778839576220 0.06119038164615631 3700
1778839577360 0.03206107020378113 3720
1778839578500 0.031410396099090576 3740
1778839590567 0.03819264844059944 3760
1778839591707 0.08002398908138275 3780
1778839592848 0.09591080993413925 3800
1778839593987 0.1337960809469223 3820
1778839595127 0.16477486491203308 3840
1778839596266 0.0619405135512352 3860
1778839597407 0.1899726837873459 3880
1778839598550 0.034036342054605484 3900
1778839599690 0.16731856763362885 3920
1778839600830 0.09059393405914307 3940
1778839601970 0.10007212311029434 3960
1778839603110 0.22110149264335632 3980
1778839604244 0.18806593120098114 4000
1778839616238 0.12051604688167572 4020
1778839617377 0.0619303435087204 4040
1778839618517 0.13618318736553192 4060
1778839619656 0.036969758570194244 4080
1778839620796 0.05231935530900955 4100
1778839621935 0.23413823544979095 4120
1778839623075 0.10518769174814224 4140
1778839624214 0.1074475646018982 4160
1778839625354 0.11590618640184402 4180
1778839626494 0.10317853093147278 4200
1778839627633 0.0963234007358551 4220
1778839628773 0.11226533353328705 4240
1778839640784 0.047159258276224136 4260
1778839641923 0.04967818036675453 4280
1778839643063 0.052066460251808167 4300
1778839644203 0.07915109395980835 4320
1778839645342 0.18435296416282654 4340
1778839646482 0.10093268752098083 4360
1778839647622 0.03697850555181503 4380
1778839648762 0.11621515452861786 4400
1778839649901 0.09036532789468765 4420
1778839651041 0.143344447016716 4440
1778839652181 0.19933141767978668 4460
1778839653321 0.09252285212278366 4480
1778839654461 0.08541937917470932 4500
1778839666520 0.09984938055276871 4520
1778839667659 0.08740487694740295 4540
1778839668799 0.06521251797676086 4560
1778839669939 0.1850144863128662 4580
1778839671079 0.11551613360643387 4600
1778839672219 0.049578968435525894 4620
1778839673359 0.1877603977918625 4640
1778839674499 0.1036912277340889 4660
1778839675639 0.13197878003120422 4680
1778839676781 0.037980955094099045 4700
1778839677922 0.1572519987821579 4720
1778839679062 0.175088569521904 4740
1778839691065 0.06854523718357086 4760
1778839692204 0.035061322152614594 4780
1778839693344 0.16200454533100128 4800
1778839694484 0.055751435458660126 4820
1778839695624 0.14284101128578186 4840
1778839696764 0.059112198650836945 4860
1778839697904 0.03780064731836319 4880
1778839699044 0.0368155799806118 4900
1778839700184 0.12229348719120026 4920
1778839701325 0.04652922600507736 4940
1778839702465 0.06268946081399918 4960
1778839703605 0.14127202332019806 4980
1778839704745 0.04459527134895325 5000
1778839716796 0.04037657752633095 5020
1778839717936 0.07285285741090775 5040
1778839719077 0.07828660309314728 5060
1778839720218 0.03785940632224083 5080
1778839721363 0.2757292687892914 5100
1778839722504 0.07062456756830215 5120
1778839723644 0.316564679145813 5140
1778839724785 0.22723083198070526 5160
1778839725925 0.10320218652486801 5180
1778839727066 0.03243645653128624 5200
1778839728206 0.0455501452088356 5220
1778839729347 0.14701813459396362 5240
1778839741362 0.06145048886537552 5260
1778839742503 0.19784726202487946 5280
1778839743642 0.033419642597436905 5300
1778839744781 0.11927442997694016 5320
1778839745915 0.05473405122756958 5340
1778839747056 0.04776177927851677 5360
1778839748196 0.061111219227313995 5380
1778839749336 0.03608693927526474 5400
1778839750477 0.13829787075519562 5420
1778839751617 0.0637800320982933 5440
1778839752757 0.06795331090688705 5460
1778839753897 0.09901388734579086 5480
1778839755037 0.04100000485777855 5500
1778839767041 0.1427624225616455 5520
1778839768183 0.13751395046710968 5540
1778839769324 0.06552665680646896 5560
1778839770466 0.20945754647254944 5580
1778839771608 0.036680690944194794 5600
1778839772749 0.145620658993721 5620
1778839773891 0.14545604586601257 5640
1778839775032 0.1036781519651413 5660
1778839776174 0.04455617070198059 5680
1778839777316 0.0474846251308918 5700
1778839778457 0.12899312376976013 5720
1778839779600 0.0789964348077774 5740
1778839791703 0.10779615491628647 5760
1778839792842 0.10651104897260666 5780
1778839793982 0.040472351014614105 5800
1778839795123 0.12550349533557892 5820
1778839796263 0.09050782024860382 5840
1778839797403 0.14973051846027374 5860
1778839798543 0.042848311364650726 5880
1778839799683 0.07576797902584076 5900
1778839800826 0.03812817484140396 5920
1778839801967 0.08484933525323868 5940
1778839803107 0.06244080886244774 5960
1778839804247 0.03253845125436783 5980
1778839805387 0.0849197655916214 6000
1778839817383 0.13371950387954712 6020
1778839818522 0.07828135043382645 6040
1778839819662 0.041488658636808395 6060
1778839820801 0.05309056490659714 6080
1778839821941 0.04695328325033188 6100
1778839823081 0.13079285621643066 6120
1778839824221 0.09040004014968872 6140
1778839825361 0.03317589685320854 6160
1778839826501 0.03087323158979416 6180
1778839827640 0.03925592079758644 6200
1778839828780 0.06677203625440598 6220
1778839829920 0.13930104672908783 6240
1778839841959 0.18581733107566833 6260
1778839843099 0.06372761726379395 6280
1778839844239 0.07345108687877655 6300
1778839845379 0.11792217940092087 6320
1778839846519 0.12014959752559662 6340
1778839847659 0.04312574863433838 6360
1778839848799 0.06623297184705734 6380
1778839849939 0.03333195298910141 6400
1778839851079 0.04010673239827156 6420
1778839852220 0.1716262400150299 6440
1778839853360 0.20435452461242676 6460
1778839854501 0.10729353874921799 6480
1778839855641 0.05914314091205597 6500
1778839867710 0.0380660817027092 6520
1778839868850 0.07849928736686707 6540
1778839869989 0.052007272839546204 6560
1778839871129 0.07049481570720673 6580
1778839872268 0.04225853458046913 6600
1778839873408 0.03560314700007439 6620
1778839874549 0.15980109572410583 6640
1778839875682 0.19872905313968658 6660
