1778839214626 3.8e-05 20
1778839215759 7.800000000000001e-05 40
1778839216892 9.986384266263238e-05 60
1778839218025 9.956127080181544e-05 80
1778839219158 9.925869894099849e-05 100
1778839220292 9.895612708018155e-05 120
1778839221425 9.86535552193646e-05 140
1778839222560 9.835098335854766e-05 160
1778839223695 9.804841149773071e-05 180
1778839224830 9.774583963691377e-05 200
1778839225966 9.744326777609682e-05 220
1778839227101 9.714069591527989e-05 240
1778839238830 9.683812405446295e-05 260
1778839239966 9.653555219364599e-05 280
1778839241101 9.623298033282904e-05 300
1778839242238 9.593040847201211e-05 320
1778839243375 9.562783661119517e-05 340
1778839244513 9.532526475037822e-05 360
1778839245651 9.502269288956128e-05 380
1778839246789 9.472012102874433e-05 400
1778839247932 9.441754916792739e-05 420
1778839249069 9.411497730711044e-05 440
1778839250207 9.38124054462935e-05 460
1778839251345 9.350983358547655e-05 480
1778839252483 9.320726172465961e-05 500
1778839264469 9.290468986384266e-05 520
1778839265607 9.260211800302573e-05 540
1778839266745 9.229954614220879e-05 560
1778839267882 9.199697428139183e-05 580
1778839269020 9.169440242057488e-05 600
1778839270158 9.139183055975795e-05 620
1778839271296 9.108925869894101e-05 640
1778839272434 9.078668683812406e-05 660
1778839273572 9.04841149773071e-05 680
1778839274710 9.018154311649017e-05 700
1778839275848 8.987897125567323e-05 720
1778839276986 8.957639939485628e-05 740
1778839288740 8.927382753403934e-05 760
1778839289880 8.897125567322239e-05 780
1778839291018 8.866868381240545e-05 800
1778839292155 8.83661119515885e-05 820
1778839293293 8.806354009077157e-05 840
1778839294430 8.776096822995463e-05 860
1778839295567 8.745839636913767e-05 880
1778839296704 8.715582450832072e-05 900
1778839297842 8.685325264750379e-05 920
1778839298980 8.655068078668685e-05 940
1778839300117 8.62481089258699e-05 960
1778839301255 8.594553706505294e-05 980
1778839302393 8.564296520423601e-05 1000
1778839314430 8.534039334341907e-05 1020
1778839315569 8.503782148260212e-05 1040
1778839316707 8.473524962178518e-05 1060
1778839317845 8.443267776096823e-05 1080
1778839318983 8.413010590015129e-05 1100
1778839320121 8.382753403933434e-05 1120
1778839321259 8.35249621785174e-05 1140
1778839322397 8.322239031770047e-05 1160
1778839323535 8.291981845688351e-05 1180
1778839324674 8.261724659606656e-05 1200
1778839325814 8.231467473524963e-05 1220
1778839326951 8.201210287443269e-05 1240
1778839338934 8.170953101361574e-05 1260
1778839340071 8.140695915279878e-05 1280
1778839341209 8.110438729198185e-05 1300
1778839342347 8.080181543116491e-05 1320
1778839343560 8.049924357034796e-05 1340
1778839344698 8.019667170953102e-05 1360
1778839345836 7.989409984871407e-05 1380
1778839346975 7.959152798789713e-05 1400
1778839348113 7.928895612708018e-05 1420
1778839349251 7.898638426626324e-05 1440
1778839350389 7.86838124054463e-05 1460
1778839351527 7.838124054462935e-05 1480
1778839352666 7.80786686838124e-05 1500
1778839364728 7.777609682299547e-05 1520
1778839365867 7.747352496217853e-05 1540
1778839367007 7.717095310136158e-05 1560
1778839368147 7.686838124054462e-05 1580
1778839369285 7.656580937972769e-05 1600
1778839370425 7.626323751891075e-05 1620
1778839371566 7.59606656580938e-05 1640
1778839372709 7.565809379727686e-05 1660
1778839373849 7.535552193645991e-05 1680
1778839374988 7.505295007564297e-05 1700
1778839376128 7.475037821482602e-05 1720
1778839377267 7.444780635400908e-05 1740
1778839389274 7.414523449319215e-05 1760
1778839390414 7.384266263237519e-05 1780
1778839391553 7.354009077155824e-05 1800
1778839392692 7.323751891074131e-05 1820
1778839393832 7.293494704992437e-05 1840
1778839394971 7.263237518910742e-05 1860
1778839396110 7.232980332829046e-05 1880
1778839397250 7.202723146747353e-05 1900
1778839398389 7.172465960665659e-05 1920
1778839399529 7.142208774583964e-05 1940
1778839400668 7.11195158850227e-05 1960
1778839401808 7.081694402420575e-05 1980
1778839402947 7.051437216338881e-05 2000
1778839415039 7.021180030257186e-05 2020
1778839416178 6.990922844175492e-05 2040
1778839417317 6.960665658093797e-05 2060
1778839418457 6.930408472012103e-05 2080
1778839419596 6.900151285930408e-05 2100
1778839420736 6.869894099848715e-05 2120
1778839421876 6.83963691376702e-05 2140
1778839423015 6.809379727685326e-05 2160
1778839424155 6.77912254160363e-05 2180
1778839425295 6.748865355521937e-05 2200
1778839426434 6.718608169440243e-05 2220
1778839427576 6.688350983358548e-05 2240
1778839439654 6.658093797276854e-05 2260
1778839440793 6.627836611195159e-05 2280
1778839441933 6.597579425113465e-05 2300
1778839443072 6.56732223903177e-05 2320
1778839444211 6.537065052950076e-05 2340
1778839445352 6.506807866868381e-05 2360
1778839446491 6.476550680786687e-05 2380
1778839447631 6.446293494704992e-05 2400
1778839448772 6.416036308623299e-05 2420
1778839449911 6.385779122541605e-05 2440
1778839451055 6.35552193645991e-05 2460
1778839452195 6.325264750378214e-05 2480
1778839453334 6.295007564296521e-05 2500
1778839465327 6.264750378214827e-05 2520
1778839466466 6.234493192133132e-05 2540
1778839467606 6.204236006051438e-05 2560
1778839468745 6.173978819969743e-05 2580
1778839469884 6.143721633888049e-05 2600
1778839471024 6.113464447806354e-05 2620
1778839472163 6.08320726172466e-05 2640
1778839473303 6.052950075642966e-05 2660
1778839474440 6.0226928895612714e-05 2680
1778839475579 5.992435703479576e-05 2700
1778839476719 5.962178517397883e-05 2720
1778839477858 5.931921331316188e-05 2740
1778839489902 5.9016641452344934e-05 2760
1778839491041 5.871406959152799e-05 2780
1778839492181 5.841149773071105e-05 2800
1778839493321 5.8108925869894106e-05 2820
1778839494461 5.7806354009077154e-05 2840
1778839495601 5.750378214826021e-05 2860
1778839496741 5.720121028744327e-05 2880
1778839497881 5.6898638426626326e-05 2900
1778839499021 5.659606656580938e-05 2920
1778839500161 5.6293494704992436e-05 2940
1778839501302 5.59909228441755e-05 2960
1778839502444 5.568835098335855e-05 2980
1778839503585 5.53857791225416e-05 3000
1778839515669 5.508320726172467e-05 3020
1778839516809 5.478063540090772e-05 3040
1778839517949 5.4478063540090774e-05 3060
1778839519091 5.417549167927383e-05 3080
1778839520231 5.387291981845689e-05 3100
1778839521371 5.3570347957639946e-05 3120
1778839522511 5.3267776096822994e-05 3140
1778839523651 5.296520423600605e-05 3160
1778839524795 5.266263237518911e-05 3180
1778839525935 5.2360060514372166e-05 3200
1778839527075 5.205748865355522e-05 3220
1778839528215 5.175491679273827e-05 3240
1778839540230 5.145234493192134e-05 3260
1778839541370 5.114977307110439e-05 3280
1778839542510 5.084720121028744e-05 3300
1778839543651 5.054462934947051e-05 3320
1778839544791 5.024205748865356e-05 3340
1778839545930 4.9939485627836613e-05 3360
1778839547070 4.963691376701967e-05 3380
1778839548210 4.9334341906202724e-05 3400
1778839549349 4.9031770045385785e-05 3420
1778839550489 4.8729198184568834e-05 3440
1778839551630 4.8426626323751896e-05 3460
1778839552770 4.812405446293495e-05 3480
1778839553911 4.7821482602118006e-05 3500
1778839565960 4.751891074130106e-05 3520
1778839567100 4.7216338880484116e-05 3540
1778839568240 4.691376701966717e-05 3560
1778839569380 4.6611195158850226e-05 3580
1778839570520 4.630862329803328e-05 3600
1778839571659 4.600605143721634e-05 3620
1778839572799 4.57034795763994e-05 3640
1778839573939 4.540090771558245e-05 3660
1778839575081 4.509833585476551e-05 3680
1778839576220 4.479576399394856e-05 3700
1778839577360 4.4493192133131625e-05 3720
1778839578500 4.4190620272314673e-05 3740
1778839590567 4.3888048411497735e-05 3760
1778839591707 4.358547655068079e-05 3780
1778839592848 4.3282904689863845e-05 3800
1778839593987 4.29803328290469e-05 3820
1778839595127 4.2677760968229956e-05 3840
1778839596266 4.237518910741301e-05 3860
1778839597407 4.2072617246596066e-05 3880
1778839598550 4.177004538577912e-05 3900
1778839599690 4.146747352496218e-05 3920
1778839600830 4.116490166414524e-05 3940
1778839601970 4.086232980332829e-05 3960
1778839603110 4.055975794251135e-05 3980
1778839604244 4.02571860816944e-05 4000
1778839616238 3.9954614220877465e-05 4020
1778839617377 3.965204236006051e-05 4040
1778839618517 3.9349470499243575e-05 4060
1778839619656 3.904689863842662e-05 4080
1778839620796 3.8744326777609685e-05 4100
1778839621935 3.844175491679274e-05 4120
1778839623075 3.8139183055975795e-05 4140
1778839624214 3.783661119515885e-05 4160
1778839625354 3.7534039334341906e-05 4180
1778839626494 3.723146747352496e-05 4200
1778839627633 3.692889561270802e-05 4220
1778839628773 3.662632375189108e-05 4240
1778839640784 3.632375189107413e-05 4260
1778839641923 3.603630862329804e-05 4280
1778839643063 3.5733736762481093e-05 4300
1778839644203 3.543116490166415e-05 4320
1778839645342 3.5128593040847204e-05 4340
1778839646482 3.482602118003026e-05 4360
1778839647622 3.4523449319213314e-05 4380
1778839648762 3.422087745839637e-05 4400
1778839649901 3.3918305597579424e-05 4420
1778839651041 3.3615733736762486e-05 4440
1778839652181 3.3313161875945534e-05 4460
1778839653321 3.3010590015128596e-05 4480
1778839654461 3.270801815431165e-05 4500
1778839666520 3.2405446293494706e-05 4520
1778839667659 3.210287443267776e-05 4540
1778839668799 3.1800302571860816e-05 4560
1778839669939 3.149773071104388e-05 4580
1778839671079 3.119515885022693e-05 4600
1778839672219 3.089258698940999e-05 4620
1778839673359 3.059001512859304e-05 4640
1778839674499 3.02874432677761e-05 4660
1778839675639 2.9984871406959154e-05 4680
1778839676781 2.9682299546142212e-05 4700
1778839677922 2.9379727685325264e-05 4720
1778839679062 2.9077155824508322e-05 4740
1778839691065 2.8774583963691377e-05 4760
1778839692204 2.8472012102874436e-05 4780
1778839693344 2.8169440242057487e-05 4800
1778839694484 2.7866868381240546e-05 4820
1778839695624 2.7564296520423598e-05 4840
1778839696764 2.726172465960666e-05 4860
1778839697904 2.6959152798789718e-05 4880
1778839699044 2.665658093797277e-05 4900
1778839700184 2.6354009077155828e-05 4920
1778839701325 2.605143721633888e-05 4940
1778839702465 2.5748865355521938e-05 4960
1778839703605 2.5446293494704993e-05 4980
1778839704745 2.5143721633888052e-05 5000
1778839716796 2.4841149773071107e-05 5020
1778839717936 2.4538577912254162e-05 5040
1778839719077 2.4236006051437217e-05 5060
1778839720218 2.3933434190620275e-05 5080
1778839721363 2.363086232980333e-05 5100
1778839722504 2.3328290468986386e-05 5120
1778839723644 2.302571860816944e-05 5140
1778839724785 2.2723146747352496e-05 5160
1778839725925 2.2420574886535554e-05 5180
1778839727066 2.211800302571861e-05 5200
1778839728206 2.1815431164901664e-05 5220
1778839729347 2.151285930408472e-05 5240
1778839741362 2.1210287443267775e-05 5260
1778839742503 2.0907715582450833e-05 5280
1778839743642 2.0605143721633888e-05 5300
1778839744781 2.0302571860816947e-05 5320
1778839745915 2e-05 5340
1778839747056 1.9697428139183057e-05 5360
1778839748196 1.9394856278366115e-05 5380
1778839749336 1.909228441754917e-05 5400
1778839750477 1.8789712556732225e-05 5420
1778839751617 1.848714069591528e-05 5440
1778839752757 1.8184568835098336e-05 5460
1778839753897 1.7881996974281394e-05 5480
1778839755037 1.757942511346445e-05 5500
1778839767041 1.7276853252647504e-05 5520
1778839768183 1.697428139183056e-05 5540
1778839769324 1.6671709531013614e-05 5560
1778839770466 1.6369137670196673e-05 5580
1778839771608 1.6066565809379728e-05 5600
1778839772749 1.5763993948562786e-05 5620
1778839773891 1.546142208774584e-05 5640
1778839775032 1.5158850226928898e-05 5660
1778839776174 1.4856278366111953e-05 5680
1778839777316 1.4553706505295008e-05 5700
1778839778457 1.4251134644478065e-05 5720
1778839779600 1.394856278366112e-05 5740
1778839791703 1.3645990922844177e-05 5760
1778839792842 1.3343419062027232e-05 5780
1778839793982 1.3040847201210287e-05 5800
1778839795123 1.2738275340393344e-05 5820
1778839796263 1.2435703479576399e-05 5840
1778839797403 1.2133131618759456e-05 5860
1778839798543 1.1830559757942513e-05 5880
1778839799683 1.1527987897125568e-05 5900
1778839800826 1.1225416036308624e-05 5920
1778839801967 1.092284417549168e-05 5940
1778839803107 1.0620272314674736e-05 5960
1778839804247 1.0317700453857791e-05 5980
1778839805387 1.0015128593040846e-05 6000
1778839817383 9.712556732223905e-06 6020
1778839818522 9.40998487140696e-06 6040
1778839819662 9.107413010590015e-06 6060
1778839820801 8.804841149773072e-06 6080
1778839821941 8.502269288956127e-06 6100
1778839823081 8.199697428139184e-06 6120
1778839824221 7.897125567322239e-06 6140
1778839825361 7.594553706505296e-06 6160
1778839826501 7.291981845688351e-06 6180
1778839827640 6.989409984871407e-06 6200
1778839828780 6.686838124054463e-06 6220
1778839829920 6.384266263237519e-06 6240
1778839841959 6.081694402420575e-06 6260
1778839843099 5.779122541603631e-06 6280
1778839844239 5.476550680786687e-06 6300
1778839845379 5.173978819969743e-06 6320
1778839846519 4.871406959152799e-06 6340
1778839847659 4.568835098335856e-06 6360
1778839848799 4.266263237518911e-06 6380
1778839849939 3.963691376701967e-06 6400
1778839851079 3.6611195158850225e-06 6420
1778839852220 3.358547655068079e-06 6440
1778839853360 3.055975794251135e-06 6460
1778839854501 2.7534039334341907e-06 6480
1778839855641 2.4508320726172467e-06 6500
1778839867710 2.148260211800303e-06 6520
1778839868850 1.8456883509833587e-06 6540
1778839869989 1.5431164901664146e-06 6560
1778839871129 1.2405446293494706e-06 6580
1778839872268 9.379727685325265e-07 6600
1778839873408 6.354009077155824e-07 6620
1778839874549 3.3282904689863846e-07 6640
1778839875682 3.02571860816944e-08 6660
