1776962576946 2.9973 20
1776962584272 2.9911 40
1776962591586 2.9822 60
1776962598933 2.9837 80
1776962606288 2.9719 100
1776962613652 2.9623 120
1776962621014 2.9405 140
1776962628390 2.907 160
1776962635782 2.8795 180
1776962643177 2.8635 200
1776962650569 2.8132 220
1776962657980 2.7875 240
1776962676771 2.7564 260
1776962684191 2.7433 280
1776962691610 2.6803 300
1776962699027 2.6378 320
1776962706459 2.5956 340
1776962713901 2.5711 360
1776962721354 2.5655 380
1776962728790 2.5108 400
1776962736225 2.4822 420
1776962743664 2.5038 440
1776962751114 2.4235 460
1776962758558 2.4306 480
1776962765999 2.3297 500
1776962802069 2.3491 520
1776962809452 2.2661 540
1776962816862 2.3312 560
1776962824269 2.2082 580
1776962831640 2.205 600
1776962839060 2.2726 620
1776962846488 2.161 640
1776962853920 2.1863 660
1776962861378 2.1189 680
1776962868923 2.1788 700
1776962876357 2.191 720
1776962883790 1.9729 740
1776962902478 1.9912 760
1776962909907 1.9596 780
1776962917354 1.9879 800
1776962924808 2.0584 820
1776962932255 1.918 840
1776962939691 1.8247 860
1776962947145 1.8844 880
1776962954610 1.8956 900
1776962962073 1.8022 920
1776962969530 1.7862 940
1776962976983 1.6965 960
1776962984427 1.6989 980
1776962991894 1.7512 1000
