1778601055482 0.008888888888888889 20
1778601056662 0.017777777777777778 40
1778601057846 0.02666666666666667 60
1778601059041 0.035555555555555556 80
1778601060221 0.044444444444444446 100
1778601061409 0.05333333333333334 120
1778601062601 0.06222222222222222 140
1778601063778 0.07111111111111111 160
1778601064956 0.08 180
1778601066143 0.08888888888888889 200
1778601067342 0.09777777777777778 220
1778601068535 0.10666666666666667 240
1778601077671 0.1111111111111111 250
1778601079608 0.11555555555555555 260
1778601080786 0.12444444444444444 280
1778601081966 0.13333333333333333 300
1778601083143 0.14222222222222222 320
1778601084328 0.1511111111111111 340
1778601085513 0.16 360
1778601086690 0.1688888888888889 380
1778601087872 0.17777777777777778 400
1778601089064 0.18666666666666668 420
1778601090231 0.19555555555555557 440
1778601091422 0.20444444444444446 460
1778601092606 0.21333333333333335 480
1778601093801 0.2222222222222222 500
1778601099887 0.2222222222222222 500
1778601102237 0.2311111111111111 520
1778601103419 0.24 540
1778601104593 0.24888888888888888 560
1778601105777 0.2577777777777778 580
1778601106966 0.26666666666666666 600
1778601108148 0.27555555555555555 620
1778601109324 0.28444444444444444 640
1778601110503 0.29333333333333333 660
1778601111682 0.3022222222222222 680
1778601112860 0.3111111111111111 700
1778601114051 0.32 720
1778601115230 0.3288888888888889 740
1778601121909 0.3333333333333333 750
1778601123806 0.3377777777777778 760
1778601124993 0.3466666666666667 780
1778601126187 0.35555555555555557 800
1778601127361 0.36444444444444446 820
1778601128542 0.37333333333333335 840
1778601129737 0.38222222222222224 860
1778601130926 0.39111111111111113 880
1778601132109 0.4 900
1778601133290 0.4088888888888889 920
1778601134473 0.4177777777777778 940
1778601135664 0.4266666666666667 960
1778601136839 0.43555555555555553 980
1778601138024 0.4444444444444444 1000
1778601144099 0.4444444444444444 1000
1778601146634 0.4533333333333333 1020
1778601147816 0.4622222222222222 1040
1778601148988 0.4711111111111111 1060
1778601150188 0.48 1080
1778601151419 0.4888888888888889 1100
1778601152606 0.49777777777777776 1120
1778601153783 0.5066666666666667 1140
1778601154968 0.5155555555555555 1160
1778601156148 0.5244444444444445 1180
1778601157345 0.5333333333333333 1200
1778601158551 0.5422222222222223 1220
1778601159727 0.5511111111111111 1240
1778601166441 0.5555555555555556 1250
1778601168342 0.56 1260
1778601169521 0.5688888888888889 1280
1778601170711 0.5777777777777777 1300
1778601171896 0.5866666666666667 1320
1778601173086 0.5955555555555555 1340
1778601174270 0.6044444444444445 1360
1778601175447 0.6133333333333333 1380
1778601176629 0.6222222222222222 1400
1778601177816 0.6311111111111111 1420
1778601179010 0.64 1440
1778601180207 0.6488888888888888 1460
1778601181388 0.6577777777777778 1480
1778601182571 0.6666666666666666 1500
1778601188657 0.6666666666666666 1500
1778601191185 0.6755555555555556 1520
1778601192373 0.6844444444444444 1540
1778601193552 0.6933333333333334 1560
1778601194744 0.7022222222222222 1580
1778601195921 0.7111111111111111 1600
1778601197116 0.72 1620
1778601198306 0.7288888888888889 1640
1778601199509 0.7377777777777778 1660
1778601200694 0.7466666666666667 1680
1778601201881 0.7555555555555555 1700
1778601203066 0.7644444444444445 1720
1778601204252 0.7733333333333333 1740
1778601210938 0.7777777777777778 1750
1778601212842 0.7822222222222223 1760
1778601214025 0.7911111111111111 1780
1778601215210 0.8 1800
1778601216399 0.8088888888888889 1820
1778601217582 0.8177777777777778 1840
1778601218763 0.8266666666666667 1860
1778601219956 0.8355555555555556 1880
1778601221140 0.8444444444444444 1900
1778601222324 0.8533333333333334 1920
1778601223508 0.8622222222222222 1940
1778601224690 0.8711111111111111 1960
1778601225874 0.88 1980
1778601227072 0.8888888888888888 2000
1778601233171 0.8888888888888888 2000
1778601235670 0.8977777777777778 2020
1778601236854 0.9066666666666666 2040
1778601238044 0.9155555555555556 2060
1778601239224 0.9244444444444444 2080
1778601240407 0.9333333333333333 2100
1778601241599 0.9422222222222222 2120
1778601242796 0.9511111111111111 2140
1778601243973 0.96 2160
1778601245151 0.9688888888888889 2180
1778601246338 0.9777777777777777 2200
1778601247528 0.9866666666666667 2220
1778601248714 0.9955555555555555 2240
1778601255392 1.0 2250
1778601257334 1.0044444444444445 2260
1778601258520 1.0133333333333334 2280
1778601259713 1.0222222222222221 2300
1778601260897 1.031111111111111 2320
1778601262083 1.04 2340
1778601263273 1.048888888888889 2360
1778601264464 1.0577777777777777 2380
1778601265664 1.0666666666666667 2400
1778601266857 1.0755555555555556 2420
1778601268043 1.0844444444444445 2440
1778601269225 1.0933333333333333 2460
1778601270411 1.1022222222222222 2480
1778601271604 1.1111111111111112 2500
1778601277696 1.1111111111111112 2500
1778601280188 1.12 2520
1778601281374 1.1288888888888888 2540
1778601282573 1.1377777777777778 2560
1778601283750 1.1466666666666667 2580
1778601284937 1.1555555555555554 2600
1778601286109 1.1644444444444444 2620
1778601287304 1.1733333333333333 2640
1778601288491 1.1822222222222223 2660
1778601289678 1.1911111111111112 2680
1778601290864 1.2 2700
1778601292049 1.208888888888889 2720
1778601293228 1.2177777777777778 2740
1778601299899 1.2222222222222223 2750
1778601301890 1.2266666666666666 2760
1778601303070 1.2355555555555555 2780
1778601304254 1.2444444444444445 2800
1778601305438 1.2533333333333334 2820
1778601306618 1.2622222222222224 2840
1778601307801 1.271111111111111 2860
1778601308991 1.28 2880
1778601310183 1.2888888888888888 2900
1778601311366 1.2977777777777777 2920
1778601312553 1.3066666666666666 2940
1778601313763 1.3155555555555556 2960
1778601314954 1.3244444444444445 2980
1778601316149 1.3333333333333333 3000
1778601322236 1.3333333333333333 3000
1778601324727 1.3422222222222222 3020
1778601325904 1.3511111111111112 3040
1778601327084 1.3599999999999999 3060
1778601328273 1.3688888888888888 3080
1778601329453 1.3777777777777778 3100
1778601330639 1.3866666666666667 3120
1778601331840 1.3955555555555557 3140
1778601333073 1.4044444444444444 3160
1778601334264 1.4133333333333333 3180
1778601335456 1.4222222222222223 3200
1778601336659 1.431111111111111 3220
1778601337847 1.44 3240
1778601344568 1.4444444444444444 3250
1778601346472 1.448888888888889 3260
1778601347654 1.4577777777777778 3280
1778601348837 1.4666666666666668 3300
1778601350025 1.4755555555555555 3320
1778601351208 1.4844444444444445 3340
1778601352402 1.4933333333333334 3360
1778601353591 1.5022222222222221 3380
1778601354777 1.511111111111111 3400
1778601355958 1.52 3420
1778601357150 1.528888888888889 3440
1778601358342 1.537777777777778 3460
1778601359525 1.5466666666666666 3480
1778601360699 1.5555555555555556 3500
1778601366784 1.5555555555555556 3500
1778601369322 1.5644444444444443 3520
1778601370503 1.5733333333333333 3540
1778601371691 1.5822222222222222 3560
1778601372875 1.5911111111111111 3580
1778601374063 1.6 3600
1778601375236 1.608888888888889 3620
1778601376425 1.6177777777777778 3640
1778601377605 1.6266666666666667 3660
1778601378792 1.6355555555555554 3680
1778601379959 1.6444444444444444 3700
1778601381145 1.6533333333333333 3720
1778601382337 1.6622222222222223 3740
1778601389005 1.6666666666666665 3750
1778601390899 1.6711111111111112 3760
1778601392083 1.6800000000000002 3780
1778601393252 1.6888888888888889 3800
1778601394443 1.6977777777777778 3820
1778601395628 1.7066666666666666 3840
1778601396813 1.7155555555555555 3860
1778601397994 1.7244444444444444 3880
1778601399182 1.7333333333333334 3900
1778601400364 1.7422222222222223 3920
1778601401548 1.751111111111111 3940
1778601402742 1.76 3960
1778601403923 1.7688888888888887 3980
1778601405108 1.7777777777777777 4000
1778601411204 1.7777777777777777 4000
1778601413693 1.7866666666666666 4020
1778601414875 1.7955555555555556 4040
1778601416063 1.8044444444444445 4060
1778601417248 1.8133333333333335 4080
1778601418438 1.8222222222222222 4100
1778601419622 1.8311111111111111 4120
1778601420806 1.8399999999999999 4140
1778601421981 1.8488888888888888 4160
1778601423164 1.8577777777777778 4180
1778601424346 1.8666666666666667 4200
1778601425528 1.8755555555555556 4220
1778601426705 1.8844444444444446 4240
1778601433384 1.8888888888888888 4250
1778601435333 1.8933333333333333 4260
1778601436524 1.9022222222222223 4280
1778601437695 1.911111111111111 4300
1778601438877 1.92 4320
1778601440054 1.9288888888888889 4340
1778601441231 1.9377777777777778 4360
1778601442417 1.9466666666666668 4380
1778601443600 1.9555555555555557 4400
1778601444781 1.9644444444444444 4420
1778601445975 1.9733333333333334 4440
1778601447148 1.982222222222222 4460
1778601448350 1.991111111111111 4480
1778601449542 2.0 4500
1778601455617 2.0 4500
1778601458127 2.008888888888889 4520
1778601459317 2.017777777777778 4540
1778601460494 2.026666666666667 4560
1778601461673 2.0355555555555553 4580
1778601462848 2.0444444444444443 4600
1778601464031 2.0533333333333332 4620
1778601465208 2.062222222222222 4640
1778601466388 2.071111111111111 4660
1778601467572 2.08 4680
1778601468754 2.088888888888889 4700
1778601469941 2.097777777777778 4720
1778601471129 2.1066666666666665 4740
1778601477821 2.111111111111111 4750
1778601479749 2.1155555555555554 4760
1778601480927 2.1244444444444444 4780
1778601482106 2.1333333333333333 4800
1778601483309 2.1422222222222222 4820
1778601484493 2.151111111111111 4840
1778601485680 2.16 4860
1778601486866 2.168888888888889 4880
1778601488046 2.1777777777777776 4900
1778601489234 2.1866666666666665 4920
1778601490418 2.1955555555555555 4940
1778601491610 2.2044444444444444 4960
1778601492799 2.2133333333333334 4980
1778601493971 2.2222222222222223 5000
1778601500061 2.2222222222222223 5000
1778601502586 2.2311111111111113 5020
1778601503774 2.24 5040
1778601504965 2.2488888888888887 5060
1778601506152 2.2577777777777777 5080
1778601507334 2.2666666666666666 5100
1778601508509 2.2755555555555556 5120
1778601509684 2.2844444444444445 5140
1778601510887 2.2933333333333334 5160
1778601512068 2.3022222222222224 5180
1778601513293 2.311111111111111 5200
1778601514509 2.32 5220
1778601515691 2.328888888888889 5240
1778601522385 2.3333333333333335 5250
1778601524296 2.3377777777777777 5260
1778601525468 2.3466666666666667 5280
1778601526656 2.3555555555555556 5300
1778601527840 2.3644444444444446 5320
1778601529022 2.3733333333333335 5340
1778601530210 2.3822222222222225 5360
1778601531407 2.391111111111111 5380
1778601532593 2.4 5400
1778601533779 2.408888888888889 5420
1778601534963 2.417777777777778 5440
1778601536151 2.4266666666666667 5460
1778601537342 2.4355555555555557 5480
1778601538529 2.4444444444444446 5500
1778601544615 2.4444444444444446 5500
1778601547174 2.453333333333333 5520
1778601548363 2.462222222222222 5540
1778601549551 2.471111111111111 5560
1778601550743 2.48 5580
1778601551931 2.488888888888889 5600
1778601553113 2.497777777777778 5620
1778601554305 2.506666666666667 5640
1778601555488 2.5155555555555553 5660
1778601556676 2.5244444444444447 5680
1778601557853 2.533333333333333 5700
1778601559025 2.542222222222222 5720
1778601560208 2.551111111111111 5740
1778601566886 2.5555555555555554 5750
1778601568785 2.56 5760
1778601569962 2.568888888888889 5780
1778601571129 2.5777777777777775 5800
1778601572318 2.586666666666667 5820
1778601573492 2.5955555555555554 5840
1778601574678 2.6044444444444443 5860
1778601575861 2.6133333333333333 5880
1778601577047 2.6222222222222222 5900
1778601578231 2.631111111111111 5920
1778601579425 2.64 5940
1778601580617 2.648888888888889 5960
1778601581797 2.6577777777777776 5980
1778601582984 2.6666666666666665 6000
1778601589129 2.6666666666666665 6000
1778601591614 2.6755555555555555 6020
1778601592798 2.6844444444444444 6040
1778601593989 2.6933333333333334 6060
1778601595182 2.7022222222222223 6080
1778601596361 2.7111111111111112 6100
1778601597547 2.7199999999999998 6120
1778601598736 2.728888888888889 6140
1778601599937 2.7377777777777776 6160
1778601601115 2.7466666666666666 6180
1778601602308 2.7555555555555555 6200
1778601603488 2.7644444444444445 6220
1778601604672 2.7733333333333334 6240
1778601611394 2.7777777777777777 6250
1778601613346 2.7822222222222224 6260
1778601614525 2.7911111111111113 6280
1778601615696 2.8 6300
1778601616878 2.8088888888888888 6320
1778601618047 2.8177777777777777 6340
1778601619231 2.8266666666666667 6360
1778601620409 2.8355555555555556 6380
1778601621596 2.8444444444444446 6400
1778601622775 2.8533333333333335 6420
1778601623948 2.862222222222222 6440
1778601625135 2.871111111111111 6460
1778601626319 2.88 6480
1778601627507 2.888888888888889 6500
1778601633588 2.888888888888889 6500
1778601636090 2.897777777777778 6520
1778601637279 2.9066666666666667 6540
1778601638469 2.9155555555555557 6560
1778601639650 2.924444444444444 6580
1778601640832 2.9333333333333336 6600
1778601642016 2.942222222222222 6620
1778601643204 2.951111111111111 6640
1778601644382 2.96 6660
1778601645562 2.968888888888889 6680
1778601646741 2.977777777777778 6700
1778601647929 2.986666666666667 6720
1778601649118 2.9955555555555557 6740
1778601655772 3.0 6750
1778601657694 3.0044444444444443 6760
1778601658877 3.013333333333333 6780
1778601660059 3.022222222222222 6800
1778601661236 3.031111111111111 6820
1778601662422 3.04 6840
1778601663604 3.048888888888889 6860
1778601664780 3.057777777777778 6880
1778601665968 3.066666666666667 6900
1778601667166 3.0755555555555554 6920
1778601668348 3.0844444444444443 6940
1778601669529 3.0933333333333333 6960
1778601670719 3.102222222222222 6980
1778601671901 3.111111111111111 7000
1778601677973 3.111111111111111 7000
1778601680495 3.12 7020
1778601681677 3.128888888888889 7040
1778601682844 3.137777777777778 7060
1778601684035 3.1466666666666665 7080
1778601685225 3.1555555555555554 7100
1778601686419 3.1644444444444444 7120
1778601687604 3.1733333333333333 7140
1778601688792 3.1822222222222223 7160
1778601689971 3.1911111111111112 7180
1778601691155 3.2 7200
1778601692324 3.2088888888888887 7220
1778601693514 3.2177777777777776 7240
1778601700316 3.2222222222222223 7250
1778601702239 3.2266666666666666 7260
1778601703421 3.2355555555555555 7280
1778601704607 3.2444444444444445 7300
1778601705793 3.2533333333333334 7320
1778601706971 3.2622222222222224 7340
1778601708155 3.2711111111111113 7360
1778601709328 3.2800000000000002 7380
1778601710507 3.2888888888888888 7400
1778601711695 3.2977777777777777 7420
1778601712875 3.3066666666666666 7440
1778601714064 3.3155555555555556 7460
1778601715248 3.3244444444444445 7480
1778601716428 3.3333333333333335 7500
1778601722543 3.3333333333333335 7500
1778601725089 3.3422222222222224 7520
1778601726276 3.351111111111111 7540
1778601727457 3.36 7560
1778601728639 3.368888888888889 7580
1778601729831 3.3777777777777778 7600
1778601731027 3.3866666666666667 7620
1778601732218 3.3955555555555557 7640
1778601733398 3.4044444444444446 7660
1778601734575 3.413333333333333 7680
1778601735757 3.422222222222222 7700
1778601736953 3.431111111111111 7720
1778601738144 3.44 7740
1778601744825 3.4444444444444446 7750
1778601746723 3.448888888888889 7760
1778601747912 3.457777777777778 7780
1778601749084 3.466666666666667 7800
1778601750272 3.4755555555555557 7820
1778601751446 3.4844444444444447 7840
1778601752630 3.493333333333333 7860
1778601753810 3.502222222222222 7880
1778601754998 3.511111111111111 7900
1778601756175 3.52 7920
1778601757354 3.528888888888889 7940
1778601758534 3.537777777777778 7960
1778601759717 3.546666666666667 7980
1778601760906 3.5555555555555554 8000
1778601766978 3.5555555555555554 8000
1778601769528 3.5644444444444443 8020
1778601770717 3.5733333333333333 8040
1778601771895 3.582222222222222 8060
1778601773083 3.591111111111111 8080
1778601774261 3.6 8100
1778601775443 3.608888888888889 8120
1778601776637 3.6177777777777775 8140
1778601777821 3.626666666666667 8160
1778601779010 3.6355555555555554 8180
1778601780197 3.6444444444444444 8200
1778601781375 3.6533333333333333 8220
1778601782569 3.6622222222222223 8240
1778601789275 3.6666666666666665 8250
1778601791177 3.671111111111111 8260
1778601792355 3.68 8280
1778601793530 3.688888888888889 8300
1778601794716 3.6977777777777776 8320
1778601795900 3.7066666666666666 8340
1778601797087 3.7155555555555555 8360
1778601798263 3.7244444444444444 8380
1778601799463 3.7333333333333334 8400
1778601800646 3.7422222222222223 8420
1778601801844 3.7511111111111113 8440
1778601803019 3.76 8460
1778601804197 3.7688888888888887 8480
1778601805397 3.7777777777777777 8500
1778601811490 3.7777777777777777 8500
1778601814026 3.7866666666666666 8520
1778601815214 3.7955555555555556 8540
1778601816391 3.8044444444444445 8560
1778601817573 3.8133333333333335 8580
1778601818757 3.822222222222222 8600
1778601819936 3.8311111111111114 8620
1778601821126 3.84 8640
1778601822320 3.848888888888889 8660
1778601823512 3.8577777777777778 8680
1778601824709 3.8666666666666667 8700
1778601825893 3.8755555555555556 8720
1778601827079 3.8844444444444446 8740
1778601833785 3.888888888888889 8750
1778601835692 3.8933333333333335 8760
1778601836880 3.902222222222222 8780
1778601838076 3.911111111111111 8800
1778601839269 3.92 8820
1778601840449 3.928888888888889 8840
1778601841640 3.937777777777778 8860
1778601842820 3.9466666666666668 8880
1778601844004 3.9555555555555557 8900
1778601845185 3.964444444444444 8920
1778601846376 3.9733333333333336 8940
1778601847559 3.982222222222222 8960
1778601848752 3.991111111111111 8980
1778601849932 4.0 9000
1778601856008 4.0 9000
1778601858544 4.0088888888888885 9020
1778601859718 4.017777777777778 9040
1778601860907 4.026666666666666 9060
1778601862092 4.035555555555556 9080
1778601863275 4.044444444444444 9100
1778601864452 4.053333333333334 9120
1778601865641 4.062222222222222 9140
1778601866827 4.071111111111111 9160
1778601868011 4.08 9180
1778601869197 4.088888888888889 9200
1778601870388 4.097777777777778 9220
1778601871580 4.1066666666666665 9240
1778601878395 4.111111111111111 9250
1778601880314 4.115555555555556 9260
1778601881505 4.124444444444444 9280
1778601882684 4.133333333333334 9300
1778601883861 4.142222222222222 9320
1778601885051 4.151111111111111 9340
1778601886241 4.16 9360
1778601887416 4.168888888888889 9380
1778601888607 4.177777777777778 9400
1778601889792 4.1866666666666665 9420
1778601890986 4.195555555555556 9440
1778601892174 4.204444444444444 9460
1778601893362 4.213333333333333 9480
1778601894542 4.222222222222222 9500
1778601900644 4.222222222222222 9500
1778601903181 4.231111111111111 9520
1778601904363 4.24 9540
1778601905545 4.248888888888889 9560
1778601906720 4.257777777777778 9580
1778601907901 4.266666666666667 9600
1778601909094 4.275555555555556 9620
1778601910281 4.2844444444444445 9640
1778601911462 4.293333333333333 9660
1778601912641 4.302222222222222 9680
1778601913834 4.311111111111111 9700
1778601915024 4.32 9720
1778601916191 4.328888888888889 9740
1778601922877 4.333333333333333 9750
1778601924789 4.337777777777778 9760
1778601925973 4.346666666666667 9780
1778601927156 4.355555555555555 9800
1778601928348 4.364444444444445 9820
1778601929527 4.373333333333333 9840
1778601930704 4.3822222222222225 9860
1778601931893 4.391111111111111 9880
1778601933080 4.4 9900
1778601934280 4.408888888888889 9920
1778601935468 4.417777777777777 9940
1778601936651 4.426666666666667 9960
1778601937837 4.435555555555555 9980
1778601939021 4.444444444444445 10000
1778601945098 4.444444444444445 10000
1778601947632 4.453333333333333 10020
1778601948815 4.4622222222222225 10040
1778601950005 4.471111111111111 10060
1778601951200 4.48 10080
1778601952391 4.488888888888889 10100
1778601953574 4.497777777777777 10120
1778601954749 4.506666666666667 10140
1778601955937 4.515555555555555 10160
1778601957126 4.524444444444445 10180
1778601958311 4.533333333333333 10200
1778601959496 4.542222222222223 10220
1778601960675 4.551111111111111 10240
1778601967413 4.555555555555555 10250
1778601969318 4.5600000000000005 10260
1778601970502 4.568888888888889 10280
1778601971684 4.5777777777777775 10300
1778601972869 4.586666666666667 10320
1778601974049 4.595555555555555 10340
1778601975240 4.604444444444445 10360
1778601976424 4.613333333333333 10380
1778601977608 4.622222222222222 10400
1778601978794 4.631111111111111 10420
1778601979977 4.64 10440
1778601981160 4.648888888888889 10460
1778601982340 4.657777777777778 10480
1778601983519 4.666666666666667 10500
1778601989601 4.666666666666667 10500
1778601992139 4.6755555555555555 10520
1778601993318 4.684444444444445 10540
1778601994504 4.693333333333333 10560
1778601995692 4.702222222222222 10580
1778601996879 4.711111111111111 10600
1778601998050 4.72 10620
1778601999239 4.728888888888889 10640
1778602000436 4.737777777777778 10660
1778602001632 4.746666666666667 10680
1778602002817 4.7555555555555555 10700
1778602004001 4.764444444444445 10720
1778602005186 4.773333333333333 10740
1778602011867 4.777777777777778 10750
1778602013778 4.782222222222222 10760
1778602014969 4.791111111111111 10780
1778602016146 4.8 10800
1778602017337 4.808888888888889 10820
1778602018523 4.817777777777778 10840
1778602019701 4.826666666666666 10860
1778602020883 4.835555555555556 10880
1778602022071 4.844444444444444 10900
1778602023247 4.8533333333333335 10920
1778602024427 4.862222222222222 10940
1778602025605 4.871111111111111 10960
1778602026802 4.88 10980
1778602027992 4.888888888888889 11000
1778602034086 4.888888888888889 11000
1778602036598 4.897777777777778 11020
1778602037792 4.906666666666666 11040
1778602038974 4.915555555555556 11060
1778602040149 4.924444444444444 11080
1778602041321 4.933333333333334 11100
1778602042508 4.942222222222222 11120
1778602043681 4.9511111111111115 11140
1778602044858 4.96 11160
1778602046042 4.968888888888889 11180
1778602047229 4.977777777777778 11200
1778602048412 4.986666666666666 11220
1778602049592 4.995555555555556 11240
1778602056323 5.0 11250
1778602058376 5.004444444444444 11260
1778602059553 5.013333333333334 11280
1778602060734 5.022222222222222 11300
1778602061911 5.0311111111111115 11320
1778602063108 5.04 11340
1778602064295 5.0488888888888885 11360
1778602065478 5.057777777777778 11380
1778602066656 5.066666666666666 11400
1778602067839 5.075555555555556 11420
1778602069029 5.084444444444444 11440
1778602070213 5.093333333333334 11460
1778602071386 5.102222222222222 11480
1778602072566 5.111111111111111 11500
1778602078678 5.111111111111111 11500
1778602081192 5.12 11520
1778602082370 5.128888888888889 11540
1778602083542 5.137777777777778 11560
1778602084722 5.1466666666666665 11580
1778602085903 5.155555555555556 11600
1778602087094 5.164444444444444 11620
1778602088292 5.173333333333334 11640
1778602089484 5.182222222222222 11660
1778602090674 5.191111111111111 11680
1778602091867 5.2 11700
1778602093050 5.208888888888889 11720
1778602094221 5.217777777777778 11740
1778602100881 5.222222222222222 11750
1778602102834 5.226666666666667 11760
1778602104015 5.235555555555556 11780
1778602105198 5.2444444444444445 11800
1778602106379 5.253333333333333 11820
1778602107556 5.262222222222222 11840
1778602108735 5.271111111111111 11860
1778602109914 5.28 11880
1778602111108 5.288888888888889 11900
1778602112305 5.297777777777778 11920
1778602113496 5.306666666666667 11940
1778602114677 5.315555555555555 11960
1778602115856 5.3244444444444445 11980
1778602117040 5.333333333333333 12000
1778602123172 5.333333333333333 12000
1778602125700 5.342222222222222 12020
1778602126881 5.351111111111111 12040
1778602128074 5.36 12060
1778602129244 5.368888888888889 12080
1778602130431 5.377777777777778 12100
1778602131612 5.386666666666667 12120
1778602132801 5.395555555555555 12140
1778602133979 5.404444444444445 12160
1778602135170 5.413333333333333 12180
1778602136360 5.4222222222222225 12200
1778602137543 5.431111111111111 12220
1778602138725 5.44 12240
1778602145411 5.444444444444445 12250
1778602147383 5.448888888888889 12260
1778602148572 5.457777777777777 12280
1778602149760 5.466666666666667 12300
1778602150945 5.475555555555555 12320
1778602152128 5.484444444444445 12340
1778602153307 5.493333333333333 12360
1778602154494 5.502222222222223 12380
1778602155677 5.511111111111111 12400
1778602156859 5.52 12420
1778602158044 5.528888888888889 12440
1778602159224 5.5377777777777775 12460
1778602160421 5.546666666666667 12480
1778602161615 5.555555555555555 12500
1778602167723 5.555555555555555 12500
1778602170228 5.564444444444445 12520
1778602171398 5.573333333333333 12540
1778602172597 5.582222222222223 12560
1778602173775 5.591111111111111 12580
1778602174965 5.6 12600
1778602176156 5.608888888888889 12620
1778602177343 5.6177777777777775 12640
1778602178524 5.626666666666667 12660
1778602179702 5.635555555555555 12680
1778602180886 5.644444444444445 12700
1778602182068 5.653333333333333 12720
1778602183265 5.662222222222223 12740
1778602190015 5.666666666666667 12750
1778602191992 5.671111111111111 12760
1778602193173 5.68 12780
1778602194359 5.688888888888889 12800
1778602195542 5.697777777777778 12820
1778602196739 5.706666666666667 12840
1778602197925 5.7155555555555555 12860
1778602199109 5.724444444444444 12880
1778602200293 5.733333333333333 12900
1778602201480 5.742222222222222 12920
1778602202661 5.751111111111111 12940
1778602203842 5.76 12960
1778602205028 5.768888888888889 12980
1778602206214 5.777777777777778 13000
1778602212282 5.777777777777778 13000
1778602214807 5.786666666666667 13020
1778602215987 5.795555555555556 13040
1778602217159 5.804444444444444 13060
1778602218345 5.8133333333333335 13080
1778602219520 5.822222222222222 13100
1778602220717 5.831111111111111 13120
1778602221894 5.84 13140
1778602223077 5.848888888888889 13160
1778602224255 5.857777777777778 13180
1778602225440 5.866666666666667 13200
1778602226622 5.875555555555556 13220
1778602227798 5.884444444444444 13240
1778602234502 5.888888888888889 13250
1778602236439 5.8933333333333335 13260
1778602237635 5.902222222222222 13280
1778602238848 5.911111111111111 13300
1778602240071 5.92 13320
1778602241260 5.928888888888888 13340
1778602242441 5.937777777777778 13360
1778602243628 5.946666666666666 13380
1778602244808 5.955555555555556 13400
1778602245994 5.964444444444444 13420
1778602247179 5.973333333333334 13440
1778602248362 5.982222222222222 13460
1778602249545 5.9911111111111115 13480
1778602250731 6.0 13500
1778602256812 6.0 13500
1778602259357 6.0088888888888885 13520
1778602260530 6.017777777777778 13540
1778602261720 6.026666666666666 13560
1778602262911 6.035555555555556 13580
1778602264092 6.044444444444444 13600
1778602265276 6.053333333333334 13620
1778602266465 6.062222222222222 13640
1778602267645 6.071111111111111 13660
1778602268821 6.08 13680
1778602270008 6.088888888888889 13700
1778602271204 6.097777777777778 13720
1778602272399 6.1066666666666665 13740
1778602279081 6.111111111111111 13750
1778602281005 6.115555555555556 13760
1778602282194 6.124444444444444 13780
1778602283399 6.133333333333334 13800
1778602284592 6.142222222222222 13820
1778602285777 6.151111111111111 13840
1778602286959 6.16 13860
1778602288133 6.168888888888889 13880
1778602289318 6.177777777777778 13900
1778602290506 6.1866666666666665 13920
1778602291696 6.195555555555556 13940
1778602292880 6.204444444444444 13960
1778602294064 6.213333333333333 13980
1778602295248 6.222222222222222 14000
1778602301339 6.222222222222222 14000
1778602303925 6.231111111111111 14020
1778602305113 6.24 14040
1778602306288 6.248888888888889 14060
1778602307483 6.257777777777778 14080
1778602308671 6.266666666666667 14100
1778602309857 6.275555555555556 14120
1778602311044 6.2844444444444445 14140
1778602312227 6.293333333333333 14160
1778602313416 6.302222222222222 14180
1778602314595 6.311111111111111 14200
1778602315776 6.32 14220
1778602316954 6.328888888888889 14240
1778602323649 6.333333333333333 14250
1778602325586 6.337777777777778 14260
1778602326763 6.346666666666667 14280
1778602327948 6.355555555555555 14300
1778602329122 6.364444444444445 14320
1778602330324 6.373333333333333 14340
1778602331515 6.3822222222222225 14360
1778602332692 6.391111111111111 14380
1778602333885 6.4 14400
1778602335071 6.408888888888889 14420
1778602336245 6.417777777777777 14440
1778602337420 6.426666666666667 14460
1778602338602 6.435555555555555 14480
1778602339796 6.444444444444445 14500
1778602345889 6.444444444444445 14500
1778602348400 6.453333333333333 14520
1778602349584 6.4622222222222225 14540
1778602350766 6.471111111111111 14560
1778602351956 6.48 14580
1778602353136 6.488888888888889 14600
1778602354322 6.497777777777777 14620
1778602355510 6.506666666666667 14640
1778602356701 6.515555555555555 14660
1778602357890 6.524444444444445 14680
1778602359078 6.533333333333333 14700
1778602360261 6.542222222222223 14720
1778602361448 6.551111111111111 14740
1778602368142 6.555555555555555 14750
1778602370131 6.5600000000000005 14760
1778602371308 6.568888888888889 14780
1778602372490 6.5777777777777775 14800
1778602373693 6.586666666666667 14820
1778602374880 6.595555555555555 14840
1778602376071 6.604444444444445 14860
1778602377272 6.613333333333333 14880
1778602378461 6.622222222222222 14900
1778602379647 6.631111111111111 14920
1778602380842 6.64 14940
1778602382035 6.648888888888889 14960
1778602383222 6.657777777777778 14980
1778602384401 6.666666666666667 15000
1778602390506 6.666666666666667 15000
1778602393022 6.6755555555555555 15020
1778602394208 6.684444444444445 15040
1778602395395 6.693333333333333 15060
1778602396587 6.702222222222222 15080
1778602397769 6.711111111111111 15100
1778602398946 6.72 15120
1778602400133 6.728888888888889 15140
1778602401309 6.737777777777778 15160
1778602402503 6.746666666666667 15180
1778602403703 6.7555555555555555 15200
1778602404887 6.764444444444445 15220
1778602406069 6.773333333333333 15240
1778602412802 6.777777777777778 15250
1778602414758 6.782222222222222 15260
1778602415941 6.791111111111111 15280
1778602417125 6.8 15300
1778602418306 6.808888888888889 15320
1778602419507 6.817777777777778 15340
1778602420736 6.826666666666666 15360
1778602421918 6.835555555555556 15380
1778602423101 6.844444444444444 15400
1778602424277 6.8533333333333335 15420
1778602425461 6.862222222222222 15440
1778602426654 6.871111111111111 15460
1778602427837 6.88 15480
1778602429017 6.888888888888889 15500
1778602435081 6.888888888888889 15500
1778602437604 6.897777777777778 15520
1778602438799 6.906666666666666 15540
1778602439978 6.915555555555556 15560
1778602441166 6.924444444444444 15580
1778602442342 6.933333333333334 15600
1778602443516 6.942222222222222 15620
1778602444706 6.9511111111111115 15640
1778602445887 6.96 15660
1778602447070 6.968888888888889 15680
1778602448244 6.977777777777778 15700
1778602449438 6.986666666666666 15720
1778602450626 6.995555555555556 15740
1778602457335 7.0 15750
1778602459273 7.004444444444444 15760
1778602460457 7.013333333333334 15780
1778602461639 7.022222222222222 15800
1778602462835 7.0311111111111115 15820
1778602464023 7.04 15840
1778602465206 7.0488888888888885 15860
1778602466386 7.057777777777778 15880
1778602467585 7.066666666666666 15900
1778602468766 7.075555555555556 15920
1778602469952 7.084444444444444 15940
1778602471137 7.093333333333334 15960
1778602472317 7.102222222222222 15980
1778602473499 7.111111111111111 16000
1778602479569 7.111111111111111 16000
1778602482111 7.12 16020
1778602483310 7.128888888888889 16040
1778602484496 7.137777777777778 16060
1778602485684 7.1466666666666665 16080
1778602486863 7.155555555555556 16100
1778602488049 7.164444444444444 16120
1778602489233 7.173333333333334 16140
1778602490419 7.182222222222222 16160
1778602491598 7.191111111111111 16180
1778602492792 7.2 16200
1778602493975 7.208888888888889 16220
1778602495160 7.217777777777778 16240
1778602501897 7.222222222222222 16250
1778602503833 7.226666666666667 16260
1778602505006 7.235555555555556 16280
1778602506192 7.2444444444444445 16300
1778602507380 7.253333333333333 16320
1778602508564 7.262222222222222 16340
1778602509740 7.271111111111111 16360
1778602510918 7.28 16380
1778602512096 7.288888888888889 16400
1778602513278 7.297777777777778 16420
1778602514469 7.306666666666667 16440
1778602515652 7.315555555555555 16460
1778602516841 7.3244444444444445 16480
1778602518020 7.333333333333333 16500
1778602524115 7.333333333333333 16500
1778602526667 7.342222222222222 16520
1778602527854 7.351111111111111 16540
1778602529036 7.36 16560
1778602530216 7.368888888888889 16580
1778602531403 7.377777777777778 16600
1778602532587 7.386666666666667 16620
1778602533779 7.395555555555555 16640
1778602534956 7.404444444444445 16660
1778602536142 7.413333333333333 16680
1778602537320 7.4222222222222225 16700
1778602538503 7.431111111111111 16720
1778602539685 7.44 16740
1778602546373 7.444444444444445 16750
1778602548355 7.448888888888889 16760
1778602549539 7.457777777777777 16780
1778602550722 7.466666666666667 16800
1778602551904 7.475555555555555 16820
1778602553073 7.484444444444445 16840
1778602554254 7.493333333333333 16860
1778602555437 7.502222222222223 16880
1778602556617 7.511111111111111 16900
1778602557802 7.52 16920
1778602558982 7.528888888888889 16940
1778602560152 7.5377777777777775 16960
1778602561341 7.546666666666667 16980
1778602562530 7.555555555555555 17000
1778602568613 7.555555555555555 17000
1778602571134 7.564444444444445 17020
1778602572323 7.573333333333333 17040
1778602573516 7.582222222222223 17060
1778602574714 7.591111111111111 17080
1778602575891 7.6 17100
1778602577066 7.608888888888889 17120
1778602578251 7.6177777777777775 17140
1778602579433 7.626666666666667 17160
1778602580621 7.635555555555555 17180
1778602581807 7.644444444444445 17200
1778602582991 7.653333333333333 17220
1778602584173 7.662222222222223 17240
1778602590875 7.666666666666667 17250
1778602592816 7.671111111111111 17260
1778602593996 7.68 17280
1778602595183 7.688888888888889 17300
1778602596379 7.697777777777778 17320
1778602597551 7.706666666666667 17340
1778602598734 7.7155555555555555 17360
1778602599926 7.724444444444444 17380
1778602601141 7.733333333333333 17400
1778602602360 7.742222222222222 17420
1778602603552 7.751111111111111 17440
1778602604723 7.76 17460
1778602605900 7.768888888888889 17480
1778602607083 7.777777777777778 17500
1778602613169 7.777777777777778 17500
1778602615669 7.786666666666667 17520
1778602616855 7.795555555555556 17540
1778602618046 7.804444444444444 17560
1778602619231 7.8133333333333335 17580
1778602620421 7.822222222222222 17600
1778602621617 7.831111111111111 17620
1778602622801 7.84 17640
1778602623977 7.848888888888889 17660
1778602625151 7.857777777777778 17680
1778602626339 7.866666666666667 17700
1778602627509 7.875555555555556 17720
1778602628693 7.884444444444444 17740
1778602635378 7.888888888888889 17750
1778602637347 7.8933333333333335 17760
1778602638545 7.902222222222222 17780
1778602639726 7.911111111111111 17800
1778602640921 7.92 17820
1778602642124 7.928888888888888 17840
1778602643316 7.937777777777778 17860
1778602644499 7.946666666666666 17880
1778602645690 7.955555555555556 17900
1778602646867 7.964444444444444 17920
1778602648058 7.973333333333334 17940
1778602649241 7.982222222222222 17960
1778602650441 7.9911111111111115 17980
1778602651623 8.0 18000
1778602657713 8.0 18000
1778602660260 8.008888888888889 18020
1778602661441 8.017777777777777 18040
1778602662631 8.026666666666667 18060
1778602663809 8.035555555555556 18080
1778602664992 8.044444444444444 18100
1778602666185 8.053333333333333 18120
1778602667371 8.062222222222223 18140
1778602668546 8.071111111111112 18160
1778602669720 8.08 18180
1778602670908 8.088888888888889 18200
1778602672098 8.097777777777777 18220
1778602673271 8.106666666666667 18240
1778602679969 8.11111111111111 18250
1778602681908 8.115555555555556 18260
1778602683084 8.124444444444444 18280
1778602684279 8.133333333333333 18300
1778602685461 8.142222222222221 18320
1778602686643 8.151111111111112 18340
1778602687819 8.16 18360
1778602688991 8.168888888888889 18380
1778602690174 8.177777777777777 18400
1778602691352 8.186666666666667 18420
1778602692540 8.195555555555556 18440
1778602693735 8.204444444444444 18460
1778602694918 8.213333333333333 18480
1778602696103 8.222222222222221 18500
1778602702183 8.222222222222221 18500
1778602704706 8.231111111111112 18520
1778602705886 8.24 18540
1778602707065 8.248888888888889 18560
1778602708250 8.257777777777777 18580
1778602709433 8.266666666666667 18600
1778602710616 8.275555555555556 18620
1778602711793 8.284444444444444 18640
1778602712976 8.293333333333333 18660
1778602714156 8.302222222222222 18680
1778602715337 8.311111111111112 18700
1778602716516 8.32 18720
1778602717704 8.328888888888889 18740
1778602724443 8.333333333333334 18750
1778602726408 8.337777777777777 18760
1778602727574 8.346666666666668 18780
1778602728774 8.355555555555556 18800
1778602729948 8.364444444444445 18820
1778602731153 8.373333333333333 18840
1778602732332 8.382222222222222 18860
1778602733508 8.391111111111112 18880
1778602734688 8.4 18900
1778602735877 8.408888888888889 18920
1778602737071 8.417777777777777 18940
1778602738262 8.426666666666666 18960
1778602739439 8.435555555555556 18980
1778602740623 8.444444444444445 19000
1778602746756 8.444444444444445 19000
1778602749264 8.453333333333333 19020
1778602750451 8.462222222222222 19040
1778602751631 8.471111111111112 19060
1778602752803 8.48 19080
1778602753992 8.488888888888889 19100
1778602755176 8.497777777777777 19120
1778602756364 8.506666666666666 19140
1778602757555 8.515555555555556 19160
1778602758741 8.524444444444445 19180
1778602759929 8.533333333333333 19200
1778602761120 8.542222222222222 19220
1778602762311 8.551111111111112 19240
1778602769012 8.555555555555555 19250
1778602770973 8.56 19260
1778602772159 8.568888888888889 19280
1778602773339 8.577777777777778 19300
1778602774520 8.586666666666666 19320
1778602775715 8.595555555555556 19340
1778602776893 8.604444444444445 19360
1778602778085 8.613333333333333 19380
1778602779277 8.622222222222222 19400
1778602780450 8.63111111111111 19420
1778602781650 8.64 19440
1778602782897 8.648888888888889 19460
1778602784098 8.657777777777778 19480
1778602785296 8.666666666666666 19500
1778602791390 8.666666666666666 19500
1778602793895 8.675555555555556 19520
1778602795085 8.684444444444445 19540
1778602796266 8.693333333333333 19560
1778602797455 8.702222222222222 19580
1778602798644 8.71111111111111 19600
1778602799827 8.72 19620
1778602801010 8.72888888888889 19640
1778602802189 8.737777777777778 19660
1778602803378 8.746666666666666 19680
1778602804569 8.755555555555556 19700
1778602805750 8.764444444444445 19720
1778602806928 8.773333333333333 19740
1778602813632 8.777777777777779 19750
1778602815591 8.782222222222222 19760
1778602816774 8.79111111111111 19780
1778602817960 8.8 19800
1778602819142 8.80888888888889 19820
1778602820328 8.817777777777778 19840
1778602821508 8.826666666666666 19860
1778602822693 8.835555555555555 19880
1778602823869 8.844444444444445 19900
1778602825059 8.853333333333333 19920
1778602826242 8.862222222222222 19940
1778602827422 8.87111111111111 19960
1778602828623 8.88 19980
1778602829807 8.88888888888889 20000
1778602835884 8.88888888888889 20000
1778602838382 8.897777777777778 20020
1778602839580 8.906666666666666 20040
1778602840767 8.915555555555555 20060
1778602841960 8.924444444444445 20080
1778602843139 8.933333333333334 20100
1778602844323 8.942222222222222 20120
1778602845509 8.95111111111111 20140
1778602846687 8.96 20160
1778602847860 8.96888888888889 20180
1778602849046 8.977777777777778 20200
1778602850224 8.986666666666666 20220
1778602851417 8.995555555555555 20240
1778602858097 9.0 20250
1778602860158 9.004444444444445 20260
1778602861348 9.013333333333334 20280
1778602862517 9.022222222222222 20300
1778602863701 9.03111111111111 20320
1778602864889 9.04 20340
1778602866077 9.04888888888889 20360
1778602867259 9.057777777777778 20380
1778602868443 9.066666666666666 20400
1778602869623 9.075555555555555 20420
1778602870814 9.084444444444445 20440
1778602872003 9.093333333333334 20460
1778602873177 9.102222222222222 20480
1778602874368 9.11111111111111 20500
1778602880494 9.11111111111111 20500
1778602882995 9.12 20520
1778602884178 9.12888888888889 20540
1778602885366 9.137777777777778 20560
1778602886549 9.146666666666667 20580
1778602887745 9.155555555555555 20600
1778602888938 9.164444444444445 20620
1778602890128 9.173333333333334 20640
1778602891314 9.182222222222222 20660
1778602892497 9.19111111111111 20680
1778602893671 9.2 20700
1778602894845 9.20888888888889 20720
1778602896018 9.217777777777778 20740
1778602902737 9.222222222222221 20750
1778602904655 9.226666666666667 20760
1778602905826 9.235555555555555 20780
1778602907019 9.244444444444444 20800
1778602908201 9.253333333333334 20820
1778602909389 9.262222222222222 20840
1778602910563 9.27111111111111 20860
1778602911741 9.28 20880
1778602912938 9.28888888888889 20900
1778602914131 9.297777777777778 20920
1778602915326 9.306666666666667 20940
1778602916512 9.315555555555555 20960
1778602917708 9.324444444444444 20980
1778602918893 9.333333333333334 21000
1778602925031 9.333333333333334 21000
1778602927567 9.342222222222222 21020
1778602928755 9.351111111111111 21040
1778602929934 9.36 21060
1778602931116 9.36888888888889 21080
1778602932298 9.377777777777778 21100
1778602933485 9.386666666666667 21120
1778602934670 9.395555555555555 21140
1778602935855 9.404444444444444 21160
1778602937031 9.413333333333334 21180
1778602938228 9.422222222222222 21200
1778602939421 9.431111111111111 21220
1778602940602 9.44 21240
1778602947311 9.444444444444445 21250
1778602949228 9.448888888888888 21260
1778602950410 9.457777777777778 21280
1778602951594 9.466666666666667 21300
1778602952778 9.475555555555555 21320
1778602953963 9.484444444444444 21340
1778602955160 9.493333333333334 21360
1778602956370 9.502222222222223 21380
1778602957563 9.511111111111111 21400
1778602958739 9.52 21420
1778602959928 9.528888888888888 21440
1778602961109 9.537777777777778 21460
1778602962288 9.546666666666667 21480
1778602963506 9.555555555555555 21500
1778602969666 9.555555555555555 21500
1778602972193 9.564444444444444 21520
1778602973377 9.573333333333334 21540
1778602974566 9.582222222222223 21560
1778602975759 9.591111111111111 21580
1778602976938 9.6 21600
1778602978121 9.608888888888888 21620
1778602979294 9.617777777777778 21640
1778602980477 9.626666666666667 21660
1778602981679 9.635555555555555 21680
1778602982858 9.644444444444444 21700
1778602984043 9.653333333333332 21720
1778602985228 9.662222222222223 21740
1778602991899 9.666666666666666 21750
1778602993859 9.671111111111111 21760
1778602995051 9.68 21780
1778602996242 9.688888888888888 21800
1778602997441 9.697777777777778 21820
1778602998627 9.706666666666667 21840
1778602999809 9.715555555555556 21860
1778603000989 9.724444444444444 21880
1778603002206 9.733333333333333 21900
1778603003404 9.742222222222223 21920
1778603004583 9.751111111111111 21940
1778603005769 9.76 21960
1778603006949 9.768888888888888 21980
1778603008146 9.777777777777779 22000
1778603014230 9.777777777777779 22000
1778603016751 9.786666666666667 22020
1778603017932 9.795555555555556 22040
1778603019122 9.804444444444444 22060
1778603020309 9.813333333333333 22080
1778603021484 9.822222222222223 22100
1778603022663 9.831111111111111 22120
1778603023840 9.84 22140
1778603025019 9.848888888888888 22160
1778603026204 9.857777777777777 22180
1778603027395 9.866666666666667 22200
1778603028578 9.875555555555556 22220
1778603029763 9.884444444444444 22240
1778603036412 9.88888888888889 22250
1778603038369 9.893333333333333 22260
1778603039558 9.902222222222223 22280
1778603040750 9.911111111111111 22300
1778603041931 9.92 22320
1778603043110 9.928888888888888 22340
1778603044291 9.937777777777779 22360
1778603045473 9.946666666666667 22380
1778603046666 9.955555555555556 22400
1778603047847 9.964444444444444 22420
1778603049032 9.973333333333333 22440
1778603050209 9.982222222222223 22460
1778603051403 9.991111111111111 22480
1778603052590 10.0 22500
1778603058713 10.0 22500
1778603060143 10.0 22500
1778603066451 10.0 22500
1778603093576 10.0 22500
1778603094314 10.0 0
