1778601055482 1.02e-05 20
1778601056662 2.16e-05 40
1778601057846 2.9991982182628063e-05 60
1778601059041 2.9965256124721602e-05 80
1778601060221 2.9938530066815145e-05 100
1778601061409 2.9911804008908687e-05 120
1778601062601 2.9885077951002227e-05 140
1778601063778 2.985835189309577e-05 160
1778601064956 2.983162583518931e-05 180
1778601066143 2.980489977728285e-05 200
1778601067342 2.9778173719376393e-05 220
1778601068535 2.9751447661469936e-05 240
1778601079608 2.9724721603563475e-05 260
1778601080786 2.9697995545657018e-05 280
1778601081966 2.967126948775056e-05 300
1778601083143 2.96445434298441e-05 320
1778601084328 2.961781737193764e-05 340
1778601085513 2.959109131403118e-05 360
1778601086690 2.956436525612472e-05 380
1778601087872 2.9537639198218263e-05 400
1778601089064 2.9510913140311805e-05 420
1778601090231 2.9484187082405344e-05 440
1778601091422 2.9457461024498887e-05 460
1778601092606 2.943073496659243e-05 480
1778601093801 2.940400890868597e-05 500
1778601102237 2.937728285077951e-05 520
1778601103419 2.9350556792873054e-05 540
1778601104593 2.9323830734966593e-05 560
1778601105777 2.9297104677060135e-05 580
1778601106966 2.9270378619153678e-05 600
1778601108148 2.9243652561247217e-05 620
1778601109324 2.921692650334076e-05 640
1778601110503 2.9190200445434302e-05 660
1778601111682 2.916347438752784e-05 680
1778601112860 2.9136748329621384e-05 700
1778601114051 2.911002227171492e-05 720
1778601115230 2.9083296213808462e-05 740
1778601123806 2.9056570155902005e-05 760
1778601124993 2.9029844097995544e-05 780
1778601126187 2.9003118040089086e-05 800
1778601127361 2.897639198218263e-05 820
1778601128542 2.8949665924276168e-05 840
1778601129737 2.892293986636971e-05 860
1778601130926 2.8896213808463253e-05 880
1778601132109 2.8869487750556792e-05 900
1778601133290 2.8842761692650335e-05 920
1778601134473 2.8816035634743877e-05 940
1778601135664 2.8789309576837416e-05 960
1778601136839 2.876258351893096e-05 980
1778601138024 2.87358574610245e-05 1000
1778601146634 2.870913140311804e-05 1020
1778601147816 2.8682405345211583e-05 1040
1778601148988 2.8657015590200446e-05 1060
1778601150188 2.863028953229399e-05 1080
1778601151419 2.8603563474387528e-05 1100
1778601152606 2.857683741648107e-05 1120
1778601153783 2.8550111358574613e-05 1140
1778601154968 2.8523385300668152e-05 1160
1778601156148 2.8496659242761695e-05 1180
1778601157345 2.8469933184855237e-05 1200
1778601158551 2.8443207126948773e-05 1220
1778601159727 2.8416481069042316e-05 1240
1778601168342 2.8389755011135858e-05 1260
1778601169521 2.8363028953229397e-05 1280
1778601170711 2.833630289532294e-05 1300
1778601171896 2.8309576837416482e-05 1320
1778601173086 2.828285077951002e-05 1340
1778601174270 2.8256124721603564e-05 1360
1778601175447 2.8229398663697107e-05 1380
1778601176629 2.8202672605790646e-05 1400
1778601177816 2.817594654788419e-05 1420
1778601179010 2.814922048997773e-05 1440
1778601180207 2.812249443207127e-05 1460
1778601181388 2.8095768374164813e-05 1480
1778601182571 2.8069042316258355e-05 1500
1778601191185 2.8042316258351894e-05 1520
1778601192373 2.8015590200445437e-05 1540
1778601193552 2.7988864142538976e-05 1560
1778601194744 2.796213808463252e-05 1580
1778601195921 2.793541202672606e-05 1600
1778601197116 2.7908685968819597e-05 1620
1778601198306 2.788195991091314e-05 1640
1778601199509 2.7855233853006682e-05 1660
1778601200694 2.782850779510022e-05 1680
1778601201881 2.7801781737193764e-05 1700
1778601203066 2.7775055679287306e-05 1720
1778601204252 2.7748329621380845e-05 1740
1778601212842 2.7721603563474388e-05 1760
1778601214025 2.769487750556793e-05 1780
1778601215210 2.766815144766147e-05 1800
1778601216399 2.7641425389755012e-05 1820
1778601217582 2.7614699331848555e-05 1840
1778601218763 2.7587973273942094e-05 1860
1778601219956 2.7561247216035636e-05 1880
1778601221140 2.753452115812918e-05 1900
1778601222324 2.7507795100222718e-05 1920
1778601223508 2.748106904231626e-05 1940
1778601224690 2.7454342984409803e-05 1960
1778601225874 2.7427616926503342e-05 1980
1778601227072 2.740089086859688e-05 2000
1778601235670 2.7374164810690424e-05 2020
1778601236854 2.7347438752783963e-05 2040
1778601238044 2.7320712694877505e-05 2060
1778601239224 2.7293986636971048e-05 2080
1778601240407 2.7267260579064587e-05 2100
1778601241599 2.724053452115813e-05 2120
1778601242796 2.7213808463251672e-05 2140
1778601243973 2.718708240534521e-05 2160
1778601245151 2.7160356347438754e-05 2180
1778601246338 2.7133630289532296e-05 2200
1778601247528 2.7106904231625836e-05 2220
1778601248714 2.7080178173719378e-05 2240
1778601257334 2.7053452115812917e-05 2260
1778601258520 2.702672605790646e-05 2280
1778601259713 2.7000000000000002e-05 2300
1778601260897 2.697327394209354e-05 2320
1778601262083 2.6946547884187084e-05 2340
1778601263273 2.6919821826280627e-05 2360
1778601264464 2.6893095768374166e-05 2380
1778601265664 2.6866369710467705e-05 2400
1778601266857 2.6839643652561247e-05 2420
1778601268043 2.6812917594654787e-05 2440
1778601269225 2.678619153674833e-05 2460
1778601270411 2.675946547884187e-05 2480
1778601271604 2.673273942093541e-05 2500
1778601280188 2.6706013363028953e-05 2520
1778601281374 2.6679287305122496e-05 2540
1778601282573 2.6652561247216035e-05 2560
1778601283750 2.6625835189309578e-05 2580
1778601284937 2.659910913140312e-05 2600
1778601286109 2.657238307349666e-05 2620
1778601287304 2.6545657015590202e-05 2640
1778601288491 2.6518930957683744e-05 2660
1778601289678 2.6492204899777283e-05 2680
1778601290864 2.6465478841870826e-05 2700
1778601292049 2.643875278396437e-05 2720
1778601293228 2.6412026726057908e-05 2740
1778601301890 2.638530066815145e-05 2760
1778601303070 2.635857461024499e-05 2780
1778601304254 2.633184855233853e-05 2800
1778601305438 2.630512249443207e-05 2820
1778601306618 2.6278396436525614e-05 2840
1778601307801 2.6251670378619153e-05 2860
1778601308991 2.6224944320712695e-05 2880
1778601310183 2.6198218262806238e-05 2900
1778601311366 2.6171492204899777e-05 2920
1778601312553 2.614476614699332e-05 2940
1778601313763 2.611804008908686e-05 2960
1778601314954 2.60913140311804e-05 2980
1778601316149 2.6064587973273944e-05 3000
1778601324727 2.6037861915367483e-05 3020
1778601325904 2.6011135857461025e-05 3040
1778601327084 2.5984409799554568e-05 3060
1778601328273 2.5957683741648107e-05 3080
1778601329453 2.593095768374165e-05 3100
1778601330639 2.5904231625835192e-05 3120
1778601331840 2.587750556792873e-05 3140
1778601333073 2.585077951002227e-05 3160
1778601334264 2.5824053452115813e-05 3180
1778601335456 2.5797327394209352e-05 3200
1778601336659 2.5770601336302895e-05 3220
1778601337847 2.5743875278396437e-05 3240
1778601346472 2.5717149220489976e-05 3260
1778601347654 2.569042316258352e-05 3280
1778601348837 2.566369710467706e-05 3300
1778601350025 2.56369710467706e-05 3320
1778601351208 2.5610244988864143e-05 3340
1778601352402 2.5583518930957686e-05 3360
1778601353591 2.5556792873051225e-05 3380
1778601354777 2.5530066815144767e-05 3400
1778601355958 2.550334075723831e-05 3420
1778601357150 2.547661469933185e-05 3440
1778601358342 2.544988864142539e-05 3460
1778601359525 2.5423162583518934e-05 3480
1778601360699 2.5396436525612473e-05 3500
1778601369322 2.5369710467706016e-05 3520
1778601370503 2.5342984409799555e-05 3540
1778601371691 2.5316258351893094e-05 3560
1778601372875 2.5289532293986637e-05 3580
1778601374063 2.526280623608018e-05 3600
1778601375236 2.523608017817372e-05 3620
1778601376425 2.520935412026726e-05 3640
1778601377605 2.5182628062360803e-05 3660
1778601378792 2.5155902004454343e-05 3680
1778601379959 2.5129175946547885e-05 3700
1778601381145 2.5102449888641424e-05 3720
1778601382337 2.5075723830734967e-05 3740
1778601390899 2.504899777282851e-05 3760
1778601392083 2.502227171492205e-05 3780
1778601393252 2.499554565701559e-05 3800
1778601394443 2.4968819599109134e-05 3820
1778601395628 2.4942093541202673e-05 3840
1778601396813 2.4915367483296215e-05 3860
1778601397994 2.4888641425389758e-05 3880
1778601399182 2.4861915367483297e-05 3900
1778601400364 2.483518930957684e-05 3920
1778601401548 2.480846325167038e-05 3940
1778601402742 2.4781737193763918e-05 3960
1778601403923 2.475501113585746e-05 3980
1778601405108 2.4728285077951003e-05 4000
1778601413693 2.4701559020044542e-05 4020
1778601414875 2.4674832962138085e-05 4040
1778601416063 2.4648106904231627e-05 4060
1778601417248 2.4621380846325166e-05 4080
1778601418438 2.459465478841871e-05 4100
1778601419622 2.456792873051225e-05 4120
1778601420806 2.454120267260579e-05 4140
1778601421981 2.4514476614699333e-05 4160
1778601423164 2.4487750556792876e-05 4180
1778601424346 2.4461024498886415e-05 4200
1778601425528 2.4434298440979957e-05 4220
1778601426705 2.44075723830735e-05 4240
1778601435333 2.438084632516704e-05 4260
1778601436524 2.435412026726058e-05 4280
1778601437695 2.4327394209354124e-05 4300
1778601438877 2.430066815144766e-05 4320
1778601440054 2.4273942093541202e-05 4340
1778601441231 2.4247216035634745e-05 4360
1778601442417 2.4220489977728284e-05 4380
1778601443600 2.4193763919821827e-05 4400
1778601444781 2.4167037861915366e-05 4420
1778601445975 2.4140311804008908e-05 4440
1778601447148 2.411358574610245e-05 4460
1778601448350 2.408685968819599e-05 4480
1778601449542 2.4060133630289532e-05 4500
1778601458127 2.4033407572383075e-05 4520
1778601459317 2.4006681514476614e-05 4540
1778601460494 2.3979955456570157e-05 4560
1778601461673 2.39532293986637e-05 4580
1778601462848 2.392650334075724e-05 4600
1778601464031 2.389977728285078e-05 4620
1778601465208 2.3873051224944323e-05 4640
1778601466388 2.3846325167037863e-05 4660
1778601467572 2.3819599109131405e-05 4680
1778601468754 2.3792873051224944e-05 4700
1778601469941 2.3766146993318483e-05 4720
1778601471129 2.3739420935412026e-05 4740
1778601479749 2.371269487750557e-05 4760
1778601480927 2.3685968819599108e-05 4780
1778601482106 2.365924276169265e-05 4800
1778601483309 2.3632516703786193e-05 4820
1778601484493 2.3605790645879732e-05 4840
1778601485680 2.3579064587973274e-05 4860
1778601486866 2.3552338530066817e-05 4880
1778601488046 2.3525612472160356e-05 4900
1778601489234 2.34988864142539e-05 4920
1778601490418 2.347216035634744e-05 4940
1778601491610 2.344543429844098e-05 4960
1778601492799 2.3418708240534523e-05 4980
1778601493971 2.3391982182628065e-05 5000
1778601502586 2.3365256124721605e-05 5020
1778601503774 2.3338530066815147e-05 5040
1778601504965 2.331180400890869e-05 5060
1778601506152 2.328507795100223e-05 5080
1778601507334 2.3258351893095768e-05 5100
1778601508509 2.323162583518931e-05 5120
1778601509684 2.320489977728285e-05 5140
1778601510887 2.3178173719376392e-05 5160
1778601512068 2.315144766146993e-05 5180
1778601513293 2.3124721603563474e-05 5200
1778601514509 2.3097995545657016e-05 5220
1778601515691 2.3071269487750556e-05 5240
1778601524296 2.3044543429844098e-05 5260
1778601525468 2.301781737193764e-05 5280
1778601526656 2.299109131403118e-05 5300
1778601527840 2.2964365256124722e-05 5320
1778601529022 2.2937639198218265e-05 5340
1778601530210 2.2910913140311804e-05 5360
1778601531407 2.2884187082405346e-05 5380
1778601532593 2.285746102449889e-05 5400
1778601533779 2.2830734966592428e-05 5420
1778601534963 2.280400890868597e-05 5440
1778601536151 2.2777282850779513e-05 5460
1778601537342 2.275055679287305e-05 5480
1778601538529 2.272383073496659e-05 5500
1778601547174 2.2697104677060134e-05 5520
1778601548363 2.2670378619153673e-05 5540
1778601549551 2.2643652561247216e-05 5560
1778601550743 2.261692650334076e-05 5580
1778601551931 2.2590200445434297e-05 5600
1778601553113 2.256347438752784e-05 5620
1778601554305 2.2536748329621383e-05 5640
1778601555488 2.2510022271714922e-05 5660
1778601556676 2.2483296213808464e-05 5680
1778601557853 2.2456570155902007e-05 5700
1778601559025 2.2429844097995546e-05 5720
1778601560208 2.240311804008909e-05 5740
1778601568785 2.237639198218263e-05 5760
1778601569962 2.234966592427617e-05 5780
1778601571129 2.2322939866369713e-05 5800
1778601572318 2.2296213808463255e-05 5820
1778601573492 2.2269487750556794e-05 5840
1778601574678 2.2242761692650334e-05 5860
1778601575861 2.2216035634743873e-05 5880
1778601577047 2.2189309576837415e-05 5900
1778601578231 2.2162583518930958e-05 5920
1778601579425 2.2135857461024497e-05 5940
1778601580617 2.210913140311804e-05 5960
1778601581797 2.2082405345211582e-05 5980
1778601582984 2.205567928730512e-05 6000
1778601591614 2.2028953229398664e-05 6020
1778601592798 2.2002227171492206e-05 6040
1778601593989 2.1975501113585745e-05 6060
1778601595182 2.1948775055679288e-05 6080
1778601596361 2.192204899777283e-05 6100
1778601597547 2.189532293986637e-05 6120
1778601598736 2.1868596881959912e-05 6140
1778601599937 2.1841870824053455e-05 6160
1778601601115 2.1815144766146994e-05 6180
1778601602308 2.1788418708240536e-05 6200
1778601603488 2.176169265033408e-05 6220
1778601604672 2.1734966592427618e-05 6240
1778601613346 2.1708240534521157e-05 6260
1778601614525 2.16815144766147e-05 6280
1778601615696 2.165478841870824e-05 6300
1778601616878 2.162806236080178e-05 6320
1778601618047 2.1601336302895324e-05 6340
1778601619231 2.1574610244988863e-05 6360
1778601620409 2.1547884187082406e-05 6380
1778601621596 2.1521158129175948e-05 6400
1778601622775 2.1494432071269487e-05 6420
1778601623948 2.146770601336303e-05 6440
1778601625135 2.1440979955456572e-05 6460
1778601626319 2.141425389755011e-05 6480
1778601627507 2.1387527839643654e-05 6500
1778601636090 2.1360801781737197e-05 6520
1778601637279 2.1334075723830736e-05 6540
1778601638469 2.1307349665924278e-05 6560
1778601639650 2.1280623608017817e-05 6580
1778601640832 2.125389755011136e-05 6600
1778601642016 2.1227171492204903e-05 6620
1778601643204 2.1200445434298438e-05 6640
1778601644382 2.117371937639198e-05 6660
1778601645562 2.1146993318485523e-05 6680
1778601646741 2.1120267260579063e-05 6700
1778601647929 2.1093541202672605e-05 6720
1778601649118 2.1066815144766148e-05 6740
1778601657694 2.1040089086859687e-05 6760
1778601658877 2.101336302895323e-05 6780
1778601660059 2.0986636971046772e-05 6800
1778601661236 2.095991091314031e-05 6820
1778601662422 2.0933184855233853e-05 6840
1778601663604 2.0906458797327396e-05 6860
1778601664780 2.0879732739420935e-05 6880
1778601665968 2.0853006681514478e-05 6900
1778601667166 2.082628062360802e-05 6920
1778601668348 2.079955456570156e-05 6940
1778601669529 2.0772828507795102e-05 6960
1778601670719 2.0746102449888644e-05 6980
1778601671901 2.0719376391982184e-05 7000
1778601680495 2.0692650334075726e-05 7020
1778601681677 2.0665924276169265e-05 7040
1778601682844 2.0639198218262804e-05 7060
1778601684035 2.0612472160356347e-05 7080
1778601685225 2.058574610244989e-05 7100
1778601686419 2.055902004454343e-05 7120
1778601687604 2.053229398663697e-05 7140
1778601688792 2.0505567928730514e-05 7160
1778601689971 2.0478841870824053e-05 7180
1778601691155 2.0452115812917595e-05 7200
1778601692324 2.0425389755011138e-05 7220
1778601693514 2.0398663697104677e-05 7240
1778601702239 2.037193763919822e-05 7260
1778601703421 2.0345211581291762e-05 7280
1778601704607 2.03184855233853e-05 7300
1778601705793 2.0291759465478844e-05 7320
1778601706971 2.0265033407572383e-05 7340
1778601708155 2.0238307349665926e-05 7360
1778601709328 2.0211581291759468e-05 7380
1778601710507 2.0184855233853007e-05 7400
1778601711695 2.0158129175946546e-05 7420
1778601712875 2.013140311804009e-05 7440
1778601714064 2.0104677060133628e-05 7460
1778601715248 2.007795100222717e-05 7480
1778601716428 2.0051224944320713e-05 7500
1778601725089 2.0024498886414252e-05 7520
1778601726276 1.9997772828507795e-05 7540
1778601727457 1.9971046770601337e-05 7560
1778601728639 1.9944320712694877e-05 7580
1778601729831 1.991759465478842e-05 7600
1778601731027 1.989086859688196e-05 7620
1778601732218 1.98641425389755e-05 7640
1778601733398 1.9837416481069043e-05 7660
1778601734575 1.9810690423162586e-05 7680
1778601735757 1.9783964365256125e-05 7700
1778601736953 1.9757238307349668e-05 7720
1778601738144 1.973051224944321e-05 7740
1778601746723 1.970378619153675e-05 7760
1778601747912 1.9677060133630292e-05 7780
1778601749084 1.965033407572383e-05 7800
1778601750272 1.962360801781737e-05 7820
1778601751446 1.9596881959910913e-05 7840
1778601752630 1.9570155902004455e-05 7860
1778601753810 1.9543429844097994e-05 7880
1778601754998 1.9516703786191537e-05 7900
1778601756175 1.948997772828508e-05 7920
1778601757354 1.946325167037862e-05 7940
1778601758534 1.943652561247216e-05 7960
1778601759717 1.9409799554565704e-05 7980
1778601760906 1.9383073496659243e-05 8000
1778601769528 1.9356347438752785e-05 8020
1778601770717 1.9329621380846324e-05 8040
1778601771895 1.9302895322939867e-05 8060
1778601773083 1.927616926503341e-05 8080
1778601774261 1.924944320712695e-05 8100
1778601775443 1.922271714922049e-05 8120
1778601776637 1.9195991091314034e-05 8140
1778601777821 1.9169265033407573e-05 8160
1778601779010 1.9142538975501115e-05 8180
1778601780197 1.9115812917594655e-05 8200
1778601781375 1.9089086859688194e-05 8220
1778601782569 1.9062360801781736e-05 8240
1778601791177 1.903563474387528e-05 8260
1778601792355 1.9008908685968818e-05 8280
1778601793530 1.898218262806236e-05 8300
1778601794716 1.8955456570155903e-05 8320
1778601795900 1.8928730512249442e-05 8340
1778601797087 1.8902004454342985e-05 8360
1778601798263 1.8875278396436527e-05 8380
1778601799463 1.8848552338530066e-05 8400
1778601800646 1.882182628062361e-05 8420
1778601801844 1.879510022271715e-05 8440
1778601803019 1.876837416481069e-05 8460
1778601804197 1.8741648106904233e-05 8480
1778601805397 1.8714922048997776e-05 8500
1778601814026 1.8688195991091315e-05 8520
1778601815214 1.8661469933184857e-05 8540
1778601816391 1.86347438752784e-05 8560
1778601817573 1.8608017817371936e-05 8580
1778601818757 1.8581291759465478e-05 8600
1778601819936 1.855456570155902e-05 8620
1778601821126 1.852783964365256e-05 8640
1778601822320 1.8501113585746102e-05 8660
1778601823512 1.8474387527839645e-05 8680
1778601824709 1.8447661469933184e-05 8700
1778601825893 1.8420935412026727e-05 8720
1778601827079 1.839420935412027e-05 8740
1778601835692 1.836748329621381e-05 8760
1778601836880 1.834075723830735e-05 8780
1778601838076 1.831403118040089e-05 8800
1778601839269 1.8287305122494433e-05 8820
1778601840449 1.8260579064587975e-05 8840
1778601841640 1.8233853006681514e-05 8860
1778601842820 1.8207126948775057e-05 8880
1778601844004 1.81804008908686e-05 8900
1778601845185 1.815367483296214e-05 8920
1778601846376 1.812694877505568e-05 8940
1778601847559 1.810022271714922e-05 8960
1778601848752 1.807349665924276e-05 8980
1778601849932 1.8046770601336302e-05 9000
1778601858544 1.8020044543429844e-05 9020
1778601859718 1.7993318485523384e-05 9040
1778601860907 1.7966592427616926e-05 9060
1778601862092 1.793986636971047e-05 9080
1778601863275 1.7913140311804008e-05 9100
1778601864452 1.788641425389755e-05 9120
1778601865641 1.7859688195991093e-05 9140
1778601866827 1.7832962138084632e-05 9160
1778601868011 1.7806236080178175e-05 9180
1778601869197 1.7779510022271717e-05 9200
1778601870388 1.7752783964365256e-05 9220
1778601871580 1.77260579064588e-05 9240
1778601880314 1.769933184855234e-05 9260
1778601881505 1.767260579064588e-05 9280
1778601882684 1.7645879732739423e-05 9300
1778601883861 1.7619153674832966e-05 9320
1778601885051 1.7592427616926505e-05 9340
1778601886241 1.7565701559020044e-05 9360
1778601887416 1.7538975501113586e-05 9380
1778601888607 1.7512249443207126e-05 9400
1778601889792 1.7485523385300668e-05 9420
1778601890986 1.745879732739421e-05 9440
1778601892174 1.743207126948775e-05 9460
1778601893362 1.7405345211581292e-05 9480
1778601894542 1.737861915367483e-05 9500
1778601903181 1.7351893095768374e-05 9520
1778601904363 1.7325167037861916e-05 9540
1778601905545 1.7298440979955456e-05 9560
1778601906720 1.7271714922048998e-05 9580
1778601907901 1.724498886414254e-05 9600
1778601909094 1.721826280623608e-05 9620
1778601910281 1.7191536748329622e-05 9640
1778601911462 1.7164810690423165e-05 9660
1778601912641 1.7138084632516704e-05 9680
1778601913834 1.7111358574610247e-05 9700
1778601915024 1.708463251670379e-05 9720
1778601916191 1.7057906458797325e-05 9740
1778601924789 1.7031180400890867e-05 9760
1778601925973 1.700445434298441e-05 9780
1778601927156 1.697772828507795e-05 9800
1778601928348 1.6951002227171492e-05 9820
1778601929527 1.6924276169265034e-05 9840
1778601930704 1.6897550111358573e-05 9860
1778601931893 1.6870824053452116e-05 9880
1778601933080 1.684409799554566e-05 9900
1778601934280 1.6817371937639198e-05 9920
1778601935468 1.679064587973274e-05 9940
1778601936651 1.6763919821826283e-05 9960
1778601937837 1.6737193763919822e-05 9980
1778601939021 1.6710467706013364e-05 10000
1778601947632 1.6683741648106907e-05 10020
1778601948815 1.6657015590200446e-05 10040
1778601950005 1.663028953229399e-05 10060
1778601951200 1.660356347438753e-05 10080
1778601952391 1.657683741648107e-05 10100
1778601953574 1.655011135857461e-05 10120
1778601954749 1.6523385300668152e-05 10140
1778601955937 1.649665924276169e-05 10160
1778601957126 1.6469933184855234e-05 10180
1778601958311 1.6443207126948773e-05 10200
1778601959496 1.6416481069042315e-05 10220
1778601960675 1.6389755011135858e-05 10240
1778601969318 1.6363028953229397e-05 10260
1778601970502 1.633630289532294e-05 10280
1778601971684 1.6309576837416482e-05 10300
1778601972869 1.628285077951002e-05 10320
1778601974049 1.6256124721603564e-05 10340
1778601975240 1.6229398663697106e-05 10360
1778601976424 1.6202672605790645e-05 10380
1778601977608 1.6175946547884188e-05 10400
1778601978794 1.614922048997773e-05 10420
1778601979977 1.612249443207127e-05 10440
1778601981160 1.6095768374164812e-05 10460
1778601982340 1.6069042316258355e-05 10480
1778601983519 1.6042316258351894e-05 10500
1778601992139 1.6015590200445433e-05 10520
1778601993318 1.5988864142538976e-05 10540
1778601994504 1.5962138084632515e-05 10560
1778601995692 1.5935412026726057e-05 10580
1778601996879 1.59086859688196e-05 10600
1778601998050 1.588195991091314e-05 10620
1778601999239 1.585523385300668e-05 10640
1778602000436 1.5828507795100224e-05 10660
1778602001632 1.5801781737193763e-05 10680
1778602002817 1.5775055679287306e-05 10700
1778602004001 1.5748329621380848e-05 10720
1778602005186 1.5721603563474387e-05 10740
1778602013778 1.569487750556793e-05 10760
1778602014969 1.5668151447661473e-05 10780
1778602016146 1.564142538975501e-05 10800
1778602017337 1.5614699331848554e-05 10820
1778602018523 1.5587973273942097e-05 10840
1778602019701 1.5561247216035636e-05 10860
1778602020883 1.553452115812918e-05 10880
1778602022071 1.5507795100222718e-05 10900
1778602023247 1.5481069042316257e-05 10920
1778602024427 1.54543429844098e-05 10940
1778602025605 1.542761692650334e-05 10960
1778602026802 1.540089086859688e-05 10980
1778602027992 1.5374164810690423e-05 11000
1778602036598 1.5347438752783963e-05 11020
1778602037792 1.5320712694877505e-05 11040
1778602038974 1.5293986636971048e-05 11060
1778602040149 1.526859688195991e-05 11080
1778602041321 1.5241870824053452e-05 11100
1778602042508 1.5215144766146993e-05 11120
1778602043681 1.5188418708240535e-05 11140
1778602044858 1.5161692650334074e-05 11160
1778602046042 1.5134966592427617e-05 11180
1778602047229 1.510824053452116e-05 11200
1778602048412 1.5081514476614699e-05 11220
1778602049592 1.5054788418708241e-05 11240
1778602058376 1.5028062360801784e-05 11260
1778602059553 1.5001336302895323e-05 11280
1778602060734 1.4974610244988865e-05 11300
1778602061911 1.4947884187082404e-05 11320
1778602063108 1.4921158129175947e-05 11340
1778602064295 1.4894432071269488e-05 11360
1778602065478 1.4867706013363029e-05 11380
1778602066656 1.4840979955456571e-05 11400
1778602067839 1.4814253897550112e-05 11420
1778602069029 1.4787527839643653e-05 11440
1778602070213 1.4760801781737195e-05 11460
1778602071386 1.4734075723830736e-05 11480
1778602072566 1.4707349665924275e-05 11500
1778602081192 1.4680623608017818e-05 11520
1778602082370 1.4653897550111359e-05 11540
1778602083542 1.46271714922049e-05 11560
1778602084722 1.460044543429844e-05 11580
1778602085903 1.4573719376391983e-05 11600
1778602087094 1.4546993318485524e-05 11620
1778602088292 1.4520267260579065e-05 11640
1778602089484 1.4493541202672607e-05 11660
1778602090674 1.4466815144766148e-05 11680
1778602091867 1.4440089086859687e-05 11700
1778602093050 1.441336302895323e-05 11720
1778602094221 1.438663697104677e-05 11740
1778602102834 1.4359910913140311e-05 11760
1778602104015 1.4333184855233854e-05 11780
1778602105198 1.4306458797327395e-05 11800
1778602106379 1.4279732739420936e-05 11820
1778602107556 1.4253006681514478e-05 11840
1778602108735 1.4226280623608019e-05 11860
1778602109914 1.419955456570156e-05 11880
1778602111108 1.4172828507795099e-05 11900
1778602112305 1.4146102449888642e-05 11920
1778602113496 1.4119376391982182e-05 11940
1778602114677 1.4092650334075723e-05 11960
1778602115856 1.4065924276169266e-05 11980
1778602117040 1.4039198218262807e-05 12000
1778602125700 1.4012472160356348e-05 12020
1778602126881 1.398574610244989e-05 12040
1778602128074 1.3959020044543431e-05 12060
1778602129244 1.393229398663697e-05 12080
1778602130431 1.3905567928730513e-05 12100
1778602131612 1.3878841870824053e-05 12120
1778602132801 1.3852115812917594e-05 12140
1778602133979 1.3825389755011137e-05 12160
1778602135170 1.3798663697104678e-05 12180
1778602136360 1.3771937639198218e-05 12200
1778602137543 1.3745211581291761e-05 12220
1778602138725 1.3718485523385302e-05 12240
1778602147383 1.3691759465478843e-05 12260
1778602148572 1.3665033407572382e-05 12280
1778602149760 1.3638307349665924e-05 12300
1778602150945 1.3611581291759465e-05 12320
1778602152128 1.3584855233853006e-05 12340
1778602153307 1.3558129175946549e-05 12360
1778602154494 1.353140311804009e-05 12380
1778602155677 1.350467706013363e-05 12400
1778602156859 1.3477951002227173e-05 12420
1778602158044 1.3451224944320714e-05 12440
1778602159224 1.3424498886414255e-05 12460
1778602160421 1.3397772828507795e-05 12480
1778602161615 1.3371046770601336e-05 12500
1778602170228 1.3344320712694877e-05 12520
1778602171398 1.331759465478842e-05 12540
1778602172597 1.329086859688196e-05 12560
1778602173775 1.3264142538975501e-05 12580
1778602174965 1.3237416481069044e-05 12600
1778602176156 1.3210690423162585e-05 12620
1778602177343 1.3183964365256126e-05 12640
1778602178524 1.3157238307349665e-05 12660
1778602179702 1.3130512249443207e-05 12680
1778602180886 1.3103786191536748e-05 12700
1778602182068 1.3077060133630289e-05 12720
1778602183265 1.3050334075723831e-05 12740
1778602191992 1.3023608017817372e-05 12760
1778602193173 1.2996881959910913e-05 12780
1778602194359 1.2970155902004456e-05 12800
1778602195542 1.2943429844097996e-05 12820
1778602196739 1.2916703786191537e-05 12840
1778602197925 1.2889977728285078e-05 12860
1778602199109 1.2863251670378619e-05 12880
1778602200293 1.283652561247216e-05 12900
1778602201480 1.2809799554565702e-05 12920
1778602202661 1.2783073496659243e-05 12940
1778602203842 1.2756347438752784e-05 12960
1778602205028 1.2729621380846327e-05 12980
1778602206214 1.2702895322939867e-05 13000
1778602214807 1.2676169265033408e-05 13020
1778602215987 1.264944320712695e-05 13040
1778602217159 1.262271714922049e-05 13060
1778602218345 1.2595991091314031e-05 13080
1778602219520 1.2570601336302896e-05 13100
1778602220717 1.2543875278396437e-05 13120
1778602221894 1.2517149220489979e-05 13140
1778602223077 1.2490423162583518e-05 13160
1778602224255 1.2463697104677059e-05 13180
1778602225440 1.2436971046770602e-05 13200
1778602226622 1.2410244988864143e-05 13220
1778602227798 1.2383518930957683e-05 13240
1778602236439 1.2356792873051226e-05 13260
1778602237635 1.2330066815144767e-05 13280
1778602238848 1.2303340757238308e-05 13300
1778602240071 1.227661469933185e-05 13320
1778602241260 1.2249888641425391e-05 13340
1778602242441 1.222316258351893e-05 13360
1778602243628 1.2196436525612473e-05 13380
1778602244808 1.2169710467706013e-05 13400
1778602245994 1.2142984409799554e-05 13420
1778602247179 1.2116258351893095e-05 13440
1778602248362 1.2089532293986638e-05 13460
1778602249545 1.2062806236080179e-05 13480
1778602250731 1.203608017817372e-05 13500
1778602259357 1.2009354120267262e-05 13520
1778602260530 1.1982628062360803e-05 13540
1778602261720 1.1955902004454342e-05 13560
1778602262911 1.1929175946547884e-05 13580
1778602264092 1.1902449888641425e-05 13600
1778602265276 1.1875723830734966e-05 13620
1778602266465 1.1848997772828509e-05 13640
1778602267645 1.182227171492205e-05 13660
1778602268821 1.179554565701559e-05 13680
1778602270008 1.1768819599109133e-05 13700
1778602271204 1.1742093541202674e-05 13720
1778602272399 1.1715367483296215e-05 13740
1778602281005 1.1688641425389755e-05 13760
1778602282194 1.1661915367483296e-05 13780
1778602283399 1.1635189309576837e-05 13800
1778602284592 1.1608463251670378e-05 13820
1778602285777 1.158173719376392e-05 13840
1778602286959 1.1555011135857461e-05 13860
1778602288133 1.1528285077951002e-05 13880
1778602289318 1.1501559020044545e-05 13900
1778602290506 1.1474832962138086e-05 13920
1778602291696 1.1448106904231625e-05 13940
1778602292880 1.1421380846325167e-05 13960
1778602294064 1.1394654788418708e-05 13980
1778602295248 1.1367928730512249e-05 14000
1778602303925 1.1341202672605791e-05 14020
1778602305113 1.1314476614699332e-05 14040
1778602306288 1.1287750556792873e-05 14060
1778602307483 1.1261024498886416e-05 14080
1778602308671 1.1234298440979957e-05 14100
1778602309857 1.1207572383073497e-05 14120
1778602311044 1.1180846325167038e-05 14140
1778602312227 1.1154120267260579e-05 14160
1778602313416 1.112739420935412e-05 14180
1778602314595 1.110066815144766e-05 14200
1778602315776 1.1073942093541203e-05 14220
1778602316954 1.1047216035634744e-05 14240
1778602325586 1.1020489977728285e-05 14260
1778602326763 1.0993763919821828e-05 14280
1778602327948 1.0967037861915368e-05 14300
1778602329122 1.094031180400891e-05 14320
1778602330324 1.091358574610245e-05 14340
1778602331515 1.0886859688195991e-05 14360
1778602332692 1.0860133630289532e-05 14380
1778602333885 1.0833407572383074e-05 14400
1778602335071 1.0806681514476615e-05 14420
1778602336245 1.0779955456570156e-05 14440
1778602337420 1.0753229398663699e-05 14460
1778602338602 1.072650334075724e-05 14480
1778602339796 1.069977728285078e-05 14500
1778602348400 1.067305122494432e-05 14520
1778602349584 1.0646325167037862e-05 14540
1778602350766 1.0619599109131403e-05 14560
1778602351956 1.0592873051224944e-05 14580
1778602353136 1.0566146993318486e-05 14600
1778602354322 1.0539420935412027e-05 14620
1778602355510 1.0512694877505568e-05 14640
1778602356701 1.048596881959911e-05 14660
1778602357890 1.0459242761692651e-05 14680
1778602359078 1.0432516703786192e-05 14700
1778602360261 1.0405790645879733e-05 14720
1778602361448 1.0379064587973274e-05 14740
1778602370131 1.0352338530066815e-05 14760
1778602371308 1.0325612472160357e-05 14780
1778602372490 1.0298886414253898e-05 14800
1778602373693 1.0272160356347439e-05 14820
1778602374880 1.0245434298440981e-05 14840
1778602376071 1.0218708240534522e-05 14860
1778602377272 1.0191982182628063e-05 14880
1778602378461 1.0165256124721604e-05 14900
1778602379647 1.0138530066815145e-05 14920
1778602380842 1.0111804008908686e-05 14940
1778602382035 1.0085077951002226e-05 14960
1778602383222 1.0058351893095769e-05 14980
1778602384401 1.003162583518931e-05 15000
1778602393022 1.000489977728285e-05 15020
1778602394208 9.978173719376393e-06 15040
1778602395395 9.951447661469934e-06 15060
1778602396587 9.924721603563475e-06 15080
1778602397769 9.899331848552338e-06 15100
1778602398946 9.87260579064588e-06 15120
1778602400133 9.845879732739421e-06 15140
1778602401309 9.819153674832962e-06 15160
1778602402503 9.792427616926505e-06 15180
1778602403703 9.765701559020046e-06 15200
1778602404887 9.738975501113585e-06 15220
1778602406069 9.712249443207127e-06 15240
1778602414758 9.685523385300668e-06 15260
1778602415941 9.658797327394209e-06 15280
1778602417125 9.632071269487752e-06 15300
1778602418306 9.605345211581292e-06 15320
1778602419507 9.578619153674833e-06 15340
1778602420736 9.551893095768374e-06 15360
1778602421918 9.525167037861917e-06 15380
1778602423101 9.498440979955457e-06 15400
1778602424277 9.471714922048997e-06 15420
1778602425461 9.44498886414254e-06 15440
1778602426654 9.41826280623608e-06 15460
1778602427837 9.391536748329621e-06 15480
1778602429017 9.364810690423163e-06 15500
1778602437604 9.338084632516704e-06 15520
1778602438799 9.311358574610245e-06 15540
1778602439978 9.284632516703788e-06 15560
1778602441166 9.257906458797328e-06 15580
1778602442342 9.231180400890868e-06 15600
1778602443516 9.20445434298441e-06 15620
1778602444706 9.177728285077951e-06 15640
1778602445887 9.151002227171492e-06 15660
1778602447070 9.124276169265033e-06 15680
1778602448244 9.097550111358575e-06 15700
1778602449438 9.070824053452116e-06 15720
1778602450626 9.044097995545657e-06 15740
1778602459273 9.0173719376392e-06 15760
1778602460457 8.99064587973274e-06 15780
1778602461639 8.96391982182628e-06 15800
1778602462835 8.937193763919822e-06 15820
1778602464023 8.910467706013363e-06 15840
1778602465206 8.883741648106904e-06 15860
1778602466386 8.857015590200446e-06 15880
1778602467585 8.830289532293987e-06 15900
1778602468766 8.803563474387528e-06 15920
1778602469952 8.77683741648107e-06 15940
1778602471137 8.750111358574611e-06 15960
1778602472317 8.723385300668152e-06 15980
1778602473499 8.696659242761693e-06 16000
1778602482111 8.669933184855234e-06 16020
1778602483310 8.643207126948775e-06 16040
1778602484496 8.616481069042315e-06 16060
1778602485684 8.589755011135858e-06 16080
1778602486863 8.563028953229399e-06 16100
1778602488049 8.53630289532294e-06 16120
1778602489233 8.509576837416482e-06 16140
1778602490419 8.482850779510023e-06 16160
1778602491598 8.456124721603564e-06 16180
1778602492792 8.429398663697105e-06 16200
1778602493975 8.402672605790646e-06 16220
1778602495160 8.375946547884186e-06 16240
1778602503833 8.349220489977729e-06 16260
1778602505006 8.32249443207127e-06 16280
1778602506192 8.29576837416481e-06 16300
1778602507380 8.269042316258353e-06 16320
1778602508564 8.242316258351894e-06 16340
1778602509740 8.215590200445435e-06 16360
1778602510918 8.188864142538976e-06 16380
1778602512096 8.162138084632517e-06 16400
1778602513278 8.135412026726057e-06 16420
1778602514469 8.108685968819598e-06 16440
1778602515652 8.08195991091314e-06 16460
1778602516841 8.055233853006682e-06 16480
1778602518020 8.028507795100223e-06 16500
1778602526667 8.001781737193765e-06 16520
1778602527854 7.975055679287306e-06 16540
1778602529036 7.948329621380847e-06 16560
1778602530216 7.921603563474388e-06 16580
1778602531403 7.894877505567928e-06 16600
1778602532587 7.86815144766147e-06 16620
1778602533779 7.841425389755012e-06 16640
1778602534956 7.814699331848553e-06 16660
1778602536142 7.787973273942093e-06 16680
1778602537320 7.761247216035636e-06 16700
1778602538503 7.734521158129177e-06 16720
1778602539685 7.707795100222718e-06 16740
1778602548355 7.681069042316259e-06 16760
1778602549539 7.6543429844098e-06 16780
1778602550722 7.627616926503341e-06 16800
1778602551904 7.600890868596881e-06 16820
1778602553073 7.574164810690424e-06 16840
1778602554254 7.5474387527839645e-06 16860
1778602555437 7.520712694877505e-06 16880
1778602556617 7.493986636971047e-06 16900
1778602557802 7.467260579064588e-06 16920
1778602558982 7.4405345211581295e-06 16940
1778602560152 7.41380846325167e-06 16960
1778602561341 7.387082405345212e-06 16980
1778602562530 7.360356347438754e-06 17000
1778602571134 7.333630289532294e-06 17020
1778602572323 7.3069042316258355e-06 17040
1778602573516 7.280178173719376e-06 17060
1778602574714 7.253452115812918e-06 17080
1778602575891 7.226726057906459e-06 17100
1778602577066 7.201336302895323e-06 17120
1778602578251 7.174610244988864e-06 17140
1778602579433 7.147884187082405e-06 17160
1778602580621 7.121158129175947e-06 17180
1778602581807 7.094432071269488e-06 17200
1778602582991 7.067706013363029e-06 17220
1778602584173 7.0409799554565705e-06 17240
1778602592816 7.014253897550111e-06 17260
1778602593996 6.987527839643653e-06 17280
1778602595183 6.960801781737194e-06 17300
1778602596379 6.934075723830735e-06 17320
1778602597551 6.907349665924276e-06 17340
1778602598734 6.880623608017817e-06 17360
1778602599926 6.853897550111359e-06 17380
1778602601141 6.827171492204901e-06 17400
1778602602360 6.800445434298441e-06 17420
1778602603552 6.773719376391982e-06 17440
1778602604723 6.746993318485523e-06 17460
1778602605900 6.720267260579065e-06 17480
1778602607083 6.6935412026726065e-06 17500
1778602615669 6.6668151447661465e-06 17520
1778602616855 6.640089086859688e-06 17540
1778602618046 6.61336302895323e-06 17560
1778602619231 6.586636971046771e-06 17580
1778602620421 6.5599109131403124e-06 17600
1778602621617 6.533184855233853e-06 17620
1778602622801 6.506458797327394e-06 17640
1778602623977 6.479732739420936e-06 17660
1778602625151 6.453006681514477e-06 17680
1778602626339 6.4262806236080175e-06 17700
1778602627509 6.399554565701559e-06 17720
1778602628693 6.3728285077951e-06 17740
1778602637347 6.346102449888642e-06 17760
1778602638545 6.3193763919821834e-06 17780
1778602639726 6.2926503340757234e-06 17800
1778602640921 6.265924276169265e-06 17820
1778602642124 6.239198218262806e-06 17840
1778602643316 6.212472160356348e-06 17860
1778602644499 6.185746102449889e-06 17880
1778602645690 6.159020044543429e-06 17900
1778602646867 6.132293986636971e-06 17920
1778602648058 6.105567928730513e-06 17940
1778602649241 6.0788418708240536e-06 17960
1778602650441 6.052115812917595e-06 17980
1778602651623 6.025389755011136e-06 18000
1778602660260 5.998663697104677e-06 18020
1778602661441 5.971937639198219e-06 18040
1778602662631 5.9452115812917595e-06 18060
1778602663809 5.918485523385301e-06 18080
1778602664992 5.891759465478842e-06 18100
1778602666185 5.865033407572383e-06 18120
1778602667371 5.8383073496659245e-06 18140
1778602668546 5.811581291759466e-06 18160
1778602669720 5.784855233853007e-06 18180
1778602670908 5.758129175946548e-06 18200
1778602672098 5.731403118040089e-06 18220
1778602673271 5.7046770601336305e-06 18240
1778602681908 5.677951002227172e-06 18260
1778602683084 5.651224944320713e-06 18280
1778602684279 5.624498886414254e-06 18300
1778602685461 5.5977728285077955e-06 18320
1778602686643 5.571046770601336e-06 18340
1778602687819 5.544320712694878e-06 18360
1778602688991 5.517594654788418e-06 18380
1778602690174 5.49086859688196e-06 18400
1778602691352 5.4641425389755014e-06 18420
1778602692540 5.437416481069042e-06 18440
1778602693735 5.410690423162584e-06 18460
1778602694918 5.383964365256125e-06 18480
1778602696103 5.357238307349666e-06 18500
1778602704706 5.330512249443207e-06 18520
1778602705886 5.303786191536749e-06 18540
1778602707065 5.27706013363029e-06 18560
1778602708250 5.250334075723831e-06 18580
1778602709433 5.2236080178173716e-06 18600
1778602710616 5.196881959910913e-06 18620
1778602711793 5.170155902004455e-06 18640
1778602712976 5.143429844097996e-06 18660
1778602714156 5.116703786191537e-06 18680
1778602715337 5.089977728285078e-06 18700
1778602716516 5.063251670378619e-06 18720
1778602717704 5.036525612472161e-06 18740
1778602726408 5.009799554565702e-06 18760
1778602727574 4.9830734966592425e-06 18780
1778602728774 4.956347438752784e-06 18800
1778602729948 4.929621380846325e-06 18820
1778602731153 4.902895322939867e-06 18840
1778602732332 4.8761692650334085e-06 18860
1778602733508 4.8494432071269485e-06 18880
1778602734688 4.82271714922049e-06 18900
1778602735877 4.795991091314031e-06 18920
1778602737071 4.769265033407573e-06 18940
1778602738262 4.7425389755011135e-06 18960
1778602739439 4.715812917594654e-06 18980
1778602740623 4.689086859688196e-06 19000
1778602749264 4.662360801781738e-06 19020
1778602750451 4.635634743875279e-06 19040
1778602751631 4.6089086859688194e-06 19060
1778602752803 4.582182628062361e-06 19080
1778602753992 4.555456570155902e-06 19100
1778602755176 4.530066815144766e-06 19120
1778602756364 4.503340757238308e-06 19140
1778602757555 4.476614699331849e-06 19160
1778602758741 4.449888641425389e-06 19180
1778602759929 4.423162583518931e-06 19200
1778602761120 4.396436525612472e-06 19220
1778602762311 4.369710467706014e-06 19240
1778602770973 4.342984409799555e-06 19260
1778602772159 4.316258351893095e-06 19280
1778602773339 4.289532293986637e-06 19300
1778602774520 4.262806236080179e-06 19320
1778602775715 4.2360801781737195e-06 19340
1778602776893 4.209354120267261e-06 19360
1778602778085 4.182628062360801e-06 19380
1778602779277 4.155902004454343e-06 19400
1778602780450 4.129175946547885e-06 19420
1778602781650 4.1024498886414255e-06 19440
1778602782897 4.075723830734967e-06 19460
1778602784098 4.048997772828508e-06 19480
1778602785296 4.022271714922049e-06 19500
1778602793895 3.9955456570155905e-06 19520
1778602795085 3.968819599109131e-06 19540
1778602796266 3.942093541202672e-06 19560
1778602797455 3.915367483296214e-06 19580
1778602798644 3.888641425389755e-06 19600
1778602799827 3.8619153674832964e-06 19620
1778602801010 3.835189309576838e-06 19640
1778602802189 3.8084632516703785e-06 19660
1778602803378 3.78173719376392e-06 19680
1778602804569 3.7550111358574615e-06 19700
1778602805750 3.7282850779510023e-06 19720
1778602806928 3.7015590200445436e-06 19740
1778602815591 3.674832962138085e-06 19760
1778602816774 3.6481069042316257e-06 19780
1778602817960 3.621380846325167e-06 19800
1778602819142 3.5946547884187087e-06 19820
1778602820328 3.5679287305122495e-06 19840
1778602821508 3.541202672605791e-06 19860
1778602822693 3.5144766146993316e-06 19880
1778602823869 3.4877505567928733e-06 19900
1778602825059 3.4610244988864146e-06 19920
1778602826242 3.4342984409799554e-06 19940
1778602827422 3.4075723830734967e-06 19960
1778602828623 3.380846325167038e-06 19980
1778602829807 3.3541202672605792e-06 20000
1778602838382 3.32739420935412e-06 20020
1778602839580 3.3006681514476614e-06 20040
1778602840767 3.273942093541203e-06 20060
1778602841960 3.247216035634744e-06 20080
1778602843139 3.220489977728285e-06 20100
1778602844323 3.193763919821826e-06 20120
1778602845509 3.1670378619153677e-06 20140
1778602846687 3.140311804008909e-06 20160
1778602847860 3.11358574610245e-06 20180
1778602849046 3.0868596881959915e-06 20200
1778602850224 3.0601336302895323e-06 20220
1778602851417 3.0334075723830736e-06 20240
1778602860158 3.006681514476615e-06 20260
1778602861348 2.979955456570156e-06 20280
1778602862517 2.9532293986636974e-06 20300
1778602863701 2.9265033407572382e-06 20320
1778602864889 2.8997772828507795e-06 20340
1778602866077 2.8730512249443208e-06 20360
1778602867259 2.846325167037862e-06 20380
1778602868443 2.8195991091314033e-06 20400
1778602869623 2.792873051224944e-06 20420
1778602870814 2.766146993318486e-06 20440
1778602872003 2.7394209354120267e-06 20460
1778602873177 2.712694877505568e-06 20480
1778602874368 2.6859688195991092e-06 20500
1778602882995 2.6592427616926505e-06 20520
1778602884178 2.6325167037861918e-06 20540
1778602885366 2.6057906458797326e-06 20560
1778602886549 2.579064587973274e-06 20580
1778602887745 2.552338530066815e-06 20600
1778602888938 2.5256124721603564e-06 20620
1778602890128 2.4988864142538977e-06 20640
1778602891314 2.4721603563474385e-06 20660
1778602892497 2.44543429844098e-06 20680
1778602893671 2.418708240534521e-06 20700
1778602894845 2.3919821826280623e-06 20720
1778602896018 2.365256124721604e-06 20740
1778602904655 2.338530066815145e-06 20760
1778602905826 2.311804008908686e-06 20780
1778602907019 2.285077951002227e-06 20800
1778602908201 2.2583518930957686e-06 20820
1778602909389 2.23162583518931e-06 20840
1778602910563 2.2048997772828508e-06 20860
1778602911741 2.178173719376392e-06 20880
1778602912938 2.1514476614699333e-06 20900
1778602914131 2.1247216035634746e-06 20920
1778602915326 2.0979955456570154e-06 20940
1778602916512 2.0712694877505567e-06 20960
1778602917708 2.0445434298440984e-06 20980
1778602918893 2.017817371937639e-06 21000
1778602927567 1.9910913140311805e-06 21020
1778602928755 1.9643652561247213e-06 21040
1778602929934 1.937639198218263e-06 21060
1778602931116 1.9109131403118043e-06 21080
1778602932298 1.8841870824053451e-06 21100
1778602933485 1.8574610244988864e-06 21120
1778602934670 1.8320712694877504e-06 21140
1778602935855 1.805345211581292e-06 21160
1778602937031 1.778619153674833e-06 21180
1778602938228 1.7518930957683742e-06 21200
1778602939421 1.7251670378619153e-06 21220
1778602940602 1.6984409799554566e-06 21240
1778602949228 1.6717149220489978e-06 21260
1778602950410 1.644988864142539e-06 21280
1778602951594 1.6182628062360802e-06 21300
1778602952778 1.5915367483296214e-06 21320
1778602953963 1.5648106904231625e-06 21340
1778602955160 1.5380846325167037e-06 21360
1778602956370 1.5113585746102452e-06 21380
1778602957563 1.4846325167037863e-06 21400
1778602958739 1.4579064587973275e-06 21420
1778602959928 1.4311804008908686e-06 21440
1778602961109 1.4044543429844099e-06 21460
1778602962288 1.377728285077951e-06 21480
1778602963506 1.3510022271714924e-06 21500
1778602972193 1.3242761692650335e-06 21520
1778602973377 1.2975501113585747e-06 21540
1778602974566 1.2708240534521158e-06 21560
1778602975759 1.244097995545657e-06 21580
1778602976938 1.217371937639198e-06 21600
1778602978121 1.1906458797327396e-06 21620
1778602979294 1.1639198218262806e-06 21640
1778602980477 1.137193763919822e-06 21660
1778602981679 1.110467706013363e-06 21680
1778602982858 1.0837416481069042e-06 21700
1778602984043 1.0570155902004455e-06 21720
1778602985228 1.0302895322939868e-06 21740
1778602993859 1.0035634743875278e-06 21760
1778602995051 9.76837416481069e-07 21780
1778602996242 9.501113585746101e-07 21800
1778602997441 9.233853006681515e-07 21820
1778602998627 8.966592427616927e-07 21840
1778602999809 8.699331848552338e-07 21860
1778603000989 8.432071269487751e-07 21880
1778603002206 8.164810690423163e-07 21900
1778603003404 7.897550111358574e-07 21920
1778603004583 7.630289532293987e-07 21940
1778603005769 7.363028953229398e-07 21960
1778603006949 7.095768374164811e-07 21980
1778603008146 6.828507795100223e-07 22000
1778603016751 6.561247216035634e-07 22020
1778603017932 6.293986636971047e-07 22040
1778603019122 6.026726057906459e-07 22060
1778603020309 5.75946547884187e-07 22080
1778603021484 5.492204899777283e-07 22100
1778603022663 5.224944320712695e-07 22120
1778603023840 4.957683741648107e-07 22140
1778603025019 4.6904231625835194e-07 22160
1778603026204 4.423162583518931e-07 22180
1778603027395 4.155902004454343e-07 22200
1778603028578 3.888641425389755e-07 22220
1778603029763 3.621380846325167e-07 22240
1778603038369 3.3541202672605796e-07 22260
1778603039558 3.086859688195991e-07 22280
1778603040750 2.8195991091314033e-07 22300
1778603041931 2.5523385300668155e-07 22320
1778603043110 2.2850779510022273e-07 22340
1778603044291 2.0178173719376392e-07 22360
1778603045473 1.7505567928730513e-07 22380
1778603046666 1.4832962138084632e-07 22400
1778603047847 1.216035634743875e-07 22420
1778603049032 9.487750556792874e-08 22440
1778603050209 6.815144766146994e-08 22460
1778603051403 4.142538975501114e-08 22480
1778603052590 1.4699331848552339e-08 22500
