1777905094004 0.014025245441795231 20
1777905101385 0.028050490883590462 40
1777905108782 0.04207573632538569 60
1777905116171 0.056100981767180924 80
1777905123569 0.07012622720897616 100
1777905130961 0.08415147265077139 120
1777905138367 0.09817671809256662 140
1777905145782 0.11220196353436185 160
1777905153192 0.12622720897615708 180
1777905160604 0.1402524544179523 200
1777905168008 0.15427769985974754 220
1777905175423 0.16830294530154277 240
1777905201837 0.1753155680224404 250
1777905206030 0.182328190743338 260
1777905213440 0.19635343618513323 280
1777905220844 0.21037868162692847 300
1777905228250 0.2244039270687237 320
1777905235661 0.23842917251051893 340
1777905243068 0.25245441795231416 360
1777905250477 0.2664796633941094 380
1777905257882 0.2805049088359046 400
1777905265295 0.29453015427769985 420
1777905272711 0.3085553997194951 440
1777905280119 0.3225806451612903 460
1777905287530 0.33660589060308554 480
1777905294954 0.3506311360448808 500
1777905317678 0.3506311360448808 500
1777905325576 0.364656381486676 520
1777905332994 0.37868162692847124 540
1777905340412 0.39270687237026647 560
1777905347829 0.4067321178120617 580
1777905355241 0.42075736325385693 600
1777905362652 0.43478260869565216 620
1777905370065 0.4488078541374474 640
1777905377473 0.4628330995792426 660
1777905384891 0.47685834502103785 680
1777905392299 0.4908835904628331 700
1777905399699 0.5049088359046283 720
1777905407119 0.5189340813464236 740
1777905433574 0.5259467040673211 750
1777905437773 0.5329593267882188 760
1777905445188 0.5469845722300141 780
1777905452603 0.5610098176718092 800
1777905460005 0.5750350631136045 820
1777905467416 0.5890603085553997 840
1777905474824 0.603085553997195 860
1777905482236 0.6171107994389902 880
1777905489648 0.6311360448807855 900
1777905497062 0.6451612903225806 920
1777905504472 0.6591865357643759 940
1777905511886 0.6732117812061711 960
1777905519292 0.6872370266479664 980
1777905526694 0.7012622720897616 1000
1777905549437 0.7012622720897616 1000
1777905557325 0.7152875175315568 1020
1777905564740 0.729312762973352 1040
1777905572146 0.7433380084151473 1060
1777905579560 0.7573632538569425 1080
1777905586972 0.7713884992987378 1100
1777905594387 0.7854137447405329 1120
1777905601808 0.7994389901823282 1140
1777905609209 0.8134642356241234 1160
1777905616612 0.8274894810659187 1180
1777905624036 0.8415147265077139 1200
1777905631450 0.8555399719495091 1220
1777905638859 0.8695652173913043 1240
1777905665287 0.876577840112202 1250
1777905669496 0.8835904628330996 1260
1777905676895 0.8976157082748948 1280
1777905684312 0.9116409537166901 1300
1777905691729 0.9256661991584852 1320
1777905699146 0.9396914446002805 1340
1777905706565 0.9537166900420757 1360
1777905713973 0.967741935483871 1380
1777905721376 0.9817671809256662 1400
1777905728779 0.9957924263674615 1420
1777905736006 1.0098176718092566 1440
1777905743408 1.023842917251052 1460
1777905750815 1.0378681626928472 1480
1777905758216 1.0518934081346423 1500
1777905780957 1.0518934081346423 1500
1777905788853 1.0659186535764376 1520
1777905796264 1.0799438990182328 1540
1777905803684 1.0939691444600281 1560
1777905811102 1.1079943899018232 1580
1777905818516 1.1220196353436185 1600
1777905825919 1.1360448807854138 1620
1777905833332 1.150070126227209 1640
1777905840747 1.1640953716690041 1660
1777905848156 1.1781206171107994 1680
1777905855574 1.1921458625525947 1700
1777905862979 1.20617110799439 1720
1777905870380 1.220196353436185 1740
1777905896810 1.2272089761570828 1750
1777905901019 1.2342215988779803 1760
1777905908430 1.2482468443197756 1780
1777905915855 1.262272089761571 1800
1777905923271 1.276297335203366 1820
1777905930693 1.2903225806451613 1840
1777905938113 1.3043478260869565 1860
1777905945523 1.3183730715287518 1880
1777905952943 1.3323983169705471 1900
1777905960353 1.3464235624123422 1920
1777905967757 1.3604488078541375 1940
1777905975161 1.3744740532959328 1960
1777905982558 1.3884992987377278 1980
1777905989958 1.402524544179523 2000
1777906012684 1.402524544179523 2000
1777906020622 1.4165497896213184 2020
1777906028029 1.4305750350631137 2040
1777906035445 1.444600280504909 2060
1777906042853 1.458625525946704 2080
1777906050264 1.4726507713884993 2100
1777906057669 1.4866760168302946 2120
1777906065087 1.5007012622720897 2140
1777906072504 1.514726507713885 2160
1777906079907 1.5287517531556802 2180
1777906087320 1.5427769985974753 2200
1777906094732 1.5568022440392708 2220
1777906102148 1.5708274894810659 2240
1777906128588 1.5778401122019634 2250
1777906132789 1.5848527349228612 2260
1777906140207 1.5988779803646564 2280
1777906147615 1.6129032258064515 2300
1777906155026 1.6269284712482468 2320
1777906162434 1.640953716690042 2340
1777906169841 1.6549789621318372 2360
1777906177247 1.6690042075736327 2380
1777906184659 1.6830294530154277 2400
1777906192066 1.697054698457223 2420
1777906199472 1.7110799438990183 2440
1777906206882 1.7251051893408134 2460
1777906214294 1.7391304347826086 2480
1777906221711 1.753155680224404 2500
1777906244480 1.753155680224404 2500
1777906245034 1.753155680224404 2500
1777906267679 1.753155680224404 2500
1777906295940 1.753155680224404 2500
1777906296723 1.753155680224404 0
