1777905094004 3.8e-05 20
1777905101385 7.800000000000001e-05 40
1777905108782 9.987288135593221e-05 60
1777905116171 9.9590395480226e-05 80
1777905123569 9.930790960451977e-05 100
1777905130961 9.902542372881356e-05 120
1777905138367 9.874293785310736e-05 140
1777905145782 9.846045197740113e-05 160
1777905153192 9.817796610169492e-05 180
1777905160604 9.78954802259887e-05 200
1777905168008 9.761299435028249e-05 220
1777905175423 9.733050847457628e-05 240
1777905206030 9.704802259887006e-05 260
1777905213440 9.676553672316384e-05 280
1777905220844 9.648305084745764e-05 300
1777905228250 9.620056497175142e-05 320
1777905235661 9.59180790960452e-05 340
1777905243068 9.5635593220339e-05 360
1777905250477 9.535310734463277e-05 380
1777905257882 9.507062146892656e-05 400
1777905265295 9.478813559322034e-05 420
1777905272711 9.450564971751413e-05 440
1777905280119 9.422316384180791e-05 460
1777905287530 9.39406779661017e-05 480
1777905294954 9.365819209039549e-05 500
1777905325576 9.337570621468927e-05 520
1777905332994 9.309322033898306e-05 540
1777905340412 9.281073446327683e-05 560
1777905347829 9.252824858757062e-05 580
1777905355241 9.224576271186442e-05 600
1777905362652 9.196327683615819e-05 620
1777905370065 9.168079096045198e-05 640
1777905377473 9.139830508474578e-05 660
1777905384891 9.111581920903955e-05 680
1777905392299 9.083333333333334e-05 700
1777905399699 9.055084745762712e-05 720
1777905407119 9.026836158192091e-05 740
1777905437773 8.99858757062147e-05 760
1777905445188 8.970338983050848e-05 780
1777905452603 8.942090395480225e-05 800
1777905460005 8.913841807909605e-05 820
1777905467416 8.885593220338984e-05 840
1777905474824 8.857344632768361e-05 860
1777905482236 8.82909604519774e-05 880
1777905489648 8.80084745762712e-05 900
1777905497062 8.772598870056497e-05 920
1777905504472 8.744350282485876e-05 940
1777905511886 8.716101694915255e-05 960
1777905519292 8.687853107344633e-05 980
1777905526694 8.659604519774012e-05 1000
1777905557325 8.63135593220339e-05 1020
1777905564740 8.603107344632769e-05 1040
1777905572146 8.574858757062148e-05 1060
1777905579560 8.546610169491526e-05 1080
1777905586972 8.518361581920904e-05 1100
1777905594387 8.490112994350284e-05 1120
1777905601808 8.461864406779661e-05 1140
1777905609209 8.43361581920904e-05 1160
1777905616612 8.405367231638418e-05 1180
1777905624036 8.377118644067797e-05 1200
1777905631450 8.348870056497175e-05 1220
1777905638859 8.320621468926554e-05 1240
1777905669496 8.292372881355933e-05 1260
1777905676895 8.264124293785311e-05 1280
1777905684312 8.23587570621469e-05 1300
1777905691729 8.207627118644067e-05 1320
1777905699146 8.179378531073447e-05 1340
1777905706565 8.151129943502826e-05 1360
1777905713973 8.122881355932203e-05 1380
1777905721376 8.094632768361582e-05 1400
1777905728779 8.066384180790962e-05 1420
1777905736006 8.038135593220339e-05 1440
1777905743408 8.009887005649718e-05 1460
1777905750815 7.981638418079096e-05 1480
1777905758216 7.953389830508475e-05 1500
1777905788853 7.925141242937854e-05 1520
1777905796264 7.896892655367232e-05 1540
1777905803684 7.86864406779661e-05 1560
1777905811102 7.84039548022599e-05 1580
1777905818516 7.812146892655368e-05 1600
1777905825919 7.783898305084745e-05 1620
1777905833332 7.755649717514125e-05 1640
1777905840747 7.727401129943504e-05 1660
1777905848156 7.699152542372881e-05 1680
1777905855574 7.67090395480226e-05 1700
1777905862979 7.64265536723164e-05 1720
1777905870380 7.614406779661017e-05 1740
1777905901019 7.586158192090396e-05 1760
1777905908430 7.557909604519774e-05 1780
1777905915855 7.529661016949153e-05 1800
1777905923271 7.501412429378532e-05 1820
1777905930693 7.47316384180791e-05 1840
1777905938113 7.444915254237288e-05 1860
1777905945523 7.416666666666668e-05 1880
1777905952943 7.388418079096045e-05 1900
1777905960353 7.360169491525424e-05 1920
1777905967757 7.331920903954803e-05 1940
1777905975161 7.303672316384181e-05 1960
1777905982558 7.27542372881356e-05 1980
1777905989958 7.247175141242938e-05 2000
1777906020622 7.218926553672317e-05 2020
1777906028029 7.190677966101695e-05 2040
1777906035445 7.162429378531074e-05 2060
1777906042853 7.134180790960451e-05 2080
1777906050264 7.105932203389831e-05 2100
1777906057669 7.07768361581921e-05 2120
1777906065087 7.049435028248587e-05 2140
1777906072504 7.021186440677966e-05 2160
1777906079907 6.994350282485877e-05 2180
1777906087320 6.966101694915254e-05 2200
1777906094732 6.937853107344633e-05 2220
1777906102148 6.909604519774011e-05 2240
1777906132789 6.88135593220339e-05 2260
1777906140207 6.853107344632769e-05 2280
1777906147615 6.824858757062147e-05 2300
1777906155026 6.796610169491526e-05 2320
1777906162434 6.768361581920904e-05 2340
1777906169841 6.740112994350283e-05 2360
1777906177247 6.71186440677966e-05 2380
1777906184659 6.68361581920904e-05 2400
1777906192066 6.655367231638419e-05 2420
1777906199472 6.627118644067796e-05 2440
1777906206882 6.598870056497175e-05 2460
1777906214294 6.570621468926555e-05 2480
1777906221711 6.542372881355932e-05 2500
