1776270259944 0.24154589371980675 50
1776270298653 0.4830917874396135 100
1776270337953 0.7246376811594203 150
1776270377548 0.966183574879227 200
1776270388652 1.0 207
1776270454757 1.2077294685990339 250
1776270494443 1.4492753623188406 300
1776270534185 1.6908212560386473 350
1776270574051 1.9323671497584543 400
1776270590877 2.0 414
1776270652229 2.1739130434782608 450
1776270691847 2.4154589371980677 500
1776270731594 2.6570048309178746 550
1776270771410 2.898550724637681 600
1776270793826 3.0 621
1776270821098 3.0 621
1776270828334 3.0 621
1776270835442 3.0 621
1776270857073 3.0 0
