1776955914262 1.0813 20
1776955916849 1.0809 40
1776955919450 1.0731 60
1776955922069 1.071 80
1776955924683 1.0577 100
1776955927310 1.0534 120
1776955929935 1.0171 140
1776955932553 0.9716 160
1776955935180 1.0287 180
1776955937773 1.0161 200
1776955940401 1.0108 220
1776955943034 0.9558 240
1776955953061 0.9947 260
1776955955688 0.9783 280
1776955958328 0.9556 300
1776955960963 0.9512 320
1776955963592 0.9467 340
1776955966238 0.9203 360
1776955968870 0.9101 380
1776955971512 0.9052 400
1776955974159 0.9171 420
1776955976785 0.8346 440
1776955979435 0.8243 460
1776955982091 0.8282 480
1776955984740 0.7235 500
1776955996213 0.8048 520
1776955998865 0.7682 540
1776956001522 0.7074 560
1776956004184 0.5841 580
1776956006851 0.6046 600
1776956009506 0.5739 620
1776956012184 0.591 640
1776956014862 0.675 660
1776956017549 0.6254 680
1776956020208 0.5887 700
1776956022873 0.5508 720
1776956025546 0.5561 740
1776956035292 0.4963 760
1776956037918 0.4964 780
1776956040600 0.4911 800
1776956043264 0.4976 820
1776956045942 0.4974 840
1776956048617 0.5481 860
1776956051290 0.5138 880
1776956053967 0.4587 900
1776956056654 0.4339 920
1776956059315 0.5206 940
1776956062007 0.5917 960
1776956064696 0.4809 980
1776956067386 0.6258 1000
1776956078966 0.4964 1020
1776956081658 0.5616 1040
1776956084336 0.43 1060
1776956087033 0.4662 1080
1776956089720 0.4627 1100
1776956092424 0.4603 1120
1776956095113 0.4408 1140
1776956097805 0.4627 1160
1776956100482 0.4398 1180
1776956103177 0.3832 1200
1776956105858 0.3743 1220
1776956108552 0.4294 1240
1776956118419 0.3833 1260
1776956121123 0.457 1280
1776956123821 0.5666 1300
1776956126509 0.5064 1320
1776956129206 0.3762 1340
1776956131907 0.4619 1360
1776956134595 0.3797 1380
1776956137292 0.4153 1400
1776956140011 0.413 1420
1776956142722 0.4019 1440
1776956145420 0.3868 1460
1776956148125 0.4079 1480
1776956150812 0.4203 1500
1776956162814 0.5072 1520
1776956165511 0.416 1540
1776956168218 0.4674 1560
1776956170919 0.4155 1580
1776956173614 0.3875 1600
1776956176328 0.4484 1620
1776956179033 0.3932 1640
1776956181742 0.3627 1660
1776956184438 0.3482 1680
1776956187148 0.4334 1700
1776956189855 0.3089 1720
1776956192565 0.3128 1740
1776956202488 0.4281 1760
1776956205193 0.4097 1780
1776956207907 0.3541 1800
1776956210625 0.3764 1820
1776956213334 0.3736 1840
1776956216038 0.3788 1860
1776956218753 0.3739 1880
1776956221470 0.3913 1900
1776956224200 0.4256 1920
1776956226902 0.4312 1940
1776956229624 0.3702 1960
1776956232334 0.3235 1980
1776956235052 0.4043 2000
1776956247449 0.3689 2020
1776956250162 0.3895 2040
1776956252850 0.3084 2060
1776956255547 0.241 2080
1776956258258 0.3128 2100
1776956260943 0.3622 2120
1776956263653 0.2512 2140
1776956266361 0.3847 2160
1776956269075 0.4019 2180
1776956271786 0.3915 2200
1776956274484 0.3309 2220
1776956277195 0.3368 2240
1776956287126 0.3852 2260
1776956289836 0.2761 2280
1776956292545 0.3673 2300
1776956295265 0.3609 2320
1776956297984 0.4092 2340
1776956300701 0.4052 2360
1776956303407 0.3431 2380
1776956306108 0.456 2400
1776956308832 0.3709 2420
1776956311547 0.2996 2440
1776956314267 0.3306 2460
1776956316969 0.3337 2480
1776956319686 0.3602 2500
1776956331760 0.3381 2520
1776956334467 0.3951 2540
1776956337174 0.3125 2560
1776956339897 0.3499 2580
1776956342612 0.3962 2600
1776956345316 0.3198 2620
1776956348020 0.2866 2640
1776956350730 0.2854 2660
1776956353450 0.3006 2680
1776956356164 0.2915 2700
1776956358887 0.2809 2720
1776956361602 0.387 2740
1776956371584 0.2607 2760
1776956374299 0.4018 2780
1776956377020 0.2612 2800
1776956379734 0.2774 2820
1776956382459 0.2857 2840
1776956385171 0.3131 2860
1776956387889 0.2865 2880
1776956390590 0.2852 2900
1776956393315 0.4217 2920
1776956396036 0.3794 2940
1776956398776 0.2953 2960
1776956401505 0.3073 2980
1776956404227 0.3256 3000
1776956416303 0.2436 3020
1776956419025 0.2241 3040
1776956421749 0.3735 3060
1776956424458 0.3601 3080
1776956427161 0.2342 3100
1776956429894 0.3248 3120
1776956432609 0.3357 3140
1776956435337 0.3209 3160
1776956438048 0.371 3180
1776956440754 0.2976 3200
1776956443471 0.2378 3220
1776956446193 0.2405 3240
1776956456189 0.3041 3260
1776956458911 0.3177 3280
1776956461645 0.2607 3300
1776956464363 0.229 3320
1776956467099 0.3198 3340
1776956469826 0.2732 3360
1776956472560 0.3261 3380
1776956475287 0.3165 3400
1776956478009 0.3655 3420
1776956480740 0.2808 3440
1776956483473 0.3487 3460
1776956486207 0.2515 3480
1776956488936 0.2034 3500
1776956501419 0.2635 3520
1776956504143 0.3193 3540
1776956506857 0.3198 3560
1776956509581 0.2636 3580
1776956512322 0.4068 3600
1776956515051 0.2514 3620
1776956517772 0.3103 3640
1776956520490 0.2666 3660
1776956523227 0.2409 3680
1776956525955 0.2986 3700
1776956528687 0.327 3720
1776956531412 0.2557 3740
1776956541407 0.2454 3760
1776956544125 0.3131 3780
1776956546846 0.2701 3800
1776956549575 0.2812 3820
1776956552310 0.2083 3840
1776956555033 0.3204 3860
1776956557764 0.2792 3880
1776956560490 0.2101 3900
1776956563206 0.2389 3920
1776956565930 0.3232 3940
1776956568673 0.2639 3960
1776956571396 0.3004 3980
1776956574103 0.2763 4000
1776956585916 0.3082 4020
1776956588642 0.2348 4040
1776956591373 0.3682 4060
1776956594091 0.3014 4080
1776956596799 0.2069 4100
1776956599514 0.2446 4120
1776956602231 0.3267 4140
1776956604962 0.2412 4160
1776956607691 0.2422 4180
1776956610427 0.2031 4200
1776956613153 0.1407 4220
1776956615886 0.2515 4240
1776956625894 0.1689 4260
1776956628616 0.23 4280
1776956631364 0.2586 4300
1776956634102 0.1867 4320
1776956636822 0.2291 4340
1776956639549 0.2208 4360
1776956642265 0.2118 4380
1776956644996 0.2237 4400
1776956647697 0.1987 4420
1776956650419 0.2495 4440
1776956653137 0.2018 4460
1776956655862 0.2917 4480
1776956658576 0.1496 4500
1776956670657 0.2331 4520
1776956673375 0.1577 4540
1776956676093 0.1729 4560
1776956678831 0.2038 4580
1776956681544 0.2705 4600
1776956684259 0.1032 4620
1776956686983 0.2655 4640
1776956689706 0.2123 4660
1776956692426 0.1707 4680
1776956695148 0.272 4700
1776956697868 0.216 4720
1776956700598 0.2068 4740
1776956710598 0.2721 4760
1776956713331 0.1724 4780
1776956716062 0.2912 4800
1776956718794 0.2047 4820
1776956721526 0.2141 4840
1776956724252 0.2016 4860
1776956726965 0.1709 4880
1776956729672 0.1643 4900
1776956732398 0.1628 4920
1776956735116 0.2191 4940
1776956737851 0.1095 4960
1776956740570 0.2309 4980
1776956743304 0.3169 5000
1776956755444 0.1804 5020
1776956758166 0.1823 5040
1776956760855 0.2148 5060
1776956763572 0.2222 5080
1776956766298 0.2459 5100
1776956769017 0.1393 5120
1776956771729 0.1983 5140
1776956774457 0.222 5160
1776956777165 0.1693 5180
1776956779880 0.1878 5200
1776956782618 0.244 5220
1776956785352 0.1649 5240
1776956795347 0.2175 5260
1776956798066 0.2467 5280
1776956800781 0.1481 5300
1776956803507 0.2132 5320
1776956806229 0.2013 5340
1776956808958 0.1867 5360
1776956811680 0.2399 5380
1776956814402 0.2105 5400
1776956817124 0.1793 5420
1776956819857 0.2334 5440
1776956822588 0.2219 5460
1776956825307 0.173 5480
1776956828020 0.2525 5500
1776956840441 0.2657 5520
1776956843160 0.1982 5540
1776956845878 0.1893 5560
1776956848592 0.2774 5580
1776956851317 0.2087 5600
1776956854043 0.2123 5620
1776956856754 0.159 5640
1776956859498 0.133 5660
1776956862233 0.1945 5680
1776956864961 0.364 5700
1776956867700 0.2954 5720
1776956870425 0.1637 5740
1776956881880 0.2774 5760
1776956884605 0.2115 5780
1776956887340 0.1795 5800
1776956890076 0.1189 5820
1776956892814 0.1925 5840
1776956895524 0.2231 5860
1776956898251 0.242 5880
1776956900979 0.213 5900
1776956903708 0.2146 5920
1776956906433 0.2121 5940
1776956909173 0.1401 5960
1776956911895 0.1747 5980
1776956914623 0.2157 6000
1776956926398 0.202 6020
1776956929115 0.3582 6040
1776956931840 0.1777 6060
1776956934563 0.1852 6080
1776956937289 0.2413 6100
1776956940001 0.1925 6120
1776956942732 0.1787 6140
1776956945453 0.2097 6160
1776956948172 0.2046 6180
1776956950907 0.1163 6200
1776956953634 0.1127 6220
1776956956348 0.1728 6240
1776956966367 0.0828 6260
1776956969094 0.2097 6280
1776956971811 0.0809 6300
1776956974551 0.199 6320
1776956977278 0.1152 6340
1776956979999 0.1427 6360
1776956982734 0.1034 6380
1776956985465 0.1583 6400
1776956988204 0.1298 6420
1776956990946 0.0945 6440
1776956993657 0.1462 6460
1776956996389 0.1839 6480
1776956999121 0.1127 6500
1776957011235 0.1037 6520
1776957013958 0.1386 6540
1776957016668 0.1518 6560
1776957019390 0.1067 6580
1776957022126 0.2073 6600
1776957024846 0.1914 6620
1776957027525 0.1488 6640
1776957030247 0.1353 6660
1776957032963 0.1644 6680
1776957035682 0.1726 6700
1776957038416 0.1401 6720
1776957041135 0.1169 6740
1776957051129 0.1842 6760
1776957053841 0.2185 6780
1776957056561 0.1455 6800
1776957059280 0.1242 6820
1776957062006 0.1038 6840
1776957064736 0.1215 6860
1776957067439 0.1314 6880
1776957070171 0.1366 6900
1776957072886 0.089 6920
1776957075593 0.1316 6940
1776957078303 0.1057 6960
1776957081026 0.0848 6980
1776957083733 0.1224 7000
1776957095871 0.1685 7020
1776957098568 0.0843 7040
1776957101250 0.1637 7060
1776957103961 0.1322 7080
1776957106685 0.1667 7100
1776957109407 0.1623 7120
1776957112139 0.1219 7140
1776957114859 0.1063 7160
1776957117577 0.1458 7180
1776957120298 0.1777 7200
1776957123008 0.1843 7220
1776957125734 0.0921 7240
1776957135731 0.1265 7260
1776957138455 0.2211 7280
1776957141179 0.2093 7300
1776957143899 0.1526 7320
1776957146605 0.1989 7340
1776957149325 0.0934 7360
1776957152021 0.1471 7380
1776957154743 0.1141 7400
1776957157448 0.054 7420
1776957160165 0.1619 7440
1776957162887 0.0781 7460
1776957165603 0.2073 7480
1776957168309 0.1185 7500
1776957180405 0.0754 7520
1776957183126 0.1169 7540
1776957185839 0.1515 7560
1776957188544 0.1153 7580
1776957191277 0.1368 7600
1776957194009 0.1419 7620
1776957196709 0.1776 7640
1776957199427 0.207 7660
1776957202143 0.2604 7680
1776957204872 0.0748 7700
1776957207586 0.0482 7720
1776957210305 0.2006 7740
1776957220334 0.1737 7760
1776957223056 0.1177 7780
1776957225779 0.1502 7800
1776957228487 0.1302 7820
1776957231211 0.0985 7840
1776957233928 0.1512 7860
1776957236638 0.1486 7880
1776957239360 0.1149 7900
1776957242070 0.0777 7920
1776957244786 0.1648 7940
1776957247494 0.1454 7960
1776957250195 0.1528 7980
1776957252919 0.1409 8000
1776957265400 0.1105 8020
1776957268100 0.1167 8040
1776957270804 0.1362 8060
1776957273510 0.1404 8080
1776957276228 0.081 8100
1776957278934 0.1816 8120
1776957281653 0.0954 8140
1776957284359 0.0834 8160
1776957287076 0.1003 8180
1776957289784 0.136 8200
1776957292482 0.1593 8220
1776957295205 0.0951 8240
1776957305178 0.103 8260
1776957307875 0.0605 8280
1776957310583 0.0956 8300
1776957313288 0.0787 8320
1776957315990 0.0802 8340
1776957318692 0.0798 8360
1776957321411 0.1529 8380
1776957324131 0.0696 8400
1776957326847 0.0548 8420
1776957329554 0.1141 8440
1776957332272 0.1062 8460
1776957334975 0.0599 8480
1776957337677 0.0636 8500
1776957349413 0.0649 8520
1776957352133 0.109 8540
1776957354852 0.0843 8560
1776957357556 0.1036 8580
1776957360276 0.0855 8600
1776957362984 0.0909 8620
1776957365692 0.0973 8640
1776957368406 0.0541 8660
1776957371106 0.1134 8680
1776957373808 0.0474 8700
1776957376498 0.1101 8720
1776957379215 0.1595 8740
1776957389191 0.0933 8760
1776957391890 0.1018 8780
1776957394604 0.1173 8800
1776957397321 0.113 8820
1776957400035 0.1133 8840
1776957402763 0.1182 8860
1776957405470 0.0652 8880
1776957408174 0.1157 8900
1776957410894 0.1176 8920
1776957413602 0.016 8940
1776957416311 0.1487 8960
1776957419025 0.0794 8980
1776957421746 0.0671 9000
1776957433825 0.09 9020
1776957436529 0.0798 9040
1776957439250 0.1705 9060
1776957441961 0.0705 9080
1776957444673 0.0579 9100
1776957447390 0.0326 9120
1776957450093 0.0985 9140
1776957452796 0.0541 9160
1776957455510 0.0432 9180
1776957458223 0.1487 9200
1776957460940 0.046 9220
1776957463664 0.0378 9240
1776957473648 0.0815 9260
1776957476365 0.0807 9280
1776957479069 0.0874 9300
1776957481775 0.1 9320
1776957484491 0.1122 9340
1776957487208 0.1574 9360
1776957489929 0.0983 9380
1776957492648 0.0793 9400
1776957495360 0.1047 9420
1776957498076 0.093 9440
1776957500790 0.0449 9460
1776957503507 0.1168 9480
1776957506225 0.07 9500
