1778289815679 1.1400000000000001e-05 20
1778289817894 2.3400000000000003e-05 40
1778289820106 2.9892857142857143e-05 60
1778289822316 2.9654761904761908e-05 80
1778289824530 2.9416666666666666e-05 100
1778289826742 2.917857142857143e-05 120
1778289828959 2.894047619047619e-05 140
1778289831170 2.8702380952380956e-05 160
1778289833380 2.8464285714285714e-05 180
1778289835593 2.8226190476190478e-05 200
1778289837810 2.798809523809524e-05 220
1778289840028 2.7750000000000004e-05 240
1778289845190 2.751190476190476e-05 260
1778289847409 2.7273809523809523e-05 280
1778289849627 2.7035714285714287e-05 300
1778289851843 2.6797619047619048e-05 320
1778289854060 2.655952380952381e-05 340
1778289856281 2.632142857142857e-05 360
1778289858499 2.6083333333333335e-05 380
1778289860716 2.5845238095238096e-05 400
1778289862936 2.5607142857142857e-05 420
1778289865155 2.5369047619047618e-05 440
1778289867372 2.5130952380952383e-05 460
1778289869591 2.4892857142857144e-05 480
1778289871809 2.4654761904761905e-05 500
1778289876940 2.4416666666666666e-05 520
1778289879155 2.417857142857143e-05 540
1778289881370 2.3940476190476192e-05 560
1778289883583 2.3702380952380953e-05 580
1778289885798 2.3464285714285714e-05 600
1778289888012 2.322619047619048e-05 620
1778289890226 2.298809523809524e-05 640
1778289892441 2.275e-05 660
1778289894653 2.2511904761904762e-05 680
1778289896868 2.2273809523809526e-05 700
1778289899082 2.2035714285714287e-05 720
1778289901297 2.179761904761905e-05 740
1778289906452 2.155952380952381e-05 760
1778289908664 2.1321428571428574e-05 780
1778289910877 2.1083333333333332e-05 800
1778289913091 2.0845238095238096e-05 820
1778289915305 2.0607142857142858e-05 840
1778289917520 2.0369047619047622e-05 860
1778289919732 2.013095238095238e-05 880
1778289921945 1.9892857142857144e-05 900
1778289924159 1.9654761904761905e-05 920
1778289926370 1.9416666666666667e-05 940
1778289928582 1.9178571428571428e-05 960
1778289930794 1.894047619047619e-05 980
1778289933007 1.8702380952380953e-05 1000
1778289938162 1.8464285714285714e-05 1020
1778289940377 1.8226190476190476e-05 1040
1778289942589 1.7988095238095237e-05 1060
1778289944803 1.775e-05 1080
1778289947016 1.7511904761904762e-05 1100
1778289949228 1.7273809523809523e-05 1120
1778289951440 1.7035714285714285e-05 1140
1778289953651 1.679761904761905e-05 1160
1778289955865 1.655952380952381e-05 1180
1778289958077 1.632142857142857e-05 1200
1778289960292 1.6083333333333332e-05 1220
1778289962505 1.5845238095238097e-05 1240
1778289967632 1.5607142857142858e-05 1260
1778289969847 1.536904761904762e-05 1280
1778289972062 1.513095238095238e-05 1300
1778289974275 1.4892857142857143e-05 1320
1778289976492 1.4654761904761904e-05 1340
1778289978706 1.4416666666666667e-05 1360
1778289980918 1.4178571428571428e-05 1380
1778289983129 1.3940476190476191e-05 1400
1778289985342 1.3702380952380952e-05 1420
1778289987555 1.3464285714285715e-05 1440
1778289989768 1.3226190476190476e-05 1460
1778289991983 1.2988095238095239e-05 1480
1778289994196 1.275e-05 1500
1778289999367 1.2511904761904763e-05 1520
1778290001579 1.2273809523809524e-05 1540
1778290003792 1.2035714285714287e-05 1560
1778290006003 1.1797619047619048e-05 1580
1778290008216 1.155952380952381e-05 1600
1778290010427 1.1321428571428572e-05 1620
1778290012637 1.1083333333333335e-05 1640
1778290014848 1.0845238095238096e-05 1660
1778290017057 1.0607142857142858e-05 1680
1778290019271 1.036904761904762e-05 1700
1778290021484 1.0130952380952382e-05 1720
1778290023695 9.892857142857143e-06 1740
1778290029108 9.654761904761906e-06 1760
1778290031319 9.416666666666667e-06 1780
1778290033531 9.17857142857143e-06 1800
1778290035748 8.940476190476191e-06 1820
1778290037961 8.702380952380954e-06 1840
1778290040172 8.464285714285714e-06 1860
1778290042387 8.226190476190476e-06 1880
1778290044597 7.988095238095238e-06 1900
1778290046804 7.75e-06 1920
1778290049015 7.511904761904762e-06 1940
1778290051226 7.273809523809524e-06 1960
1778290053437 7.035714285714286e-06 1980
1778290055646 6.797619047619048e-06 2000
1778290060781 6.559523809523809e-06 2020
1778290062997 6.321428571428571e-06 2040
1778290065212 6.083333333333333e-06 2060
1778290067425 5.845238095238095e-06 2080
1778290069639 5.607142857142857e-06 2100
1778290071852 5.369047619047619e-06 2120
1778290074068 5.130952380952381e-06 2140
1778290076283 4.892857142857143e-06 2160
1778290078499 4.654761904761905e-06 2180
1778290080715 4.416666666666667e-06 2200
1778290082931 4.178571428571429e-06 2220
1778290085147 3.940476190476191e-06 2240
1778290090294 3.7023809523809525e-06 2260
1778290092511 3.4642857142857145e-06 2280
1778290094724 3.2261904761904764e-06 2300
1778290096938 2.988095238095238e-06 2320
1778290099150 2.75e-06 2340
1778290101363 2.511904761904762e-06 2360
1778290103578 2.273809523809524e-06 2380
1778290105791 2.0357142857142854e-06 2400
1778290108004 1.7976190476190478e-06 2420
1778290110219 1.5595238095238095e-06 2440
1778290112435 1.3214285714285715e-06 2460
1778290114650 1.0833333333333333e-06 2480
1778290116862 8.452380952380952e-07 2500
1778290121996 6.071428571428572e-07 2520
1778290124209 3.6904761904761906e-07 2540
1778290126419 1.3095238095238097e-07 2560
