1778289815679 1.0501 20
1778289817894 0.9783 40
1778289820106 1.0168 60
1778289822316 1.0057 80
1778289824530 0.9627 100
1778289826742 0.9954 120
1778289828959 0.9961 140
1778289831170 0.9841 160
1778289833380 0.942 180
1778289835593 0.9704 200
1778289837810 0.956 220
1778289840028 0.9409 240
1778289845190 0.8842 260
1778289847409 0.8462 280
1778289849627 0.7588 300
1778289851843 0.7121 320
1778289854060 0.6279 340
1778289856281 0.5399 360
1778289858499 0.4948 380
1778289860716 0.4617 400
1778289862936 0.3768 420
1778289865155 0.3952 440
1778289867372 0.3511 460
1778289869591 0.3665 480
1778289871809 0.2946 500
1778289876940 0.3111 520
1778289879155 0.3015 540
1778289881370 0.2722 560
1778289883583 0.23 580
1778289885798 0.2552 600
1778289888012 0.2432 620
1778289890226 0.258 640
1778289892441 0.2015 660
1778289894653 0.2055 680
1778289896868 0.2654 700
1778289899082 0.2338 720
1778289901297 0.2495 740
1778289906452 0.2343 760
1778289908664 0.205 780
1778289910877 0.2304 800
1778289913091 0.2115 820
1778289915305 0.2096 840
1778289917520 0.2273 860
1778289919732 0.2143 880
1778289921945 0.1988 900
1778289924159 0.2336 920
1778289926370 0.1861 940
1778289928582 0.2296 960
1778289930794 0.2037 980
1778289933007 0.1864 1000
1778289938162 0.1932 1020
1778289940377 0.159 1040
1778289942589 0.1672 1060
1778289944803 0.1676 1080
1778289947016 0.1841 1100
1778289949228 0.1338 1120
1778289951440 0.1644 1140
1778289953651 0.1701 1160
1778289955865 0.1753 1180
1778289958077 0.192 1200
1778289960292 0.1592 1220
1778289962505 0.186 1240
1778289967632 0.1762 1260
1778289969847 0.1722 1280
1778289972062 0.1798 1300
1778289974275 0.1623 1320
1778289976492 0.1934 1340
1778289978706 0.2009 1360
1778289980918 0.2105 1380
1778289983129 0.1564 1400
1778289985342 0.2079 1420
1778289987555 0.1719 1440
1778289989768 0.1626 1460
1778289991983 0.1841 1480
1778289994196 0.1812 1500
1778289999367 0.1533 1520
1778290001579 0.1725 1540
1778290003792 0.1445 1560
1778290006003 0.1564 1580
1778290008216 0.1755 1600
1778290010427 0.1506 1620
1778290012637 0.1399 1640
1778290014848 0.1364 1660
1778290017057 0.1803 1680
1778290019271 0.1566 1700
1778290021484 0.1321 1720
1778290023695 0.1625 1740
1778290029108 0.1471 1760
1778290031319 0.1456 1780
1778290033531 0.1283 1800
1778290035748 0.1479 1820
1778290037961 0.1299 1840
1778290040172 0.1468 1860
1778290042387 0.1666 1880
1778290044597 0.1578 1900
1778290046804 0.1356 1920
1778290049015 0.1382 1940
1778290051226 0.1643 1960
1778290053437 0.158 1980
1778290055646 0.1603 2000
1778290060781 0.1288 2020
1778290062997 0.1526 2040
1778290065212 0.1596 2060
1778290067425 0.1508 2080
1778290069639 0.1223 2100
1778290071852 0.1275 2120
1778290074068 0.1256 2140
1778290076283 0.165 2160
1778290078499 0.1428 2180
1778290080715 0.145 2200
1778290082931 0.1358 2220
1778290085147 0.1434 2240
1778290090294 0.1343 2260
1778290092511 0.1496 2280
1778290094724 0.1368 2300
1778290096938 0.1496 2320
1778290099150 0.1285 2340
1778290101363 0.1373 2360
1778290103578 0.1177 2380
1778290105791 0.1425 2400
1778290108004 0.1397 2420
1778290110219 0.1442 2440
1778290112435 0.1246 2460
1778290114650 0.1388 2480
1778290116862 0.1363 2500
1778290121996 0.1247 2520
1778290124209 0.1236 2540
1778290126419 0.1131 2560
