1779086408805 0.056100981767180924 20
1779086421307 0.11220196353436185 40
1779086433791 0.16830294530154277 60
1779086446348 0.2244039270687237 80
1779086458901 0.2805049088359046 100
1779086471527 0.33660589060308554 120
1779086483898 0.39270687237026647 140
1779086496313 0.4488078541374474 160
1779086508831 0.5049088359046283 180
1779086521381 0.5610098176718092 200
1779086533892 0.6171107994389902 220
1779086546906 0.6732117812061711 240
1779086567140 0.7012622720897616 250
1779086573963 0.729312762973352 260
1779086586530 0.7854137447405329 280
1779086598749 0.8415147265077139 300
1779086611040 0.8976157082748948 320
1779086623317 0.9537166900420757 340
1779086635363 1.008415147265077 360
1779086647688 1.064516129032258 380
1779086659958 1.120617110799439 400
1779086672302 1.1767180925666199 420
1779086684913 1.2328190743338008 440
1779086695592 1.2889200561009817 460
1779086708070 1.3450210378681626 480
1779086720599 1.4011220196353436 500
1779086734284 1.4011220196353436 500
1779086747189 1.4572230014025245 520
1779086759729 1.5133239831697054 540
1779086772121 1.5694249649368865 560
1779086784592 1.6255259467040672 580
1779086796997 1.6816269284712484 600
1779086809597 1.737727910238429 620
1779086822196 1.7938288920056102 640
1779086834725 1.849929873772791 660
1779086847546 1.906030855539972 680
1779086860005 1.9621318373071528 700
1779086872232 2.016830294530154 720
1779086884723 2.0729312762973353 740
1779086904602 2.100981767180926 750
1779086911526 2.129032258064516 760
1779086924159 2.185133239831697 780
1779086936631 2.241234221598878 800
1779086949048 2.297335203366059 820
1779086961433 2.3534361851332397 840
1779086973882 2.409537166900421 860
1779086986472 2.4656381486676016 880
1779086999572 2.5217391304347827 900
1779087012142 2.5778401122019634 920
1779087024750 2.6339410939691446 940
1779087037340 2.6900420757363253 960
1779087049984 2.7461430575035064 980
1779087062575 2.802244039270687 1000
1779087076457 2.802244039270687 1000
1779087089700 2.8583450210378682 1020
1779087102305 2.914446002805049 1040
1779087114943 2.97054698457223 1060
1779087126785 3.0252454417952315 1080
1779087139059 3.081346423562412 1100
1779087151333 3.1374474053295933 1120
1779087163903 3.193548387096774 1140
1779087176108 3.249649368863955 1160
1779087188328 3.305750350631136 1180
1779087200618 3.361851332398317 1200
1779087212220 3.4179523141654977 1220
1779087223733 3.474053295932679 1240
1779087243818 3.5021037868162694 1250
1779087250782 3.53015427769986 1260
1779087263408 3.5862552594670407 1280
1779087276090 3.6423562412342214 1300
1779087288575 3.6984572230014026 1320
1779087301582 3.7545582047685837 1340
1779087314021 3.8106591865357644 1360
1779087326559 3.866760168302945 1380
1779087339185 3.9228611500701263 1400
1779087351766 3.9789621318373074 1420
1779087363984 4.033660589060308 1440
1779087376542 4.0897615708274895 1460
1779087389114 4.145862552594671 1480
1779087401741 4.201963534361852 1500
1779087415609 4.201963534361852 1500
1779087428774 4.258064516129032 1520
1779087441351 4.314165497896213 1540
1779087454216 4.370266479663394 1560
1779087466878 4.426367461430575 1580
1779087479444 4.482468443197756 1600
1779087491964 4.538569424964937 1620
1779087504517 4.594670406732118 1640
1779087517041 4.650771388499299 1660
1779087529615 4.706872370266479 1680
1779087542209 4.762973352033661 1700
1779087554749 4.819074333800842 1720
1779087567308 4.875175315568022 1740
1779087587416 4.903225806451613 1750
1779087594225 4.931276297335203 1760
1779087606756 4.987377279102384 1780
1779087610806 5.0 1785
1779087624834 5.0 1785
1779087642000 5.0 1785
1779087659632 5.0 0
