1779086408805 1.7733393907546997 20
1779086421307 3.0504872798919678 40
1779086433791 0.9575676918029785 60
1779086446348 3.1119000911712646 80
1779086458901 1.824861764907837 100
1779086471527 1.6433870792388916 120
1779086483898 1.0323044061660767 140
1779086496313 0.6950938105583191 160
1779086508831 1.806861162185669 180
1779086521381 0.8257057666778564 200
1779086533892 1.9798139333724976 220
1779086546906 1.428961992263794 240
1779086573963 0.7301762104034424 260
1779086586530 1.2600010633468628 280
1779086598749 3.2971174716949463 300
1779086611040 1.0034259557724 320
1779086623317 1.5486172437667847 340
1779086635363 0.5743224620819092 360
1779086647688 4.940581321716309 380
1779086659958 0.6635760068893433 400
1779086672302 2.7481279373168945 420
1779086684913 1.2571754455566406 440
1779086695592 1.2909537553787231 460
1779086708070 0.5966084599494934 480
1779086720599 0.6873976588249207 500
1779086747189 1.3215900659561157 520
1779086759729 0.9585286378860474 540
1779086772121 3.0862925052642822 560
1779086784592 0.7131658792495728 580
1779086796997 0.9402430653572083 600
1779086809597 2.2161197662353516 620
1779086822196 1.0564368963241577 640
1779086834725 1.6413822174072266 660
1779086847546 2.255723237991333 680
1779086860005 0.841442883014679 700
1779086872232 1.250598430633545 720
1779086884723 2.422790050506592 740
1779086911526 1.3710353374481201 760
1779086924159 2.6907551288604736 780
1779086936631 0.9837437868118286 800
1779086949048 1.8059815168380737 820
1779086961433 1.0963835716247559 840
1779086973882 1.6190900802612305 860
1779086986472 2.21993088722229 880
1779086999572 0.8819984793663025 900
1779087012142 2.72041654586792 920
1779087024750 2.523777723312378 940
1779087037340 0.5896371006965637 960
1779087049984 2.984044075012207 980
1779087062575 2.2140004634857178 1000
1779087089700 0.8882038593292236 1020
1779087102305 1.6229363679885864 1040
1779087114943 1.785152554512024 1060
1779087126785 1.2102988958358765 1080
1779087139059 1.366976261138916 1100
1779087151333 0.9571866393089294 1120
1779087163903 1.6818389892578125 1140
1779087176108 0.6531863212585449 1160
1779087188328 2.8158018589019775 1180
1779087200618 1.6066254377365112 1200
1779087212220 1.608661413192749 1220
1779087223733 0.8122172951698303 1240
1779087250782 2.429140567779541 1260
1779087263408 0.5638142228126526 1280
1779087276090 0.6015573143959045 1300
1779087288575 0.8129206299781799 1320
1779087301582 0.8673989772796631 1340
1779087314021 0.918785572052002 1360
1779087326559 1.9825513362884521 1380
1779087339185 1.2198628187179565 1400
1779087351766 0.7260544896125793 1420
1779087363984 1.9754242897033691 1440
1779087376542 2.4060676097869873 1460
1779087389114 0.9473514556884766 1480
1779087401741 0.7377680540084839 1500
1779087428774 1.194978952407837 1520
1779087441351 2.1318676471710205 1540
1779087454216 2.217437744140625 1560
1779087466878 0.5547285079956055 1580
1779087479444 0.5833231210708618 1600
1779087491964 3.0133185386657715 1620
1779087504517 2.378345012664795 1640
1779087517041 1.5100122690200806 1660
1779087529615 2.414809226989746 1680
1779087542209 0.547254741191864 1700
1779087554749 0.6293972134590149 1720
1779087567308 2.140911817550659 1740
1779087594225 0.6819067001342773 1760
1779087606756 2.4403634071350098 1780
