1778895436669 0.015015015015015015 20
1778895437822 0.03003003003003003 40
1778895438974 0.04504504504504504 60
1778895440126 0.06006006006006006 80
1778895441278 0.07507507507507508 100
1778895442431 0.09009009009009009 120
1778895443584 0.10510510510510511 140
1778895444737 0.12012012012012012 160
1778895445890 0.13513513513513514 180
1778895447042 0.15015015015015015 200
1778895448195 0.16516516516516516 220
1778895449348 0.18018018018018017 240
1778895458991 0.18768768768768768 250
1778895461121 0.19519519519519518 260
1778895462274 0.21021021021021022 280
1778895463427 0.22522522522522523 300
1778895464580 0.24024024024024024 320
1778895465733 0.2552552552552553 340
1778895466886 0.2702702702702703 360
1778895468039 0.2852852852852853 380
1778895469193 0.3003003003003003 400
1778895470347 0.3153153153153153 420
1778895471501 0.3303303303303303 440
1778895472655 0.34534534534534533 460
1778895473808 0.36036036036036034 480
1778895474962 0.37537537537537535 500
1778895484032 0.37537537537537535 500
1778895486776 0.39039039039039036 520
1778895487929 0.40540540540540543 540
1778895489081 0.42042042042042044 560
1778895490234 0.43543543543543545 580
1778895491387 0.45045045045045046 600
1778895492540 0.46546546546546547 620
1778895493692 0.4804804804804805 640
1778895494845 0.4954954954954955 660
1778895496000 0.5105105105105106 680
1778895497155 0.5255255255255256 700
1778895498310 0.5405405405405406 720
1778895499466 0.5555555555555556 740
1778895509126 0.5630630630630631 750
1778895511316 0.5705705705705706 760
1778895512470 0.5855855855855856 780
1778895513624 0.6006006006006006 800
1778895514777 0.6156156156156156 820
1778895515929 0.6306306306306306 840
1778895517082 0.6456456456456456 860
1778895518237 0.6606606606606606 880
1778895519390 0.6756756756756757 900
1778895520544 0.6906906906906907 920
1778895521697 0.7057057057057057 940
1778895522849 0.7207207207207207 960
1778895524003 0.7357357357357357 980
1778895525157 0.7507507507507507 1000
1778895534242 0.7507507507507507 1000
1778895536977 0.7657657657657657 1020
1778895538131 0.7807807807807807 1040
1778895539284 0.7957957957957958 1060
1778895540437 0.8108108108108109 1080
1778895541592 0.8258258258258259 1100
1778895542747 0.8408408408408409 1120
1778895543902 0.8558558558558559 1140
1778895545057 0.8708708708708709 1160
1778895546211 0.8858858858858859 1180
1778895547366 0.9009009009009009 1200
1778895548521 0.9159159159159159 1220
1778895549678 0.9309309309309309 1240
1778895559340 0.9384384384384384 1250
1778895561950 0.9459459459459459 1260
1778895563105 0.960960960960961 1280
1778895564259 0.975975975975976 1300
1778895565414 0.990990990990991 1320
1778895566564 1.006006006006006 1340
1778895567719 1.021021021021021 1360
1778895568874 1.0360360360360361 1380
1778895570029 1.0510510510510511 1400
1778895571183 1.0660660660660661 1420
1778895572338 1.0810810810810811 1440
1778895573493 1.0960960960960962 1460
1778895574648 1.1111111111111112 1480
1778895575803 1.1261261261261262 1500
1778895584887 1.1261261261261262 1500
1778895587692 1.1411411411411412 1520
1778895588846 1.1561561561561562 1540
1778895590001 1.1711711711711712 1560
1778895591155 1.1861861861861862 1580
1778895592312 1.2012012012012012 1600
1778895593467 1.2162162162162162 1620
1778895594622 1.2312312312312312 1640
1778895595777 1.2462462462462462 1660
1778895596932 1.2612612612612613 1680
1778895598090 1.2762762762762763 1700
1778895599246 1.2912912912912913 1720
1778895600401 1.3063063063063063 1740
1778895610061 1.3138138138138138 1750
1778895611954 1.3213213213213213 1760
1778895613107 1.3363363363363363 1780
1778895614262 1.3513513513513513 1800
1778895615417 1.3663663663663663 1820
1778895616572 1.3813813813813813 1840
1778895617726 1.3963963963963963 1860
1778895618881 1.4114114114114114 1880
1778895620036 1.4264264264264264 1900
1778895621191 1.4414414414414414 1920
1778895622346 1.4564564564564564 1940
1778895623501 1.4714714714714714 1960
1778895624656 1.4864864864864864 1980
1778895625811 1.5015015015015014 2000
1778895634897 1.5015015015015014 2000
1778895637675 1.5165165165165164 2020
1778895638830 1.5315315315315314 2040
1778895639985 1.5465465465465464 2060
1778895641140 1.5615615615615615 2080
1778895642295 1.5765765765765765 2100
1778895643450 1.5915915915915915 2120
1778895644605 1.6066066066066065 2140
1778895645760 1.6216216216216215 2160
1778895646914 1.6366366366366365 2180
1778895648069 1.6516516516516515 2200
1778895649223 1.6666666666666665 2220
1778895650378 1.6816816816816815 2240
1778895660042 1.689189189189189 2250
1778895662220 1.6966966966966965 2260
1778895663374 1.7117117117117115 2280
1778895664529 1.7267267267267268 2300
1778895665685 1.7417417417417418 2320
1778895666841 1.7567567567567568 2340
1778895667996 1.7717717717717718 2360
1778895669151 1.7867867867867868 2380
1778895670306 1.8018018018018018 2400
1778895671463 1.8168168168168168 2420
1778895672618 1.8318318318318318 2440
1778895673773 1.8468468468468469 2460
1778895674927 1.8618618618618619 2480
1778895676082 1.8768768768768769 2500
1778895685168 1.8768768768768769 2500
1778895687907 1.8918918918918919 2520
1778895689062 1.906906906906907 2540
1778895690217 1.921921921921922 2560
1778895691372 1.936936936936937 2580
1778895692527 1.951951951951952 2600
1778895693682 1.966966966966967 2620
1778895694837 1.981981981981982 2640
1778895695992 1.996996996996997 2660
1778895697144 2.012012012012012 2680
1778895698299 2.027027027027027 2700
1778895699455 2.042042042042042 2720
1778895700610 2.057057057057057 2740
1778895710272 2.0645645645645647 2750
1778895712671 2.0720720720720722 2760
1778895713825 2.0870870870870872 2780
1778895714980 2.1021021021021022 2800
1778895716135 2.1171171171171173 2820
1778895717290 2.1321321321321323 2840
1778895718444 2.1471471471471473 2860
1778895719599 2.1621621621621623 2880
1778895720754 2.1771771771771773 2900
1778895721909 2.1921921921921923 2920
1778895723064 2.2072072072072073 2940
1778895724219 2.2222222222222223 2960
1778895725374 2.2372372372372373 2980
1778895726529 2.2522522522522523 3000
1778895735617 2.2522522522522523 3000
1778895738134 2.2672672672672673 3020
1778895739289 2.2822822822822824 3040
1778895740445 2.2972972972972974 3060
1778895741600 2.3123123123123124 3080
1778895742755 2.3273273273273274 3100
1778895743910 2.3423423423423424 3120
1778895745075 2.3573573573573574 3140
1778895746230 2.3723723723723724 3160
1778895747386 2.3873873873873874 3180
1778895748540 2.4024024024024024 3200
1778895749695 2.4174174174174174 3220
1778895750850 2.4324324324324325 3240
1778895760514 2.43993993993994 3250
1778895762688 2.4474474474474475 3260
1778895763843 2.4624624624624625 3280
1778895764998 2.4774774774774775 3300
1778895766153 2.4924924924924925 3320
1778895767310 2.5075075075075075 3340
1778895768465 2.5225225225225225 3360
1778895769620 2.5375375375375375 3380
1778895770775 2.5525525525525525 3400
1778895771930 2.5675675675675675 3420
1778895773085 2.5825825825825826 3440
1778895774239 2.5975975975975976 3460
1778895775394 2.6126126126126126 3480
1778895776549 2.6276276276276276 3500
1778895785635 2.6276276276276276 3500
1778895788615 2.6426426426426426 3520
1778895789770 2.6576576576576576 3540
1778895790925 2.6726726726726726 3560
1778895792079 2.6876876876876876 3580
1778895793234 2.7027027027027026 3600
1778895794389 2.7177177177177176 3620
1778895795544 2.7327327327327327 3640
1778895796698 2.7477477477477477 3660
1778895797853 2.7627627627627627 3680
1778895799008 2.7777777777777777 3700
1778895800162 2.7927927927927927 3720
1778895801317 2.8078078078078077 3740
1778895810980 2.815315315315315 3750
1778895812872 2.8228228228228227 3760
1778895814027 2.8378378378378377 3780
1778895815182 2.8528528528528527 3800
1778895816337 2.8678678678678677 3820
1778895817493 2.8828828828828827 3840
1778895818654 2.8978978978978978 3860
1778895819810 2.9129129129129128 3880
1778895820965 2.9279279279279278 3900
1778895822120 2.942942942942943 3920
1778895823275 2.957957957957958 3940
1778895824430 2.972972972972973 3960
1778895825586 2.987987987987988 3980
1778895826735 3.003003003003003 4000
1778895835817 3.003003003003003 4000
1778895838615 3.018018018018018 4020
1778895839770 3.033033033033033 4040
1778895840925 3.048048048048048 4060
1778895842080 3.063063063063063 4080
1778895843235 3.078078078078078 4100
1778895844390 3.093093093093093 4120
1778895845545 3.108108108108108 4140
1778895846700 3.123123123123123 4160
1778895847855 3.138138138138138 4180
1778895849010 3.153153153153153 4200
1778895850166 3.1681681681681684 4220
1778895851321 3.1831831831831834 4240
1778895860985 3.190690690690691 4250
1778895863103 3.1981981981981984 4260
1778895864258 3.2132132132132134 4280
1778895865413 3.2282282282282284 4300
1778895866568 3.2432432432432434 4320
1778895867723 3.2582582582582584 4340
1778895868877 3.2732732732732734 4360
1778895870032 3.2882882882882885 4380
1778895871186 3.3033033033033035 4400
1778895872341 3.3183183183183185 4420
1778895873496 3.3333333333333335 4440
1778895874651 3.3483483483483485 4460
1778895875806 3.3633633633633635 4480
1778895876961 3.3783783783783785 4500
1778895886041 3.3783783783783785 4500
1778895889077 3.3933933933933935 4520
1778895890231 3.4084084084084085 4540
1778895891386 3.4234234234234235 4560
1778895892541 3.4384384384384385 4580
1778895893696 3.4534534534534536 4600
1778895894850 3.4684684684684686 4620
1778895896005 3.4834834834834836 4640
1778895897162 3.4984984984984986 4660
1778895898317 3.5135135135135136 4680
1778895899472 3.5285285285285286 4700
1778895900627 3.5435435435435436 4720
1778895901782 3.5585585585585586 4740
1778895911444 3.566066066066066 4750
1778895913603 3.5735735735735736 4760
1778895914755 3.5885885885885886 4780
1778895915909 3.6036036036036037 4800
1778895917063 3.6186186186186187 4820
1778895918217 3.6336336336336337 4840
1778895919372 3.6486486486486487 4860
1778895920526 3.6636636636636637 4880
1778895921680 3.6786786786786787 4900
1778895922835 3.6936936936936937 4920
1778895923989 3.7087087087087087 4940
1778895925143 3.7237237237237237 4960
1778895926298 3.7387387387387387 4980
1778895927452 3.7537537537537538 5000
1778895936533 3.7537537537537538 5000
1778895939004 3.7687687687687688 5020
1778895940159 3.7837837837837838 5040
1778895941314 3.798798798798799 5060
1778895942469 3.813813813813814 5080
1778895943623 3.828828828828829 5100
1778895944782 3.843843843843844 5120
1778895945941 3.858858858858859 5140
1778895947096 3.873873873873874 5160
1778895948251 3.888888888888889 5180
1778895949406 3.903903903903904 5200
1778895950561 3.918918918918919 5220
1778895951715 3.933933933933934 5240
1778895961376 3.9414414414414414 5250
1778895963535 3.948948948948949 5260
1778895964690 3.963963963963964 5280
1778895965844 3.978978978978979 5300
1778895966998 3.993993993993994 5320
1778895968148 4.009009009009009 5340
1778895969302 4.024024024024024 5360
1778895970457 4.039039039039039 5380
1778895971611 4.054054054054054 5400
1778895972766 4.069069069069069 5420
1778895973921 4.084084084084084 5440
1778895975076 4.099099099099099 5460
1778895976230 4.114114114114114 5480
1778895977384 4.129129129129129 5500
1778895986468 4.129129129129129 5500
1778895989194 4.1441441441441444 5520
1778895990348 4.1591591591591595 5540
1778895991503 4.1741741741741745 5560
1778895992657 4.1891891891891895 5580
1778895993812 4.2042042042042045 5600
1778895994967 4.2192192192192195 5620
1778895996122 4.2342342342342345 5640
1778895997277 4.2492492492492495 5660
1778895998432 4.2642642642642645 5680
1778895999587 4.2792792792792795 5700
1778896000742 4.2942942942942945 5720
1778896001897 4.3093093093093096 5740
1778896011555 4.316816816816817 5750
1778896013775 4.324324324324325 5760
1778896014929 4.33933933933934 5780
1778896016083 4.354354354354355 5800
1778896017237 4.36936936936937 5820
1778896018392 4.384384384384385 5840
1778896019546 4.3993993993994 5860
1778896020700 4.414414414414415 5880
1778896021854 4.42942942942943 5900
1778896023010 4.444444444444445 5920
1778896024165 4.45945945945946 5940
1778896025319 4.474474474474475 5960
1778896026473 4.48948948948949 5980
1778896027627 4.504504504504505 6000
1778896036710 4.504504504504505 6000
1778896039404 4.51951951951952 6020
1778896040559 4.534534534534535 6040
1778896041713 4.54954954954955 6060
1778896042868 4.564564564564565 6080
1778896044023 4.57957957957958 6100
1778896045178 4.594594594594595 6120
1778896046332 4.60960960960961 6140
1778896047487 4.624624624624625 6160
1778896048641 4.63963963963964 6180
1778896049797 4.654654654654655 6200
1778896050951 4.66966966966967 6220
1778896052106 4.684684684684685 6240
1778896061768 4.692192192192192 6250
1778896063987 4.6996996996997 6260
1778896065142 4.714714714714715 6280
1778896066297 4.72972972972973 6300
1778896067452 4.744744744744745 6320
1778896068607 4.75975975975976 6340
1778896069762 4.774774774774775 6360
1778896070919 4.78978978978979 6380
1778896072074 4.804804804804805 6400
1778896073229 4.81981981981982 6420
1778896074384 4.834834834834835 6440
1778896075539 4.84984984984985 6460
1778896076694 4.864864864864865 6480
1778896077848 4.87987987987988 6500
1778896086939 4.87987987987988 6500
1778896089630 4.894894894894895 6520
1778896090783 4.90990990990991 6540
1778896091935 4.924924924924925 6560
1778896093087 4.93993993993994 6580
1778896094239 4.954954954954955 6600
1778896095392 4.96996996996997 6620
1778896096545 4.984984984984985 6640
1778896097690 5.0 6660
1778896106761 5.0 6660
1778896108380 5.0 6660
1778896118749 5.0 6660
1778896130078 5.0 6660
1778896143532 5.0 0
