1778895436669 3.8e-05 20
1778895437822 7.800000000000001e-05 40
1778895438974 9.986384266263238e-05 60
1778895440126 9.956127080181544e-05 80
1778895441278 9.925869894099849e-05 100
1778895442431 9.895612708018155e-05 120
1778895443584 9.86535552193646e-05 140
1778895444737 9.835098335854766e-05 160
1778895445890 9.804841149773071e-05 180
1778895447042 9.774583963691377e-05 200
1778895448195 9.744326777609682e-05 220
1778895449348 9.714069591527989e-05 240
1778895461121 9.683812405446295e-05 260
1778895462274 9.653555219364599e-05 280
1778895463427 9.623298033282904e-05 300
1778895464580 9.593040847201211e-05 320
1778895465733 9.562783661119517e-05 340
1778895466886 9.532526475037822e-05 360
1778895468039 9.502269288956128e-05 380
1778895469193 9.472012102874433e-05 400
1778895470347 9.441754916792739e-05 420
1778895471501 9.411497730711044e-05 440
1778895472655 9.38124054462935e-05 460
1778895473808 9.350983358547655e-05 480
1778895474962 9.320726172465961e-05 500
1778895486776 9.290468986384266e-05 520
1778895487929 9.260211800302573e-05 540
1778895489081 9.229954614220879e-05 560
1778895490234 9.199697428139183e-05 580
1778895491387 9.169440242057488e-05 600
1778895492540 9.139183055975795e-05 620
1778895493692 9.108925869894101e-05 640
1778895494845 9.078668683812406e-05 660
1778895496000 9.04841149773071e-05 680
1778895497155 9.018154311649017e-05 700
1778895498310 8.987897125567323e-05 720
1778895499466 8.957639939485628e-05 740
1778895511316 8.927382753403934e-05 760
1778895512470 8.897125567322239e-05 780
1778895513624 8.866868381240545e-05 800
1778895514777 8.83661119515885e-05 820
1778895515929 8.806354009077157e-05 840
1778895517082 8.776096822995463e-05 860
1778895518237 8.745839636913767e-05 880
1778895519390 8.715582450832072e-05 900
1778895520544 8.685325264750379e-05 920
1778895521697 8.655068078668685e-05 940
1778895522849 8.62481089258699e-05 960
1778895524003 8.594553706505294e-05 980
1778895525157 8.564296520423601e-05 1000
1778895536977 8.534039334341907e-05 1020
1778895538131 8.503782148260212e-05 1040
1778895539284 8.473524962178518e-05 1060
1778895540437 8.443267776096823e-05 1080
1778895541592 8.413010590015129e-05 1100
1778895542747 8.382753403933434e-05 1120
1778895543902 8.35249621785174e-05 1140
1778895545057 8.322239031770047e-05 1160
1778895546211 8.291981845688351e-05 1180
1778895547366 8.261724659606656e-05 1200
1778895548521 8.231467473524963e-05 1220
1778895549678 8.201210287443269e-05 1240
1778895561950 8.170953101361574e-05 1260
1778895563105 8.140695915279878e-05 1280
1778895564259 8.110438729198185e-05 1300
1778895565414 8.080181543116491e-05 1320
1778895566564 8.049924357034796e-05 1340
1778895567719 8.019667170953102e-05 1360
1778895568874 7.989409984871407e-05 1380
1778895570029 7.959152798789713e-05 1400
1778895571183 7.928895612708018e-05 1420
1778895572338 7.898638426626324e-05 1440
1778895573493 7.86838124054463e-05 1460
1778895574648 7.838124054462935e-05 1480
1778895575803 7.80786686838124e-05 1500
1778895587692 7.777609682299547e-05 1520
1778895588846 7.747352496217853e-05 1540
1778895590001 7.717095310136158e-05 1560
1778895591155 7.686838124054462e-05 1580
1778895592312 7.656580937972769e-05 1600
1778895593467 7.626323751891075e-05 1620
1778895594622 7.59606656580938e-05 1640
1778895595777 7.565809379727686e-05 1660
1778895596932 7.535552193645991e-05 1680
1778895598090 7.505295007564297e-05 1700
1778895599246 7.475037821482602e-05 1720
1778895600401 7.444780635400908e-05 1740
1778895611954 7.414523449319215e-05 1760
1778895613107 7.384266263237519e-05 1780
1778895614262 7.354009077155824e-05 1800
1778895615417 7.323751891074131e-05 1820
1778895616572 7.293494704992437e-05 1840
1778895617726 7.263237518910742e-05 1860
1778895618881 7.232980332829046e-05 1880
1778895620036 7.202723146747353e-05 1900
1778895621191 7.172465960665659e-05 1920
1778895622346 7.142208774583964e-05 1940
1778895623501 7.11195158850227e-05 1960
1778895624656 7.081694402420575e-05 1980
1778895625811 7.051437216338881e-05 2000
1778895637675 7.021180030257186e-05 2020
1778895638830 6.990922844175492e-05 2040
1778895639985 6.960665658093797e-05 2060
1778895641140 6.930408472012103e-05 2080
1778895642295 6.900151285930408e-05 2100
1778895643450 6.869894099848715e-05 2120
1778895644605 6.83963691376702e-05 2140
1778895645760 6.809379727685326e-05 2160
1778895646914 6.77912254160363e-05 2180
1778895648069 6.748865355521937e-05 2200
1778895649223 6.718608169440243e-05 2220
1778895650378 6.688350983358548e-05 2240
1778895662220 6.658093797276854e-05 2260
1778895663374 6.627836611195159e-05 2280
1778895664529 6.597579425113465e-05 2300
1778895665685 6.56732223903177e-05 2320
1778895666841 6.537065052950076e-05 2340
1778895667996 6.506807866868381e-05 2360
1778895669151 6.476550680786687e-05 2380
1778895670306 6.446293494704992e-05 2400
1778895671463 6.416036308623299e-05 2420
1778895672618 6.385779122541605e-05 2440
1778895673773 6.35552193645991e-05 2460
1778895674927 6.325264750378214e-05 2480
1778895676082 6.295007564296521e-05 2500
1778895687907 6.264750378214827e-05 2520
1778895689062 6.234493192133132e-05 2540
1778895690217 6.204236006051438e-05 2560
1778895691372 6.173978819969743e-05 2580
1778895692527 6.143721633888049e-05 2600
1778895693682 6.113464447806354e-05 2620
1778895694837 6.08320726172466e-05 2640
1778895695992 6.052950075642966e-05 2660
1778895697144 6.0226928895612714e-05 2680
1778895698299 5.992435703479576e-05 2700
1778895699455 5.962178517397883e-05 2720
1778895700610 5.931921331316188e-05 2740
1778895712671 5.9016641452344934e-05 2760
1778895713825 5.871406959152799e-05 2780
1778895714980 5.841149773071105e-05 2800
1778895716135 5.8108925869894106e-05 2820
1778895717290 5.7806354009077154e-05 2840
1778895718444 5.750378214826021e-05 2860
1778895719599 5.720121028744327e-05 2880
1778895720754 5.6898638426626326e-05 2900
1778895721909 5.659606656580938e-05 2920
1778895723064 5.6293494704992436e-05 2940
1778895724219 5.59909228441755e-05 2960
1778895725374 5.568835098335855e-05 2980
1778895726529 5.53857791225416e-05 3000
1778895738134 5.508320726172467e-05 3020
1778895739289 5.478063540090772e-05 3040
1778895740445 5.4478063540090774e-05 3060
1778895741600 5.417549167927383e-05 3080
1778895742755 5.387291981845689e-05 3100
1778895743910 5.3570347957639946e-05 3120
1778895745075 5.3267776096822994e-05 3140
1778895746230 5.296520423600605e-05 3160
1778895747386 5.266263237518911e-05 3180
1778895748540 5.2360060514372166e-05 3200
1778895749695 5.205748865355522e-05 3220
1778895750850 5.175491679273827e-05 3240
1778895762688 5.145234493192134e-05 3260
1778895763843 5.114977307110439e-05 3280
1778895764998 5.084720121028744e-05 3300
1778895766153 5.054462934947051e-05 3320
1778895767310 5.024205748865356e-05 3340
1778895768465 4.9939485627836613e-05 3360
1778895769620 4.963691376701967e-05 3380
1778895770775 4.9334341906202724e-05 3400
1778895771930 4.9031770045385785e-05 3420
1778895773085 4.8729198184568834e-05 3440
1778895774239 4.8426626323751896e-05 3460
1778895775394 4.812405446293495e-05 3480
1778895776549 4.7821482602118006e-05 3500
1778895788615 4.751891074130106e-05 3520
1778895789770 4.7216338880484116e-05 3540
1778895790925 4.691376701966717e-05 3560
1778895792079 4.6611195158850226e-05 3580
1778895793234 4.630862329803328e-05 3600
1778895794389 4.600605143721634e-05 3620
1778895795544 4.57034795763994e-05 3640
1778895796698 4.540090771558245e-05 3660
1778895797853 4.509833585476551e-05 3680
1778895799008 4.479576399394856e-05 3700
1778895800162 4.4493192133131625e-05 3720
1778895801317 4.4190620272314673e-05 3740
1778895812872 4.3888048411497735e-05 3760
1778895814027 4.358547655068079e-05 3780
1778895815182 4.3282904689863845e-05 3800
1778895816337 4.29803328290469e-05 3820
1778895817493 4.2677760968229956e-05 3840
1778895818654 4.237518910741301e-05 3860
1778895819810 4.2072617246596066e-05 3880
1778895820965 4.177004538577912e-05 3900
1778895822120 4.146747352496218e-05 3920
1778895823275 4.116490166414524e-05 3940
1778895824430 4.086232980332829e-05 3960
1778895825586 4.055975794251135e-05 3980
1778895826735 4.02571860816944e-05 4000
1778895838615 3.9954614220877465e-05 4020
1778895839770 3.965204236006051e-05 4040
1778895840925 3.9349470499243575e-05 4060
1778895842080 3.904689863842662e-05 4080
1778895843235 3.8744326777609685e-05 4100
1778895844390 3.844175491679274e-05 4120
1778895845545 3.8139183055975795e-05 4140
1778895846700 3.783661119515885e-05 4160
1778895847855 3.7534039334341906e-05 4180
1778895849010 3.723146747352496e-05 4200
1778895850166 3.692889561270802e-05 4220
1778895851321 3.662632375189108e-05 4240
1778895863103 3.632375189107413e-05 4260
1778895864258 3.602118003025719e-05 4280
1778895865413 3.571860816944024e-05 4300
1778895866568 3.5416036308623305e-05 4320
1778895867723 3.511346444780635e-05 4340
1778895868877 3.4810892586989415e-05 4360
1778895870032 3.450832072617246e-05 4380
1778895871186 3.4205748865355525e-05 4400
1778895872341 3.390317700453858e-05 4420
1778895873496 3.3600605143721635e-05 4440
1778895874651 3.329803328290469e-05 4460
1778895875806 3.2995461422087745e-05 4480
1778895876961 3.26928895612708e-05 4500
1778895889077 3.239031770045386e-05 4520
1778895890231 3.208774583963692e-05 4540
1778895891386 3.178517397881997e-05 4560
1778895892541 3.148260211800303e-05 4580
1778895893696 3.118003025718608e-05 4600
1778895894850 3.0877458396369144e-05 4620
1778895896005 3.057488653555219e-05 4640
1778895897162 3.027231467473525e-05 4660
1778895898317 2.9969742813918306e-05 4680
1778895899472 2.9667170953101365e-05 4700
1778895900627 2.9364599092284416e-05 4720
1778895901782 2.9062027231467475e-05 4740
1778895913603 2.875945537065053e-05 4760
1778895914755 2.845688350983359e-05 4780
1778895915909 2.815431164901664e-05 4800
1778895917063 2.78517397881997e-05 4820
1778895918217 2.7549167927382757e-05 4840
1778895919372 2.724659606656581e-05 4860
1778895920526 2.694402420574887e-05 4880
1778895921680 2.6641452344931922e-05 4900
1778895922835 2.633888048411498e-05 4920
1778895923989 2.6036308623298032e-05 4940
1778895925143 2.573373676248109e-05 4960
1778895926298 2.5431164901664146e-05 4980
1778895927452 2.5128593040847204e-05 5000
1778895939004 2.482602118003026e-05 5020
1778895940159 2.4523449319213315e-05 5040
1778895941314 2.422087745839637e-05 5060
1778895942469 2.3918305597579428e-05 5080
1778895943623 2.3615733736762483e-05 5100
1778895944782 2.331316187594554e-05 5120
1778895945941 2.3010590015128593e-05 5140
1778895947096 2.270801815431165e-05 5160
1778895948251 2.2405446293494707e-05 5180
1778895949406 2.2102874432677762e-05 5200
1778895950561 2.1800302571860817e-05 5220
1778895951715 2.1497730711043872e-05 5240
1778895963535 2.1195158850226927e-05 5260
1778895964690 2.0892586989409986e-05 5280
1778895965844 2.0590015128593044e-05 5300
1778895966998 2.02874432677761e-05 5320
1778895968148 1.9984871406959154e-05 5340
1778895969302 1.968229954614221e-05 5360
1778895970457 1.9379727685325268e-05 5380
1778895971611 1.9077155824508323e-05 5400
1778895972766 1.8774583963691378e-05 5420
1778895973921 1.8472012102874433e-05 5440
1778895975076 1.8169440242057488e-05 5460
1778895976230 1.7866868381240547e-05 5480
1778895977384 1.7564296520423602e-05 5500
1778895989194 1.7261724659606657e-05 5520
1778895990348 1.6959152798789712e-05 5540
1778895991503 1.6656580937972767e-05 5560
1778895992657 1.6354009077155826e-05 5580
1778895993812 1.605143721633888e-05 5600
1778895994967 1.574886535552194e-05 5620
1778895996122 1.5446293494704994e-05 5640
1778895997277 1.514372163388805e-05 5660
1778895998432 1.4841149773071106e-05 5680
1778895999587 1.4538577912254161e-05 5700
1778896000742 1.4236006051437218e-05 5720
1778896001897 1.3933434190620273e-05 5740
1778896013775 1.363086232980333e-05 5760
1778896014929 1.3328290468986385e-05 5780
1778896016083 1.302571860816944e-05 5800
1778896017237 1.2723146747352497e-05 5820
1778896018392 1.2420574886535553e-05 5840
1778896019546 1.2118003025718608e-05 5860
1778896020700 1.1815431164901665e-05 5880
1778896021854 1.151285930408472e-05 5900
1778896023010 1.1210287443267777e-05 5920
1778896024165 1.0907715582450832e-05 5940
1778896025319 1.0605143721633887e-05 5960
1778896026473 1.0302571860816944e-05 5980
1778896027627 1e-05 6000
1778896039404 9.697428139183058e-06 6020
1778896040559 9.394856278366113e-06 6040
1778896041713 9.092284417549168e-06 6060
1778896042868 8.789712556732225e-06 6080
1778896044023 8.48714069591528e-06 6100
1778896045178 8.184568835098336e-06 6120
1778896046332 7.881996974281393e-06 6140
1778896047487 7.579425113464449e-06 6160
1778896048641 7.276853252647504e-06 6180
1778896049797 6.97428139183056e-06 6200
1778896050951 6.671709531013616e-06 6220
1778896052106 6.369137670196672e-06 6240
1778896063987 6.066565809379728e-06 6260
1778896065142 5.763993948562784e-06 6280
1778896066297 5.46142208774584e-06 6300
1778896067452 5.158850226928896e-06 6320
1778896068607 4.856278366111952e-06 6340
1778896069762 4.5537065052950075e-06 6360
1778896070919 4.2511346444780634e-06 6380
1778896072074 3.948562783661119e-06 6400
1778896073229 3.6459909228441757e-06 6420
1778896074384 3.3434190620272316e-06 6440
1778896075539 3.0408472012102876e-06 6460
1778896076694 2.7382753403933435e-06 6480
1778896077848 2.4357034795763994e-06 6500
1778896089630 2.1331316187594553e-06 6520
1778896090783 1.8305597579425113e-06 6540
1778896091935 1.5279878971255674e-06 6560
1778896093087 1.2254160363086233e-06 6580
1778896094239 9.228441754916794e-07 6600
1778896095392 6.202723146747353e-07 6620
1778896096545 3.177004538577912e-07 6640
1778896097690 1.51285930408472e-08 6660
