1778895436669 0.6932266235351563 20
1778895437822 0.69293212890625 40
1778895438974 0.6923728942871094 60
1778895440126 0.69200439453125 80
1778895441278 0.6917671203613281 100
1778895442431 0.6912139892578125 120
1778895443584 0.6907073974609375 140
1778895444737 0.6908210754394531 160
1778895445890 0.6905799865722656 180
1778895447042 0.689910888671875 200
1778895448195 0.6896240234375 220
1778895449348 0.6890586853027344 240
1778895461121 0.6888374328613281 260
1778895462274 0.6892219543457031 280
1778895463427 0.6884719848632812 300
1778895464580 0.6875862121582031 320
1778895465733 0.6877395629882812 340
1778895466886 0.6877449035644532 360
1778895468039 0.6873146057128906 380
1778895469193 0.6867706298828125 400
1778895470347 0.6859519958496094 420
1778895471501 0.6869674682617187 440
1778895472655 0.6853324890136718 460
1778895473808 0.6857978820800781 480
1778895474962 0.6851890563964844 500
1778895486776 0.6856117248535156 520
1778895487929 0.6850364685058594 540
1778895489081 0.6836540222167968 560
1778895490234 0.6838973999023438 580
1778895491387 0.6838478088378906 600
1778895492540 0.684356689453125 620
1778895493692 0.684185791015625 640
1778895494845 0.6837318420410157 660
1778895496000 0.6820541381835937 680
1778895497155 0.6816726684570312 700
1778895498310 0.6809532165527343 720
1778895499466 0.68179931640625 740
1778895511316 0.6802947998046875 760
1778895512470 0.6816856384277343 780
1778895513624 0.6823074340820312 800
1778895514777 0.682373046875 820
1778895515929 0.6793922424316406 840
1778895517082 0.6783287048339843 860
1778895518237 0.6798431396484375 880
1778895519390 0.681549072265625 900
1778895520544 0.6777503967285157 920
1778895521697 0.6788497924804687 940
1778895522849 0.6797225952148438 960
1778895524003 0.67923583984375 980
1778895525157 0.6787460327148438 1000
1778895536977 0.6779983520507813 1020
1778895538131 0.6785438537597657 1040
1778895539284 0.6787483215332031 1060
1778895540437 0.6788337707519532 1080
1778895541592 0.6762062072753906 1100
1778895542747 0.6773757934570312 1120
1778895543902 0.6751510620117187 1140
1778895545057 0.6771186828613281 1160
1778895546211 0.6766311645507812 1180
1778895547366 0.6771522521972656 1200
1778895548521 0.6747894287109375 1220
1778895549678 0.674420166015625 1240
1778895561950 0.6748786926269531 1260
1778895563105 0.6756759643554687 1280
1778895564259 0.6762153625488281 1300
1778895565414 0.6747367858886719 1320
1778895566564 0.6761410236358643 1340
1778895567719 0.6746482849121094 1360
1778895568874 0.6734878540039062 1380
1778895570029 0.6749092102050781 1400
1778895571183 0.6729972839355469 1420
1778895572338 0.6711692810058594 1440
1778895573493 0.6742507934570312 1460
1778895574648 0.6714542388916016 1480
1778895575803 0.6724601745605469 1500
1778895587692 0.6736457824707032 1520
1778895588846 0.6711875915527343 1540
1778895590001 0.670611572265625 1560
1778895591155 0.6743392944335938 1580
1778895592312 0.6705513000488281 1600
1778895593467 0.672088623046875 1620
1778895594622 0.6693359375 1640
1778895595777 0.6706764221191406 1660
1778895596932 0.6701225280761719 1680
1778895598090 0.6709754943847657 1700
1778895599246 0.6701747894287109 1720
1778895600401 0.6730056762695312 1740
1778895611954 0.670163345336914 1760
1778895613107 0.6658336639404296 1780
1778895614262 0.6721351623535157 1800
1778895615417 0.6695426940917969 1820
1778895616572 0.6663829803466796 1840
1778895617726 0.6699653625488281 1860
1778895618881 0.6669048309326172 1880
1778895620036 0.6639217376708985 1900
1778895621191 0.669949722290039 1920
1778895622346 0.6687461853027343 1940
1778895623501 0.6676280975341797 1960
1778895624656 0.66505126953125 1980
1778895625811 0.6687843322753906 2000
1778895637675 0.6695362091064453 2020
1778895638830 0.6707443237304688 2040
1778895639985 0.662152099609375 2060
1778895641140 0.6672222137451171 2080
1778895642295 0.6644004821777344 2100
1778895643450 0.6610885620117187 2120
1778895644605 0.6606842041015625 2140
1778895645760 0.668603515625 2160
1778895646914 0.6686389923095704 2180
1778895648069 0.6666259765625 2200
1778895649223 0.6676856994628906 2220
1778895650378 0.6667282104492187 2240
1778895662220 0.6644954681396484 2260
1778895663374 0.6619873046875 2280
1778895664529 0.6656196594238282 2300
1778895665685 0.6649768829345704 2320
1778895666841 0.6624794006347656 2340
1778895667996 0.6654991149902344 2360
1778895669151 0.6622421264648437 2380
1778895670306 0.6642654418945313 2400
1778895671463 0.6631778717041016 2420
1778895672618 0.6626232147216797 2440
1778895673773 0.6616523742675782 2460
1778895674927 0.6626495361328125 2480
1778895676082 0.6619930267333984 2500
1778895687907 0.6639694213867188 2520
1778895689062 0.6628162384033203 2540
1778895690217 0.6623908996582031 2560
1778895691372 0.6660648345947265 2580
1778895692527 0.6656036376953125 2600
1778895693682 0.6586483001708985 2620
1778895694837 0.663623046875 2640
1778895695992 0.6598152160644531 2660
1778895697144 0.6607678413391114 2680
1778895698299 0.6588172912597656 2700
1778895699455 0.6601531982421875 2720
1778895700610 0.6591007232666015 2740
1778895712671 0.6649444580078125 2760
1778895713825 0.6613433837890625 2780
1778895714980 0.6615245819091797 2800
1778895716135 0.6626163482666015 2820
1778895717290 0.6588756561279296 2840
1778895718444 0.663570785522461 2860
1778895719599 0.6609905242919922 2880
1778895720754 0.6622432708740235 2900
1778895721909 0.6665538787841797 2920
1778895723064 0.656378173828125 2940
1778895724219 0.6572410583496093 2960
1778895725374 0.65782470703125 2980
1778895726529 0.6615894317626954 3000
1778895738134 0.6555999755859375 3020
1778895739289 0.6549598693847656 3040
1778895740445 0.6571624755859375 3060
1778895741600 0.6586734771728515 3080
1778895742755 0.6583274841308594 3100
1778895743910 0.6563159942626953 3120
1778895745075 0.6588642120361328 3140
1778895746230 0.6561637878417969 3160
1778895747386 0.6572750091552735 3180
1778895748540 0.6585166931152344 3200
1778895749695 0.6524219512939453 3220
1778895750850 0.6620635986328125 3240
1778895762688 0.6538326263427734 3260
1778895763843 0.6566272735595703 3280
1778895764998 0.6556846618652343 3300
1778895766153 0.6591869354248047 3320
1778895767310 0.6553871154785156 3340
1778895768465 0.6553897857666016 3360
1778895769620 0.650286865234375 3380
1778895770775 0.6599067687988281 3400
1778895771930 0.6565738677978515 3420
1778895773085 0.6537338256835937 3440
1778895774239 0.6602474212646484 3460
1778895775394 0.6534980773925781 3480
1778895776549 0.6555007934570313 3500
1778895788615 0.6536300659179688 3520
1778895789770 0.6521202087402344 3540
1778895790925 0.6580371856689453 3560
1778895792079 0.6569072723388671 3580
1778895793234 0.6564876556396484 3600
1778895794389 0.6548271179199219 3620
1778895795544 0.6521800994873047 3640
1778895796698 0.6581256866455079 3660
1778895797853 0.6510215759277344 3680
1778895799008 0.6560935974121094 3700
1778895800162 0.6545318603515625 3720
1778895801317 0.6582881927490234 3740
1778895812872 0.6532649993896484 3760
1778895814027 0.659206771850586 3780
1778895815182 0.6563575744628907 3800
1778895816337 0.6540634155273437 3820
1778895817493 0.6499759674072265 3840
1778895818654 0.655123519897461 3860
1778895819810 0.6591953277587891 3880
1778895820965 0.6548545837402344 3900
1778895822120 0.6553787231445313 3920
1778895823275 0.6513603210449219 3940
1778895824430 0.6507110595703125 3960
1778895825586 0.6561138153076171 3980
1778895826735 0.6527106285095214 4000
1778895838615 0.6569931030273437 4020
1778895839770 0.6560901641845703 4040
1778895840925 0.6574497222900391 4060
1778895842080 0.6486370086669921 4080
1778895843235 0.6513145446777344 4100
1778895844390 0.650213623046875 4120
1778895845545 0.6525287628173828 4140
1778895846700 0.6459415435791016 4160
1778895847855 0.6539787292480469 4180
1778895849010 0.6522483825683594 4200
1778895850166 0.6476947784423828 4220
1778895851321 0.6502155303955078 4240
1778895863103 0.6532135009765625 4260
1778895864258 0.6560882568359375 4280
1778895865413 0.6459606170654297 4300
1778895866568 0.6521469116210937 4320
1778895867723 0.6456172943115235 4340
1778895868877 0.6540145874023438 4360
1778895870032 0.6554569244384766 4380
1778895871186 0.6481983184814453 4400
1778895872341 0.6537784576416016 4420
1778895873496 0.6513736724853516 4440
1778895874651 0.6479782104492188 4460
1778895875806 0.6461833953857422 4480
1778895876961 0.6479965209960937 4500
1778895889077 0.6519084930419922 4520
1778895890231 0.6520523071289063 4540
1778895891386 0.6497589111328125 4560
1778895892541 0.6499282836914062 4580
1778895893696 0.6547859191894532 4600
1778895894850 0.6522796630859375 4620
1778895896005 0.6507843017578125 4640
1778895897162 0.650048828125 4660
1778895898317 0.6571861267089844 4680
1778895899472 0.6465579986572265 4700
1778895900627 0.6484775543212891 4720
1778895901782 0.6508689880371094 4740
1778895913603 0.6538158416748047 4760
1778895914755 0.6567146301269531 4780
1778895915909 0.6516162872314453 4800
1778895917063 0.6503631591796875 4820
1778895918217 0.6550800323486328 4840
1778895919372 0.6464115142822265 4860
1778895920526 0.6509922027587891 4880
1778895921680 0.6476520538330078 4900
1778895922835 0.6462944030761719 4920
1778895923989 0.6504047393798829 4940
1778895925143 0.6489444732666015 4960
1778895926298 0.654391860961914 4980
1778895927452 0.6466892242431641 5000
1778895939004 0.6535099029541016 5020
1778895940159 0.6487716674804688 5040
1778895941314 0.6454078674316406 5060
1778895942469 0.6491844177246093 5080
1778895943623 0.6505313873291015 5100
1778895944782 0.6555965423583985 5120
1778895945941 0.6535274505615234 5140
1778895947096 0.6457645416259765 5160
1778895948251 0.6464794158935547 5180
1778895949406 0.6470813751220703 5200
1778895950561 0.6487277984619141 5220
1778895951715 0.6435031890869141 5240
1778895963535 0.6482940673828125 5260
1778895964690 0.645159912109375 5280
1778895965844 0.649905776977539 5300
1778895966998 0.6470729827880859 5320
1778895968148 0.6553102493286133 5340
1778895969302 0.6472076416015625 5360
1778895970457 0.6444602966308594 5380
1778895971611 0.6429916381835937 5400
1778895972766 0.6439472198486328 5420
1778895973921 0.6533584594726562 5440
1778895975076 0.6529674530029297 5460
1778895976230 0.6527568817138671 5480
1778895977384 0.6475883483886719 5500
1778895989194 0.6431682586669922 5520
1778895990348 0.650225830078125 5540
1778895991503 0.6484828948974609 5560
1778895992657 0.6472911834716797 5580
1778895993812 0.6503105163574219 5600
1778895994967 0.6496829986572266 5620
1778895996122 0.6525959014892578 5640
1778895997277 0.6492023468017578 5660
1778895998432 0.6456340789794922 5680
1778895999587 0.6555953979492187 5700
1778896000742 0.6477214813232421 5720
1778896001897 0.6471138000488281 5740
1778896013775 0.6464603424072266 5760
1778896014929 0.6455226898193359 5780
1778896016083 0.6466457366943359 5800
1778896017237 0.6512996673583984 5820
1778896018392 0.6484565734863281 5840
1778896019546 0.6487808227539062 5860
1778896020700 0.6468086242675781 5880
1778896021854 0.6503837585449219 5900
1778896023010 0.6529167175292969 5920
1778896024165 0.6470119476318359 5940
1778896025319 0.6491432189941406 5960
1778896026473 0.646060562133789 5980
1778896027627 0.6480827331542969 6000
1778896039404 0.6411834716796875 6020
1778896040559 0.6447235107421875 6040
1778896041713 0.6478816986083984 6060
1778896042868 0.6474014282226562 6080
1778896044023 0.6433200836181641 6100
1778896045178 0.6489837646484375 6120
1778896046332 0.6459888458251953 6140
1778896047487 0.6426845550537109 6160
1778896048641 0.6431758880615235 6180
1778896049797 0.6453834533691406 6200
1778896050951 0.6448822021484375 6220
1778896052106 0.640566635131836 6240
1778896063987 0.6472930908203125 6260
1778896065142 0.6481754302978515 6280
1778896066297 0.6481136322021485 6300
1778896067452 0.6541454315185546 6320
1778896068607 0.6485164642333985 6340
1778896069762 0.6480960845947266 6360
1778896070919 0.6458858489990235 6380
1778896072074 0.646209716796875 6400
1778896073229 0.6465156555175782 6420
1778896074384 0.6441585540771484 6440
1778896075539 0.6460708618164063 6460
1778896076694 0.6486652374267579 6480
1778896077848 0.6529075622558593 6500
1778896089630 0.6447620391845703 6520
1778896090783 0.6494495391845703 6540
1778896091935 0.6454601287841797 6560
1778896093087 0.6481536865234375 6580
1778896094239 0.6448131561279297 6600
1778896095392 0.6473686218261718 6620
1778896096545 0.6471046447753906 6640
1778896097690 0.6426677703857422 6660
