1777380426941 0.017777777777777778 20
1777380435777 0.035555555555555556 40
1777380444752 0.05333333333333334 60
1777380453614 0.07111111111111111 80
1777380462466 0.08888888888888889 100
1777380471413 0.10666666666666667 120
1777380480214 0.12444444444444444 140
1777380489005 0.14222222222222222 160
1777380497952 0.16 180
1777380507064 0.17777777777777778 200
1777380516202 0.19555555555555557 220
1777380525099 0.21333333333333335 240
1777380534029 0.2311111111111111 260
1777380543049 0.24888888888888888 280
1777380552199 0.26666666666666666 300
1777380561140 0.28444444444444444 320
1777380570186 0.3022222222222222 340
1777380579064 0.32 360
1777380588119 0.3377777777777778 380
1777380597234 0.35555555555555557 400
1777380606289 0.37333333333333335 420
1777380615440 0.39111111111111113 440
1777380624592 0.4088888888888889 460
1777380633703 0.4266666666666667 480
1777380642920 0.4444444444444444 500
1777380651962 0.4622222222222222 520
1777380661259 0.48 540
1777380670200 0.49777777777777776 560
1777380679088 0.5155555555555555 580
1777380688069 0.5333333333333333 600
1777380697331 0.5511111111111111 620
1777380706231 0.5688888888888889 640
1777380715161 0.5866666666666667 660
1777380724014 0.6044444444444445 680
1777380733065 0.6222222222222222 700
1777380741929 0.64 720
1777380750904 0.6577777777777778 740
1777380759883 0.6755555555555556 760
1777380768756 0.6933333333333334 780
1777380777768 0.7111111111111111 800
1777380786779 0.7288888888888889 820
1777380795794 0.7466666666666667 840
1777380804806 0.7644444444444445 860
1777380813892 0.7822222222222223 880
1777380822807 0.8 900
1777380831906 0.8177777777777778 920
1777380840764 0.8355555555555556 940
1777380849856 0.8533333333333334 960
1777380858896 0.8711111111111111 980
1777380867824 0.8888888888888888 1000
1777380888017 0.8888888888888888 1000
1777380897005 0.9066666666666666 1020
1777380905859 0.9244444444444444 1040
1777380914912 0.9422222222222222 1060
1777380923959 0.96 1080
1777380932954 0.9777777777777777 1100
1777380941843 0.9955555555555555 1120
1777380950756 1.0133333333333334 1140
1777380959873 1.031111111111111 1160
1777380968833 1.048888888888889 1180
1777380977895 1.0666666666666667 1200
1777380986919 1.0844444444444445 1220
1777380995798 1.1022222222222222 1240
1777381004780 1.12 1260
1777381013744 1.1377777777777778 1280
1777381022677 1.1555555555555554 1300
1777381031506 1.1733333333333333 1320
1777381040289 1.1911111111111112 1340
1777381049426 1.208888888888889 1360
1777381058239 1.2266666666666666 1380
1777381067409 1.2444444444444445 1400
1777381076408 1.2622222222222224 1420
1777381085409 1.28 1440
1777381094245 1.2977777777777777 1460
1777381103272 1.3155555555555556 1480
1777381112144 1.3333333333333333 1500
1777381121039 1.3511111111111112 1520
1777381130121 1.3688888888888888 1540
1777381139097 1.3866666666666667 1560
1777381148109 1.4044444444444444 1580
1777381156941 1.4222222222222223 1600
1777381166095 1.44 1620
1777381175079 1.4577777777777778 1640
1777381184005 1.4755555555555555 1660
1777381192969 1.4933333333333334 1680
1777381201920 1.511111111111111 1700
1777381210812 1.528888888888889 1720
1777381219732 1.5466666666666666 1740
1777381228692 1.5644444444444443 1760
1777381237738 1.5822222222222222 1780
1777381246708 1.6 1800
1777381255778 1.6177777777777778 1820
1777381264819 1.6355555555555554 1840
1777381273792 1.6533333333333333 1860
1777381282788 1.6711111111111112 1880
1777381291890 1.6888888888888889 1900
1777381300885 1.7066666666666666 1920
1777381309799 1.7244444444444444 1940
1777381318762 1.7422222222222223 1960
1777381327531 1.76 1980
1777381336471 1.7777777777777777 2000
1777381355333 1.7777777777777777 2000
1777381366263 1.7955555555555556 2020
1777381375160 1.8133333333333335 2040
1777381384060 1.8311111111111111 2060
1777381392970 1.8488888888888888 2080
1777381401847 1.8666666666666667 2100
1777381410749 1.8844444444444446 2120
1777381419574 1.9022222222222223 2140
1777381428622 1.92 2160
1777381437490 1.9377777777777778 2180
1777381446373 1.9555555555555557 2200
1777381455258 1.9733333333333334 2220
1777381464230 1.991111111111111 2240
1777381472989 2.008888888888889 2260
1777381481851 2.026666666666667 2280
1777381490928 2.0444444444444443 2300
1777381499991 2.062222222222222 2320
1777381508919 2.08 2340
1777381517761 2.097777777777778 2360
1777381526959 2.1155555555555554 2380
1777381535930 2.1333333333333333 2400
1777381544792 2.151111111111111 2420
1777381553747 2.168888888888889 2440
1777381562663 2.1866666666666665 2460
1777381571666 2.2044444444444444 2480
1777381580471 2.2222222222222223 2500
1777381589417 2.24 2520
1777381598260 2.2577777777777777 2540
1777381607277 2.2755555555555556 2560
1777381616251 2.2933333333333334 2580
1777381625377 2.311111111111111 2600
1777381634287 2.328888888888889 2620
1777381643264 2.3466666666666667 2640
1777381652209 2.3644444444444446 2660
1777381661147 2.3822222222222225 2680
1777381670063 2.4 2700
1777381678916 2.417777777777778 2720
1777381687946 2.4355555555555557 2740
1777381697019 2.453333333333333 2760
1777381706046 2.471111111111111 2780
1777381715064 2.488888888888889 2800
1777381724107 2.506666666666667 2820
1777381733102 2.5244444444444447 2840
1777381741990 2.542222222222222 2860
1777381750989 2.56 2880
1777381760066 2.5777777777777775 2900
1777381768869 2.5955555555555554 2920
1777381777827 2.6133333333333333 2940
1777381786775 2.631111111111111 2960
1777381795793 2.648888888888889 2980
1777381804898 2.6666666666666665 3000
1777381823781 2.6666666666666665 3000
1777381832648 2.6844444444444444 3020
1777381841556 2.7022222222222223 3040
1777381850547 2.7199999999999998 3060
1777381859493 2.7377777777777776 3080
1777381868510 2.7555555555555555 3100
1777381877441 2.7733333333333334 3120
1777381886229 2.7911111111111113 3140
1777381895046 2.8088888888888888 3160
1777381904128 2.8266666666666667 3180
1777381913049 2.8444444444444446 3200
1777381922064 2.862222222222222 3220
1777381930918 2.88 3240
1777381939802 2.897777777777778 3260
1777381948711 2.9155555555555557 3280
1777381957706 2.9333333333333336 3300
1777381966828 2.951111111111111 3320
1777381975690 2.968888888888889 3340
1777381984572 2.986666666666667 3360
1777381993539 3.0044444444444443 3380
1777382002560 3.022222222222222 3400
1777382011527 3.04 3420
1777382020564 3.057777777777778 3440
1777382029274 3.0755555555555554 3460
1777382038314 3.0933333333333333 3480
1777382047183 3.111111111111111 3500
1777382056061 3.128888888888889 3520
1777382065030 3.1466666666666665 3540
1777382074038 3.1644444444444444 3560
1777382082828 3.1822222222222223 3580
1777382091645 3.2 3600
1777382100608 3.2177777777777776 3620
1777382109556 3.2355555555555555 3640
1777382118447 3.2533333333333334 3660
1777382127236 3.2711111111111113 3680
1777382136308 3.2888888888888888 3700
1777382145265 3.3066666666666666 3720
1777382154299 3.3244444444444445 3740
1777382163245 3.3422222222222224 3760
1777382172094 3.36 3780
1777382181211 3.3777777777777778 3800
1777382190056 3.3955555555555557 3820
1777382199049 3.413333333333333 3840
1777382208036 3.431111111111111 3860
1777382216925 3.448888888888889 3880
1777382225883 3.466666666666667 3900
1777382234878 3.4844444444444447 3920
1777382243812 3.502222222222222 3940
1777382252615 3.52 3960
1777382261822 3.537777777777778 3980
1777382270969 3.5555555555555554 4000
1777382289858 3.5555555555555554 4000
1777382300954 3.5733333333333333 4020
1777382309854 3.591111111111111 4040
1777382318765 3.608888888888889 4060
1777382327747 3.626666666666667 4080
1777382336620 3.6444444444444444 4100
1777382345509 3.6622222222222223 4120
1777382354496 3.68 4140
1777382363340 3.6977777777777776 4160
1777382372202 3.7155555555555555 4180
1777382381090 3.7333333333333334 4200
1777382390125 3.7511111111111113 4220
1777382399150 3.7688888888888887 4240
1777382408152 3.7866666666666666 4260
1777382417261 3.8044444444444445 4280
1777382426212 3.822222222222222 4300
1777382435088 3.84 4320
1777382444153 3.8577777777777778 4340
1777382453309 3.8755555555555556 4360
1777382462263 3.8933333333333335 4380
1777382471137 3.911111111111111 4400
1777382480127 3.928888888888889 4420
1777382489048 3.9466666666666668 4440
1777382498139 3.964444444444444 4460
1777382506923 3.982222222222222 4480
1777382515886 4.0 4500
1777382524746 4.017777777777778 4520
1777382533725 4.035555555555556 4540
1777382542852 4.053333333333334 4560
1777382551907 4.071111111111111 4580
1777382560812 4.088888888888889 4600
1777382569804 4.1066666666666665 4620
1777382578796 4.124444444444444 4640
1777382587770 4.142222222222222 4660
1777382596692 4.16 4680
1777382605624 4.177777777777778 4700
1777382614653 4.195555555555556 4720
1777382623834 4.213333333333333 4740
1777382632906 4.231111111111111 4760
1777382641807 4.248888888888889 4780
1777382650868 4.266666666666667 4800
1777382659873 4.2844444444444445 4820
1777382668788 4.302222222222222 4840
1777382677791 4.32 4860
1777382686829 4.337777777777778 4880
1777382695694 4.355555555555555 4900
1777382704819 4.373333333333333 4920
1777382713763 4.391111111111111 4940
1777382722728 4.408888888888889 4960
1777382731589 4.426666666666667 4980
1777382740313 4.444444444444445 5000
1777382759173 4.444444444444445 5000
1777382768114 4.4622222222222225 5020
1777382777116 4.48 5040
1777382786011 4.497777777777777 5060
1777382794857 4.515555555555555 5080
1777382803892 4.533333333333333 5100
1777382812797 4.551111111111111 5120
1777382821824 4.568888888888889 5140
1777382830853 4.586666666666667 5160
1777382839804 4.604444444444445 5180
1777382848753 4.622222222222222 5200
1777382857909 4.64 5220
1777382866896 4.657777777777778 5240
1777382875687 4.6755555555555555 5260
1777382884519 4.693333333333333 5280
1777382893530 4.711111111111111 5300
1777382902463 4.728888888888889 5320
1777382911369 4.746666666666667 5340
1777382920337 4.764444444444445 5360
1777382929556 4.782222222222222 5380
1777382938622 4.8 5400
1777382947535 4.817777777777778 5420
1777382956462 4.835555555555556 5440
1777382965315 4.8533333333333335 5460
1777382974375 4.871111111111111 5480
1777382983347 4.888888888888889 5500
1777382992535 4.906666666666666 5520
1777383001442 4.924444444444444 5540
1777383010518 4.942222222222222 5560
1777383019434 4.96 5580
1777383028202 4.977777777777778 5600
1777383037302 4.995555555555556 5620
1777383041546 5.0 5625
1777383060453 5.0 5625
1777383114375 5.0 0
