1777380426941 9.591474245115454e-07 20
1777380435777 1.97158081705151e-06 40
1777380444752 3.0373001776198937e-06 60
1777380453614 4.103019538188277e-06 80
1777380462466 5.168738898756661e-06 100
1777380471413 6.234458259325045e-06 120
1777380480214 7.300177619893428e-06 140
1777380489005 8.365896980461812e-06 160
1777380497952 9.431616341030195e-06 180
1777380507064 1.0497335701598579e-05 200
1777380516202 1.1563055062166963e-05 220
1777380525099 1.2628774422735347e-05 240
1777380534029 1.369449378330373e-05 260
1777380543049 1.4760213143872114e-05 280
1777380552199 1.58259325044405e-05 300
1777380561140 1.689165186500888e-05 320
1777380570186 1.7957371225577267e-05 340
1777380579064 1.9023090586145648e-05 360
1777380588119 2.0088809946714035e-05 380
1777380597234 2.1154529307282416e-05 400
1777380606289 2.22202486678508e-05 420
1777380615440 2.3285968028419185e-05 440
1777380624592 2.4351687388987566e-05 460
1777380633703 2.5417406749555953e-05 480
1777380642920 2.6483126110124334e-05 500
1777380651962 2.754884547069272e-05 520
1777380661259 2.8561278863232683e-05 540
1777380670200 2.9626998223801067e-05 560
1777380679088 2.9922955353615173e-05 580
1777380688069 2.9804425128407746e-05 600
1777380697331 2.9685894903200315e-05 620
1777380706231 2.956736467799289e-05 640
1777380715161 2.944883445278546e-05 660
1777380724014 2.9330304227578034e-05 680
1777380733065 2.9211774002370604e-05 700
1777380741929 2.9093243777163177e-05 720
1777380750904 2.897471355195575e-05 740
1777380759883 2.8856183326748323e-05 760
1777380768756 2.8737653101540896e-05 780
1777380777768 2.8619122876333466e-05 800
1777380786779 2.850059265112604e-05 820
1777380795794 2.838206242591861e-05 840
1777380804806 2.8263532200711185e-05 860
1777380813892 2.8145001975503754e-05 880
1777380822807 2.8026471750296324e-05 900
1777380831906 2.7907941525088897e-05 920
1777380840764 2.778941129988147e-05 940
1777380849856 2.7670881074674043e-05 960
1777380858896 2.7552350849466612e-05 980
1777380867824 2.7433820624259185e-05 1000
1777380897005 2.731529039905176e-05 1020
1777380905859 2.719676017384433e-05 1040
1777380914912 2.7078229948636904e-05 1060
1777380923959 2.6959699723429474e-05 1080
1777380932954 2.6841169498222047e-05 1100
1777380941843 2.672263927301462e-05 1120
1777380950756 2.6604109047807193e-05 1140
1777380959873 2.6485578822599766e-05 1160
1777380968833 2.6367048597392336e-05 1180
1777380977895 2.624851837218491e-05 1200
1777380986919 2.612998814697748e-05 1220
1777380995798 2.6011457921770055e-05 1240
1777381004780 2.5892927696562624e-05 1260
1777381013744 2.5774397471355194e-05 1280
1777381022677 2.5655867246147767e-05 1300
1777381031506 2.553733702094034e-05 1320
1777381040289 2.5418806795732913e-05 1340
1777381049426 2.5300276570525482e-05 1360
1777381058239 2.5181746345318055e-05 1380
1777381067409 2.506321612011063e-05 1400
1777381076408 2.49446858949032e-05 1420
1777381085409 2.482615566969577e-05 1440
1777381094245 2.4707625444488344e-05 1460
1777381103272 2.4589095219280917e-05 1480
1777381112144 2.447056499407349e-05 1500
1777381121039 2.4352034768866063e-05 1520
1777381130121 2.4233504543658633e-05 1540
1777381139097 2.4114974318451206e-05 1560
1777381148109 2.399644409324378e-05 1580
1777381156941 2.3877913868036352e-05 1600
1777381166095 2.3759383642828925e-05 1620
1777381175079 2.3640853417621494e-05 1640
1777381184005 2.3522323192414067e-05 1660
1777381192969 2.3403792967206637e-05 1680
1777381201920 2.328526274199921e-05 1700
1777381210812 2.316673251679178e-05 1720
1777381219732 2.3048202291584353e-05 1740
1777381228692 2.2929672066376926e-05 1760
1777381237738 2.28111418411695e-05 1780
1777381246708 2.269261161596207e-05 1800
1777381255778 2.257408139075464e-05 1820
1777381264819 2.2455551165547214e-05 1840
1777381273792 2.2337020940339787e-05 1860
1777381282788 2.221849071513236e-05 1880
1777381291890 2.2099960489924933e-05 1900
1777381300885 2.1981430264717503e-05 1920
1777381309799 2.1862900039510076e-05 1940
1777381318762 2.174436981430265e-05 1960
1777381327531 2.1625839589095222e-05 1980
1777381336471 2.150730936388779e-05 2000
1777381366263 2.1388779138680364e-05 2020
1777381375160 2.1270248913472937e-05 2040
1777381384060 2.115171868826551e-05 2060
1777381392970 2.1033188463058083e-05 2080
1777381401847 2.091465823785065e-05 2100
1777381410749 2.0796128012643223e-05 2120
1777381419574 2.0677597787435796e-05 2140
1777381428622 2.055906756222837e-05 2160
1777381437490 2.044053733702094e-05 2180
1777381446373 2.032200711181351e-05 2200
1777381455258 2.0203476886606084e-05 2220
1777381464230 2.0084946661398657e-05 2240
1777381472989 1.996641643619123e-05 2260
1777381481851 1.98478862109838e-05 2280
1777381490928 1.9729355985776373e-05 2300
1777381499991 1.9610825760568946e-05 2320
1777381508919 1.949229553536152e-05 2340
1777381517761 1.9373765310154092e-05 2360
1777381526959 1.925523508494666e-05 2380
1777381535930 1.9136704859739234e-05 2400
1777381544792 1.9018174634531807e-05 2420
1777381553747 1.889964440932438e-05 2440
1777381562663 1.878111418411695e-05 2460
1777381571666 1.8662583958909523e-05 2480
1777381580471 1.8544053733702093e-05 2500
1777381589417 1.8425523508494666e-05 2520
1777381598260 1.830699328328724e-05 2540
1777381607277 1.818846305807981e-05 2560
1777381616251 1.806993283287238e-05 2580
1777381625377 1.7951402607664954e-05 2600
1777381634287 1.7832872382457527e-05 2620
1777381643264 1.77143421572501e-05 2640
1777381652209 1.759581193204267e-05 2660
1777381661147 1.7477281706835243e-05 2680
1777381670063 1.7358751481627816e-05 2700
1777381678916 1.724022125642039e-05 2720
1777381687946 1.712169103121296e-05 2740
1777381697019 1.700316080600553e-05 2760
1777381706046 1.6884630580798105e-05 2780
1777381715064 1.6766100355590678e-05 2800
1777381724107 1.664757013038325e-05 2820
1777381733102 1.652903990517582e-05 2840
1777381741990 1.6410509679968393e-05 2860
1777381750989 1.6291979454760966e-05 2880
1777381760066 1.6173449229553536e-05 2900
1777381768869 1.605491900434611e-05 2920
1777381777827 1.593638877913868e-05 2940
1777381786775 1.581785855393125e-05 2960
1777381795793 1.5699328328723824e-05 2980
1777381804898 1.5580798103516397e-05 3000
1777381832648 1.5462267878308967e-05 3020
1777381841556 1.534373765310154e-05 3040
1777381850547 1.5225207427894113e-05 3060
1777381859493 1.5106677202686686e-05 3080
1777381868510 1.4988146977479257e-05 3100
1777381877441 1.486961675227183e-05 3120
1777381886229 1.4751086527064402e-05 3140
1777381895046 1.4632556301856975e-05 3160
1777381904128 1.4514026076649546e-05 3180
1777381913049 1.4395495851442117e-05 3200
1777381922064 1.427696562623469e-05 3220
1777381930918 1.4158435401027262e-05 3240
1777381939802 1.4039905175819835e-05 3260
1777381948711 1.3921374950612406e-05 3280
1777381957706 1.3802844725404979e-05 3300
1777381966828 1.368431450019755e-05 3320
1777381975690 1.3565784274990123e-05 3340
1777381984572 1.3447254049782696e-05 3360
1777381993539 1.3328723824575267e-05 3380
1777382002560 1.321019359936784e-05 3400
1777382011527 1.309166337416041e-05 3420
1777382020564 1.2973133148952983e-05 3440
1777382029274 1.2854602923745554e-05 3460
1777382038314 1.2736072698538127e-05 3480
1777382047183 1.26175424733307e-05 3500
1777382056061 1.2499012248123272e-05 3520
1777382065030 1.2380482022915845e-05 3540
1777382074038 1.2261951797708416e-05 3560
1777382082828 1.2143421572500989e-05 3580
1777382091645 1.202489134729356e-05 3600
1777382100608 1.1906361122086132e-05 3620
1777382109556 1.1787830896878705e-05 3640
1777382118447 1.1669300671671276e-05 3660
1777382127236 1.1550770446463849e-05 3680
1777382136308 1.143224022125642e-05 3700
1777382145265 1.1313709996048993e-05 3720
1777382154299 1.1195179770841565e-05 3740
1777382163245 1.1076649545634138e-05 3760
1777382172094 1.0958119320426709e-05 3780
1777382181211 1.0839589095219282e-05 3800
1777382190056 1.0721058870011853e-05 3820
1777382199049 1.0602528644804425e-05 3840
1777382208036 1.0483998419596998e-05 3860
1777382216925 1.0365468194389569e-05 3880
1777382225883 1.0246937969182142e-05 3900
1777382234878 1.0128407743974713e-05 3920
1777382243812 1.0009877518767286e-05 3940
1777382252615 9.891347293559859e-06 3960
1777382261822 9.77281706835243e-06 3980
1777382270969 9.654286843145003e-06 4000
1777382300954 9.535756617937573e-06 4020
1777382309854 9.417226392730146e-06 4040
1777382318765 9.298696167522717e-06 4060
1777382327747 9.18016594231529e-06 4080
1777382336620 9.061635717107863e-06 4100
1777382345509 8.943105491900435e-06 4120
1777382354496 8.824575266693008e-06 4140
1777382363340 8.706045041485579e-06 4160
1777382372202 8.587514816278152e-06 4180
1777382381090 8.468984591070723e-06 4200
1777382390125 8.350454365863295e-06 4220
1777382399150 8.231924140655868e-06 4240
1777382408152 8.113393915448439e-06 4260
1777382417261 7.994863690241012e-06 4280
1777382426212 7.876333465033583e-06 4300
1777382435088 7.757803239826156e-06 4320
1777382444153 7.639273014618728e-06 4340
1777382453309 7.5207427894113005e-06 4360
1777382462263 7.402212564203872e-06 4380
1777382471137 7.283682338996444e-06 4400
1777382480127 7.165152113789016e-06 4420
1777382489048 7.046621888581588e-06 4440
1777382498139 6.928091663374161e-06 4460
1777382506923 6.809561438166733e-06 4480
1777382515886 6.691031212959305e-06 4500
1777382524746 6.572500987751877e-06 4520
1777382533725 6.453970762544449e-06 4540
1777382542852 6.335440537337021e-06 4560
1777382551907 6.2169103121295925e-06 4580
1777382560812 6.0983800869221655e-06 4600
1777382569804 5.979849861714738e-06 4620
1777382578796 5.86131963650731e-06 4640
1777382587770 5.742789411299882e-06 4660
1777382596692 5.624259186092453e-06 4680
1777382605624 5.5057289608850254e-06 4700
1777382614653 5.387198735677598e-06 4720
1777382623834 5.268668510470171e-06 4740
1777382632906 5.150138285262743e-06 4760
1777382641807 5.031608060055314e-06 4780
1777382650868 4.913077834847886e-06 4800
1777382659873 4.794547609640458e-06 4820
1777382668788 4.6760173844330305e-06 4840
1777382677791 4.557487159225603e-06 4860
1777382686829 4.438956934018175e-06 4880
1777382695694 4.320426708810747e-06 4900
1777382704819 4.201896483603319e-06 4920
1777382713763 4.083366258395891e-06 4940
1777382722728 3.9648360331884634e-06 4960
1777382731589 3.846305807981035e-06 4980
1777382740313 3.7277755827736073e-06 5000
1777382768114 3.6092453575661795e-06 5020
1777382777116 3.4907151323587516e-06 5040
1777382786011 3.3721849071513234e-06 5060
1777382794857 3.253654681943896e-06 5080
1777382803892 3.1351244567364677e-06 5100
1777382812797 3.01659423152904e-06 5120
1777382821824 2.8980640063216124e-06 5140
1777382830853 2.779533781114184e-06 5160
1777382839804 2.6610035559067563e-06 5180
1777382848753 2.542473330699328e-06 5200
1777382857909 2.4239431054919006e-06 5220
1777382866896 2.3054128802844727e-06 5240
1777382875687 2.1868826550770445e-06 5260
1777382884519 2.068352429869617e-06 5280
1777382893530 1.9498222046621888e-06 5300
1777382902463 1.831291979454761e-06 5320
1777382911369 1.712761754247333e-06 5340
1777382920337 1.5942315290399052e-06 5360
1777382929556 1.4757013038324774e-06 5380
1777382938622 1.3571710786250493e-06 5400
1777382947535 1.2386408534176215e-06 5420
1777382956462 1.1201106282101934e-06 5440
1777382965315 1.0015804030027658e-06 5460
1777382974375 8.830501777953379e-07 5480
1777382983347 7.645199525879099e-07 5500
1777382992535 6.459897273804821e-07 5520
1777383001442 5.274595021730541e-07 5540
1777383010518 4.0892927696562626e-07 5560
1777383019434 2.9039905175819836e-07 5580
1777383028202 1.7186882655077043e-07 5600
1777383037302 5.333860134334255e-08 5620
