1777380426941 0.7012 20
1777380435777 0.6943 40
1777380444752 0.6963 60
1777380453614 0.6892 80
1777380462466 0.6898 100
1777380471413 0.6869 120
1777380480214 0.6915 140
1777380489005 0.6807 160
1777380497952 0.6942 180
1777380507064 0.6899 200
1777380516202 0.6932 220
1777380525099 0.6942 240
1777380534029 0.6996 260
1777380543049 0.6927 280
1777380552199 0.6947 300
1777380561140 0.6892 320
1777380570186 0.6797 340
1777380579064 0.6875 360
1777380588119 0.6927 380
1777380597234 0.6787 400
1777380606289 0.6995 420
1777380615440 0.6939 440
1777380624592 0.7003 460
1777380633703 0.6856 480
1777380642920 0.6874 500
1777380651962 0.7112 520
1777380661259 0.6902 540
1777380670200 0.7097 560
1777380679088 0.7126 580
1777380688069 0.6893 600
1777380697331 0.6958 620
1777380706231 0.6961 640
1777380715161 0.6926 660
1777380724014 0.6889 680
1777380733065 0.7024 700
1777380741929 0.6954 720
1777380750904 0.6951 740
1777380759883 0.6939 760
1777380768756 0.6951 780
1777380777768 0.6925 800
1777380786779 0.6993 820
1777380795794 0.6923 840
1777380804806 0.6871 860
1777380813892 0.6961 880
1777380822807 0.6968 900
1777380831906 0.695 920
1777380840764 0.6949 940
1777380849856 0.6899 960
1777380858896 0.7008 980
1777380867824 0.6949 1000
1777380897005 0.6904 1020
1777380905859 0.6928 1040
1777380914912 0.6927 1060
1777380923959 0.6934 1080
1777380932954 0.6938 1100
1777380941843 0.7014 1120
1777380950756 0.6956 1140
1777380959873 0.6906 1160
1777380968833 0.6877 1180
1777380977895 0.7037 1200
1777380986919 0.695 1220
1777380995798 0.6957 1240
1777381004780 0.6903 1260
1777381013744 0.6951 1280
1777381022677 0.6981 1300
1777381031506 0.6933 1320
1777381040289 0.6934 1340
1777381049426 0.6952 1360
1777381058239 0.6931 1380
1777381067409 0.6938 1400
1777381076408 0.69 1420
1777381085409 0.6635 1440
1777381094245 0.6998 1460
1777381103272 0.6982 1480
1777381112144 0.6931 1500
1777381121039 0.6966 1520
1777381130121 0.6951 1540
1777381139097 0.6849 1560
1777381148109 0.6968 1580
1777381156941 0.6888 1600
1777381166095 0.6935 1620
1777381175079 0.6925 1640
1777381184005 0.7021 1660
1777381192969 0.694 1680
1777381201920 0.6899 1700
1777381210812 0.6952 1720
1777381219732 0.702 1740
1777381228692 0.6917 1760
1777381237738 0.6904 1780
1777381246708 0.6897 1800
1777381255778 0.6856 1820
1777381264819 0.688 1840
1777381273792 0.677 1860
1777381282788 0.6775 1880
1777381291890 0.7007 1900
1777381300885 0.6979 1920
1777381309799 0.6947 1940
1777381318762 0.6803 1960
1777381327531 0.6982 1980
1777381336471 0.6984 2000
1777381366263 0.6933 2020
1777381375160 0.6898 2040
1777381384060 0.7002 2060
1777381392970 0.693 2080
1777381401847 0.695 2100
1777381410749 0.694 2120
1777381419574 0.6929 2140
1777381428622 0.6917 2160
1777381437490 0.696 2180
1777381446373 0.6903 2200
1777381455258 0.6946 2220
1777381464230 0.6959 2240
1777381472989 0.6934 2260
1777381481851 0.6906 2280
1777381490928 0.6899 2300
1777381499991 0.6814 2320
1777381508919 0.696 2340
1777381517761 0.6954 2360
1777381526959 0.6939 2380
1777381535930 0.6815 2400
1777381544792 0.6896 2420
1777381553747 0.6799 2440
1777381562663 0.7109 2460
1777381571666 0.6875 2480
1777381580471 0.6958 2500
1777381589417 0.6981 2520
1777381598260 0.6946 2540
1777381607277 0.6931 2560
1777381616251 0.6923 2580
1777381625377 0.6905 2600
1777381634287 0.6916 2620
1777381643264 0.6986 2640
1777381652209 0.6948 2660
1777381661147 0.6916 2680
1777381670063 0.6947 2700
1777381678916 0.6921 2720
1777381687946 0.6902 2740
1777381697019 0.6953 2760
1777381706046 0.6917 2780
1777381715064 0.6941 2800
1777381724107 0.6962 2820
1777381733102 0.6938 2840
1777381741990 0.6923 2860
1777381750989 0.6924 2880
1777381760066 0.6923 2900
1777381768869 0.6966 2920
1777381777827 0.6898 2940
1777381786775 0.6945 2960
1777381795793 0.6954 2980
1777381804898 0.6933 3000
1777381832648 0.6925 3020
1777381841556 0.6842 3040
1777381850547 0.6821 3060
1777381859493 0.683 3080
1777381868510 0.6809 3100
1777381877441 0.6861 3120
1777381886229 0.6976 3140
1777381895046 0.6893 3160
1777381904128 0.688 3180
1777381913049 0.6951 3200
1777381922064 0.6852 3220
1777381930918 0.6926 3240
1777381939802 0.6974 3260
1777381948711 0.6901 3280
1777381957706 0.6959 3300
1777381966828 0.6923 3320
1777381975690 0.6936 3340
1777381984572 0.6916 3360
1777381993539 0.6897 3380
1777382002560 0.6992 3400
1777382011527 0.6922 3420
1777382020564 0.6917 3440
1777382029274 0.6954 3460
1777382038314 0.692 3480
1777382047183 0.6919 3500
1777382056061 0.6931 3520
1777382065030 0.6875 3540
1777382074038 0.6947 3560
1777382082828 0.6947 3580
1777382091645 0.7 3600
1777382100608 0.6935 3620
1777382109556 0.6946 3640
1777382118447 0.6928 3660
1777382127236 0.6918 3680
1777382136308 0.6877 3700
1777382145265 0.6934 3720
1777382154299 0.6944 3740
1777382163245 0.6892 3760
1777382172094 0.6975 3780
1777382181211 0.6934 3800
1777382190056 0.6966 3820
1777382199049 0.6938 3840
1777382208036 0.6918 3860
1777382216925 0.6936 3880
1777382225883 0.6885 3900
1777382234878 0.6866 3920
1777382243812 0.6801 3940
1777382252615 0.6933 3960
1777382261822 0.6955 3980
1777382270969 0.68 4000
1777382300954 0.6957 4020
1777382309854 0.6912 4040
1777382318765 0.6902 4060
1777382327747 0.6778 4080
1777382336620 0.6924 4100
1777382345509 0.702 4120
1777382354496 0.6869 4140
1777382363340 0.7019 4160
1777382372202 0.6926 4180
1777382381090 0.6922 4200
1777382390125 0.6941 4220
1777382399150 0.6831 4240
1777382408152 0.6883 4260
1777382417261 0.6998 4280
1777382426212 0.6937 4300
1777382435088 0.6806 4320
1777382444153 0.6806 4340
1777382453309 0.6844 4360
1777382462263 0.7041 4380
1777382471137 0.7017 4400
1777382480127 0.6884 4420
1777382489048 0.6814 4440
1777382498139 0.6973 4460
1777382506923 0.6978 4480
1777382515886 0.6829 4500
1777382524746 0.6802 4520
1777382533725 0.7029 4540
1777382542852 0.683 4560
1777382551907 0.6957 4580
1777382560812 0.698 4600
1777382569804 0.6943 4620
1777382578796 0.6923 4640
1777382587770 0.6867 4660
1777382596692 0.6926 4680
1777382605624 0.6936 4700
1777382614653 0.6958 4720
1777382623834 0.6857 4740
1777382632906 0.6977 4760
1777382641807 0.6973 4780
1777382650868 0.6923 4800
1777382659873 0.6866 4820
1777382668788 0.6977 4840
1777382677791 0.6944 4860
1777382686829 0.689 4880
1777382695694 0.6941 4900
1777382704819 0.6958 4920
1777382713763 0.6923 4940
1777382722728 0.691 4960
1777382731589 0.6845 4980
1777382740313 0.6971 5000
1777382768114 0.6888 5020
1777382777116 0.7001 5040
1777382786011 0.6909 5060
1777382794857 0.6883 5080
1777382803892 0.6914 5100
1777382812797 0.69 5120
1777382821824 0.6947 5140
1777382830853 0.695 5160
1777382839804 0.6925 5180
1777382848753 0.6924 5200
1777382857909 0.6851 5220
1777382866896 0.6881 5240
1777382875687 0.6893 5260
1777382884519 0.6882 5280
1777382893530 0.6925 5300
1777382902463 0.6929 5320
1777382911369 0.6948 5340
1777382920337 0.692 5360
1777382929556 0.691 5380
1777382938622 0.6922 5400
1777382947535 0.6885 5420
1777382956462 0.6871 5440
1777382965315 0.694 5460
1777382974375 0.68 5480
1777382983347 0.6871 5500
1777382992535 0.6896 5520
1777383001442 0.6872 5540
1777383010518 0.6999 5560
1777383019434 0.6782 5580
1777383028202 0.6879 5600
1777383037302 0.696 5620
