1778837352471 0.015015015015015015 20
1778837358319 0.03003003003003003 40
1778837364170 0.04504504504504504 60
1778837370023 0.06006006006006006 80
1778837375877 0.07507507507507508 100
1778837381731 0.09009009009009009 120
1778837387587 0.10510510510510511 140
1778837393444 0.12012012012012012 160
1778837399299 0.13513513513513514 180
1778837405156 0.15015015015015015 200
1778837411014 0.16516516516516516 220
1778837416872 0.18018018018018017 240
1778837463706 0.18768768768768768 250
1778837480822 0.19519519519519518 260
1778837486686 0.21021021021021022 280
1778837492556 0.22522522522522523 300
1778837498430 0.24024024024024024 320
1778837504306 0.2552552552552553 340
1778837510182 0.2702702702702703 360
1778837516058 0.2852852852852853 380
1778837521933 0.3003003003003003 400
1778837527809 0.3153153153153153 420
1778837533686 0.3303303303303303 440
1778837539558 0.34534534534534533 460
1778837545428 0.36036036036036034 480
1778837551292 0.37537537537537535 500
1778837595187 0.37537537537537535 500
1778837615566 0.39039039039039036 520
1778837621410 0.40540540540540543 540
1778837627260 0.42042042042042044 560
1778837633115 0.43543543543543545 580
1778837638973 0.45045045045045046 600
1778837644831 0.46546546546546547 620
1778837650690 0.4804804804804805 640
1778837656548 0.4954954954954955 660
1778837662408 0.5105105105105106 680
1778837668268 0.5255255255255256 700
1778837674127 0.5405405405405406 720
1778837679987 0.5555555555555556 740
1778837726821 0.5630630630630631 750
1778837742679 0.5705705705705706 760
1778837748527 0.5855855855855856 780
1778837754381 0.6006006006006006 800
1778837760239 0.6156156156156156 820
1778837766097 0.6306306306306306 840
1778837771958 0.6456456456456456 860
1778837777819 0.6606606606606606 880
1778837783680 0.6756756756756757 900
1778837789541 0.6906906906906907 920
1778837795402 0.7057057057057057 940
1778837801263 0.7207207207207207 960
1778837807126 0.7357357357357357 980
1778837812989 0.7507507507507507 1000
1778837856921 0.7507507507507507 1000
1778837878091 0.7657657657657657 1020
1778837883938 0.7807807807807807 1040
1778837889792 0.7957957957957958 1060
1778837895649 0.8108108108108109 1080
1778837901508 0.8258258258258259 1100
1778837907368 0.8408408408408409 1120
1778837913228 0.8558558558558559 1140
1778837919089 0.8708708708708709 1160
1778837924951 0.8858858858858859 1180
1778837930814 0.9009009009009009 1200
1778837936676 0.9159159159159159 1220
1778837942539 0.9309309309309309 1240
1778837989397 0.9384384384384384 1250
1778838005643 0.9459459459459459 1260
1778838011496 0.960960960960961 1280
1778838017351 0.975975975975976 1300
1778838023210 0.990990990990991 1320
1778838029036 1.006006006006006 1340
1778838034897 1.021021021021021 1360
1778838040761 1.0360360360360361 1380
1778838046624 1.0510510510510511 1400
1778838052489 1.0660660660660661 1420
1778838058354 1.0810810810810811 1440
1778838064219 1.0960960960960962 1460
1778838070085 1.1111111111111112 1480
1778838075950 1.1261261261261262 1500
1778838119906 1.1261261261261262 1500
1778838139952 1.1411411411411412 1520
1778838145806 1.1561561561561562 1540
1778838151667 1.1711711711711712 1560
1778838157530 1.1861861861861862 1580
1778838163392 1.2012012012012012 1600
1778838169256 1.2162162162162162 1620
1778838175120 1.2312312312312312 1640
1778838180986 1.2462462462462462 1660
1778838186852 1.2612612612612613 1680
1778838192719 1.2762762762762763 1700
1778838198585 1.2912912912912913 1720
1778838204450 1.3063063063063063 1740
1778838251333 1.3138138138138138 1750
1778838268937 1.3213213213213213 1760
1778838274789 1.3363363363363363 1780
1778838280644 1.3513513513513513 1800
1778838286505 1.3663663663663663 1820
1778838292365 1.3813813813813813 1840
1778838298227 1.3963963963963963 1860
1778838304090 1.4114114114114114 1880
1778838309955 1.4264264264264264 1900
1778838315820 1.4414414414414414 1920
1778838321686 1.4564564564564564 1940
1778838327551 1.4714714714714714 1960
1778838333416 1.4864864864864864 1980
1778838339281 1.5015015015015014 2000
1778838383226 1.5015015015015014 2000
1778838404605 1.5165165165165164 2020
1778838410454 1.5315315315315314 2040
1778838416310 1.5465465465465464 2060
1778838422171 1.5615615615615615 2080
1778838428031 1.5765765765765765 2100
1778838433893 1.5915915915915915 2120
1778838439755 1.6066066066066065 2140
1778838445618 1.6216216216216215 2160
1778838451482 1.6366366366366365 2180
1778838457347 1.6516516516516515 2200
1778838463212 1.6666666666666665 2220
1778838469077 1.6816816816816815 2240
1778838515951 1.689189189189189 2250
1778838533566 1.6966966966966965 2260
1778838539429 1.7117117117117115 2280
1778838545305 1.7267267267267268 2300
1778838551182 1.7417417417417418 2320
1778838557061 1.7567567567567568 2340
1778838562933 1.7717717717717718 2360
1778838568805 1.7867867867867868 2380
1778838574676 1.8018018018018018 2400
1778838580548 1.8168168168168168 2420
1778838586418 1.8318318318318318 2440
1778838592285 1.8468468468468469 2460
1778838598155 1.8618618618618619 2480
1778838604028 1.8768768768768769 2500
1778838647966 1.8768768768768769 2500
1778838666626 1.8918918918918919 2520
1778838672491 1.906906906906907 2540
1778838678359 1.921921921921922 2560
1778838684231 1.936936936936937 2580
1778838690100 1.951951951951952 2600
1778838695968 1.966966966966967 2620
1778838701847 1.981981981981982 2640
1778838707725 1.996996996996997 2660
1778838713567 2.012012012012012 2680
1778838719442 2.027027027027027 2700
1778838725317 2.042042042042042 2720
1778838731192 2.057057057057057 2740
1778838778082 2.0645645645645647 2750
1778838794967 2.0720720720720722 2760
1778838800832 2.0870870870870872 2780
1778838806699 2.1021021021021022 2800
1778838812571 2.1171171171171173 2820
1778838818443 2.1321321321321323 2840
1778838824315 2.1471471471471473 2860
1778838830189 2.1621621621621623 2880
1778838836063 2.1771771771771773 2900
1778838841934 2.1921921921921923 2920
1778838847806 2.2072072072072073 2940
1778838853682 2.2222222222222223 2960
1778838859558 2.2372372372372373 2980
1778838865433 2.2522522522522523 3000
1778838909388 2.2522522522522523 3000
1778838929324 2.2672672672672673 3020
1778838935187 2.2822822822822824 3040
1778838941052 2.2972972972972974 3060
1778838946920 2.3123123123123124 3080
1778838952795 2.3273273273273274 3100
1778838958670 2.3423423423423424 3120
1778838964544 2.3573573573573574 3140
1778838970419 2.3723723723723724 3160
1778838976293 2.3873873873873874 3180
1778838982167 2.4024024024024024 3200
1778838988039 2.4174174174174174 3220
1778838993907 2.4324324324324325 3240
1778839040785 2.43993993993994 3250
1778839057867 2.4474474474474475 3260
1778839063726 2.4624624624624625 3280
1778839069574 2.4774774774774775 3300
1778839075424 2.4924924924924925 3320
1778839081278 2.5075075075075075 3340
1778839087130 2.5225225225225225 3360
1778839092986 2.5375375375375375 3380
1778839098841 2.5525525525525525 3400
1778839104698 2.5675675675675675 3420
1778839110555 2.5825825825825826 3440
1778839116413 2.5975975975975976 3460
1778839122271 2.6126126126126126 3480
1778839128130 2.6276276276276276 3500
