1778302812674 1.1069557666778564 20
1778302828871 0.906099796295166 40
1778302844876 0.8593255877494812 60
1778302861015 0.727961540222168 80
1778302877045 0.7314568161964417 100
1778302893296 0.9317526817321777 120
1778302909127 1.222797155380249 140
1778302924914 2.0409889221191406 160
1778302941256 2.314526319503784 180
1778302957260 1.5662059783935547 200
1778302973403 1.0077407360076904 220
1778302989484 2.355450391769409 240
1778303020797 2.4726829528808594 260
1778303037240 1.4988350868225098 280
1778303053186 0.8579933643341064 300
1778303069659 0.7447190880775452 320
1778303085577 1.256048321723938 340
1778303101317 1.5984904766082764 360
1778303117540 0.818615734577179 380
1778303133375 0.6911866664886475 400
1778303149644 1.1519170999526978 420
1778303165587 1.836280345916748 440
1778303181701 1.666428565979004 460
1778303197811 0.9340057373046875 480
1778303214016 1.1944034099578857 500
1778303245316 1.1587246656417847 520
1778303261408 1.1612775325775146 540
1778303277447 0.9845204949378967 560
1778303293292 2.314883232116699 580
1778303309934 1.0660290718078613 600
1778303325738 1.0413837432861328 620
1778303341665 1.1893036365509033 640
1778303357873 1.9882441759109497 660
1778303373938 2.220366954803467 680
1778303390112 1.2706174850463867 700
1778303406195 1.119147539138794 720
1778303422138 1.0858378410339355 740
1778303453891 1.2893022298812866 760
1778303470008 1.3200613260269165 780
1778303486231 1.254050850868225 800
1778303502201 1.0264376401901245 820
1778303518722 1.177065134048462 840
1778303534500 1.833552360534668 860
1778303550534 0.9362194538116455 880
1778303566401 2.791557788848877 900
1778303582206 1.163718819618225 920
1778303597976 1.2729547023773193 940
1778303614058 1.1636470556259155 960
1778303629707 1.2892260551452637 980
1778303645314 1.185619592666626 1000
1778303676139 1.6200984716415405 1020
1778303692399 1.3381444215774536 1040
1778303708056 1.3150739669799805 1060
1778303724019 1.8324390649795532 1080
1778303739731 1.1037062406539917 1100
1778303755689 3.2328341007232666 1120
1778303771852 1.0974059104919434 1140
1778303787942 1.6850334405899048 1160
1778303803865 0.9698517322540283 1180
1778303819957 1.5788309574127197 1200
1778303835644 1.6844333410263062 1220
1778303851889 3.1531014442443848 1240
1778303883215 1.083438515663147 1260
1778303898916 1.5516939163208008 1280
1778303915300 0.9343225955963135 1300
1778303931077 1.5362597703933716 1320
1778303947246 1.942123293876648 1340
1778303963316 1.6886539459228516 1360
1778303978762 2.2058849334716797 1380
1778303994824 1.521512746810913 1400
1778304010845 1.5244605541229248 1420
1778304027049 1.3763487339019775 1440
1778304043282 1.3327710628509521 1460
1778304059055 1.6335203647613525 1480
1778304075501 1.9337528944015503 1500
1778304106699 1.2693971395492554 1520
1778304122550 1.2724559307098389 1540
1778304138527 2.1257052421569824 1560
1778304154365 1.3320749998092651 1580
1778304170507 1.6308131217956543 1600
1778304186510 1.5958062410354614 1620
1778304202339 2.249950885772705 1640
1778304218561 1.3194628953933716 1660
1778304234678 2.1387696266174316 1680
1778304250767 1.2936261892318726 1700
1778304266474 3.3605144023895264 1720
1778304282364 1.6761528253555298 1740
1778304313441 1.5287272930145264 1760
1778304329254 1.8506916761398315 1780
1778304345415 1.6063270568847656 1800
1778304361636 1.6706516742706299 1820
1778304377448 1.9485654830932617 1840
1778304393741 0.9151926040649414 1860
1778304409550 1.3183104991912842 1880
1778304425418 2.1957759857177734 1900
1778304441469 1.5489646196365356 1920
1778304457441 1.5265384912490845 1940
1778304473532 1.5122860670089722 1960
1778304489538 1.478484869003296 1980
1778304505005 1.6575796604156494 2000
1778304535793 1.351723074913025 2020
1778304551827 1.1375430822372437 2040
1778304567588 1.787399172782898 2060
1778304583618 1.6365069150924683 2080
1778304599484 1.4322651624679565 2100
1778304615596 1.4931612014770508 2120
1778304631473 2.320957660675049 2140
1778304647526 1.614043951034546 2160
1778304663263 2.8170735836029053 2180
1778304679442 1.9217755794525146 2200
1778304695244 2.369194984436035 2220
1778304711412 1.9081923961639404 2240
1778304742049 2.3516173362731934 2260
1778304757858 2.183361053466797 2280
1778304774052 1.8549875020980835 2300
1778304789664 1.5880776643753052 2320
1778304805585 1.7117807865142822 2340
1778304821805 1.693448781967163 2360
1778304837629 2.8002123832702637 2380
1778304853713 1.4690302610397339 2400
1778304869681 1.8806694746017456 2420
1778304885886 1.6829373836517334 2440
1778304901539 1.353390097618103 2460
1778304917441 1.8470317125320435 2480
1778304933274 1.9963319301605225 2500
1778304964060 1.2995131015777588 2520
1778304979552 2.851618766784668 2540
1778304994953 1.7149286270141602 2560
1778305010465 4.49445915222168 2580
1778305025893 3.6183762550354004 2600
1778305041641 1.2692644596099854 2620
1778305056983 2.0186493396759033 2640
1778305072570 1.74049973487854 2660
