1778302812674 0.6981 20
1778302828871 0.677 40
1778302844876 0.6363 60
1778302861015 0.5855 80
1778302877045 0.5516 100
1778302893296 0.4908 120
1778302909127 0.4808 140
1778302924914 0.4402 160
1778302941256 0.4675 180
1778302957260 0.4439 200
1778302973403 0.4522 220
1778302989484 0.4415 240
1778303020797 0.4523 260
1778303037240 0.4324 280
1778303053186 0.4024 300
1778303069659 0.4229 320
1778303085577 0.4263 340
1778303101317 0.4192 360
1778303117540 0.4115 380
1778303133375 0.3904 400
1778303149644 0.3993 420
1778303165587 0.3966 440
1778303181701 0.434 460
1778303197811 0.3779 480
1778303214016 0.3941 500
1778303245316 0.4205 520
1778303261408 0.4069 540
1778303277447 0.3946 560
1778303293292 0.3861 580
1778303309934 0.3996 600
1778303325738 0.3967 620
1778303341665 0.4092 640
1778303357873 0.3821 660
1778303373938 0.3809 680
1778303390112 0.3757 700
1778303406195 0.3577 720
1778303422138 0.3553 740
1778303453891 0.3803 760
1778303470008 0.383 780
1778303486231 0.3435 800
1778303502201 0.3697 820
1778303518722 0.3451 840
1778303534500 0.3696 860
1778303550534 0.371 880
1778303566401 0.3574 900
1778303582206 0.3454 920
1778303597976 0.3585 940
1778303614058 0.3467 960
1778303629707 0.3582 980
1778303645314 0.3382 1000
1778303676139 0.3751 1020
1778303692399 0.3308 1040
1778303708056 0.3351 1060
1778303724019 0.353 1080
1778303739731 0.3327 1100
1778303755689 0.3604 1120
1778303771852 0.3556 1140
1778303787942 0.3884 1160
1778303803865 0.3374 1180
1778303819957 0.3457 1200
1778303835644 0.3315 1220
1778303851889 0.3716 1240
1778303883215 0.3402 1260
1778303898916 0.3526 1280
1778303915300 0.3551 1300
1778303931077 0.3373 1320
1778303947246 0.3388 1340
1778303963316 0.3364 1360
1778303978762 0.3395 1380
1778303994824 0.3117 1400
1778304010845 0.3166 1420
1778304027049 0.3736 1440
1778304043282 0.3453 1460
1778304059055 0.3088 1480
1778304075501 0.3099 1500
1778304106699 0.2955 1520
1778304122550 0.3325 1540
1778304138527 0.33 1560
1778304154365 0.3495 1580
1778304170507 0.3104 1600
1778304186510 0.3433 1620
1778304202339 0.2987 1640
1778304218561 0.2975 1660
1778304234678 0.329 1680
1778304250767 0.3116 1700
1778304266474 0.336 1720
1778304282364 0.3232 1740
1778304313441 0.3262 1760
1778304329254 0.3373 1780
1778304345415 0.3206 1800
1778304361636 0.3257 1820
1778304377448 0.3201 1840
1778304393741 0.3118 1860
1778304409550 0.3202 1880
1778304425418 0.3284 1900
1778304441469 0.3167 1920
1778304457441 0.316 1940
1778304473532 0.3121 1960
1778304489538 0.3113 1980
1778304505005 0.3138 2000
1778304535793 0.3217 2020
1778304551827 0.3033 2040
1778304567588 0.2966 2060
1778304583618 0.3067 2080
1778304599484 0.2888 2100
1778304615596 0.2982 2120
1778304631473 0.3081 2140
1778304647526 0.2843 2160
1778304663263 0.3033 2180
1778304679442 0.3291 2200
1778304695244 0.2862 2220
1778304711412 0.3065 2240
1778304742049 0.2838 2260
1778304757858 0.2961 2280
1778304774052 0.3026 2300
1778304789664 0.2986 2320
1778304805585 0.3068 2340
1778304821805 0.2987 2360
1778304837629 0.3038 2380
1778304853713 0.3521 2400
1778304869681 0.3179 2420
1778304885886 0.2896 2440
1778304901539 0.3113 2460
1778304917441 0.3054 2480
1778304933274 0.324 2500
1778304964060 0.3074 2520
1778304979552 0.2895 2540
1778304994953 0.2872 2560
1778305010465 0.3074 2580
1778305025893 0.2936 2600
1778305041641 0.2892 2620
1778305056983 0.2997 2640
1778305072570 0.3084 2660
