1778761550370 0.028050490883590462 20
1778761551278 0.056100981767180924 40
1778761552188 0.08415147265077139 60
1778761553096 0.11220196353436185 80
1778761554004 0.1402524544179523 100
1778761554912 0.16830294530154277 120
1778761555822 0.19635343618513323 140
1778761556731 0.2244039270687237 160
1778761557641 0.25245441795231416 180
1778761558550 0.2805049088359046 200
1778761559460 0.3085553997194951 220
1778761560369 0.33660589060308554 240
1778761563809 0.3506311360448808 250
1778761566303 0.364656381486676 260
1778761567212 0.39270687237026647 280
1778761568122 0.42075736325385693 300
1778761569031 0.4488078541374474 320
1778761569940 0.47685834502103785 340
1778761570848 0.5049088359046283 360
1778761571759 0.5329593267882188 380
1778761572671 0.5610098176718092 400
1778761573583 0.5890603085553997 420
1778761574495 0.6171107994389902 440
1778761575407 0.6451612903225806 460
1778761576319 0.6732117812061711 480
1778761577230 0.7012622720897616 500
1778761580235 0.7012622720897616 500
1778761583406 0.729312762973352 520
1778761584315 0.7573632538569425 540
1778761585225 0.7854137447405329 560
1778761586134 0.8134642356241234 580
1778761587046 0.8415147265077139 600
1778761587960 0.8695652173913043 620
1778761588872 0.8976157082748948 640
1778761589785 0.9256661991584852 660
1778761590697 0.9537166900420757 680
1778761591608 0.9817671809256662 700
1778761592513 1.0098176718092566 720
1778761593425 1.0378681626928472 740
1778761596873 1.0518934081346423 750
1778761599647 1.0659186535764376 760
1778761600560 1.0939691444600281 780
1778761601473 1.1220196353436185 800
1778761602385 1.150070126227209 820
1778761603297 1.1781206171107994 840
1778761604209 1.20617110799439 860
1778761605122 1.2342215988779803 880
1778761606035 1.262272089761571 900
1778761606948 1.2903225806451613 920
1778761607860 1.3183730715287518 940
1778761608774 1.3464235624123422 960
1778761609688 1.3744740532959328 980
1778761610601 1.402524544179523 1000
1778761613591 1.402524544179523 1000
1778761616608 1.4305750350631137 1020
1778761617520 1.458625525946704 1040
1778761618431 1.4866760168302946 1060
1778761619343 1.514726507713885 1080
1778761620255 1.5427769985974753 1100
1778761621166 1.5708274894810659 1120
1778761622078 1.5988779803646564 1140
1778761622989 1.6269284712482468 1160
1778761623901 1.6549789621318372 1180
1778761624812 1.6830294530154277 1200
1778761625723 1.7110799438990183 1220
1778761626635 1.7391304347826086 1240
1778761630086 1.753155680224404 1250
1778761632888 1.767180925666199 1260
1778761633801 1.7952314165497896 1280
1778761634715 1.8232819074333801 1300
1778761635627 1.8513323983169705 1320
1778761636539 1.8793828892005608 1340
1778761637452 1.9074333800841514 1360
1778761638364 1.935483870967742 1380
1778761639276 1.9635343618513323 1400
1778761640189 1.9915848527349227 1420
1778761641093 2.0196353436185133 1440
1778761642005 2.047685834502104 1460
1778761642917 2.0757363253856944 1480
1778761643829 2.1037868162692845 1500
1778761646820 2.1037868162692845 1500
1778761650115 2.131837307152875 1520
1778761651027 2.1598877980364657 1540
1778761651941 2.1879382889200563 1560
1778761652854 2.2159887798036464 1580
1778761653767 2.244039270687237 1600
1778761654680 2.2720897615708275 1620
1778761655592 2.300140252454418 1640
1778761656505 2.3281907433380082 1660
1778761657417 2.356241234221599 1680
1778761658330 2.3842917251051894 1700
1778761659242 2.41234221598878 1720
1778761660154 2.44039270687237 1740
1778761663608 2.4544179523141656 1750
1778761666383 2.4684431977559607 1760
1778761667295 2.4964936886395512 1780
1778761668208 2.524544179523142 1800
1778761669121 2.552594670406732 1820
1778761670034 2.5806451612903225 1840
1778761670946 2.608695652173913 1860
1778761671858 2.6367461430575037 1880
1778761672772 2.6647966339410942 1900
1778761673685 2.6928471248246844 1920
1778761674597 2.720897615708275 1940
1778761675510 2.7489481065918655 1960
1778761676423 2.7769985974754556 1980
1778761677337 2.805049088359046 2000
1778761680331 2.805049088359046 2000
1778761683531 2.833099579242637 2020
1778761684443 2.8611500701262274 2040
1778761685355 2.889200561009818 2060
1778761686268 2.917251051893408 2080
1778761687180 2.9453015427769986 2100
1778761688093 2.973352033660589 2120
1778761688998 3.0014025245441793 2140
1778761689910 3.02945301542777 2160
1778761690823 3.0575035063113605 2180
1778761691736 3.085553997194951 2200
1778761692649 3.113604488078541 2220
1778761693562 3.1416549789621318 2240
1778761697020 3.1556802244039273 2250
1778761700016 3.1697054698457223 2260
1778761700929 3.197755960729313 2280
1778761701841 3.225806451612903 2300
1778761702754 3.2538569424964936 2320
1778761703666 3.281907433380084 2340
1778761704580 3.3099579242636747 2360
1778761705494 3.3380084151472653 2380
1778761706407 3.3660589060308554 2400
1778761707319 3.394109396914446 2420
1778761708233 3.4221598877980366 2440
1778761709145 3.4502103786816267 2460
1778761710058 3.4782608695652173 2480
1778761710970 3.506311360448808 2500
1778761713965 3.506311360448808 2500
1778761716955 3.5343618513323984 2520
1778761717869 3.562412342215989 2540
1778761718783 3.590462833099579 2560
1778761719695 3.6185133239831697 2580
1778761720607 3.6465638148667603 2600
1778761721519 3.6746143057503504 2620
1778761722431 3.702664796633941 2640
1778761723346 3.7307152875175316 2660
1778761724259 3.758765778401122 2680
1778761725173 3.7868162692847127 2700
1778761726085 3.814866760168303 2720
1778761726998 3.8429172510518934 2740
1778761730451 3.8569424964936885 2750
1778761733169 3.870967741935484 2760
1778761734083 3.899018232819074 2780
1778761734995 3.9270687237026647 2800
1778761735907 3.9551192145862553 2820
1778761736820 3.983169705469846 2840
1778761737725 4.011220196353436 2860
1778761738638 4.0392706872370265 2880
1778761739551 4.067321178120617 2900
1778761740464 4.095371669004208 2920
1778761741377 4.123422159887798 2940
1778761742290 4.151472650771389 2960
1778761743202 4.179523141654979 2980
1778761744115 4.207573632538569 3000
1778761747117 4.207573632538569 3000
1778761750554 4.23562412342216 3020
1778761751468 4.26367461430575 3040
1778761752382 4.291725105189341 3060
1778761753295 4.319775596072931 3080
1778761754208 4.3478260869565215 3100
1778761755121 4.3758765778401125 3120
1778761756034 4.403927068723703 3140
1778761756947 4.431977559607293 3160
1778761757862 4.460028050490884 3180
1778761758776 4.488078541374474 3200
1778761759690 4.516129032258064 3220
1778761760604 4.544179523141655 3240
1778761764056 4.55820476858345 3250
1778761766612 4.572230014025245 3260
1778761767526 4.600280504908836 3280
1778761768439 4.628330995792426 3300
1778761769352 4.6563814866760165 3320
1778761770264 4.6844319775596075 3340
1778761771177 4.712482468443198 3360
1778761772090 4.740532959326789 3380
1778761773004 4.768583450210379 3400
1778761773918 4.796633941093969 3420
1778761774832 4.82468443197756 3440
1778761775745 4.85273492286115 3460
1778761776658 4.88078541374474 3480
1778761777571 4.908835904628331 3500
1778761780585 4.908835904628331 3500
1778761783818 4.936886395511921 3520
1778761784731 4.9649368863955115 3540
1778761785643 4.9929873772791025 3560
1778761788582 5.0 3565
1778761791836 5.0 3565
1778761795571 5.0 3565
1778761801406 5.0 0
