1778761550370 0.698 20
1778761551278 0.697 40
1778761552188 0.6863 60
1778761553096 0.6928 80
1778761554004 0.6798 100
1778761554912 0.6894 120
1778761555822 0.6778 140
1778761556731 0.6885 160
1778761557641 0.6855 180
1778761558550 0.6729 200
1778761559460 0.6729 220
1778761560369 0.6724 240
1778761566303 0.6759 260
1778761567212 0.6783 280
1778761568122 0.6827 300
1778761569031 0.6721 320
1778761569940 0.6627 340
1778761570848 0.666 360
1778761571759 0.6743 380
1778761572671 0.665 400
1778761573583 0.6646 420
1778761574495 0.6657 440
1778761575407 0.67 460
1778761576319 0.6528 480
1778761577230 0.6791 500
1778761583406 0.6623 520
1778761584315 0.6728 540
1778761585225 0.6581 560
1778761586134 0.6528 580
1778761587046 0.6645 600
1778761587960 0.654 620
1778761588872 0.6681 640
1778761589785 0.6673 660
1778761590697 0.6539 680
1778761591608 0.6778 700
1778761592513 0.6675 720
1778761593425 0.6488 740
1778761599647 0.6539 760
1778761600560 0.6585 780
1778761601473 0.6618 800
1778761602385 0.6457 820
1778761603297 0.6756 840
1778761604209 0.6684 860
1778761605122 0.658 880
1778761606035 0.6604 900
1778761606948 0.663 920
1778761607860 0.66 940
1778761608774 0.6422 960
1778761609688 0.664 980
1778761610601 0.6404 1000
1778761616608 0.6674 1020
1778761617520 0.6431 1040
1778761618431 0.6541 1060
1778761619343 0.6512 1080
1778761620255 0.6531 1100
1778761621166 0.666 1120
1778761622078 0.6695 1140
1778761622989 0.6366 1160
1778761623901 0.6662 1180
1778761624812 0.6617 1200
1778761625723 0.6679 1220
1778761626635 0.6563 1240
1778761632888 0.6481 1260
1778761633801 0.6705 1280
1778761634715 0.6639 1300
1778761635627 0.661 1320
1778761636539 0.6583 1340
1778761637452 0.6508 1360
1778761638364 0.6653 1380
1778761639276 0.6634 1400
1778761640189 0.6672 1420
1778761641093 0.6517 1440
1778761642005 0.6563 1460
1778761642917 0.6454 1480
1778761643829 0.6589 1500
1778761650115 0.6614 1520
1778761651027 0.6514 1540
1778761651941 0.6529 1560
1778761652854 0.6564 1580
1778761653767 0.6601 1600
1778761654680 0.6573 1620
1778761655592 0.6677 1640
1778761656505 0.6512 1660
1778761657417 0.6696 1680
1778761658330 0.6488 1700
1778761659242 0.6532 1720
1778761660154 0.6629 1740
1778761666383 0.6466 1760
1778761667295 0.6686 1780
1778761668208 0.636 1800
1778761669121 0.643 1820
1778761670034 0.6458 1840
1778761670946 0.6439 1860
1778761671858 0.6476 1880
1778761672772 0.6556 1900
1778761673685 0.6506 1920
1778761674597 0.659 1940
1778761675510 0.6529 1960
1778761676423 0.6618 1980
1778761677337 0.6356 2000
1778761683531 0.6599 2020
1778761684443 0.6442 2040
1778761685355 0.6504 2060
1778761686268 0.6494 2080
1778761687180 0.6499 2100
1778761688093 0.6432 2120
1778761688998 0.6595 2140
1778761689910 0.6441 2160
1778761690823 0.6504 2180
1778761691736 0.6413 2200
1778761692649 0.642 2220
1778761693562 0.6371 2240
1778761700016 0.6644 2260
1778761700929 0.6619 2280
1778761701841 0.6479 2300
1778761702754 0.6389 2320
1778761703666 0.6545 2340
1778761704580 0.648 2360
1778761705494 0.6387 2380
1778761706407 0.6521 2400
1778761707319 0.6472 2420
1778761708233 0.651 2440
1778761709145 0.6313 2460
1778761710058 0.6492 2480
1778761710970 0.6553 2500
1778761716955 0.6453 2520
1778761717869 0.6634 2540
1778761718783 0.6365 2560
1778761719695 0.6598 2580
1778761720607 0.6446 2600
1778761721519 0.642 2620
1778761722431 0.6611 2640
1778761723346 0.6434 2660
1778761724259 0.6485 2680
1778761725173 0.6512 2700
1778761726085 0.6499 2720
1778761726998 0.6515 2740
1778761733169 0.6492 2760
1778761734083 0.66 2780
1778761734995 0.6482 2800
1778761735907 0.6575 2820
1778761736820 0.6569 2840
1778761737725 0.6425 2860
1778761738638 0.6531 2880
1778761739551 0.6374 2900
1778761740464 0.6711 2920
1778761741377 0.6356 2940
1778761742290 0.6486 2960
1778761743202 0.6465 2980
1778761744115 0.6235 3000
1778761750554 0.6265 3020
1778761751468 0.6546 3040
1778761752382 0.657 3060
1778761753295 0.6458 3080
1778761754208 0.6551 3100
1778761755121 0.6451 3120
1778761756034 0.6388 3140
1778761756947 0.6434 3160
1778761757862 0.6498 3180
1778761758776 0.6755 3200
1778761759690 0.6383 3220
1778761760604 0.6505 3240
1778761766612 0.6473 3260
1778761767526 0.6431 3280
1778761768439 0.6529 3300
1778761769352 0.6446 3320
1778761770264 0.6419 3340
1778761771177 0.6633 3360
1778761772090 0.6639 3380
1778761773004 0.6146 3400
1778761773918 0.6551 3420
1778761774832 0.6469 3440
1778761775745 0.6435 3460
1778761776658 0.6546 3480
1778761777571 0.6445 3500
1778761783818 0.6471 3520
1778761784731 0.6404 3540
1778761785643 0.6433 3560
