1779067511228 1.1400000000000001e-05 20
1779067517285 2.3400000000000003e-05 40
1779067523377 2.991768292682927e-05 60
1779067529468 2.973475609756098e-05 80
1779067535568 2.9551829268292685e-05 100
1779067541632 2.936890243902439e-05 120
1779067547726 2.9185975609756098e-05 140
1779067553808 2.9003048780487807e-05 160
1779067559908 2.8820121951219514e-05 180
1779067565961 2.863719512195122e-05 200
1779067572024 2.8454268292682926e-05 220
1779067578128 2.8271341463414636e-05 240
1779067592332 2.8088414634146343e-05 260
1779067597141 2.790548780487805e-05 280
1779067603705 2.7722560975609755e-05 300
1779067609969 2.7539634146341465e-05 320
1779067616232 2.735670731707317e-05 340
1779067622535 2.7173780487804878e-05 360
1779067628755 2.6990853658536584e-05 380
1779067635050 2.6807926829268294e-05 400
1779067641254 2.6625e-05 420
1779067647554 2.6442073170731706e-05 440
1779067653767 2.6259146341463413e-05 460
1779067660057 2.6076219512195122e-05 480
1779067666299 2.5893292682926832e-05 500
1779067681018 2.571036585365854e-05 520
1779067687280 2.5527439024390245e-05 540
1779067693541 2.534451219512195e-05 560
1779067699780 2.516158536585366e-05 580
1779067706032 2.4978658536585367e-05 600
1779067712664 2.4795731707317074e-05 620
1779067718951 2.461280487804878e-05 640
1779067725241 2.442987804878049e-05 660
1779067731535 2.4246951219512196e-05 680
1779067737815 2.4064024390243902e-05 700
1779067744065 2.388109756097561e-05 720
1779067750319 2.369817073170732e-05 740
1779067764943 2.3515243902439025e-05 760
1779067771218 2.333231707317073e-05 780
1779067777517 2.3149390243902437e-05 800
1779067783797 2.2966463414634147e-05 820
1779067790118 2.2783536585365854e-05 840
1779067796343 2.260060975609756e-05 860
1779067802619 2.241768292682927e-05 880
1779067808886 2.2234756097560976e-05 900
1779067815148 2.2051829268292686e-05 920
1779067821780 2.1868902439024392e-05 940
1779067828061 2.16859756097561e-05 960
1779067834321 2.1503048780487805e-05 980
1779067840588 2.1320121951219514e-05 1000
1779067855078 2.113719512195122e-05 1020
1779067861330 2.0954268292682927e-05 1040
1779067867598 2.0771341463414633e-05 1060
1779067873870 2.0588414634146343e-05 1080
1779067880144 2.040548780487805e-05 1100
1779067886411 2.0222560975609756e-05 1120
1779067892690 2.0039634146341462e-05 1140
1779067898988 1.9856707317073172e-05 1160
1779067905261 1.9673780487804878e-05 1180
1779067911541 1.9490853658536585e-05 1200
1779067918133 1.930792682926829e-05 1220
1779067924423 1.9125e-05 1240
1779067938627 1.8942073170731707e-05 1260
1779067944891 1.8759146341463413e-05 1280
1779067951167 1.8576219512195123e-05 1300
1779067957419 1.839329268292683e-05 1320
1779067963700 1.821036585365854e-05 1340
1779067970002 1.8027439024390246e-05 1360
1779067976225 1.7844512195121952e-05 1380
1779067982516 1.7661585365853658e-05 1400
1779067988764 1.7478658536585368e-05 1420
1779067995017 1.7295731707317074e-05 1440
1779068001259 1.711280487804878e-05 1460
1779068007461 1.6929878048780487e-05 1480
1779068013720 1.6746951219512197e-05 1500
1779068029007 1.6564024390243903e-05 1520
1779068035116 1.638109756097561e-05 1540
1779068041186 1.6198170731707316e-05 1560
1779068047258 1.6015243902439025e-05 1580
1779068053327 1.5832317073170732e-05 1600
1779068059386 1.5649390243902438e-05 1620
1779068065471 1.5466463414634144e-05 1640
1779068071563 1.5283536585365854e-05 1660
1779068077633 1.510060975609756e-05 1680
1779068083727 1.4917682926829269e-05 1700
1779068089784 1.4734756097560975e-05 1720
1779068095871 1.4551829268292683e-05 1740
1779068109963 1.436890243902439e-05 1760
1779068116032 1.4185975609756097e-05 1780
1779068122141 1.4003048780487805e-05 1800
1779068127791 1.3820121951219513e-05 1820
1779068133395 1.363719512195122e-05 1840
1779068139669 1.3454268292682928e-05 1860
1779068145930 1.3271341463414634e-05 1880
1779068152146 1.3088414634146342e-05 1900
1779068158409 1.2905487804878048e-05 1920
1779068164643 1.2722560975609757e-05 1940
1779068170885 1.2539634146341463e-05 1960
1779068177082 1.2356707317073171e-05 1980
1779068183356 1.2173780487804879e-05 2000
1779068197871 1.1990853658536587e-05 2020
1779068204163 1.1807926829268293e-05 2040
1779068210415 1.1625000000000001e-05 2060
1779068216688 1.1442073170731708e-05 2080
1779068222968 1.1259146341463416e-05 2100
1779068229252 1.1076219512195122e-05 2120
1779068235504 1.0893292682926828e-05 2140
1779068242056 1.0710365853658536e-05 2160
1779068248287 1.0527439024390243e-05 2180
1779068254548 1.034451219512195e-05 2200
1779068260784 1.0161585365853659e-05 2220
1779068267044 9.978658536585367e-06 2240
1779068281666 9.795731707317073e-06 2260
1779068287948 9.612804878048781e-06 2280
1779068294217 9.429878048780488e-06 2300
1779068300511 9.246951219512196e-06 2320
1779068306761 9.064024390243902e-06 2340
1779068313020 8.88109756097561e-06 2360
1779068319252 8.698170731707316e-06 2380
1779068325514 8.515243902439024e-06 2400
1779068331773 8.332317073170732e-06 2420
1779068338052 8.14939024390244e-06 2440
1779068344356 7.966463414634147e-06 2460
1779068350935 7.783536585365855e-06 2480
1779068357236 7.600609756097561e-06 2500
1779068371940 7.417682926829268e-06 2520
1779068378228 7.2347560975609756e-06 2540
1779068384515 7.051829268292683e-06 2560
1779068390813 6.868902439024391e-06 2580
1779068397088 6.685975609756098e-06 2600
1779068403327 6.503048780487805e-06 2620
1779068409619 6.320121951219512e-06 2640
1779068415854 6.1371951219512195e-06 2660
1779068422109 5.954268292682928e-06 2680
1779068428317 5.771341463414635e-06 2700
1779068434568 5.588414634146342e-06 2720
1779068440776 5.405487804878048e-06 2740
1779068455786 5.2225609756097555e-06 2760
1779068462071 5.0396341463414635e-06 2780
1779068468322 4.856707317073171e-06 2800
1779068474602 4.673780487804878e-06 2820
1779068480915 4.490853658536585e-06 2840
1779068487176 4.307926829268292e-06 2860
1779068493438 4.125e-06 2880
1779068499729 3.9420731707317075e-06 2900
1779068506012 3.7591463414634147e-06 2920
1779068512300 3.576219512195122e-06 2940
1779068518567 3.3932926829268295e-06 2960
1779068524874 3.2103658536585367e-06 2980
1779068531141 3.0274390243902443e-06 3000
1779068545675 2.8445121951219515e-06 3020
1779068551960 2.6615853658536587e-06 3040
1779068558569 2.478658536585366e-06 3060
1779068564813 2.295731707317073e-06 3080
1779068570802 2.1128048780487802e-06 3100
1779068576846 1.929878048780488e-06 3120
1779068582900 1.7469512195121952e-06 3140
1779068588989 1.5640243902439024e-06 3160
1779068595078 1.3810975609756098e-06 3180
1779068601165 1.198170731707317e-06 3200
1779068607273 1.0152439024390244e-06 3220
1779068613395 8.323170731707317e-07 3240
1779068627706 6.49390243902439e-07 3260
1779068633801 4.6646341463414636e-07 3280
1779068639919 2.8353658536585366e-07 3300
1779068646035 1.0060975609756098e-07 3320
