1778555343772 2.7726 20
1778555356292 2.7723 40
1778555368823 2.7727 60
1778555381357 2.7727 80
1778555393884 2.7728 100
1778555406408 2.7724 120
1778555418956 2.7726 140
1778555431547 2.7722 160
1778555444122 2.7722 180
1778555456704 2.772 200
1778555469278 2.7717 220
1778555481849 2.772 240
1778555515179 2.7715 260
1778555527750 2.7713 280
1778555540319 2.771 300
1778555552888 2.7708 320
1778555565446 2.7707 340
1778555578024 2.7705 360
1778555590604 2.7703 380
1778555603180 2.7714 400
1778555615756 2.7704 420
1778555628330 2.7706 440
1778555640905 2.7699 460
1778555653477 2.7698 480
1778555666053 2.7699 500
1778555699441 2.7698 520
1778555711996 2.7704 540
1778555724554 2.7699 560
1778555737108 2.7705 580
1778555749660 2.7695 600
1778555762210 2.7694 620
1778555774756 2.7701 640
1778555787321 2.7698 660
1778555799858 2.769 680
1778555812408 2.7695 700
1778555824968 2.7699 720
1778555837521 2.7694 740
1778555870807 2.7691 760
1778555883371 2.7695 780
1778555895933 2.7695 800
1778555908498 2.769 820
