1777548479040 1.02e-05 20
1777548484050 2.16e-05 40
1777548489052 2.9997498262682417e-05 60
1777548493992 2.998957609451008e-05 80
1777548498957 2.998123697011814e-05 100
1777548503952 2.99728978457262e-05 120
1777548509022 2.996455872133426e-05 140
1777548514036 2.9956219596942324e-05 160
1777548519087 2.994788047255038e-05 180
1777548524093 2.9939541348158445e-05 200
1777548529110 2.9931202223766505e-05 220
1777548534101 2.9922863099374566e-05 240
1777548580572 2.9914523974982626e-05 260
1777548585671 2.990618485059069e-05 280
1777548590761 2.989784572619875e-05 300
1777548595861 2.988950660180681e-05 320
1777548600902 2.9881167477414875e-05 340
1777548605953 2.9872828353022932e-05 360
1777548611005 2.9864489228630996e-05 380
1777548616069 2.9856150104239056e-05 400
1777548621113 2.9847810979847117e-05 420
1777548626264 2.9839471855455177e-05 440
1777548631437 2.983113273106324e-05 460
1777548636501 2.9822793606671298e-05 480
1777548641620 2.9814454482279362e-05 500
1777548669571 2.9806115357887423e-05 520
1777548674687 2.9797776233495483e-05 540
1777548679776 2.9789437109103543e-05 560
1777548684900 2.9781097984711607e-05 580
1777548689935 2.9772758860319668e-05 600
1777548695081 2.9764419735927728e-05 620
1777548700150 2.9756080611535792e-05 640
1777548705249 2.974774148714385e-05 660
1777548710335 2.9739402362751913e-05 680
1777548715575 2.9731063238359973e-05 700
1777548720651 2.9722724113968034e-05 720
1777548725828 2.9714384989576094e-05 740
1777548753651 2.9706045865184158e-05 760
1777548758743 2.9697706740792215e-05 780
1777548763820 2.968936761640028e-05 800
1777548768961 2.968102849200834e-05 820
1777548774115 2.96726893676164e-05 840
1777548779206 2.966435024322446e-05 860
1777548784296 2.9656011118832524e-05 880
1777548789411 2.9647671994440585e-05 900
1777548794550 2.9639332870048645e-05 920
1777548799765 2.963099374565671e-05 940
1777548804932 2.9622654621264766e-05 960
1777548810196 2.961431549687283e-05 980
1777548815570 2.960597637248089e-05 1000
1777548843827 2.959763724808895e-05 1020
1777548849034 2.958929812369701e-05 1040
1777548854294 2.9580958999305075e-05 1060
1777548859464 2.9572619874913132e-05 1080
1777548864611 2.9564280750521196e-05 1100
1777548869809 2.9555941626129257e-05 1120
1777548875013 2.9547602501737317e-05 1140
1777548880229 2.9539263377345378e-05 1160
1777548885388 2.953092425295344e-05 1180
1777548890601 2.9522585128561502e-05 1200
1777548895760 2.9514246004169562e-05 1220
1777548901000 2.9505906879777626e-05 1240
1777548929335 2.9497567755385683e-05 1260
1777548934535 2.9489228630993747e-05 1280
1777548939644 2.9480889506601808e-05 1300
1777548944848 2.9472550382209868e-05 1320
1777548950110 2.946421125781793e-05 1340
1777548955332 2.9455872133425992e-05 1360
1777548960566 2.9447533009034053e-05 1380
1777548965728 2.9439193884642113e-05 1400
1777548970895 2.9430854760250174e-05 1420
1777548976083 2.9422515635858238e-05 1440
1777548981329 2.9414176511466295e-05 1460
1777548986520 2.940583738707436e-05 1480
1777548991683 2.9397498262682422e-05 1500
1777549020030 2.938915913829048e-05 1520
1777549025167 2.9380820013898543e-05 1540
1777549030396 2.9372480889506604e-05 1560
1777549035573 2.9364141765114664e-05 1580
1777549040813 2.9355802640722725e-05 1600
1777549046036 2.934746351633079e-05 1620
1777549051260 2.9339124391938845e-05 1640
1777549056445 2.933078526754691e-05 1660
1777549061640 2.932244614315497e-05 1680
1777549066896 2.931410701876303e-05 1700
1777549072060 2.930576789437109e-05 1720
1777549077247 2.9297428769979155e-05 1740
