1777548479040 0.6964 20
1777548484050 0.7074 40
1777548489052 0.6723 60
1777548493992 0.7059 80
1777548498957 0.6997 100
1777548503952 0.7263 120
1777548509022 0.6938 140
1777548514036 0.6918 160
1777548519087 0.6985 180
1777548524093 0.6746 200
1777548529110 0.7198 220
1777548534101 0.7014 240
1777548580572 0.7013 260
1777548585671 0.6916 280
1777548590761 0.6987 300
1777548595861 0.7026 320
1777548600902 0.6907 340
1777548605953 0.6964 360
1777548611005 0.6995 380
1777548616069 0.6821 400
1777548621113 0.7129 420
1777548626264 0.6911 440
1777548631437 0.6704 460
1777548636501 0.6775 480
1777548641620 0.6671 500
1777548669571 0.6969 520
1777548674687 0.6934 540
1777548679776 0.7021 560
1777548684900 0.6997 580
1777548689935 0.6891 600
1777548695081 0.6808 620
1777548700150 0.6948 640
1777548705249 0.7076 660
1777548710335 0.6819 680
1777548715575 0.713 700
1777548720651 0.6996 720
1777548725828 0.6959 740
1777548753651 0.6992 760
1777548758743 0.7012 780
1777548763820 0.6986 800
1777548768961 0.6957 820
1777548774115 0.6914 840
1777548779206 0.6953 860
1777548784296 0.7035 880
1777548789411 0.6906 900
1777548794550 0.7139 920
1777548799765 0.6868 940
1777548804932 0.6683 960
1777548810196 0.6951 980
1777548815570 0.7143 1000
1777548843827 0.7049 1020
1777548849034 0.6957 1040
1777548854294 0.6935 1060
1777548859464 0.6808 1080
1777548864611 0.6916 1100
1777548869809 0.7078 1120
1777548875013 0.7056 1140
1777548880229 0.6869 1160
1777548885388 0.7045 1180
1777548890601 0.6944 1200
1777548895760 0.6931 1220
1777548901000 0.6949 1240
1777548929335 0.698 1260
1777548934535 0.6926 1280
1777548939644 0.6938 1300
1777548944848 0.6954 1320
1777548950110 0.6932 1340
1777548955332 0.6918 1360
1777548960566 0.7034 1380
1777548965728 0.6957 1400
1777548970895 0.6889 1420
1777548976083 0.7001 1440
1777548981329 0.6935 1460
1777548986520 0.6932 1480
1777548991683 0.6695 1500
1777549020030 0.6881 1520
1777549025167 0.7058 1540
1777549030396 0.6828 1560
1777549035573 0.7017 1580
1777549040813 0.6998 1600
1777549046036 0.6916 1620
1777549051260 0.7051 1640
1777549056445 0.6849 1660
1777549061640 0.69 1680
1777549066896 0.6957 1700
1777549072060 0.6892 1720
1777549077247 0.7008 1740
