1778759408485 0.6088153123855591 20
1778759408741 0.9711675643920898 40
1778759408997 0.7764343619346619 60
1778759409252 0.6570433378219604 80
1778759409507 0.9755377173423767 100
1778759409763 0.7674307227134705 120
1778759410018 0.8819795846939087 140
1778759410273 0.48545047640800476 160
1778759410528 0.48030412197113037 180
1778759410783 0.5704179406166077 200
1778759411038 0.6821408271789551 220
1778759411293 0.8662067651748657 240
1778759418997 0.8615378737449646 260
1778759419258 0.49245086312294006 280
1778759419513 0.6429048776626587 300
1778759419769 0.5582073926925659 320
1778759420023 0.5592124462127686 340
1778759420279 0.86128830909729 360
1778759420533 0.8429436683654785 380
1778759420789 0.7724828124046326 400
1778759421044 0.5354567170143127 420
1778759421299 0.5699041485786438 440
1778759421555 0.5654258131980896 460
1778759421810 0.5069165825843811 480
1778759422065 0.7413070797920227 500
1778759429798 0.5696258544921875 520
1778759430051 0.40927034616470337 540
1778759430304 0.4663653075695038 560
1778759430557 0.4232264757156372 580
1778759430810 0.4694412350654602 600
1778759431065 0.419565349817276 620
1778759431320 0.5242348909378052 640
1778759431575 0.6192225813865662 660
1778759431830 0.7161412239074707 680
1778759432085 0.49252068996429443 700
1778759432340 0.4379021227359772 720
1778759432594 0.6324256062507629 740
1778759440278 0.40988123416900635 760
1778759440538 0.6816009879112244 780
1778759440793 0.48144060373306274 800
1778759441047 0.5111654996871948 820
1778759441300 0.5037708878517151 840
1778759441553 0.4176604449748993 860
1778759441806 0.4054381549358368 880
1778759442059 0.6154158115386963 900
1778759442313 0.7318349480628967 920
1778759442568 0.4292876422405243 940
1778759442823 0.4991244971752167 960
1778759443078 0.5320297479629517 980
1778759443333 0.6266559362411499 1000
1778759451151 0.4085499942302704 1020
1778759451405 0.5082294344902039 1040
1778759451661 0.40298035740852356 1060
1778759451916 0.5573460459709167 1080
1778759452172 0.4623566269874573 1100
1778759452426 0.39582371711730957 1120
1778759452680 0.44795042276382446 1140
1778759452933 0.5187473893165588 1160
1778759453186 0.41401419043540955 1180
1778759453439 0.3804127275943756 1200
1778759453693 0.45347970724105835 1220
1778759453946 0.5714319944381714 1240
1778759461632 0.5744673609733582 1260
1778759461891 0.5188541412353516 1280
1778759462146 0.5692785382270813 1300
1778759462402 0.47845354676246643 1320
1778759462657 0.7813509106636047 1340
1778759462912 0.5579085946083069 1360
1778759463168 0.412157267332077 1380
1778759463423 0.5368099808692932 1400
1778759463678 0.5252137184143066 1420
1778759463933 0.46749576926231384 1440
1778759464188 0.4437726140022278 1460
1778759464443 0.4216960370540619 1480
1778759464698 0.4232605993747711 1500
1778759472438 0.4843129813671112 1520
1778759472695 0.5911281108856201 1540
1778759472955 0.45343682169914246 1560
1778759473210 0.5483235120773315 1580
1778759473465 0.5650067329406738 1600
1778759473720 0.4940180480480194 1620
1778759473975 0.42553237080574036 1640
1778759474230 0.40980595350265503 1660
1778759474484 0.491792231798172 1680
1778759474737 0.371252179145813 1700
1778759474991 0.49524664878845215 1720
1778759475246 0.8022693991661072 1740
1778759482993 0.4386248290538788 1760
1778759483253 0.5245992541313171 1780
1778759483508 0.42376071214675903 1800
1778759483761 0.4224037230014801 1820
1778759484015 0.47364914417266846 1840
1778759484268 0.41000592708587646 1860
1778759484521 0.4477500319480896 1880
1778759484776 0.5255159139633179 1900
1778759485031 0.37744131684303284 1920
1778759485286 0.4568658769130707 1940
1778759485541 0.5045870542526245 1960
1778759485797 0.40246766805648804 1980
1778759486051 0.6659730672836304 2000
1778759493801 0.6121454238891602 2020
1778759494059 0.5390167832374573 2040
1778759494315 0.45893362164497375 2060
1778759494570 0.4562702775001526 2080
1778759494825 0.42581653594970703 2100
1778759495080 0.4570055603981018 2120
1778759495335 0.5265974998474121 2140
1778759495590 0.3489157557487488 2160
1778759495845 0.5535845756530762 2180
1778759496097 0.4554935097694397 2200
1778759496351 0.5140399932861328 2220
1778759496604 0.4877065420150757 2240
1778759504372 0.7085312008857727 2260
1778759504633 0.4338938593864441 2280
1778759504887 0.423207551240921 2300
1778759505142 0.4078769385814667 2320
1778759505397 0.358237624168396 2340
1778759505652 0.3866414725780487 2360
1778759505907 0.49307775497436523 2380
1778759506162 0.3451851010322571 2400
1778759506417 0.3824227452278137 2420
1778759506672 0.4189227819442749 2440
1778759506926 0.6075683832168579 2460
1778759507181 0.6182370185852051 2480
1778759507436 0.4131816625595093 2500
1778759515173 0.37865129113197327 2520
1778759515430 0.4119556248188019 2540
1778759515686 0.5119133591651917 2560
1778759515941 0.38214007019996643 2580
1778759516196 0.4952632486820221 2600
1778759516451 0.4516383111476898 2620
1778759516706 0.5148906111717224 2640
1778759516961 0.4687342643737793 2660
1778759517216 0.4936327636241913 2680
1778759517471 0.45263683795928955 2700
1778759517726 0.4383211135864258 2720
1778759517982 0.9305523037910461 2740
1778759525736 0.5271369218826294 2760
1778759525998 0.41382896900177 2780
1778759526253 0.4706495404243469 2800
1778759526507 0.406112402677536 2820
1778759526762 0.4659566581249237 2840
1778759527017 0.4654421806335449 2860
1778759527272 0.4881512522697449 2880
1778759527526 0.49261102080345154 2900
1778759527779 0.47455236315727234 2920
1778759528032 0.7144030928611755 2940
1778759528285 0.3622364401817322 2960
1778759528538 0.46568307280540466 2980
1778759528792 0.4788014590740204 3000
1778759536547 0.47246572375297546 3020
1778759536802 0.6735478639602661 3040
1778759537057 0.3847098648548126 3060
1778759537312 0.48463553190231323 3080
1778759537565 0.4241681694984436 3100
1778759537820 0.4912858009338379 3120
1778759538075 0.5427446961402893 3140
1778759538330 0.46860283613204956 3160
1778759538584 0.5747606158256531 3180
1778759538837 0.4334968030452728 3200
1778759539092 0.39214807748794556 3220
1778759539347 0.4206012785434723 3240
1778759547117 0.5882143974304199 3260
1778759547380 0.5228835344314575 3280
1778759547634 0.6154772639274597 3300
1778759547889 0.5974202156066895 3320
1778759548143 0.44418102502822876 3340
1778759548398 0.4292263388633728 3360
1778759548653 0.46624869108200073 3380
1778759548907 0.41405224800109863 3400
1778759549161 0.4523521363735199 3420
1778759549416 0.5254918932914734 3440
1778759549671 0.5452710390090942 3460
1778759549926 0.5942147374153137 3480
1778759550180 0.413176566362381 3500
1778759557945 0.7235926389694214 3520
1778759558200 0.5544281601905823 3540
1778759558456 0.47606372833251953 3560
1778759558711 0.4331907033920288 3580
1778759558965 0.4735454320907593 3600
1778759559220 0.6222695708274841 3620
1778759559477 0.6722435355186462 3640
1778759559735 0.47731029987335205 3660
1778759559990 0.39850836992263794 3680
1778759560245 0.6227818727493286 3700
1778759560499 0.46691346168518066 3720
1778759560754 0.40782561898231506 3740
1778759568507 0.7741339802742004 3760
1778759568768 0.38448262214660645 3780
1778759569022 0.5986203551292419 3800
1778759569275 0.38090962171554565 3820
1778759569528 0.33804380893707275 3840
1778759569781 0.5189486742019653 3860
1778759570035 0.6407906413078308 3880
1778759570287 0.5949325561523438 3900
1778759570542 0.39955487847328186 3920
1778759570797 0.5669045448303223 3940
1778759571052 0.40821972489356995 3960
1778759571307 0.604720950126648 3980
1778759571562 0.44004490971565247 4000
1778759579331 0.5040452480316162 4020
1778759579586 0.4786926209926605 4040
1778759579841 0.5033677220344543 4060
1778759580096 0.3863476514816284 4080
1778759580349 0.37333670258522034 4100
1778759580604 0.4401194751262665 4120
1778759580859 0.38178056478500366 4140
1778759581114 0.44875290989875793 4160
1778759581370 0.5145161747932434 4180
1778759581625 0.47693315148353577 4200
1778759581879 0.49577614665031433 4220
1778759582134 0.3591434359550476 4240
1778759589883 0.5273518562316895 4260
1778759590138 0.46359339356422424 4280
1778759590392 0.4417577087879181 4300
1778759590647 0.41418546438217163 4320
1778759590901 0.3982712924480438 4340
1778759591156 0.5412745475769043 4360
1778759591410 0.49721279740333557 4380
1778759591665 0.8004409670829773 4400
1778759591919 0.5650008916854858 4420
1778759592174 0.4839639961719513 4440
1778759592428 0.45809221267700195 4460
1778759592683 0.6427157521247864 4480
1778759592937 0.40100017189979553 4500
1778759600708 0.5865124464035034 4520
1778759600963 0.641058623790741 4540
1778759601218 0.4098762273788452 4560
1778759601474 0.37541210651397705 4580
1778759601728 0.4326395094394684 4600
1778759601983 0.6169736385345459 4620
1778759602238 0.5222271680831909 4640
1778759602493 0.4792249798774719 4660
1778759602748 0.42794153094291687 4680
1778759603002 0.6139408946037292 4700
1778759603257 0.48572859168052673 4720
1778759603511 0.5920743346214294 4740
1778759611263 0.5438342690467834 4760
1778759611519 0.3996730446815491 4780
1778759611774 0.4323628842830658 4800
1778759612029 0.5444931387901306 4820
1778759612284 0.5525093078613281 4840
1778759612538 1.0340040922164917 4860
1778759612794 0.5903470516204834 4880
1778759613048 0.6725600361824036 4900
1778759613302 0.43932077288627625 4920
1778759613557 0.5147501230239868 4940
1778759613811 0.398984432220459 4960
1778759614066 0.3977534770965576 4980
1778759614320 0.43200185894966125 5000
1778759622086 0.5894502401351929 5020
1778759622341 0.48664894700050354 5040
1778759622596 0.45238935947418213 5060
1778759622851 0.6629957556724548 5080
1778759623105 0.5224195122718811 5100
1778759623358 0.37699511647224426 5120
