1778759408485 1.1014 20
1778759408741 1.0979 40
1778759408997 1.0904 60
1778759409252 1.0832 80
1778759409507 1.0731 100
1778759409763 1.0732 120
1778759410018 1.0691 140
1778759410273 1.0578 160
1778759410528 1.0469 180
1778759410783 1.0504 200
1778759411038 1.0386 220
1778759411293 1.0441 240
1778759418997 1.0343 260
1778759419258 1.0367 280
1778759419513 1.008 300
1778759419769 1.0079 320
1778759420023 1.013 340
1778759420279 1.0116 360
1778759420533 1.0259 380
1778759420789 1.0119 400
1778759421044 1.0079 420
1778759421299 1.0465 440
1778759421555 1.0177 460
1778759421810 1.0177 480
1778759422065 1.0122 500
1778759429798 1.0192 520
1778759430051 0.9916 540
1778759430304 0.9917 560
1778759430557 1.0097 580
1778759430810 1.0191 600
1778759431065 1.0199 620
1778759431320 0.9761 640
1778759431575 1.0077 660
1778759431830 0.9995 680
1778759432085 1.0068 700
1778759432340 1.0281 720
1778759432594 0.9794 740
1778759440278 1.0077 760
1778759440538 0.9939 780
1778759440793 0.965 800
1778759441047 0.9962 820
1778759441300 0.9782 840
1778759441553 1.0088 860
1778759441806 1.0164 880
1778759442059 0.9925 900
1778759442313 1.0099 920
1778759442568 0.9976 940
1778759442823 0.9881 960
1778759443078 1.0211 980
1778759443333 0.9966 1000
1778759451151 1.0097 1020
1778759451405 1.0171 1040
1778759451661 0.9983 1060
1778759451916 0.9858 1080
1778759452172 0.9806 1100
1778759452426 0.9883 1120
1778759452680 0.9819 1140
1778759452933 0.9916 1160
1778759453186 0.9944 1180
1778759453439 0.969 1200
1778759453693 1.0032 1220
1778759453946 1.012 1240
1778759461632 0.9807 1260
1778759461891 0.9889 1280
1778759462146 1.0134 1300
1778759462402 0.9676 1320
1778759462657 1.0342 1340
1778759462912 0.9742 1360
1778759463168 0.9807 1380
1778759463423 0.974 1400
1778759463678 0.9931 1420
1778759463933 0.9842 1440
1778759464188 0.9991 1460
1778759464443 0.992 1480
1778759464698 0.9972 1500
1778759472438 0.987 1520
1778759472695 0.9764 1540
1778759472955 0.9967 1560
1778759473210 0.9881 1580
1778759473465 0.9952 1600
1778759473720 0.9965 1620
1778759473975 0.9933 1640
1778759474230 1.0194 1660
1778759474484 1.0022 1680
1778759474737 0.9944 1700
1778759474991 0.9814 1720
1778759475246 1.0065 1740
1778759482993 1.0184 1760
1778759483253 0.9887 1780
1778759483508 0.963 1800
1778759483761 0.9765 1820
1778759484015 0.9939 1840
1778759484268 0.9677 1860
1778759484521 0.983 1880
1778759484776 0.9997 1900
1778759485031 0.9549 1920
1778759485286 0.9854 1940
1778759485541 1.003 1960
1778759485797 0.977 1980
1778759486051 0.9687 2000
1778759493801 0.9592 2020
1778759494059 1.0041 2040
1778759494315 0.9979 2060
1778759494570 0.9738 2080
1778759494825 0.975 2100
1778759495080 1.0096 2120
1778759495335 0.9647 2140
1778759495590 1.0031 2160
1778759495845 0.997 2180
1778759496097 0.9768 2200
1778759496351 1.0038 2220
1778759496604 0.9928 2240
1778759504372 0.9477 2260
1778759504633 0.9793 2280
1778759504887 0.9653 2300
1778759505142 1.011 2320
1778759505397 1.0006 2340
1778759505652 0.9912 2360
1778759505907 0.9828 2380
1778759506162 1.0066 2400
1778759506417 0.9751 2420
1778759506672 0.9954 2440
1778759506926 0.9735 2460
1778759507181 0.9683 2480
1778759507436 0.9821 2500
1778759515173 0.978 2520
1778759515430 0.9859 2540
1778759515686 0.9846 2560
1778759515941 0.9758 2580
1778759516196 0.9963 2600
1778759516451 0.9865 2620
1778759516706 0.9738 2640
1778759516961 0.9802 2660
1778759517216 0.9941 2680
1778759517471 0.9587 2700
1778759517726 0.9792 2720
1778759517982 0.9761 2740
1778759525736 0.9522 2760
1778759525998 0.9618 2780
1778759526253 0.9932 2800
1778759526507 0.9973 2820
1778759526762 0.9838 2840
1778759527017 0.9611 2860
1778759527272 0.994 2880
1778759527526 0.9706 2900
1778759527779 0.9911 2920
1778759528032 0.9775 2940
1778759528285 0.9838 2960
1778759528538 0.9745 2980
1778759528792 0.9845 3000
1778759536547 0.999 3020
1778759536802 0.9682 3040
1778759537057 0.9835 3060
1778759537312 0.9794 3080
1778759537565 0.9941 3100
1778759537820 1.0016 3120
1778759538075 0.9724 3140
1778759538330 0.9813 3160
1778759538584 0.9911 3180
1778759538837 0.9797 3200
1778759539092 0.9805 3220
1778759539347 1.004 3240
1778759547117 0.9851 3260
1778759547380 0.9805 3280
1778759547634 0.9867 3300
1778759547889 0.9852 3320
1778759548143 0.952 3340
1778759548398 0.9596 3360
1778759548653 0.9803 3380
1778759548907 0.9807 3400
1778759549161 0.9995 3420
1778759549416 1.0122 3440
1778759549671 0.9788 3460
1778759549926 0.9687 3480
1778759550180 0.9695 3500
1778759557945 0.9711 3520
1778759558200 0.9865 3540
1778759558456 0.9703 3560
1778759558711 0.9937 3580
1778759558965 0.9869 3600
1778759559220 0.9722 3620
1778759559477 0.9948 3640
1778759559735 0.9894 3660
1778759559990 0.9807 3680
1778759560245 0.9754 3700
1778759560499 0.9762 3720
1778759560754 0.9887 3740
1778759568507 0.9704 3760
1778759568768 1.009 3780
1778759569022 0.95 3800
1778759569275 0.9595 3820
1778759569528 0.9602 3840
1778759569781 0.9566 3860
1778759570035 0.9636 3880
1778759570287 0.9668 3900
1778759570542 0.9785 3920
1778759570797 0.951 3940
1778759571052 0.9874 3960
1778759571307 0.982 3980
1778759571562 0.9741 4000
1778759579331 0.9649 4020
1778759579586 0.9784 4040
1778759579841 0.9769 4060
1778759580096 0.9834 4080
1778759580349 0.9863 4100
1778759580604 0.9635 4120
1778759580859 0.9912 4140
1778759581114 0.982 4160
1778759581370 0.9638 4180
1778759581625 0.9922 4200
1778759581879 0.9723 4220
1778759582134 0.9861 4240
1778759589883 0.9974 4260
1778759590138 0.9663 4280
1778759590392 0.9507 4300
1778759590647 0.9524 4320
1778759590901 0.9468 4340
1778759591156 0.9841 4360
1778759591410 1.001 4380
1778759591665 0.9685 4400
1778759591919 0.9756 4420
1778759592174 0.9883 4440
1778759592428 0.9858 4460
1778759592683 0.9719 4480
1778759592937 0.9636 4500
1778759600708 0.9588 4520
1778759600963 0.9779 4540
1778759601218 0.9627 4560
1778759601474 0.9783 4580
1778759601728 0.9614 4600
1778759601983 0.967 4620
1778759602238 0.9681 4640
1778759602493 0.9757 4660
1778759602748 0.9366 4680
1778759603002 0.9746 4700
1778759603257 1.0007 4720
1778759603511 0.9754 4740
1778759611263 0.9776 4760
1778759611519 0.9887 4780
1778759611774 0.9742 4800
1778759612029 1.0031 4820
1778759612284 0.9569 4840
1778759612538 1.011 4860
1778759612794 0.9545 4880
1778759613048 0.9695 4900
1778759613302 0.9872 4920
1778759613557 1.0086 4940
1778759613811 0.994 4960
1778759614066 0.9641 4980
1778759614320 0.985 5000
1778759622086 0.9768 5020
1778759622341 0.9674 5040
1778759622596 0.9902 5060
1778759622851 0.977 5080
1778759623105 0.9985 5100
1778759623358 0.9762 5120
