1777384627272 9.591474245115454e-07 20
1777384635950 1.97158081705151e-06 40
1777384644859 3.0373001776198937e-06 60
1777384653678 4.103019538188277e-06 80
1777384662496 5.168738898756661e-06 100
1777384671426 6.234458259325045e-06 120
1777384680239 7.300177619893428e-06 140
1777384689042 8.365896980461812e-06 160
1777384697991 9.431616341030195e-06 180
1777384707124 1.0497335701598579e-05 200
1777384716255 1.1563055062166963e-05 220
1777384725161 1.2628774422735347e-05 240
1777384734075 1.369449378330373e-05 260
1777384743074 1.4760213143872114e-05 280
1777384752231 1.58259325044405e-05 300
1777384761153 1.689165186500888e-05 320
1777384770194 1.7957371225577267e-05 340
1777384779068 1.9023090586145648e-05 360
1777384788119 2.0088809946714035e-05 380
1777384797217 2.1154529307282416e-05 400
1777384806270 2.22202486678508e-05 420
1777384815404 2.3285968028419185e-05 440
1777384824541 2.4351687388987566e-05 460
1777384833651 2.5417406749555953e-05 480
1777384842869 2.6483126110124334e-05 500
1777384851897 2.754884547069272e-05 520
1777384861203 2.8561278863232683e-05 540
1777384870147 2.9626998223801067e-05 560
1777384879046 2.9922955353615173e-05 580
1777384888038 2.9804425128407746e-05 600
1777384897305 2.9685894903200315e-05 620
1777384906218 2.956736467799289e-05 640
1777384915140 2.944883445278546e-05 660
1777384923996 2.9330304227578034e-05 680
1777384933067 2.9211774002370604e-05 700
1777384941932 2.9093243777163177e-05 720
1777384950925 2.897471355195575e-05 740
1777384959930 2.8856183326748323e-05 760
1777384968838 2.8737653101540896e-05 780
1777384977854 2.8619122876333466e-05 800
1777384986867 2.850059265112604e-05 820
1777384995888 2.838206242591861e-05 840
1777385004911 2.8263532200711185e-05 860
1777385013978 2.8145001975503754e-05 880
1777385022885 2.8026471750296324e-05 900
1777385031980 2.7907941525088897e-05 920
1777385040839 2.778941129988147e-05 940
1777385049919 2.7670881074674043e-05 960
1777385058972 2.7552350849466612e-05 980
1777385067908 2.7433820624259185e-05 1000
1777385096104 2.731529039905176e-05 1020
1777385104948 2.719676017384433e-05 1040
1777385114012 2.7078229948636904e-05 1060
1777385123050 2.6959699723429474e-05 1080
1777385132024 2.6841169498222047e-05 1100
1777385140900 2.672263927301462e-05 1120
1777385149819 2.6604109047807193e-05 1140
1777385158929 2.6485578822599766e-05 1160
1777385167888 2.6367048597392336e-05 1180
1777385176958 2.624851837218491e-05 1200
1777385185983 2.612998814697748e-05 1220
1777385194860 2.6011457921770055e-05 1240
1777385203835 2.5892927696562624e-05 1260
1777385212792 2.5774397471355194e-05 1280
1777385221713 2.5655867246147767e-05 1300
1777385230537 2.553733702094034e-05 1320
1777385239305 2.5418806795732913e-05 1340
1777385248436 2.5300276570525482e-05 1360
1777385257244 2.5181746345318055e-05 1380
1777385266412 2.506321612011063e-05 1400
1777385275405 2.49446858949032e-05 1420
1777385284388 2.482615566969577e-05 1440
1777385293230 2.4707625444488344e-05 1460
1777385302236 2.4589095219280917e-05 1480
1777385311107 2.447056499407349e-05 1500
1777385319992 2.4352034768866063e-05 1520
1777385329068 2.4233504543658633e-05 1540
1777385338051 2.4114974318451206e-05 1560
1777385347057 2.399644409324378e-05 1580
1777385355889 2.3877913868036352e-05 1600
1777385365044 2.3759383642828925e-05 1620
1777385374042 2.3640853417621494e-05 1640
1777385382969 2.3522323192414067e-05 1660
1777385391925 2.3403792967206637e-05 1680
1777385400855 2.328526274199921e-05 1700
1777385409727 2.316673251679178e-05 1720
1777385418627 2.3048202291584353e-05 1740
1777385427565 2.2929672066376926e-05 1760
1777385436600 2.28111418411695e-05 1780
1777385445566 2.269261161596207e-05 1800
1777385454627 2.257408139075464e-05 1820
1777385463683 2.2455551165547214e-05 1840
1777385472665 2.2337020940339787e-05 1860
1777385481655 2.221849071513236e-05 1880
1777385490742 2.2099960489924933e-05 1900
1777385499746 2.1981430264717503e-05 1920
1777385508637 2.1862900039510076e-05 1940
1777385517583 2.174436981430265e-05 1960
1777385526320 2.1625839589095222e-05 1980
1777385535245 2.150730936388779e-05 2000
1777385565208 2.1388779138680364e-05 2020
1777385574095 2.1270248913472937e-05 2040
1777385583006 2.115171868826551e-05 2060
1777385591888 2.1033188463058083e-05 2080
1777385600739 2.091465823785065e-05 2100
1777385609641 2.0796128012643223e-05 2120
1777385618461 2.0677597787435796e-05 2140
1777385627499 2.055906756222837e-05 2160
1777385636354 2.044053733702094e-05 2180
1777385645231 2.032200711181351e-05 2200
1777385654097 2.0203476886606084e-05 2220
1777385663058 2.0084946661398657e-05 2240
1777385671824 1.996641643619123e-05 2260
1777385680682 1.98478862109838e-05 2280
1777385689757 1.9729355985776373e-05 2300
1777385698793 1.9610825760568946e-05 2320
1777385707711 1.949229553536152e-05 2340
1777385716538 1.9373765310154092e-05 2360
1777385725738 1.925523508494666e-05 2380
1777385734685 1.9136704859739234e-05 2400
1777385743548 1.9018174634531807e-05 2420
1777385752490 1.889964440932438e-05 2440
1777385761371 1.878111418411695e-05 2460
1777385770357 1.8662583958909523e-05 2480
1777385779156 1.8544053733702093e-05 2500
1777385788102 1.8425523508494666e-05 2520
1777385796960 1.830699328328724e-05 2540
1777385805967 1.818846305807981e-05 2560
1777385814939 1.806993283287238e-05 2580
1777385824059 1.7951402607664954e-05 2600
1777385832963 1.7832872382457527e-05 2620
1777385841932 1.77143421572501e-05 2640
1777385850885 1.759581193204267e-05 2660
1777385859836 1.7477281706835243e-05 2680
1777385868749 1.7358751481627816e-05 2700
1777385877597 1.724022125642039e-05 2720
1777385886627 1.712169103121296e-05 2740
1777385895691 1.700316080600553e-05 2760
1777385904715 1.6884630580798105e-05 2780
1777385913736 1.6766100355590678e-05 2800
1777385922768 1.664757013038325e-05 2820
1777385931792 1.652903990517582e-05 2840
1777385940687 1.6410509679968393e-05 2860
1777385949675 1.6291979454760966e-05 2880
1777385958748 1.6173449229553536e-05 2900
1777385967545 1.605491900434611e-05 2920
1777385976483 1.593638877913868e-05 2940
1777385985426 1.581785855393125e-05 2960
1777385994444 1.5699328328723824e-05 2980
1777386003549 1.5580798103516397e-05 3000
1777386031520 1.5462267878308967e-05 3020
1777386040412 1.534373765310154e-05 3040
1777386049386 1.5225207427894113e-05 3060
1777386058325 1.5106677202686686e-05 3080
1777386067356 1.4988146977479257e-05 3100
1777386076273 1.486961675227183e-05 3120
1777386085049 1.4751086527064402e-05 3140
1777386093871 1.4632556301856975e-05 3160
1777386102973 1.4514026076649546e-05 3180
1777386111897 1.4395495851442117e-05 3200
1777386120902 1.427696562623469e-05 3220
1777386129744 1.4158435401027262e-05 3240
1777386138623 1.4039905175819835e-05 3260
1777386147540 1.3921374950612406e-05 3280
1777386156522 1.3802844725404979e-05 3300
1777386165635 1.368431450019755e-05 3320
1777386174496 1.3565784274990123e-05 3340
1777386183377 1.3447254049782696e-05 3360
1777386192367 1.3328723824575267e-05 3380
1777386201380 1.321019359936784e-05 3400
1777386210340 1.309166337416041e-05 3420
1777386219379 1.2973133148952983e-05 3440
1777386228094 1.2854602923745554e-05 3460
1777386237140 1.2736072698538127e-05 3480
1777386246003 1.26175424733307e-05 3500
1777386254880 1.2499012248123272e-05 3520
1777386263838 1.2380482022915845e-05 3540
1777386272838 1.2261951797708416e-05 3560
1777386281617 1.2143421572500989e-05 3580
1777386290414 1.202489134729356e-05 3600
1777386299383 1.1906361122086132e-05 3620
1777386308323 1.1787830896878705e-05 3640
1777386317204 1.1669300671671276e-05 3660
1777386325988 1.1550770446463849e-05 3680
1777386335047 1.143224022125642e-05 3700
1777386343992 1.1313709996048993e-05 3720
1777386353038 1.1195179770841565e-05 3740
1777386361994 1.1076649545634138e-05 3760
1777386370851 1.0958119320426709e-05 3780
1777386379968 1.0839589095219282e-05 3800
1777386388808 1.0721058870011853e-05 3820
1777386397792 1.0602528644804425e-05 3840
1777386406778 1.0483998419596998e-05 3860
1777386415675 1.0365468194389569e-05 3880
1777386424632 1.0246937969182142e-05 3900
1777386433644 1.0128407743974713e-05 3920
1777386442568 1.0009877518767286e-05 3940
1777386451371 9.891347293559859e-06 3960
1777386460584 9.77281706835243e-06 3980
1777386469729 9.654286843145003e-06 4000
1777386499936 9.535756617937573e-06 4020
1777386508841 9.417226392730146e-06 4040
1777386517756 9.298696167522717e-06 4060
1777386526732 9.18016594231529e-06 4080
1777386535593 9.061635717107863e-06 4100
1777386544472 8.943105491900435e-06 4120
1777386553467 8.824575266693008e-06 4140
1777386562320 8.706045041485579e-06 4160
1777386571203 8.587514816278152e-06 4180
1777386580081 8.468984591070723e-06 4200
1777386589109 8.350454365863295e-06 4220
1777386598126 8.231924140655868e-06 4240
1777386607110 8.113393915448439e-06 4260
1777386616208 7.994863690241012e-06 4280
1777386625160 7.876333465033583e-06 4300
1777386634028 7.757803239826156e-06 4320
1777386643078 7.639273014618728e-06 4340
1777386652220 7.5207427894113005e-06 4360
1777386661167 7.402212564203872e-06 4380
1777386670052 7.283682338996444e-06 4400
1777386679034 7.165152113789016e-06 4420
1777386687954 7.046621888581588e-06 4440
1777386697059 6.928091663374161e-06 4460
1777386705843 6.809561438166733e-06 4480
1777386714810 6.691031212959305e-06 4500
1777386723667 6.572500987751877e-06 4520
1777386732635 6.453970762544449e-06 4540
1777386741777 6.335440537337021e-06 4560
1777386750829 6.2169103121295925e-06 4580
1777386759743 6.0983800869221655e-06 4600
1777386768738 5.979849861714738e-06 4620
1777386777724 5.86131963650731e-06 4640
1777386786687 5.742789411299882e-06 4660
1777386795585 5.624259186092453e-06 4680
1777386804509 5.5057289608850254e-06 4700
1777386813516 5.387198735677598e-06 4720
1777386822686 5.268668510470171e-06 4740
1777386831759 5.150138285262743e-06 4760
