1778603859264 2.7242982387542725 20
1778603910810 2.7480125427246094 40
1778603962157 6.33502721786499 60
1778604013478 10.00462532043457 80
1778604064833 40.060791015625 100
1778604116178 23.261554718017578 120
1778604167462 16.7213077545166 140
1778604218718 14.056467056274414 160
1778604270106 18.378759384155273 180
1778604321473 26.04457664489746 200
1778604372881 17.01923370361328 220
1778604424289 26.861692428588867 240
1778604509988 18.843318939208984 260
1778604561451 15.53422737121582 280
1778604612894 28.718122482299805 300
1778604664226 25.984619140625 320
1778604715612 30.494688034057617 340
1778604766953 20.148473739624023 360
1778604818351 19.102174758911133 380
1778604869701 22.71600914001465 400
1778604921045 19.350753784179688 420
1778604972546 22.90733528137207 440
1778605023877 10.844995498657227 460
1778605075260 13.148253440856934 480
1778605126642 17.944393157958984 500
1778605212359 10.859729766845703 520
1778605263775 22.633563995361328 540
1778605315153 25.628108978271484 560
1778605366549 10.815793991088867 580
1778605417973 22.014934539794922 600
1778605469395 23.518266677856445 620
1778605520801 34.59724426269531 640
1778605572195 5.322926044464111 660
1778605623558 13.197854042053223 680
1778605674917 11.118857383728027 700
1778605726365 2.6513471603393555 720
1778605777807 28.089006423950195 740
1778605863469 4.74172830581665 760
1778605914866 20.00079345703125 780
1778605966230 13.728517532348633 800
1778606017535 42.48659896850586 820
1778606068885 4.9366278648376465 840
1778606120210 1.675065517425537 860
1778606171557 14.944706916809082 880
1778606222905 5.788727283477783 900
1778606274300 34.809059143066406 920
1778606325685 0.8980175256729126 940
1778606377060 21.558666229248047 960
1778606428451 11.788922309875488 980
1778606479784 10.139616966247559 1000
1778606565412 12.477538108825684 1020
1778606616794 0.4844062030315399 1040
1778606668220 16.239782333374023 1060
1778606719587 6.080806255340576 1080
1778606770979 2.8747191429138184 1100
1778606822279 8.30160140991211 1120
1778606873577 1.1643898487091064 1140
1778606924939 1.9194636344909668 1160
1778606976297 2.9306139945983887 1180
1778607027716 0.45071011781692505 1200
1778607079072 12.983553886413574 1220
1778607130353 2.97204327583313 1240
1778607216093 20.152402877807617 1260
1778607267534 12.120577812194824 1280
1778607318977 3.6646535396575928 1300
1778607370331 3.3797848224639893 1320
1778607421676 0.8068165183067322 1340
1778607473044 27.674335479736328 1360
1778607524439 51.932613372802734 1380
1778607575776 14.148398399353027 1400
1778607627137 0.7235547304153442 1420
1778607678551 6.627807140350342 1440
1778607729867 9.729498863220215 1460
1778607781293 34.42979049682617 1480
1778607832591 1.0755070447921753 1500
1778607918324 35.999568939208984 1520
1778607969695 1.2386406660079956 1540
1778608021066 0.6417198181152344 1560
1778608072413 0.34634602069854736 1580
1778608123772 0.11037301272153854 1600
1778608175124 0.9386163353919983 1620
1778608226501 1.8193907737731934 1640
1778608277877 2.2100906372070312 1660
1778608329128 0.7049667239189148 1680
1778608380475 3.0517609119415283 1700
1778608431832 0.9455451965332031 1720
1778608483208 3.7248148918151855 1740
1778608568834 1.9770678281784058 1760
1778608620159 1.316433310508728 1780
1778608671491 61.55841064453125 1800
1778608722812 29.09653663635254 1820
1778608774252 3.261469841003418 1840
1778608825609 2.0517547130584717 1860
1778608877004 1.3076120615005493 1880
1778608928363 0.9380290508270264 1900
1778608979717 9.216876029968262 1920
1778609030978 1.9951677322387695 1940
1778609082251 2.5567867755889893 1960
1778609133681 2.447652578353882 1980
1778609185015 5.385688781738281 2000
1778609270600 1.9015830755233765 2020
1778609321961 4.094308376312256 2040
1778609373250 4.497067451477051 2060
1778609424634 1.3706523180007935 2080
1778609475970 5.79264497756958 2100
1778609527363 3.6738855838775635 2120
1778609578719 7.8632073402404785 2140
1778609630069 4.3786725997924805 2160
1778609681523 3.4572527408599854 2180
1778609732878 3.8022022247314453 2200
1778609784261 28.761974334716797 2220
1778609835661 3.2037370204925537 2240
