1778603859264 2.9836 20
1778603910810 2.7783 40
1778603962157 2.179 60
1778604013478 1.8217 80
1778604064833 1.641 100
1778604116178 1.5328 120
1778604167462 1.2382 140
1778604218718 1.0949 160
1778604270106 0.9733 180
1778604321473 1.0043 200
1778604372881 0.8957 220
1778604424289 0.8485 240
1778604509988 0.6764 260
1778604561451 0.6929 280
1778604612894 0.7069 300
1778604664226 0.5141 320
1778604715612 0.4783 340
1778604766953 0.4966 360
1778604818351 0.5174 380
1778604869701 0.4693 400
1778604921045 0.4376 420
1778604972546 0.4691 440
1778605023877 0.3975 460
1778605075260 0.3755 480
1778605126642 0.3526 500
1778605212359 0.3499 520
1778605263775 0.3489 540
1778605315153 0.376 560
1778605366549 0.3339 580
1778605417973 0.2847 600
1778605469395 0.3023 620
1778605520801 0.3068 640
1778605572195 0.2536 660
1778605623558 0.2381 680
1778605674917 0.2377 700
1778605726365 0.2206 720
1778605777807 0.2335 740
1778605863469 0.1942 760
1778605914866 0.242 780
1778605966230 0.2071 800
1778606017535 0.2069 820
1778606068885 0.1846 840
1778606120210 0.2283 860
1778606171557 0.2079 880
1778606222905 0.2397 900
1778606274300 0.1251 920
1778606325685 0.1629 940
1778606377060 0.1371 960
1778606428451 0.1755 980
1778606479784 0.1744 1000
1778606565412 0.1414 1020
1778606616794 0.1895 1040
1778606668220 0.2126 1060
1778606719587 0.1725 1080
1778606770979 0.1421 1100
1778606822279 0.1497 1120
1778606873577 0.1208 1140
1778606924939 0.1194 1160
1778606976297 0.1253 1180
1778607027716 0.127 1200
1778607079072 0.1235 1220
1778607130353 0.1619 1240
1778607216093 0.141 1260
1778607267534 0.1492 1280
1778607318977 0.1283 1300
1778607370331 0.1234 1320
1778607421676 0.1095 1340
1778607473044 0.0906 1360
1778607524439 0.0897 1380
1778607575776 0.0944 1400
1778607627137 0.0674 1420
1778607678551 0.0977 1440
1778607729867 0.1331 1460
1778607781293 0.1066 1480
1778607832591 0.098 1500
1778607918324 0.1146 1520
1778607969695 0.1074 1540
1778608021066 0.0717 1560
1778608072413 0.0794 1580
1778608123772 0.0755 1600
1778608175124 0.0894 1620
1778608226501 0.0879 1640
1778608277877 0.0862 1660
1778608329128 0.0833 1680
1778608380475 0.0989 1700
1778608431832 0.0702 1720
1778608483208 0.0668 1740
1778608568834 0.0794 1760
1778608620159 0.0864 1780
1778608671491 0.082 1800
1778608722812 0.0976 1820
1778608774252 0.0602 1840
1778608825609 0.0896 1860
1778608877004 0.0619 1880
1778608928363 0.0555 1900
1778608979717 0.0805 1920
1778609030978 0.0601 1940
1778609082251 0.0647 1960
1778609133681 0.0521 1980
1778609185015 0.0775 2000
1778609270600 0.0653 2020
1778609321961 0.0422 2040
1778609373250 0.058 2060
1778609424634 0.0323 2080
1778609475970 0.0648 2100
1778609527363 0.0483 2120
1778609578719 0.0595 2140
1778609630069 0.0489 2160
1778609681523 0.05 2180
1778609732878 0.0531 2200
1778609784261 0.0496 2220
1778609835661 0.0399 2240
