1776256441653 0.11235955056179775 50
1776256491056 0.2247191011235955 100
1776256541217 0.33707865168539325 150
1776256591992 0.449438202247191 200
1776256643424 0.5617977528089888 250
1776256695323 0.6741573033707865 300
1776256747810 0.7865168539325843 350
1776256800515 0.898876404494382 400
1776256866796 1.0 445
1776256873432 1.0112359550561798 450
1776256926132 1.1235955056179776 500
1776256978778 1.2359550561797752 550
1776257031557 1.348314606741573 600
1776257084480 1.4606741573033708 650
1776257137435 1.5730337078651684 700
1776257190485 1.6853932584269664 750
1776257243546 1.797752808988764 800
1776257296543 1.9101123595505618 850
1776257357615 2.0 890
1776257368250 2.0224719101123596 900
1776257421198 2.134831460674157 950
1776257474085 2.247191011235955 1000
1776257526856 2.359550561797753 1050
1776257579755 2.4719101123595504 1100
1776257632574 2.5842696629213484 1150
1776257685264 2.696629213483146 1200
1776257738061 2.808988764044944 1250
1776257790840 2.9213483146067416 1300
1776257846623 3.0 1335
1776257846622 3.0 1335
1776257866008 3.0 1335
1776257885281 3.0 1335
1776257885748 3.0 0
