1778894721570 0.1206347793340683 20
1778894722721 0.11631344258785248 40
1778894723874 0.20561319589614868 60
1778894725028 0.06834273785352707 80
1778894726181 0.1610022634267807 100
1778894727335 0.11096296459436417 120
1778894728490 0.04966628551483154 140
1778894729644 0.1829286366701126 160
1778894730799 0.1388518512248993 180
1778894731953 0.08084335923194885 200
1778894733107 0.07460679113864899 220
1778894734261 0.042164869606494904 240
1778894746385 0.07071345299482346 260
1778894747540 0.232707679271698 280
1778894748694 0.15442682802677155 300
1778894749849 0.14284898340702057 320
1778894751004 0.05153418704867363 340
1778894752158 0.05563737824559212 360
1778894753313 0.03093854896724224 380
1778894754468 0.1521798074245453 400
1778894755625 0.10355391353368759 420
1778894756779 0.06151486560702324 440
1778894757934 0.15620598196983337 460
1778894759089 0.09954624623060226 480
1778894760243 0.19831052422523499 500
1778894772158 0.04849884286522865 520
1778894773313 0.18949441611766815 540
1778894774467 0.14624936878681183 560
1778894775622 0.14483384788036346 580
1778894776777 0.09628982841968536 600
1778894777931 0.14297455549240112 620
1778894779085 0.0622294656932354 640
1778894780240 0.05979090929031372 660
1778894781394 0.19661813974380493 680
1778894782548 0.07695643603801727 700
1778894783702 0.11071029305458069 720
1778894784857 0.04164479672908783 740
1778894796545 0.035187892615795135 760
1778894797697 0.19559192657470703 780
1778894798851 0.030640995129942894 800
1778894800005 0.14420250058174133 820
1778894801159 0.06527027487754822 840
1778894802313 0.18698658049106598 860
1778894803467 0.04099929705262184 880
1778894804622 0.10454624146223068 900
1778894805776 0.10608487576246262 920
1778894806930 0.19401755928993225 940
1778894808084 0.037109822034835815 960
1778894809238 0.19267390668392181 980
1778894810392 0.06886236369609833 1000
1778894822324 0.04096919670701027 1020
1778894823477 0.1947258859872818 1040
1778894824629 0.059695590287446976 1060
1778894825782 0.10480357706546783 1080
1778894826934 0.15290184319019318 1100
1778894828087 0.06283973157405853 1120
1778894829240 0.05961846560239792 1140
1778894830392 0.09474296867847443 1160
1778894831545 0.044012051075696945 1180
1778894832699 0.0972534790635109 1200
1778894833854 0.07311905920505524 1220
1778894835006 0.055112067610025406 1240
1778894846895 0.10610876977443695 1260
1778894848047 0.09716613590717316 1280
1778894849200 0.10039349645376205 1300
1778894850352 0.06440587341785431 1320
1778894851579 0.048301760107278824 1340
1778894852732 0.10305552929639816 1360
1778894853884 0.032192412763834 1380
1778894855036 0.058030594140291214 1400
1778894856188 0.10597787797451019 1420
1778894857341 0.06393637508153915 1440
1778894858496 0.0467098094522953 1460
1778894859650 0.33151158690452576 1480
1778894860805 0.09774810075759888 1500
1778894872740 0.06019497662782669 1520
1778894873894 0.1023840606212616 1540
1778894875048 0.0973789170384407 1560
1778894876203 0.1995333880186081 1580
1778894877357 0.059154003858566284 1600
1778894878511 0.062150988727808 1620
1778894879665 0.4681740999221802 1640
1778894880819 0.10723086446523666 1660
1778894881973 0.06469916552305222 1680
1778894883128 0.10208148509263992 1700
1778894884283 0.058667752891778946 1720
1778894885437 0.03659679368138313 1740
1778894897393 0.09681025892496109 1760
1778894898548 0.052509237080812454 1780
1778894899704 0.05411931499838829 1800
1778894900859 0.24024803936481476 1820
1778894902013 0.18128487467765808 1840
1778894903167 0.0278459545224905 1860
1778894904321 0.14936041831970215 1880
1778894905481 0.05574017018079758 1900
1778894906636 0.23945055902004242 1920
1778894907790 0.12964263558387756 1940
1778894908944 0.059933558106422424 1960
1778894910099 0.06308145076036453 1980
1778894911253 0.040516018867492676 2000
1778894923129 0.04946475103497505 2020
1778894924284 0.14605730772018433 2040
1778894925438 0.05831122770905495 2060
1778894926593 0.2868289351463318 2080
1778894927748 0.059324104338884354 2100
1778894928902 0.10989642888307571 2120
1778894930056 0.18645623326301575 2140
1778894931210 0.05938991904258728 2160
1778894932365 0.03297658637166023 2180
1778894933519 0.03817620500922203 2200
1778894934673 0.08930771052837372 2220
1778894935832 0.2812505066394806 2240
1778894947756 0.030958300456404686 2260
1778894948911 0.058035869151353836 2280
1778894950066 0.046245917677879333 2300
1778894951220 0.03885830566287041 2320
1778894952376 0.07832278311252594 2340
1778894953531 0.15291531383991241 2360
1778894954685 0.12282183021306992 2380
1778894955840 0.1345777064561844 2400
1778894956994 0.12319828569889069 2420
1778894958148 0.07136938720941544 2440
1778894959303 0.06672924757003784 2460
1778894960458 0.20297808945178986 2480
1778894961612 0.14555244147777557 2500
1778894973551 0.06187129765748978 2520
1778894974705 0.13203658163547516 2540
1778894975860 0.15498529374599457 2560
1778894977014 0.10173407942056656 2580
1778894978168 0.07331250607967377 2600
1778894979322 0.0845876932144165 2620
1778894980476 0.054791275411844254 2640
1778894981630 0.18789401650428772 2660
1778894982778 0.17539609968662262 2680
1778894983934 0.11773381382226944 2700
1778894985088 0.08642175048589706 2720
1778894986243 0.1452082246541977 2740
1778894998145 0.0356057733297348 2760
1778894999297 0.10100188106298447 2780
1778895000450 0.14371635019779205 2800
1778895001603 0.12338148057460785 2820
1778895002757 0.04273582994937897 2840
1778895003912 0.22150930762290955 2860
1778895005066 0.05442902445793152 2880
1778895006221 0.10026568919420242 2900
1778895007375 0.05399249866604805 2920
1778895008530 0.046852413564920425 2940
1778895009684 0.1359572559595108 2960
1778895010839 0.2279229313135147 2980
1778895011993 0.19611743092536926 3000
1778895023931 0.08921930938959122 3020
1778895025084 0.15615567564964294 3040
1778895026237 0.035187628120183945 3060
1778895027389 0.13223253190517426 3080
1778895028542 0.13723938167095184 3100
1778895029694 0.07467930018901825 3120
1778895030848 0.14597268402576447 3140
1778895032001 0.23888835310935974 3160
1778895033154 0.11502087116241455 3180
1778895034306 0.1538510024547577 3200
1778895035459 0.10723879188299179 3220
1778895036611 0.06319478154182434 3240
1778895048500 0.054098617285490036 3260
1778895049654 0.056127358227968216 3280
1778895050808 0.04170648008584976 3300
1778895051962 0.4108307957649231 3320
1778895053116 0.09279583394527435 3340
1778895054270 0.07253842055797577 3360
1778895055424 0.0614854097366333 3380
1778895056578 0.28664615750312805 3400
1778895057732 0.07010891288518906 3420
1778895058886 0.04171193018555641 3440
1778895060040 0.18706460297107697 3460
1778895061194 0.1240428015589714 3480
1778895062348 0.04330601915717125 3500
1778895074246 0.21894069015979767 3520
1778895075400 0.040371667593717575 3540
1778895076554 0.0920242890715599 3560
1778895077708 0.05309800058603287 3580
1778895078861 0.040937431156635284 3600
1778895080016 0.04206627979874611 3620
1778895081170 0.12826882302761078 3640
1778895082324 0.12255444377660751 3660
1778895083478 0.2433188259601593 3680
1778895084632 0.06119038164615631 3700
1778895085786 0.03206107020378113 3720
1778895086940 0.031410396099090576 3740
1778895098900 0.03819264844059944 3760
1778895100054 0.08002398908138275 3780
1778895101208 0.09591080993413925 3800
1778895102362 0.1337960809469223 3820
1778895103516 0.16477486491203308 3840
1778895104671 0.0619405135512352 3860
1778895105825 0.1899726837873459 3880
1778895106979 0.034036342054605484 3900
1778895108133 0.16731856763362885 3920
1778895109290 0.09059393405914307 3940
1778895110444 0.10007212311029434 3960
1778895111599 0.22110149264335632 3980
1778895112748 0.18806593120098114 4000
1778895124631 0.12051604688167572 4020
1778895125785 0.0619303435087204 4040
1778895126939 0.13618318736553192 4060
1778895128093 0.036969758570194244 4080
1778895129246 0.05231935530900955 4100
1778895130400 0.23413823544979095 4120
1778895131554 0.10518769174814224 4140
1778895132708 0.1074475646018982 4160
1778895133862 0.11590618640184402 4180
1778895135016 0.10317853093147278 4200
1778895136169 0.0963234007358551 4220
1778895137323 0.11226533353328705 4240
1778895149279 0.047159258276224136 4260
1778895150432 0.0498729906976223 4280
1778895151586 0.052368417382240295 4300
1778895152739 0.07960138469934464 4320
1778895153891 0.18467798829078674 4340
1778895155044 0.10058634728193283 4360
1778895156197 0.03693830221891403 4380
1778895157353 0.1159425601363182 4400
1778895158506 0.09007077664136887 4420
1778895159659 0.14361979067325592 4440
1778895160812 0.19969898462295532 4460
1778895161964 0.0922686830163002 4480
1778895163117 0.08569063991308212 4500
1778895174986 0.09953740984201431 4520
1778895176140 0.08775750547647476 4540
1778895177294 0.0649481788277626 4560
1778895178448 0.184782475233078 4580
1778895179601 0.11528719961643219 4600
1778895180755 0.04981095716357231 4620
1778895181909 0.18748314678668976 4640
1778895183063 0.10346994549036026 4660
1778895184217 0.13166140019893646 4680
1778895185371 0.03781881928443909 4700
1778895186525 0.1569317877292633 4720
1778895187679 0.17535774409770966 4740
1778895199589 0.06876098364591599 4760
1778895200743 0.03504926711320877 4780
1778895201897 0.16178354620933533 4800
1778895203051 0.055549535900354385 4820
1778895204205 0.1431630700826645 4840
1778895205360 0.05887231230735779 4860
1778895206514 0.03774036839604378 4880
1778895207669 0.03681278973817825 4900
1778895208823 0.12211105227470398 4920
1778895209977 0.04640936851501465 4940
1778895211131 0.06287018954753876 4960
1778895212285 0.1410483568906784 4980
1778895213439 0.04448249191045761 5000
1778895225379 0.04047461971640587 5020
1778895226531 0.07301533222198486 5040
1778895227683 0.07851118594408035 5060
1778895228835 0.03783346340060234 5080
1778895229988 0.2754566967487335 5100
1778895231140 0.07043907791376114 5120
1778895232292 0.31675341725349426 5140
1778895233445 0.2269662618637085 5160
1778895234597 0.10298042744398117 5180
1778895235751 0.03257343918085098 5200
1778895236904 0.045626506209373474 5220
1778895238056 0.14683054387569427 5240
1778895249950 0.06163445860147476 5260
1778895251105 0.19811411201953888 5280
1778895252259 0.03350471705198288 5300
1778895253413 0.1194973960518837 5320
1778895254564 0.05492623150348663 5340
1778895255719 0.04785188287496567 5360
1778895256873 0.06094178929924965 5380
1778895258027 0.03606123849749565 5400
1778895259182 0.13816198706626892 5420
1778895260336 0.06397351622581482 5440
1778895261490 0.06776764988899231 5460
1778895262644 0.09887664020061493 5480
1778895263798 0.04110374674201012 5500
1778895275714 0.1425369381904602 5520
1778895276868 0.13737763464450836 5540
1778895278022 0.0657024160027504 5560
1778895279176 0.20926395058631897 5580
1778895280330 0.03668070584535599 5600
1778895281484 0.1454872339963913 5620
1778895282637 0.14559432864189148 5640
1778895283791 0.10384870320558548 5660
1778895284945 0.04470546171069145 5680
1778895286100 0.04761837422847748 5700
1778895287254 0.1292172223329544 5720
1778895288408 0.07885820418596268 5740
1778895300370 0.10797375440597534 5760
1778895301523 0.10628961026668549 5780
1778895302677 0.040550269186496735 5800
1778895303831 0.12532778084278107 5820
1778895304985 0.09035635739564896 5840
1778895306139 0.14959797263145447 5860
1778895307293 0.042766399681568146 5880
1778895308449 0.07593823969364166 5900
1778895309604 0.038071125745773315 5920
1778895310758 0.08469606190919876 5940
1778895311912 0.0625230073928833 5960
1778895313065 0.03250136971473694 5980
1778895314224 0.08509304374456406 6000
1778895326104 0.1336221694946289 6020
1778895327257 0.07848958671092987 6040
1778895328408 0.04138883575797081 6060
1778895329560 0.05321499705314636 6080
1778895330712 0.04705869033932686 6100
1778895331864 0.13093139231204987 6120
1778895333016 0.09023016691207886 6140
1778895334169 0.03310301527380943 6160
1778895335324 0.030859950929880142 6180
1778895336478 0.03919577598571777 6200
1778895337632 0.06667333096265793 6220
1778895338786 0.1395290046930313 6240
1778895350968 0.1859569102525711 6260
1778895352120 0.06385448575019836 6280
1778895353272 0.07334862649440765 6300
1778895354426 0.11808938533067703 6320
1778895355581 0.12028878182172775 6340
1778895356741 0.04314513877034187 6360
1778895357895 0.06635640561580658 6380
1778895359050 0.033325791358947754 6400
1778895360204 0.040216151624917984 6420
1778895361358 0.17175930738449097 6440
1778895362513 0.20417973399162292 6460
1778895363667 0.10750821977853775 6480
1778895364822 0.05905425176024437 6500
1778895376702 0.038008853793144226 6520
1778895377856 0.0786266103386879 6540
1778895379011 0.051916223019361496 6560
1778895380165 0.07031542807817459 6580
1778895381319 0.04230219125747681 6600
1778895382473 0.03559585288167 6620
1778895383628 0.1599833071231842 6640
1778895384776 0.19882263243198395 6660
