1778296195959 0.03003003003003003 20
1778296197495 0.06006006006006006 40
1778296199033 0.09009009009009009 60
1778296200566 0.12012012012012012 80
1778296202100 0.15015015015015015 100
1778296203633 0.18018018018018017 120
1778296205169 0.21021021021021022 140
1778296206704 0.24024024024024024 160
1778296208240 0.2702702702702703 180
1778296209772 0.3003003003003003 200
1778296211307 0.3303303303303303 220
1778296212843 0.36036036036036034 240
1778296214558 0.37537537537537535 250
1778296215749 0.39039039039039036 260
1778296217283 0.42042042042042044 280
1778296218820 0.45045045045045046 300
1778296220360 0.4804804804804805 320
1778296221895 0.5105105105105106 340
1778296223434 0.5405405405405406 360
1778296225028 0.5705705705705706 380
1778296226687 0.6006006006006006 400
1778296228360 0.6306306306306306 420
1778296230045 0.6606606606606606 440
1778296231632 0.6906906906906907 460
1778296233167 0.7207207207207207 480
1778296234706 0.7507507507507507 500
1778296235654 0.7507507507507507 500
1778296237602 0.7807807807807807 520
1778296239138 0.8108108108108109 540
1778296240675 0.8408408408408409 560
1778296242207 0.8708708708708709 580
1778296243743 0.9009009009009009 600
1778296245275 0.9309309309309309 620
1778296246810 0.960960960960961 640
1778296248347 0.990990990990991 660
1778296249886 1.021021021021021 680
1778296251421 1.0510510510510511 700
1778296252958 1.0810810810810811 720
1778296254493 1.1111111111111112 740
1778296256202 1.1261261261261262 750
1778296257377 1.1411411411411412 760
1778296258914 1.1711711711711712 780
1778296260459 1.2012012012012012 800
1778296261996 1.2312312312312312 820
1778296263533 1.2612612612612613 840
1778296265070 1.2912912912912913 860
1778296266605 1.3213213213213213 880
1778296268149 1.3513513513513513 900
1778296269689 1.3813813813813813 920
1778296271228 1.4114114114114114 940
1778296272768 1.4414414414414414 960
1778296274309 1.4714714714714714 980
1778296275848 1.5015015015015014 1000
1778296276789 1.5015015015015014 1000
1778296278744 1.5315315315315314 1020
1778296280280 1.5615615615615615 1040
1778296281816 1.5915915915915915 1060
1778296283354 1.6216216216216215 1080
1778296284891 1.6516516516516515 1100
1778296286430 1.6816816816816815 1120
1778296287969 1.7117117117117115 1140
1778296289509 1.7417417417417418 1160
1778296291049 1.7717717717717718 1180
1778296292586 1.8018018018018018 1200
1778296294126 1.8318318318318318 1220
1778296295663 1.8618618618618619 1240
1778296297373 1.8768768768768769 1250
1778296298557 1.8918918918918919 1260
1778296300095 1.921921921921922 1280
1778296301634 1.951951951951952 1300
1778296303173 1.981981981981982 1320
1778296304714 2.012012012012012 1340
1778296306255 2.042042042042042 1360
1778296307794 2.0720720720720722 1380
1778296309332 2.1021021021021022 1400
1778296310874 2.1321321321321323 1420
1778296312411 2.1621621621621623 1440
1778296313947 2.1921921921921923 1460
1778296315483 2.2222222222222223 1480
1778296317019 2.2522522522522523 1500
1778296317955 2.2522522522522523 1500
1778296319878 2.2822822822822824 1520
1778296321419 2.3123123123123124 1540
1778296322957 2.3423423423423424 1560
1778296324489 2.3723723723723724 1580
1778296326023 2.4024024024024024 1600
1778296327562 2.4324324324324325 1620
1778296329100 2.4624624624624625 1640
1778296330634 2.4924924924924925 1660
1778296332171 2.5225225225225225 1680
1778296333708 2.5525525525525525 1700
1778296335240 2.5825825825825826 1720
1778296336773 2.6126126126126126 1740
1778296338481 2.6276276276276276 1750
1778296339673 2.6426426426426426 1760
1778296341209 2.6726726726726726 1780
1778296342748 2.7027027027027026 1800
1778296344285 2.7327327327327327 1820
1778296345825 2.7627627627627627 1840
1778296347361 2.7927927927927927 1860
1778296348900 2.8228228228228227 1880
1778296350440 2.8528528528528527 1900
1778296351972 2.8828828828828827 1920
1778296353508 2.9129129129129128 1940
1778296355049 2.942942942942943 1960
1778296356593 2.972972972972973 1980
1778296358134 3.003003003003003 2000
1778296359074 3.003003003003003 2000
1778296361026 3.033033033033033 2020
1778296362568 3.063063063063063 2040
1778296364108 3.093093093093093 2060
1778296365651 3.123123123123123 2080
1778296367189 3.153153153153153 2100
1778296368725 3.1831831831831834 2120
1778296370260 3.2132132132132134 2140
1778296371800 3.2432432432432434 2160
1778296373339 3.2732732732732734 2180
1778296374878 3.3033033033033035 2200
1778296376421 3.3333333333333335 2220
1778296377958 3.3633633633633635 2240
1778296379664 3.3783783783783785 2250
1778296380894 3.3933933933933935 2260
1778296382431 3.4234234234234235 2280
1778296383967 3.4534534534534536 2300
1778296385505 3.4834834834834836 2320
1778296387043 3.5135135135135136 2340
1778296388583 3.5435435435435436 2360
1778296390120 3.5735735735735736 2380
1778296391656 3.6036036036036037 2400
1778296393198 3.6336336336336337 2420
1778296394737 3.6636636636636637 2440
1778296396276 3.6936936936936937 2460
1778296397811 3.7237237237237237 2480
1778296399347 3.7537537537537538 2500
1778296400285 3.7537537537537538 2500
1778296402218 3.7837837837837838 2520
1778296403757 3.813813813813814 2540
1778296405293 3.843843843843844 2560
1778296406831 3.873873873873874 2580
1778296408369 3.903903903903904 2600
1778296409906 3.933933933933934 2620
1778296411442 3.963963963963964 2640
1778296412976 3.993993993993994 2660
