1778296195959 0.7553344368934631 20
1778296197495 1.0813820362091064 40
1778296199033 0.8813230395317078 60
1778296200566 1.1919628381729126 80
1778296202100 1.3528274297714233 100
1778296203633 1.3322808742523193 120
1778296205169 1.5825634002685547 140
1778296206704 0.820506751537323 160
1778296208240 0.7762362957000732 180
1778296209772 0.8284703493118286 200
1778296211307 0.9066560864448547 220
1778296212843 1.271393895149231 240
1778296215749 2.5598812103271484 260
1778296217283 1.1605644226074219 280
1778296218820 1.090998649597168 300
1778296220360 1.0932128429412842 320
1778296221895 1.7322524785995483 340
1778296223434 0.976196825504303 360
1778296225028 0.8029202818870544 380
1778296226687 1.1911062002182007 400
1778296228360 0.7792895436286926 420
1778296230045 1.0203827619552612 440
1778296231632 0.9996123313903809 460
1778296233167 1.3160747289657593 480
1778296234706 1.184877872467041 500
1778296237602 0.788131833076477 520
1778296239138 1.0603562593460083 540
1778296240675 1.0212860107421875 560
1778296242207 0.9846518635749817 580
1778296243743 1.3142906427383423 600
1778296245275 1.3103317022323608 620
1778296246810 0.9768239855766296 640
1778296248347 0.9472604990005493 660
1778296249886 1.251609206199646 680
1778296251421 1.09195876121521 700
1778296252958 1.9148139953613281 720
1778296254493 1.994768738746643 740
1778296257377 1.3878157138824463 760
1778296258914 1.1172953844070435 780
1778296260459 1.2592836618423462 800
1778296261996 1.530342936515808 820
1778296263533 1.557139277458191 840
1778296265070 1.0735687017440796 860
1778296266605 2.6438140869140625 880
1778296268149 0.9669089913368225 900
1778296269689 2.155824899673462 920
1778296271228 1.317507266998291 940
1778296272768 1.4239387512207031 960
1778296274309 1.665669322013855 980
1778296275848 1.9554716348648071 1000
1778296278744 1.7686954736709595 1020
1778296280280 2.2298765182495117 1040
1778296281816 1.2227931022644043 1060
1778296283354 2.051375389099121 1080
1778296284891 1.2791365385055542 1100
1778296286430 1.360137939453125 1120
1778296287969 1.4437096118927002 1140
1778296289509 2.2548723220825195 1160
1778296291049 1.3539278507232666 1180
1778296292586 1.0868552923202515 1200
1778296294126 1.3370752334594727 1220
1778296295663 2.1778981685638428 1240
1778296298557 1.1225751638412476 1260
1778296300095 1.251503586769104 1280
1778296301634 1.3084533214569092 1300
1778296303173 0.8937385678291321 1320
1778296304714 3.1327292919158936 1340
1778296306255 1.571838140487671 1360
1778296307794 1.3243489265441895 1380
1778296309332 1.182386040687561 1400
1778296310874 1.6753225326538086 1420
1778296312411 1.23642098903656 1440
1778296313947 2.2932701110839844 1460
1778296315483 1.3961474895477295 1480
1778296317019 1.193698525428772 1500
1778296319878 1.593894362449646 1520
1778296321419 1.5253227949142456 1540
1778296322957 1.9773110151290894 1560
1778296324489 2.4842453002929688 1580
1778296326023 1.397108793258667 1600
1778296327562 1.8468948602676392 1620
1778296329100 2.118253707885742 1640
1778296330634 2.4846737384796143 1660
1778296332171 1.2834144830703735 1680
1778296333708 2.013042449951172 1700
1778296335240 1.4389665126800537 1720
1778296336773 1.1546369791030884 1740
1778296339673 2.1410622596740723 1760
1778296341209 2.8444976806640625 1780
1778296342748 2.718763828277588 1800
1778296344285 2.0596203804016113 1820
1778296345825 1.5014268159866333 1840
1778296347361 1.3613961935043335 1860
1778296348900 1.961980938911438 1880
1778296350440 1.4066452980041504 1900
1778296351972 2.6442861557006836 1920
1778296353508 1.8781895637512207 1940
1778296355049 2.053762912750244 1960
1778296356593 1.7215291261672974 1980
1778296358134 1.5265852212905884 2000
1778296361026 1.3580262660980225 2020
1778296362568 1.3782652616500854 2040
1778296364108 1.8551291227340698 2060
1778296365651 1.8633596897125244 2080
1778296367189 1.7745379209518433 2100
1778296368725 3.6890482902526855 2120
1778296370260 2.361154079437256 2140
1778296371800 1.5334900617599487 2160
1778296373339 1.9128364324569702 2180
1778296374878 2.073326349258423 2200
1778296376421 2.377835988998413 2220
1778296377958 1.6622798442840576 2240
1778296380894 2.687091112136841 2260
1778296382431 1.6458660364151 2280
1778296383967 1.5110803842544556 2300
1778296385505 1.9196765422821045 2320
1778296387043 1.335968255996704 2340
1778296388583 2.42716383934021 2360
1778296390120 2.0569777488708496 2380
1778296391656 1.655711054801941 2400
1778296393198 1.7720226049423218 2420
1778296394737 2.571025848388672 2440
1778296396276 2.2258269786834717 2460
1778296397811 2.2737042903900146 2480
1778296399347 1.735262393951416 2500
1778296402218 2.3753714561462402 2520
1778296403757 2.3134958744049072 2540
1778296405293 1.7912557125091553 2560
1778296406831 1.790004014968872 2580
1778296408369 2.563441038131714 2600
1778296409906 2.008589506149292 2620
1778296411442 3.3267099857330322 2640
1778296412976 1.7176462411880493 2660
