1778296195959 1.1400000000000001e-05 20
1778296197495 2.3400000000000003e-05 40
1778296199033 2.9896710022953328e-05 60
1778296200566 2.966717674062739e-05 80
1778296202100 2.9437643458301456e-05 100
1778296203633 2.9208110175975516e-05 120
1778296205169 2.897857689364958e-05 140
1778296206704 2.874904361132364e-05 160
1778296208240 2.8519510328997704e-05 180
1778296209772 2.828997704667177e-05 200
1778296211307 2.8060443764345832e-05 220
1778296212843 2.7830910482019893e-05 240
1778296215749 2.7601377199693957e-05 260
1778296217283 2.7371843917368017e-05 280
1778296218820 2.714231063504208e-05 300
1778296220360 2.6912777352716145e-05 320
1778296221895 2.668324407039021e-05 340
1778296223434 2.6453710788064273e-05 360
1778296225028 2.622417750573833e-05 380
1778296226687 2.5994644223412394e-05 400
1778296228360 2.5765110941086458e-05 420
1778296230045 2.5535577658760522e-05 440
1778296231632 2.5306044376434586e-05 460
1778296233167 2.5076511094108647e-05 480
1778296234706 2.4846977811782707e-05 500
1778296237602 2.461744452945677e-05 520
1778296239138 2.4387911247130835e-05 540
1778296240675 2.41583779648049e-05 560
1778296242207 2.392884468247896e-05 580
1778296243743 2.3699311400153023e-05 600
1778296245275 2.3469778117827084e-05 620
1778296246810 2.3240244835501148e-05 640
1778296248347 2.3010711553175212e-05 660
1778296249886 2.2781178270849272e-05 680
1778296251421 2.2551644988523336e-05 700
1778296252958 2.23221117061974e-05 720
1778296254493 2.209257842387146e-05 740
1778296257377 2.1863045141545525e-05 760
1778296258914 2.1633511859219585e-05 780
1778296260459 2.140397857689365e-05 800
1778296261996 2.1174445294567713e-05 820
1778296263533 2.0944912012241777e-05 840
1778296265070 2.0715378729915838e-05 860
1778296266605 2.04858454475899e-05 880
1778296268149 2.0256312165263962e-05 900
1778296269689 2.0026778882938026e-05 920
1778296271228 1.979724560061209e-05 940
1778296272768 1.9567712318286154e-05 960
1778296274309 1.9338179035960218e-05 980
1778296275848 1.9108645753634275e-05 1000
1778296278744 1.887911247130834e-05 1020
1778296280280 1.8649579188982403e-05 1040
1778296281816 1.8420045906656467e-05 1060
1778296283354 1.819051262433053e-05 1080
1778296284891 1.796097934200459e-05 1100
1778296286430 1.7731446059678652e-05 1120
1778296287969 1.7501912777352716e-05 1140
1778296289509 1.727237949502678e-05 1160
1778296291049 1.7042846212700844e-05 1180
1778296292586 1.6813312930374904e-05 1200
1778296294126 1.6583779648048968e-05 1220
1778296295663 1.635424636572303e-05 1240
1778296298557 1.6124713083397093e-05 1260
1778296300095 1.5895179801071156e-05 1280
1778296301634 1.5665646518745217e-05 1300
1778296303173 1.543611323641928e-05 1320
1778296304714 1.5206579954093343e-05 1340
1778296306255 1.4977046671767407e-05 1360
1778296307794 1.474751338944147e-05 1380
1778296309332 1.4517980107115532e-05 1400
1778296310874 1.4288446824789596e-05 1420
1778296312411 1.4058913542463658e-05 1440
1778296313947 1.382938026013772e-05 1460
1778296315483 1.3599846977811782e-05 1480
1778296317019 1.3370313695485846e-05 1500
1778296319878 1.3140780413159908e-05 1520
1778296321419 1.291124713083397e-05 1540
1778296322957 1.2681713848508035e-05 1560
1778296324489 1.2452180566182097e-05 1580
1778296326023 1.2222647283856159e-05 1600
1778296327562 1.1993114001530223e-05 1620
1778296329100 1.1763580719204284e-05 1640
1778296330634 1.1534047436878347e-05 1660
1778296332171 1.1304514154552411e-05 1680
1778296333708 1.1074980872226474e-05 1700
1778296335240 1.0845447589900536e-05 1720
1778296336773 1.0615914307574598e-05 1740
1778296339673 1.0386381025248662e-05 1760
1778296341209 1.0156847742922724e-05 1780
1778296342748 9.927314460596787e-06 1800
1778296344285 9.69778117827085e-06 1820
1778296345825 9.468247895944911e-06 1840
1778296347361 9.238714613618975e-06 1860
1778296348900 9.009181331293039e-06 1880
1778296350440 8.7796480489671e-06 1900
1778296351972 8.550114766641163e-06 1920
1778296353508 8.320581484315227e-06 1940
1778296355049 8.091048201989288e-06 1960
1778296356593 7.861514919663352e-06 1980
1778296358134 7.631981637337414e-06 2000
1778296361026 7.402448355011477e-06 2020
1778296362568 7.172915072685539e-06 2040
1778296364108 6.943381790359602e-06 2060
1778296365651 6.7138485080336655e-06 2080
1778296367189 6.484315225707728e-06 2100
1778296368725 6.254781943381791e-06 2120
1778296370260 6.025248661055853e-06 2140
1778296371800 5.795715378729916e-06 2160
1778296373339 5.566182096403979e-06 2180
1778296374878 5.3366488140780415e-06 2200
1778296376421 5.107115531752104e-06 2220
1778296377958 4.877582249426167e-06 2240
1778296380894 4.64804896710023e-06 2260
1778296382431 4.418515684774292e-06 2280
1778296383967 4.188982402448355e-06 2300
1778296385505 3.9594491201224175e-06 2320
1778296387043 3.7299158377964806e-06 2340
1778296388583 3.5003825554705436e-06 2360
1778296390120 3.270849273144606e-06 2380
1778296391656 3.041315990818669e-06 2400
1778296393198 2.8117827084927316e-06 2420
1778296394737 2.582249426166794e-06 2440
1778296396276 2.352716143840857e-06 2460
1778296397811 2.1231828615149196e-06 2480
1778296399347 1.8936495791889825e-06 2500
1778296402218 1.6641162968630452e-06 2520
1778296403757 1.4345830145371078e-06 2540
1778296405293 1.2050497322111707e-06 2560
1778296406831 9.755164498852334e-07 2580
1778296408369 7.459831675592961e-07 2600
1778296409906 5.164498852333589e-07 2620
1778296411442 2.8691660290742157e-07 2640
1778296412976 5.738332058148432e-08 2660
