1778296195959 0.6942 20
1778296197495 0.6755 40
1778296199033 0.6354 60
1778296200566 0.5827 80
1778296202100 0.5477 100
1778296203633 0.492 120
1778296205169 0.4743 140
1778296206704 0.43 160
1778296208240 0.4902 180
1778296209772 0.4662 200
1778296211307 0.4426 220
1778296212843 0.4297 240
1778296215749 0.4477 260
1778296217283 0.4233 280
1778296218820 0.4554 300
1778296220360 0.3991 320
1778296221895 0.4302 340
1778296223434 0.4361 360
1778296225028 0.4131 380
1778296226687 0.426 400
1778296228360 0.4168 420
1778296230045 0.3909 440
1778296231632 0.401 460
1778296233167 0.3985 480
1778296234706 0.396 500
1778296237602 0.3728 520
1778296239138 0.3967 540
1778296240675 0.4123 560
1778296242207 0.4068 580
1778296243743 0.3955 600
1778296245275 0.3699 620
1778296246810 0.4105 640
1778296248347 0.3857 660
1778296249886 0.3706 680
1778296251421 0.3735 700
1778296252958 0.3389 720
1778296254493 0.3887 740
1778296257377 0.3492 760
1778296258914 0.3663 780
1778296260459 0.3564 800
1778296261996 0.3415 820
1778296263533 0.3623 840
1778296265070 0.337 860
1778296266605 0.354 880
1778296268149 0.3558 900
1778296269689 0.396 920
1778296271228 0.3601 940
1778296272768 0.3615 960
1778296274309 0.3201 980
1778296275848 0.3686 1000
1778296278744 0.3345 1020
1778296280280 0.3434 1040
1778296281816 0.3662 1060
1778296283354 0.3586 1080
1778296284891 0.3912 1100
1778296286430 0.3632 1120
1778296287969 0.3478 1140
1778296289509 0.3856 1160
1778296291049 0.3465 1180
1778296292586 0.3321 1200
1778296294126 0.3446 1220
1778296295663 0.3482 1240
1778296298557 0.3573 1260
1778296300095 0.3308 1280
1778296301634 0.3327 1300
1778296303173 0.3411 1320
1778296304714 0.3346 1340
1778296306255 0.3349 1360
1778296307794 0.3169 1380
1778296309332 0.3419 1400
1778296310874 0.3266 1420
1778296312411 0.3554 1440
1778296313947 0.3168 1460
1778296315483 0.3126 1480
1778296317019 0.3348 1500
1778296319878 0.3499 1520
1778296321419 0.3224 1540
1778296322957 0.3163 1560
1778296324489 0.324 1580
1778296326023 0.2952 1600
1778296327562 0.3198 1620
1778296329100 0.3288 1640
1778296330634 0.3008 1660
1778296332171 0.3155 1680
1778296333708 0.3058 1700
1778296335240 0.3229 1720
1778296336773 0.3031 1740
1778296339673 0.3361 1760
1778296341209 0.3479 1780
1778296342748 0.3185 1800
1778296344285 0.2798 1820
1778296345825 0.311 1840
1778296347361 0.3239 1860
1778296348900 0.3442 1880
1778296350440 0.3205 1900
1778296351972 0.3189 1920
1778296353508 0.3223 1940
1778296355049 0.3322 1960
1778296356593 0.3253 1980
1778296358134 0.3205 2000
1778296361026 0.2843 2020
1778296362568 0.3159 2040
1778296364108 0.2918 2060
1778296365651 0.3026 2080
1778296367189 0.2898 2100
1778296368725 0.3074 2120
1778296370260 0.3078 2140
1778296371800 0.3012 2160
1778296373339 0.2876 2180
1778296374878 0.3114 2200
1778296376421 0.3326 2220
1778296377958 0.3196 2240
1778296380894 0.3438 2260
1778296382431 0.2847 2280
1778296383967 0.2773 2300
1778296385505 0.3105 2320
1778296387043 0.3009 2340
1778296388583 0.2997 2360
1778296390120 0.3174 2380
1778296391656 0.281 2400
1778296393198 0.3184 2420
1778296394737 0.2849 2440
1778296396276 0.3162 2460
1778296397811 0.2898 2480
1778296399347 0.2845 2500
1778296402218 0.32 2520
1778296403757 0.273 2540
1778296405293 0.3273 2560
1778296406831 0.3006 2580
1778296408369 0.312 2600
1778296409906 0.3047 2620
1778296411442 0.302 2640
1778296412976 0.2989 2660
