1778755999643 0.697 20
1778756000217 0.6796 40
1778756000789 0.6235 60
1778756001361 0.5738 80
1778756001943 0.5001 100
1778756002525 0.5477 120
1778756003111 0.5197 140
1778756003682 0.5024 160
1778756004265 0.5006 180
1778756004847 0.4415 200
1778756005430 0.4594 220
1778756006012 0.4958 240
1778756010136 0.4387 260
1778756010720 0.4815 280
1778756011303 0.4271 300
1778756011885 0.4313 320
1778756012467 0.5503 340
1778756013050 0.4672 360
1778756013632 0.4809 380
1778756014213 0.4584 400
1778756014795 0.4398 420
1778756015364 0.4042 440
1778756015932 0.4522 460
1778756016504 0.4198 480
1778756017087 0.4626 500
1778756021048 0.4185 520
1778756021632 0.4633 540
1778756022214 0.3966 560
1778756022796 0.4522 580
1778756023378 0.4334 600
1778756023960 0.3995 620
1778756024542 0.4064 640
1778756025118 0.4463 660
1778756025700 0.3822 680
1778756026271 0.445 700
1778756026838 0.4299 720
1778756027405 0.4425 740
1778756031654 0.4188 760
1778756032236 0.4591 780
1778756032818 0.438 800
1778756033400 0.4631 820
1778756033969 0.4238 840
1778756034537 0.413 860
1778756035121 0.3881 880
1778756035703 0.4075 900
1778756036273 0.4256 920
1778756036839 0.4088 940
1778756037411 0.4086 960
1778756037993 0.4078 980
1778756038576 0.3769 1000
1778756042762 0.4262 1020
1778756043344 0.3656 1040
1778756043923 0.4204 1060
1778756044505 0.4238 1080
1778756045093 0.4143 1100
1778756045676 0.4278 1120
1778756046259 0.4097 1140
1778756046841 0.4407 1160
1778756047423 0.4129 1180
1778756048005 0.4204 1200
1778756048587 0.4007 1220
1778756049170 0.3951 1240
1778756053315 0.4475 1260
1778756053898 0.4478 1280
1778756054483 0.43 1300
1778756055065 0.4045 1320
1778756055655 0.4023 1340
1778756056237 0.321 1360
1778756056819 0.3639 1380
1778756057401 0.3707 1400
1778756057983 0.3363 1420
1778756058565 0.3222 1440
1778756059144 0.4235 1460
1778756059723 0.3844 1480
1778756060306 0.3307 1500
1778756064306 0.3199 1520
1778756064889 0.3783 1540
1778756065472 0.3408 1560
1778756066054 0.3459 1580
1778756066637 0.381 1600
1778756067219 0.3553 1620
1778756067795 0.3895 1640
1778756068363 0.3478 1660
1778756068929 0.3698 1680
1778756069496 0.3439 1700
1778756070063 0.3433 1720
1778756070630 0.3746 1740
1778756074884 0.3346 1760
1778756075452 0.3496 1780
1778756076019 0.3509 1800
1778756076600 0.3728 1820
1778756077182 0.3738 1840
1778756077765 0.3875 1860
1778756078347 0.3502 1880
1778756078914 0.3423 1900
1778756079482 0.3613 1920
1778756080050 0.3538 1940
1778756080617 0.357 1960
1778756081187 0.379 1980
1778756081769 0.3753 2000
1778756085936 0.3508 2020
1778756086504 0.3436 2040
1778756087071 0.374 2060
1778756087654 0.3304 2080
1778756088235 0.3723 2100
1778756088817 0.336 2120
1778756089399 0.3515 2140
1778756089967 0.3615 2160
1778756090534 0.3628 2180
1778756091101 0.4198 2200
1778756091668 0.3766 2220
1778756092235 0.3759 2240
1778756096374 0.3514 2260
1778756096942 0.3554 2280
1778756097509 0.3767 2300
1778756098076 0.3732 2320
1778756098643 0.3304 2340
1778756099211 0.3541 2360
1778756099779 0.3725 2380
1778756100346 0.2897 2400
1778756100915 0.3382 2420
1778756101486 0.3223 2440
1778756102056 0.3467 2460
1778756102627 0.3726 2480
1778756103195 0.3804 2500
1778756107154 0.3598 2520
1778756107736 0.363 2540
1778756108303 0.3241 2560
1778756108873 0.3336 2580
1778756109440 0.354 2600
1778756110007 0.3429 2620
1778756110573 0.3846 2640
1778756111140 0.3406 2660
1778756111708 0.3171 2680
1778756112275 0.3038 2700
1778756112842 0.3091 2720
1778756113409 0.2521 2740
1778756117649 0.3004 2760
1778756118216 0.3029 2780
1778756118784 0.324 2800
1778756119351 0.2681 2820
1778756119919 0.3324 2840
1778756120486 0.3067 2860
1778756121054 0.3062 2880
1778756121622 0.2678 2900
1778756122190 0.2573 2920
1778756122757 0.2593 2940
1778756123340 0.2761 2960
1778756123922 0.3038 2980
1778756124494 0.3289 3000
1778756128472 0.3008 3020
1778756129055 0.3219 3040
1778756129628 0.2513 3060
1778756130196 0.3321 3080
1778756130763 0.3031 3100
1778756131346 0.2739 3120
1778756131928 0.3028 3140
1778756132510 0.268 3160
1778756133093 0.2687 3180
1778756133675 0.2503 3200
1778756134256 0.2772 3220
1778756134839 0.28 3240
1778756139164 0.2812 3260
1778756139746 0.2971 3280
1778756140329 0.2595 3300
1778756140911 0.2787 3320
1778756141494 0.2885 3340
1778756142075 0.2749 3360
1778756142658 0.2702 3380
1778756143240 0.2685 3400
1778756143822 0.2828 3420
1778756144404 0.2869 3440
1778756144986 0.2404 3460
1778756145568 0.2544 3480
1778756146150 0.3085 3500
1778756150133 0.3108 3520
1778756150714 0.3052 3540
1778756151281 0.3054 3560
1778756151848 0.3037 3580
1778756152415 0.2912 3600
1778756152982 0.2682 3620
1778756153556 0.2481 3640
1778756154139 0.2366 3660
1778756154721 0.2911 3680
1778756155303 0.311 3700
1778756155885 0.2644 3720
1778756156467 0.3163 3740
1778756160620 0.2838 3760
1778756161188 0.275 3780
1778756161770 0.2783 3800
1778756162354 0.2725 3820
1778756162932 0.3058 3840
1778756163500 0.2742 3860
1778756164067 0.3017 3880
1778756164635 0.2855 3900
1778756165203 0.3084 3920
1778756165771 0.2402 3940
1778756166338 0.307 3960
1778756166905 0.3109 3980
1778756167479 0.3116 4000
1778756171670 0.2347 4020
1778756172253 0.2088 4040
1778756172836 0.2268 4060
1778756173408 0.2418 4080
1778756173976 0.2398 4100
1778756174543 0.2276 4120
1778756175110 0.2316 4140
1778756175677 0.2392 4160
1778756176244 0.1895 4180
1778756176814 0.257 4200
1778756177396 0.2452 4220
1778756177978 0.2095 4240
1778756182111 0.1912 4260
1778756182694 0.2699 4280
1778756183261 0.2437 4300
1778756183843 0.2123 4320
1778756184425 0.2322 4340
1778756185007 0.2079 4360
1778756185590 0.2401 4380
1778756186171 0.2239 4400
1778756186754 0.2438 4420
1778756187338 0.2445 4440
1778756187905 0.235 4460
1778756188472 0.217 4480
1778756189046 0.2684 4500
1778756193187 0.2181 4520
1778756193769 0.2232 4540
1778756194346 0.1605 4560
1778756194913 0.235 4580
1778756195480 0.1887 4600
1778756196062 0.1941 4620
1778756196630 0.2665 4640
1778756197198 0.2235 4660
1778756197765 0.2174 4680
1778756198333 0.2004 4700
1778756198900 0.2327 4720
1778756199459 0.2302 4740
1778756203621 0.2281 4760
1778756204203 0.1923 4780
1778756204786 0.2266 4800
1778756205365 0.2425 4820
1778756205937 0.2217 4840
1778756206505 0.1986 4860
1778756207073 0.2085 4880
1778756207651 0.2289 4900
1778756208233 0.1933 4920
1778756208801 0.2113 4940
1778756209371 0.2077 4960
1778756209940 0.1942 4980
1778756210508 0.1956 5000
1778756214650 0.2536 5020
1778756215232 0.2291 5040
1778756215814 0.1767 5060
1778756216397 0.2268 5080
1778756216979 0.2365 5100
1778756217562 0.2159 5120
1778756218144 0.2101 5140
1778756218726 0.2158 5160
1778756219308 0.227 5180
1778756219891 0.2452 5200
1778756220474 0.2707 5220
1778756221056 0.2076 5240
1778756225232 0.2153 5260
1778756225814 0.2286 5280
1778756226397 0.2153 5300
1778756226979 0.1868 5320
1778756227563 0.2073 5340
1778756228145 0.1971 5360
1778756228727 0.174 5380
1778756229309 0.1588 5400
1778756229891 0.1494 5420
1778756230473 0.1719 5440
1778756231055 0.1607 5460
1778756231637 0.1755 5480
1778756232219 0.2131 5500
1778756236386 0.1276 5520
1778756236969 0.2259 5540
1778756237553 0.1656 5560
1778756238135 0.1634 5580
1778756238717 0.1589 5600
1778756239299 0.201 5620
1778756239881 0.161 5640
1778756240464 0.1551 5660
1778756241037 0.1553 5680
1778756241613 0.1518 5700
1778756242196 0.1789 5720
1778756242778 0.2032 5740
1778756247038 0.2151 5760
1778756247620 0.1898 5780
1778756248202 0.1957 5800
1778756248784 0.2147 5820
1778756249366 0.1972 5840
1778756249948 0.1476 5860
1778756250530 0.2084 5880
1778756251113 0.1438 5900
1778756251695 0.1549 5920
1778756252277 0.1899 5940
1778756252860 0.16 5960
1778756253442 0.2131 5980
1778756254024 0.1531 6000
1778756258208 0.164 6020
1778756258791 0.1712 6040
1778756259373 0.1222 6060
1778756259955 0.1988 6080
1778756260538 0.1837 6100
1778756261120 0.1494 6120
1778756261693 0.1564 6140
1778756262275 0.1617 6160
1778756262857 0.2028 6180
1778756263439 0.1244 6200
1778756264022 0.187 6220
1778756264605 0.1749 6240
1778756268781 0.2279 6260
1778756269365 0.1494 6280
1778756269947 0.2023 6300
1778756270529 0.1402 6320
1778756271113 0.1529 6340
1778756271697 0.1576 6360
1778756272279 0.1639 6380
1778756272862 0.1812 6400
1778756273444 0.1499 6420
1778756274026 0.1504 6440
1778756274609 0.1709 6460
1778756275191 0.1653 6480
1778756275774 0.1691 6500
1778756279920 0.1752 6520
1778756280500 0.1852 6540
1778756281082 0.1549 6560
1778756281664 0.1829 6580
1778756282246 0.1789 6600
1778756282827 0.1693 6620
1778756283409 0.1303 6640
1778756283992 0.1745 6660
