1778808923122 0.015015015015015015 20
1778808928974 0.03003003003003003 40
1778808934834 0.04504504504504504 60
1778808940699 0.06006006006006006 80
1778808946570 0.07507507507507508 100
1778808952443 0.09009009009009009 120
1778808958322 0.10510510510510511 140
1778808964202 0.12012012012012012 160
1778808970083 0.13513513513513514 180
1778808975966 0.15015015015015015 200
1778808981850 0.16516516516516516 220
1778808987734 0.18018018018018017 240
1778809034663 0.18768768768768768 250
1778809050959 0.19519519519519518 260
1778809056837 0.21021021021021022 280
1778809062716 0.22522522522522523 300
1778809068604 0.24024024024024024 320
1778809074489 0.2552552552552553 340
1778809080382 0.2702702702702703 360
1778809086272 0.2852852852852853 380
1778809092165 0.3003003003003003 400
1778809098053 0.3153153153153153 420
1778809103944 0.3303303303303303 440
1778809109833 0.34534534534534533 460
1778809115727 0.36036036036036034 480
1778809121613 0.37537537537537535 500
1778809165616 0.37537537537537535 500
1778809186343 0.39039039039039036 520
1778809192220 0.40540540540540543 540
1778809198102 0.42042042042042044 560
1778809203988 0.43543543543543545 580
1778809209876 0.45045045045045046 600
1778809215767 0.46546546546546547 620
1778809221658 0.4804804804804805 640
1778809227552 0.4954954954954955 660
1778809233441 0.5105105105105106 680
1778809239341 0.5255255255255256 700
1778809245242 0.5405405405405406 720
1778809251139 0.5555555555555556 740
1778809298110 0.5630630630630631 750
1778809314758 0.5705705705705706 760
1778809320642 0.5855855855855856 780
1778809326526 0.6006006006006006 800
1778809332414 0.6156156156156156 820
1778809338302 0.6306306306306306 840
1778809344186 0.6456456456456456 860
1778809350074 0.6606606606606606 880
1778809355966 0.6756756756756757 900
1778809361861 0.6906906906906907 920
1778809367756 0.7057057057057057 940
1778809373652 0.7207207207207207 960
1778809379551 0.7357357357357357 980
1778809385452 0.7507507507507507 1000
1778809429473 0.7507507507507507 1000
1778809451610 0.7657657657657657 1020
1778809457486 0.7807807807807807 1040
1778809463366 0.7957957957957958 1060
1778809469252 0.8108108108108109 1080
1778809475136 0.8258258258258259 1100
1778809481028 0.8408408408408409 1120
1778809486921 0.8558558558558559 1140
1778809492816 0.8708708708708709 1160
1778809498716 0.8858858858858859 1180
1778809504619 0.9009009009009009 1200
1778809510522 0.9159159159159159 1220
1778809516416 0.9309309309309309 1240
1778809563387 0.9384384384384384 1250
1778809579943 0.9459459459459459 1260
1778809585822 0.960960960960961 1280
1778809591704 0.975975975975976 1300
1778809597589 0.990990990990991 1320
1778809603452 1.006006006006006 1340
1778809609340 1.021021021021021 1360
1778809615234 1.0360360360360361 1380
1778809621129 1.0510510510510511 1400
1778809627026 1.0660660660660661 1420
1778809632924 1.0810810810810811 1440
1778809638822 1.0960960960960962 1460
1778809644721 1.1111111111111112 1480
1778809650620 1.1261261261261262 1500
1778809694647 1.1261261261261262 1500
1778809715334 1.1411411411411412 1520
1778809721226 1.1561561561561562 1540
1778809727118 1.1711711711711712 1560
1778809733017 1.1861861861861862 1580
1778809738909 1.2012012012012012 1600
1778809744806 1.2162162162162162 1620
1778809750699 1.2312312312312312 1640
1778809756593 1.2462462462462462 1660
1778809762488 1.2612612612612613 1680
1778809768384 1.2762762762762763 1700
1778809774283 1.2912912912912913 1720
1778809780182 1.3063063063063063 1740
1778809827193 1.3138138138138138 1750
1778809844868 1.3213213213213213 1760
1778809850752 1.3363363363363363 1780
1778809856640 1.3513513513513513 1800
1778809862533 1.3663663663663663 1820
1778809868431 1.3813813813813813 1840
1778809874329 1.3963963963963963 1860
1778809880228 1.4114114114114114 1880
1778809886127 1.4264264264264264 1900
1778809892026 1.4414414414414414 1920
1778809897922 1.4564564564564564 1940
1778809903817 1.4714714714714714 1960
1778809909717 1.4864864864864864 1980
1778809915618 1.5015015015015014 2000
1778809959674 1.5015015015015014 2000
1778809981682 1.5165165165165164 2020
1778809987566 1.5315315315315314 2040
1778809993454 1.5465465465465464 2060
1778809999346 1.5615615615615615 2080
1778810005237 1.5765765765765765 2100
1778810011135 1.5915915915915915 2120
1778810017039 1.6066066066066065 2140
1778810022942 1.6216216216216215 2160
1778810028846 1.6366366366366365 2180
1778810034747 1.6516516516516515 2200
1778810040643 1.6666666666666665 2220
1778810046538 1.6816816816816815 2240
1778810093540 1.689189189189189 2250
1778810111204 1.6966966966966965 2260
1778810117089 1.7117117117117115 2280
1778810122974 1.7267267267267268 2300
1778810128858 1.7417417417417418 2320
1778810134748 1.7567567567567568 2340
1778810140639 1.7717717717717718 2360
1778810146534 1.7867867867867868 2380
1778810152420 1.8018018018018018 2400
1778810158310 1.8168168168168168 2420
1778810164200 1.8318318318318318 2440
1778810170090 1.8468468468468469 2460
1778810175984 1.8618618618618619 2480
1778810181873 1.8768768768768769 2500
1778810225924 1.8768768768768769 2500
1778810245475 1.8918918918918919 2520
1778810251361 1.906906906906907 2540
1778810257251 1.921921921921922 2560
1778810263143 1.936936936936937 2580
1778810269034 1.951951951951952 2600
1778810274929 1.966966966966967 2620
1778810280821 1.981981981981982 2640
1778810286710 1.996996996996997 2660
1778810292577 2.012012012012012 2680
1778810298470 2.027027027027027 2700
1778810304359 2.042042042042042 2720
1778810310248 2.057057057057057 2740
1778810357230 2.0645645645645647 2750
1778810374869 2.0720720720720722 2760
1778810380755 2.0870870870870872 2780
1778810386641 2.1021021021021022 2800
1778810392535 2.1171171171171173 2820
1778810398431 2.1321321321321323 2840
1778810404331 2.1471471471471473 2860
1778810410233 2.1621621621621623 2880
1778810416124 2.1771771771771773 2900
1778810422017 2.1921921921921923 2920
1778810427906 2.2072072072072073 2940
1778810433795 2.2222222222222223 2960
1778810439689 2.2372372372372373 2980
1778810445581 2.2522522522522523 3000
1778810489605 2.2522522522522523 3000
1778810510250 2.2672672672672673 3020
1778810516137 2.2822822822822824 3040
1778810522024 2.2972972972972974 3060
1778810527916 2.3123123123123124 3080
1778810533806 2.3273273273273274 3100
1778810539706 2.3423423423423424 3120
1778810545604 2.3573573573573574 3140
1778810551502 2.3723723723723724 3160
1778810557403 2.3873873873873874 3180
1778810563305 2.4024024024024024 3200
1778810569202 2.4174174174174174 3220
1778810575100 2.4324324324324325 3240
1778810622075 2.43993993993994 3250
1778810639551 2.4474474474474475 3260
1778810645430 2.4624624624624625 3280
1778810651318 2.4774774774774775 3300
1778810657208 2.4924924924924925 3320
1778810663104 2.5075075075075075 3340
1778810669003 2.5225225225225225 3360
1778810674904 2.5375375375375375 3380
1778810680803 2.5525525525525525 3400
1778810686707 2.5675675675675675 3420
1778810692601 2.5825825825825826 3440
1778810698491 2.5975975975975976 3460
1778810704384 2.6126126126126126 3480
1778810710277 2.6276276276276276 3500
1778810754333 2.6276276276276276 3500
1778810774914 2.6426426426426426 3520
1778810780798 2.6576576576576576 3540
1778810786680 2.6726726726726726 3560
1778810792571 2.6876876876876876 3580
1778810798469 2.7027027027027026 3600
1778810804366 2.7177177177177176 3620
1778810810262 2.7327327327327327 3640
1778810816166 2.7477477477477477 3660
1778810822065 2.7627627627627627 3680
1778810827960 2.7777777777777777 3700
1778810833850 2.7927927927927927 3720
1778810839740 2.8078078078078077 3740
1778810886735 2.815315315315315 3750
1778810904480 2.8228228228228227 3760
1778810910357 2.8378378378378377 3780
1778810916237 2.8528528528528527 3800
1778810922124 2.8678678678678677 3820
1778810928014 2.8828828828828827 3840
1778810933914 2.8978978978978978 3860
1778810939815 2.9129129129129128 3880
1778810945714 2.9279279279279278 3900
1778810951616 2.942942942942943 3920
1778810957502 2.957957957957958 3940
1778810963385 2.972972972972973 3960
1778810969272 2.987987987987988 3980
1778810975142 3.003003003003003 4000
1778811019213 3.003003003003003 4000
1778811042443 3.018018018018018 4020
1778811048334 3.033033033033033 4040
1778811054233 3.048048048048048 4060
1778811060135 3.063063063063063 4080
1778811066041 3.078078078078078 4100
1778811071946 3.093093093093093 4120
1778811077852 3.108108108108108 4140
1778811083753 3.123123123123123 4160
1778811089655 3.138138138138138 4180
1778811095561 3.153153153153153 4200
1778811101468 3.1681681681681684 4220
1778811107374 3.1831831831831834 4240
1778811154417 3.190690690690691 4250
1778811171472 3.1981981981981984 4260
1778811177359 3.2132132132132134 4280
1778811183251 3.2282282282282284 4300
1778811189149 3.2432432432432434 4320
1778811195048 3.2582582582582584 4340
1778811200948 3.2732732732732734 4360
1778811206844 3.2882882882882885 4380
1778811212745 3.3033033033033035 4400
1778811218643 3.3183183183183185 4420
1778811224547 3.3333333333333335 4440
1778811230445 3.3483483483483485 4460
1778811236345 3.3633633633633635 4480
1778811242244 3.3783783783783785 4500
1778811286307 3.3783783783783785 4500
1778811307815 3.3933933933933935 4520
1778811313699 3.4084084084084085 4540
1778811319591 3.4234234234234235 4560
1778811325483 3.4384384384384385 4580
1778811331377 3.4534534534534536 4600
1778811337280 3.4684684684684686 4620
1778811343184 3.4834834834834836 4640
1778811349087 3.4984984984984986 4660
1778811354984 3.5135135135135136 4680
1778811360885 3.5285285285285286 4700
1778811366786 3.5435435435435436 4720
1778811372682 3.5585585585585586 4740
1778811419686 3.566066066066066 4750
1778811438429 3.5735735735735736 4760
1778811444314 3.5885885885885886 4780
1778811450204 3.6036036036036037 4800
1778811456100 3.6186186186186187 4820
1778811462002 3.6336336336336337 4840
1778811467901 3.6486486486486487 4860
1778811473803 3.6636636636636637 4880
1778811479710 3.6786786786786787 4900
1778811485613 3.6936936936936937 4920
1778811491513 3.7087087087087087 4940
1778811497410 3.7237237237237237 4960
1778811503307 3.7387387387387387 4980
1778811509209 3.7537537537537538 5000
1778811553265 3.7537537537537538 5000
1778811574771 3.7687687687687688 5020
1778811580659 3.7837837837837838 5040
1778811586551 3.798798798798799 5060
1778811592449 3.813813813813814 5080
1778811598346 3.828828828828829 5100
1778811604242 3.843843843843844 5120
1778811610139 3.858858858858859 5140
1778811616036 3.873873873873874 5160
1778811621933 3.888888888888889 5180
1778811627832 3.903903903903904 5200
1778811633729 3.918918918918919 5220
1778811639634 3.933933933933934 5240
1778811686658 3.9414414414414414 5250
1778811705296 3.948948948948949 5260
1778811711184 3.963963963963964 5280
1778811717077 3.978978978978979 5300
1778811722977 3.993993993993994 5320
1778811728845 4.009009009009009 5340
1778811734747 4.024024024024024 5360
1778811740648 4.039039039039039 5380
1778811746549 4.054054054054054 5400
1778811752450 4.069069069069069 5420
1778811758354 4.084084084084084 5440
1778811764258 4.099099099099099 5460
1778811770163 4.114114114114114 5480
1778811776077 4.129129129129129 5500
1778811820154 4.129129129129129 5500
1778811841298 4.1441441441441444 5520
1778811847185 4.1591591591591595 5540
1778811853084 4.1741741741741745 5560
1778811858984 4.1891891891891895 5580
1778811864887 4.2042042042042045 5600
1778811870786 4.2192192192192195 5620
1778811876684 4.2342342342342345 5640
1778811882584 4.2492492492492495 5660
1778811888484 4.2642642642642645 5680
1778811894386 4.2792792792792795 5700
1778811900291 4.2942942942942945 5720
1778811906198 4.3093093093093096 5740
1778811953242 4.316816816816817 5750
1778811971291 4.324324324324325 5760
1778811977182 4.33933933933934 5780
1778811983080 4.354354354354355 5800
1778811988988 4.36936936936937 5820
1778811994896 4.384384384384385 5840
1778812000796 4.3993993993994 5860
1778812006696 4.414414414414415 5880
1778812012600 4.42942942942943 5900
1778812018505 4.444444444444445 5920
1778812024413 4.45945945945946 5940
1778812030314 4.474474474474475 5960
1778812036213 4.48948948948949 5980
1778812042119 4.504504504504505 6000
1778812086209 4.504504504504505 6000
1778812107370 4.51951951951952 6020
1778812113261 4.534534534534535 6040
1778812119153 4.54954954954955 6060
1778812125054 4.564564564564565 6080
1778812130953 4.57957957957958 6100
1778812136860 4.594594594594595 6120
1778812142765 4.60960960960961 6140
1778812148675 4.624624624624625 6160
1778812154583 4.63963963963964 6180
1778812160491 4.654654654654655 6200
1778812166394 4.66966966966967 6220
1778812172300 4.684684684684685 6240
1778812219348 4.692192192192192 6250
1778812237814 4.6996996996997 6260
1778812243702 4.714714714714715 6280
1778812249606 4.72972972972973 6300
1778812255509 4.744744744744745 6320
1778812261415 4.75975975975976 6340
1778812267325 4.774774774774775 6360
1778812273229 4.78978978978979 6380
1778812279134 4.804804804804805 6400
1778812285038 4.81981981981982 6420
1778812290942 4.834834834834835 6440
1778812296844 4.84984984984985 6460
1778812302750 4.864864864864865 6480
1778812308663 4.87987987987988 6500
1778812352775 4.87987987987988 6500
1778812373915 4.894894894894895 6520
1778812379802 4.90990990990991 6540
1778812385693 4.924924924924925 6560
1778812391587 4.93993993993994 6580
1778812397480 4.954954954954955 6600
1778812403380 4.96996996996997 6620
1778812409279 4.984984984984985 6640
1778812415146 5.0 6660
1778812440080 5.0 6660
1778812485506 5.0 6660
1778812540595 5.0 6660
1778812609687 5.0 0
