1778808923122 0.08866449445486069 20
1778808928974 0.08920688927173615 40
1778808934834 0.17705011367797852 60
1778808940699 0.058144744485616684 80
1778808946570 0.13350650668144226 100
1778808952443 0.09007256478071213 120
1778808958322 0.020764825865626335 140
1778808964202 0.18254612386226654 160
1778808970083 0.13808085024356842 180
1778808975966 0.051510050892829895 200
1778808981850 0.0494927279651165 220
1778808987734 0.025382932275533676 240
1778809050959 0.052726730704307556 260
1778809056837 0.2254025936126709 280
1778809062716 0.13566984236240387 300
1778809068604 0.1363518238067627 320
1778809074489 0.048900850117206573 340
1778809080382 0.04810332879424095 360
1778809086272 0.01611059345304966 380
1778809092165 0.13521191477775574 400
1778809098053 0.08944809436798096 420
1778809103944 0.049334585666656494 440
1778809109833 0.134848490357399 460
1778809115727 0.09061721712350845 480
1778809121613 0.1810314655303955 500
1778809186343 0.024622704833745956 520
1778809192220 0.1791711151599884 540
1778809198102 0.133853942155838 560
1778809203988 0.13477611541748047 580
1778809209876 0.09030141681432724 600
1778809215767 0.13921409845352173 620
1778809221658 0.05142107605934143 640
1778809227552 0.04986293986439705 660
1778809233441 0.18314450979232788 680
1778809239341 0.05589595064520836 700
1778809245242 0.09874791651964188 720
1778809251139 0.02486104518175125 740
1778809314758 0.02047351561486721 760
1778809320642 0.1868102103471756 780
1778809326526 0.01760798692703247 800
1778809332414 0.13166840374469757 820
1778809338302 0.05571646988391876 840
1778809344186 0.17042772471904755 860
1778809350074 0.026299720630049706 880
1778809355966 0.09040416032075882 900
1778809361861 0.09451767802238464 920
1778809367756 0.1842830628156662 940
1778809373652 0.017627298831939697 960
1778809379551 0.17664994299411774 980
1778809385452 0.056475017219781876 1000
1778809451610 0.02518497034907341 1020
1778809457486 0.1742575317621231 1040
1778809463366 0.04288017377257347 1060
1778809469252 0.08445002138614655 1080
1778809475136 0.14586889743804932 1100
1778809481028 0.044149015098810196 1120
1778809486921 0.04185345396399498 1140
1778809492816 0.09388244897127151 1160
1778809498716 0.030105145648121834 1180
1778809504619 0.08338729292154312 1200
1778809510522 0.05669625103473663 1220
1778809516416 0.04325850307941437 1240
1778809579943 0.10218317061662674 1260
1778809585822 0.08347877860069275 1280
1778809591704 0.08320757746696472 1300
1778809597589 0.042167846113443375 1320
1778809603452 0.03239220753312111 1340
1778809609340 0.10449980199337006 1360
1778809615234 0.020714864134788513 1380
1778809621129 0.04172630235552788 1400
1778809627026 0.1016632616519928 1420
1778809632924 0.041965898126363754 1440
1778809638822 0.02117658406496048 1460
1778809644721 0.3011373281478882 1480
1778809650620 0.08011025190353394 1500
1778809715334 0.044006943702697754 1520
1778809721226 0.09803308546543121 1540
1778809727118 0.0833967849612236 1560
1778809733017 0.18862375617027283 1580
1778809738909 0.04023163765668869 1600
1778809744806 0.04344262555241585 1620
1778809750699 0.453597754240036 1640
1778809756593 0.08283604681491852 1660
1778809762488 0.06808881461620331 1680
1778809768384 0.10405971854925156 1700
1778809774283 0.06253482401371002 1720
1778809780182 0.022310037165880203 1740
1778809844868 0.09970110654830933 1760
1778809850752 0.037805136293172836 1780
1778809856640 0.05739163979887962 1800
1778809862533 0.23485460877418518 1820
1778809868431 0.18709543347358704 1840
1778809874329 0.018611779436469078 1860
1778809880228 0.1430879831314087 1880
1778809886127 0.053962185978889465 1900
1778809892026 0.212075874209404 1920
1778809897922 0.13593031466007233 1940
1778809903817 0.04239601641893387 1960
1778809909717 0.05495847389101982 1980
1778809915618 0.028188319876790047 2000
1778809981682 0.05095435306429863 2020
1778809987566 0.14241206645965576 2040
1778809993454 0.03732140362262726 2060
1778809999346 0.2519918382167816 2080
1778810005237 0.05768229439854622 2100
1778810011135 0.08916893601417542 2120
1778810017039 0.16531841456890106 2140
1778810022942 0.04342524707317352 2160
1778810028846 0.020338227972388268 2180
1778810034747 0.0218795295804739 2200
1778810040643 0.0931466817855835 2220
1778810046538 0.2564641833305359 2240
1778810111204 0.018848074600100517 2260
1778810117089 0.040426403284072876 2280
1778810122974 0.024729521945118904 2300
1778810128858 0.025322558358311653 2320
1778810134748 0.09255097806453705 2340
1778810140639 0.12935574352741241 2360
1778810146534 0.08880674839019775 2380
1778810152420 0.12014448642730713 2400
1778810158310 0.13701371848583221 2420
1778810164200 0.06244535744190216 2440
1778810170090 0.04505627602338791 2460
1778810175984 0.17600290477275848 2480
1778810181873 0.13962703943252563 2500
1778810245475 0.05714523419737816 2520
1778810251361 0.14060793817043304 2540
1778810257251 0.13398607075214386 2560
1778810263143 0.09993699938058853 2580
1778810269034 0.04343206062912941 2600
1778810274929 0.09317874908447266 2620
1778810280821 0.035347986966371536 2640
1778810286710 0.16577580571174622 2660
1778810292577 0.18218734860420227 2680
1778810298470 0.09125784784555435 2700
1778810304359 0.09433728456497192 2720
1778810310248 0.13970352709293365 2740
1778810374869 0.024195674806833267 2760
1778810380755 0.07561778277158737 2780
1778810386641 0.12734529376029968 2800
1778810392535 0.13873030245304108 2820
1778810398431 0.04989274591207504 2840
1778810404331 0.22818002104759216 2860
1778810410233 0.03854646906256676 2880
1778810416124 0.08148779720067978 2900
1778810422017 0.05412311851978302 2920
1778810427906 0.061042167246341705 2940
1778810433795 0.14284512400627136 2960
1778810439689 0.2249423712491989 2980
1778810445581 0.1736040860414505 3000
1778810510250 0.09480346739292145 3020
1778810516137 0.12383251637220383 3040
1778810522024 0.01847364567220211 3060
1778810527916 0.12123182415962219 3080
1778810533806 0.14122137427330017 3100
1778810539706 0.04414486512541771 3120
1778810545604 0.13938945531845093 3140
1778810551502 0.22801055014133453 3160
1778810557403 0.08916585892438889 3180
1778810563305 0.13207237422466278 3200
1778810569202 0.08328832685947418 3220
1778810575100 0.04272978752851486 3240
1778810639551 0.060542311519384384 3260
1778810645430 0.03871028125286102 3280
1778810651318 0.0276096872985363 3300
1778810657208 0.3998650014400482 3320
1778810663104 0.09701275080442429 3340
1778810669003 0.0456293560564518 3360
1778810674904 0.0712590366601944 3380
1778810680803 0.28657060861587524 3400
1778810686707 0.04683145135641098 3420
1778810692601 0.01830979809165001 3440
1778810698491 0.16437791287899017 3460
1778810704384 0.11702524125576019 3480
1778810710277 0.028459692373871803 3500
1778810774914 0.22776174545288086 3520
1778810780798 0.022067654877901077 3540
1778810786680 0.07342363893985748 3560
1778810792571 0.0541294626891613 3580
1778810798469 0.018172884359955788 3600
1778810804366 0.026968471705913544 3620
1778810810262 0.13987715542316437 3640
1778810816166 0.09383334964513779 3660
1778810822065 0.2135048508644104 3680
1778810827960 0.04179375618696213 3700
1778810833850 0.02635025791823864 3720
1778810839740 0.01785675808787346 3740
1778810904480 0.02688843198120594 3760
1778810910357 0.04356557875871658 3780
1778810916237 0.0797700509428978 3800
1778810922124 0.13981349766254425 3820
1778810928014 0.18011203408241272 3840
1778810933914 0.041860826313495636 3860
1778810939815 0.16434043645858765 3880
1778810945714 0.025527743622660637 3900
1778810951616 0.176801398396492 3920
1778810957502 0.09360704571008682 3940
1778810963385 0.08319250494241714 3960
1778810969272 0.229218989610672 3980
1778810975142 0.18771430850028992 4000
1778811042443 0.1393701136112213 4020
1778811048334 0.04264308139681816 4040
1778811054233 0.13758671283721924 4060
1778811060135 0.030420802533626556 4080
1778811066041 0.05823197960853577 4100
1778811071946 0.21268507838249207 4120
1778811077852 0.08705582469701767 4140
1778811083753 0.10380805283784866 4160
1778811089655 0.09687889367341995 4180
1778811095561 0.089045949280262 4200
1778811101468 0.1001361757516861 4220
1778811107374 0.08774345368146896 4240
1778811171472 0.02788407914340496 4260
1778811177359 0.05488050729036331 4280
1778811183251 0.056577958166599274 4300
1778811189149 0.09234026819467545 4320
1778811195048 0.17885537445545197 4340
1778811200948 0.07152040302753448 4360
1778811206844 0.02020801603794098 4380
1778811212745 0.09331119805574417 4400
1778811218643 0.07594037055969238 4420
1778811224547 0.13967587053775787 4440
1778811230445 0.22699648141860962 4460
1778811236345 0.07656155526638031 4480
1778811242244 0.09422241896390915 4500
1778811307815 0.07779470086097717 4520
1778811313699 0.10062708705663681 4540
1778811319591 0.04119151830673218 4560
1778811325483 0.16187690198421478 4580
1778811331377 0.07927769422531128 4600
1778811337280 0.05552026256918907 4620
1778811343184 0.17053967714309692 4640
1778811349087 0.07934597879648209 4660
1778811354984 0.09445599466562271 4680
1778811360885 0.020536644384264946 4700
1778811366786 0.12921354174613953 4720
1778811372682 0.1782502979040146 4740
1778811438429 0.06309196352958679 4760
1778811444314 0.02722478285431862 4780
1778811450204 0.15949957072734833 4800
1778811456100 0.04546698182821274 4820
1778811462002 0.13844288885593414 4840
1778811467901 0.0417393296957016 4860
1778811473803 0.023166252300143242 4880
1778811479710 0.030065923929214478 4900
1778811485613 0.083385169506073 4920
1778811491513 0.0275427158921957 4940
1778811497410 0.06341737508773804 4960
1778811503307 0.1200394481420517 4980
1778811509209 0.030360016971826553 5000
1778811574771 0.029293043538928032 5020
1778811580659 0.06391706317663193 5040
1778811586551 0.08645418286323547 5060
1778811592449 0.02735121175646782 5080
1778811598346 0.24689622223377228 5100
1778811604242 0.04432647302746773 5120
1778811610139 0.310872346162796 5140
1778811616036 0.20961779356002808 5160
1778811621933 0.07773751765489578 5180
1778811627832 0.02718161977827549 5200
1778811633729 0.023022213950753212 5220
1778811639634 0.12126188725233078 5240
1778811705296 0.0667075514793396 5260
1778811711184 0.19379779696464539 5280
1778811717077 0.04879593849182129 5300
1778811722977 0.1377566009759903 5320
1778811728845 0.06003328040242195 5340
1778811734747 0.05679410696029663 5360
1778811740648 0.0433979406952858 5380
1778811746549 0.02145974151790142 5400
1778811752450 0.12605713307857513 5420
1778811758354 0.06129435449838638 5440
1778811764258 0.03963370993733406 5460
1778811770163 0.0848211944103241 5480
1778811776077 0.046960245817899704 5500
1778811841298 0.12087485939264297 5520
1778811847185 0.12341132760047913 5540
1778811853084 0.06718067824840546 5560
1778811858984 0.17599692940711975 5580
1778811864887 0.0174958948045969 5600
1778811870786 0.12032756954431534 5620
1778811876684 0.1417737901210785 5640
1778811882584 0.1033320352435112 5660
1778811888484 0.05414464324712753 5680
1778811894386 0.05944172665476799 5700
1778811900291 0.13281063735485077 5720
1778811906198 0.06543836742639542 5740
1778811971291 0.10592464357614517 5760
1778811977182 0.08522136509418488 5780
1778811983080 0.055022742599248886 5800
1778811988988 0.10995309054851532 5820
1778811994896 0.05094967037439346 5840
1778812000796 0.1278800368309021 5860
1778812006696 0.030854612588882446 5880
1778812012600 0.09069862216711044 5900
1778812018505 0.02416650764644146 5920
1778812024413 0.06983059644699097 5940
1778812030314 0.03543510660529137 5960
1778812036213 0.022659312933683395 5980
1778812042119 0.08680447936058044 6000
1778812107370 0.12279588729143143 6020
1778812113261 0.09574135392904282 6040
1778812119153 0.02699112705886364 6060
1778812125054 0.06171468272805214 6080
1778812130953 0.05664469301700592 6100
1778812136860 0.1445799469947815 6120
1778812142765 0.07318046689033508 6140
1778812148675 0.017372451722621918 6160
1778812154583 0.021494342014193535 6180
1778812160491 0.023797443136572838 6200
1778812166394 0.038774263113737106 6220
1778812172300 0.14556194841861725 6240
1778812237814 0.19604790210723877 6260
1778812243702 0.057008158415555954 6280
1778812249606 0.04952147230505943 6300
1778812255509 0.10931748896837234 6320
1778812261415 0.1128348559141159 6340
1778812267325 0.030037669464945793 6360
1778812273229 0.06749898940324783 6380
1778812279134 0.021817052736878395 6400
1778812285038 0.0457746721804142 6420
1778812290942 0.18395791947841644 6440
1778812296844 0.17929643392562866 6460
1778812302750 0.11456131190061569 6480
1778812308663 0.037781085819005966 6500
1778812373915 0.017049608752131462 6520
1778812379802 0.08852490037679672 6540
1778812385693 0.03769936040043831 6560
1778812391587 0.0434260219335556 6580
1778812397480 0.0315631702542305 6600
1778812403380 0.026593146845698357 6620
1778812409279 0.15003997087478638 6640
1778812415146 0.20948190987110138 6660
