1776950885144 0.0075075075075075074 20
1776950886793 0.015015015015015015 40
1776950888440 0.02252252252252252 60
1776950890082 0.03003003003003003 80
1776950891730 0.03753753753753754 100
1776950893337 0.04504504504504504 120
1776950894983 0.052552552552552555 140
1776950896621 0.06006006006006006 160
1776950898264 0.06756756756756757 180
1776950899872 0.07507507507507508 200
1776950901509 0.08258258258258258 220
1776950903148 0.09009009009009009 240
1776950909511 0.09384384384384384 250
1776950910341 0.09759759759759759 260
1776950911977 0.10510510510510511 280
1776950913585 0.11261261261261261 300
1776950915226 0.12012012012012012 320
1776950916873 0.12762762762762764 340
1776950918511 0.13513513513513514 360
1776950920150 0.14264264264264265 380
1776950921788 0.15015015015015015 400
1776950923436 0.15765765765765766 420
1776950925078 0.16516516516516516 440
1776950926728 0.17267267267267267 460
1776950928363 0.18018018018018017 480
1776950930009 0.18768768768768768 500
1776950935005 0.18768768768768768 500
1776950956482 0.19519519519519518 520
1776950958132 0.20270270270270271 540
1776950959766 0.21021021021021022 560
1776950961410 0.21771771771771772 580
1776950963051 0.22522522522522523 600
1776950964694 0.23273273273273273 620
1776950966332 0.24024024024024024 640
1776950967971 0.24774774774774774 660
1776950969615 0.2552552552552553 680
1776950971253 0.2627627627627628 700
1776950972896 0.2702702702702703 720
1776950974529 0.2777777777777778 740
1776950980333 0.28153153153153154 750
1776950981158 0.2852852852852853 760
1776950982802 0.2927927927927928 780
1776950984445 0.3003003003003003 800
1776950986093 0.3078078078078078 820
1776950987731 0.3153153153153153 840
1776950989376 0.3228228228228228 860
1776950991018 0.3303303303303303 880
1776950992662 0.33783783783783783 900
1776950994307 0.34534534534534533 920
1776950995946 0.35285285285285284 940
1776950997589 0.36036036036036034 960
1776950999228 0.36786786786786785 980
1776951000872 0.37537537537537535 1000
1776951005834 0.37537537537537535 1000
1776951009209 0.38288288288288286 1020
1776951010854 0.39039039039039036 1040
1776951012495 0.3978978978978979 1060
1776951014146 0.40540540540540543 1080
1776951015785 0.41291291291291293 1100
1776951017433 0.42042042042042044 1120
1776951019074 0.42792792792792794 1140
1776951020721 0.43543543543543545 1160
1776951022362 0.44294294294294295 1180
1776951024010 0.45045045045045046 1200
1776951025651 0.45795795795795796 1220
1776951027289 0.46546546546546547 1240
1776951033112 0.4692192192192192 1250
1776951033937 0.47297297297297297 1260
1776951035579 0.4804804804804805 1280
1776951037217 0.487987987987988 1300
1776951038863 0.4954954954954955 1320
1776951040508 0.503003003003003 1340
1776951042170 0.5105105105105106 1360
1776951043811 0.5180180180180181 1380
1776951045459 0.5255255255255256 1400
1776951047107 0.5330330330330331 1420
1776951048757 0.5405405405405406 1440
1776951050395 0.5480480480480481 1460
1776951052036 0.5555555555555556 1480
1776951053677 0.5630630630630631 1500
1776951058676 0.5630630630630631 1500
1776951062666 0.5705705705705706 1520
1776951064301 0.5780780780780781 1540
1776951065943 0.5855855855855856 1560
1776951067580 0.5930930930930931 1580
1776951069222 0.6006006006006006 1600
1776951070864 0.6081081081081081 1620
1776951072503 0.6156156156156156 1640
1776951074147 0.6231231231231231 1660
1776951075780 0.6306306306306306 1680
1776951077421 0.6381381381381381 1700
1776951079057 0.6456456456456456 1720
1776951080704 0.6531531531531531 1740
1776951086493 0.6569069069069069 1750
1776951087322 0.6606606606606606 1760
1776951088962 0.6681681681681682 1780
1776951090606 0.6756756756756757 1800
1776951092246 0.6831831831831832 1820
1776951093889 0.6906906906906907 1840
1776951095528 0.6981981981981982 1860
1776951097169 0.7057057057057057 1880
1776951098811 0.7132132132132132 1900
1776951100449 0.7207207207207207 1920
1776951102096 0.7282282282282282 1940
1776951103737 0.7357357357357357 1960
1776951105386 0.7432432432432432 1980
1776951107028 0.7507507507507507 2000
1776951112011 0.7507507507507507 2000
1776951115392 0.7582582582582582 2020
1776951117033 0.7657657657657657 2040
1776951118697 0.7732732732732732 2060
1776951120334 0.7807807807807807 2080
1776951121984 0.7882882882882883 2100
1776951123623 0.7957957957957958 2120
1776951125268 0.8033033033033034 2140
1776951126904 0.8108108108108109 2160
1776951128549 0.8183183183183184 2180
1776951130190 0.8258258258258259 2200
1776951131832 0.8333333333333334 2220
1776951133474 0.8408408408408409 2240
1776951139272 0.8445945945945946 2250
1776951140095 0.8483483483483484 2260
1776951141738 0.8558558558558559 2280
1776951143387 0.8633633633633634 2300
1776951145026 0.8708708708708709 2320
1776951146671 0.8783783783783784 2340
1776951148308 0.8858858858858859 2360
1776951149957 0.8933933933933934 2380
1776951151594 0.9009009009009009 2400
1776951153237 0.9084084084084084 2420
1776951154870 0.9159159159159159 2440
1776951156518 0.9234234234234234 2460
1776951158159 0.9309309309309309 2480
1776951159798 0.9384384384384384 2500
1776951164783 0.9384384384384384 2500
1776951168479 0.9459459459459459 2520
1776951170113 0.9534534534534534 2540
1776951171753 0.960960960960961 2560
1776951173392 0.9684684684684685 2580
1776951175039 0.975975975975976 2600
1776951176680 0.9834834834834835 2620
1776951178324 0.990990990990991 2640
1776951179961 0.9984984984984985 2660
1776951181614 1.006006006006006 2680
1776951183255 1.0135135135135136 2700
1776951184903 1.021021021021021 2720
1776951186547 1.0285285285285286 2740
1776951192357 1.0322822822822824 2750
1776951193180 1.0360360360360361 2760
1776951194824 1.0435435435435436 2780
1776951196473 1.0510510510510511 2800
1776951198112 1.0585585585585586 2820
1776951199755 1.0660660660660661 2840
1776951201400 1.0735735735735736 2860
1776951203046 1.0810810810810811 2880
1776951204691 1.0885885885885886 2900
1776951206342 1.0960960960960962 2920
1776951207983 1.1036036036036037 2940
1776951209633 1.1111111111111112 2960
1776951211275 1.1186186186186187 2980
1776951212919 1.1261261261261262 3000
1776951217912 1.1261261261261262 3000
1776951221918 1.1336336336336337 3020
1776951223566 1.1411411411411412 3040
1776951225205 1.1486486486486487 3060
1776951226852 1.1561561561561562 3080
1776951228488 1.1636636636636637 3100
1776951230132 1.1711711711711712 3120
1776951231768 1.1786786786786787 3140
1776951233411 1.1861861861861862 3160
1776951235055 1.1936936936936937 3180
1776951236697 1.2012012012012012 3200
1776951238335 1.2087087087087087 3220
1776951239966 1.2162162162162162 3240
1776951245760 1.21996996996997 3250
1776951246581 1.2237237237237237 3260
1776951248227 1.2312312312312312 3280
1776951249863 1.2387387387387387 3300
1776951251507 1.2462462462462462 3320
1776951253146 1.2537537537537538 3340
1776951254796 1.2612612612612613 3360
1776951256439 1.2687687687687688 3380
1776951258097 1.2762762762762763 3400
1776951259740 1.2837837837837838 3420
1776951261385 1.2912912912912913 3440
1776951263026 1.2987987987987988 3460
1776951264667 1.3063063063063063 3480
1776951266313 1.3138138138138138 3500
1776951271286 1.3138138138138138 3500
1776951274676 1.3213213213213213 3520
1776951276320 1.3288288288288288 3540
1776951277956 1.3363363363363363 3560
1776951279600 1.3438438438438438 3580
1776951281241 1.3513513513513513 3600
1776951282901 1.3588588588588588 3620
1776951284541 1.3663663663663663 3640
1776951286190 1.3738738738738738 3660
1776951287828 1.3813813813813813 3680
1776951289470 1.3888888888888888 3700
1776951291116 1.3963963963963963 3720
1776951292749 1.4039039039039038 3740
1776951298535 1.4076576576576576 3750
1776951299356 1.4114114114114114 3760
1776951300998 1.4189189189189189 3780
1776951302640 1.4264264264264264 3800
1776951304286 1.4339339339339339 3820
1776951305923 1.4414414414414414 3840
1776951307565 1.4489489489489489 3860
1776951309204 1.4564564564564564 3880
1776951310847 1.4639639639639639 3900
1776951312487 1.4714714714714714 3920
1776951314126 1.478978978978979 3940
1776951315767 1.4864864864864864 3960
1776951317410 1.493993993993994 3980
1776951319062 1.5015015015015014 4000
1776951324018 1.5015015015015014 4000
1776951328034 1.509009009009009 4020
1776951329686 1.5165165165165164 4040
1776951331325 1.524024024024024 4060
1776951332969 1.5315315315315314 4080
1776951334602 1.539039039039039 4100
1776951336249 1.5465465465465464 4120
1776951337887 1.554054054054054 4140
1776951339537 1.5615615615615615 4160
1776951341170 1.569069069069069 4180
1776951342816 1.5765765765765765 4200
1776951344454 1.584084084084084 4220
1776951346096 1.5915915915915915 4240
1776951351858 1.5953453453453452 4250
1776951352684 1.599099099099099 4260
1776951354320 1.6066066066066065 4280
1776951355956 1.614114114114114 4300
1776951357604 1.6216216216216215 4320
1776951359244 1.629129129129129 4340
1776951360859 1.6366366366366365 4360
1776951362502 1.644144144144144 4380
1776951364143 1.6516516516516515 4400
1776951365781 1.659159159159159 4420
1776951367429 1.6666666666666665 4440
1776951369067 1.674174174174174 4460
1776951370711 1.6816816816816815 4480
1776951372352 1.689189189189189 4500
1776951377365 1.689189189189189 4500
1776951380751 1.6966966966966965 4520
1776951382394 1.704204204204204 4540
1776951384036 1.7117117117117115 4560
1776951385681 1.7192192192192193 4580
1776951387315 1.7267267267267268 4600
1776951388961 1.7342342342342343 4620
1776951390601 1.7417417417417418 4640
1776951392246 1.7492492492492493 4660
1776951393882 1.7567567567567568 4680
1776951395522 1.7642642642642643 4700
1776951397164 1.7717717717717718 4720
1776951398811 1.7792792792792793 4740
1776951404574 1.783033033033033 4750
1776951405404 1.7867867867867868 4760
1776951407043 1.7942942942942943 4780
1776951408682 1.8018018018018018 4800
1776951410320 1.8093093093093093 4820
1776951411961 1.8168168168168168 4840
1776951413606 1.8243243243243243 4860
1776951415247 1.8318318318318318 4880
1776951416892 1.8393393393393394 4900
1776951418530 1.8468468468468469 4920
1776951420171 1.8543543543543544 4940
1776951421806 1.8618618618618619 4960
1776951423453 1.8693693693693694 4980
1776951425091 1.8768768768768769 5000
1776951431347 1.8768768768768769 5000
1776951435054 1.8843843843843844 5020
1776951436695 1.8918918918918919 5040
1776951438337 1.8993993993993994 5060
1776951439981 1.906906906906907 5080
1776951441620 1.9144144144144144 5100
1776951443256 1.921921921921922 5120
1776951444896 1.9294294294294294 5140
1776951446538 1.936936936936937 5160
1776951448181 1.9444444444444444 5180
1776951449817 1.951951951951952 5200
1776951451461 1.9594594594594594 5220
1776951453098 1.966966966966967 5240
1776951458884 1.9707207207207207 5250
1776951459704 1.9744744744744744 5260
1776951461353 1.981981981981982 5280
1776951463000 1.9894894894894894 5300
1776951464647 1.996996996996997 5320
1776951466291 2.0045045045045047 5340
1776951467950 2.012012012012012 5360
1776951469595 2.0195195195195197 5380
1776951471242 2.027027027027027 5400
1776951472845 2.0345345345345347 5420
1776951474484 2.042042042042042 5440
1776951476132 2.0495495495495497 5460
1776951477771 2.057057057057057 5480
1776951479414 2.0645645645645647 5500
1776951484433 2.0645645645645647 5500
1776951488148 2.0720720720720722 5520
1776951489793 2.0795795795795797 5540
1776951491433 2.0870870870870872 5560
1776951493077 2.0945945945945947 5580
1776951494717 2.1021021021021022 5600
1776951496360 2.1096096096096097 5620
1776951497994 2.1171171171171173 5640
1776951499637 2.1246246246246248 5660
1776951501278 2.1321321321321323 5680
1776951502920 2.1396396396396398 5700
1776951504556 2.1471471471471473 5720
1776951506203 2.1546546546546548 5740
1776951511983 2.1584084084084085 5750
1776951512803 2.1621621621621623 5760
1776951514453 2.16966966966967 5780
1776951516094 2.1771771771771773 5800
1776951517739 2.184684684684685 5820
1776951519376 2.1921921921921923 5840
1776951521024 2.1996996996997 5860
1776951522666 2.2072072072072073 5880
1776951524316 2.214714714714715 5900
1776951525953 2.2222222222222223 5920
1776951527595 2.22972972972973 5940
1776951529240 2.2372372372372373 5960
1776951530888 2.244744744744745 5980
1776951532527 2.2522522522522523 6000
1776951538462 2.2522522522522523 6000
1776951540597 2.2522522522522523 6000
1776951545970 2.2522522522522523 6000
1776951552474 2.2522522522522523 6000
1776951559899 2.2522522522522523 0
