1778686788238 1.1115236282348633 20
1778686788553 1.8741536140441895 40
1778686788865 0.7493597865104675 60
1778686789174 1.8372083902359009 80
1778686789482 1.4725098609924316 100
1778686789789 1.9333564043045044 120
1778686790100 1.7632085084915161 140
1778686790409 1.7852360010147095 160
1778686790720 1.2987653017044067 180
1778686791029 1.5264687538146973 200
1778686791341 0.8578099608421326 220
1778686791650 0.9835764765739441 240
1778686795506 0.950925350189209 260
1778686795809 0.9381585717201233 280
1778686796113 1.5932838916778564 300
1778686796422 2.1818337440490723 320
1778686796727 1.1798194646835327 340
1778686797031 1.1370598077774048 360
1778686797338 0.8401006460189819 380
1778686797650 1.1385691165924072 400
1778686797951 1.2482386827468872 420
1778686798257 1.249250054359436 440
1778686798563 0.7812734246253967 460
1778686798869 0.7328612208366394 480
1778686799176 0.8954616189002991 500
1778686803093 2.099752187728882 520
1778686803401 1.032317042350769 540
1778686803711 1.0496950149536133 560
1778686804017 1.3197811841964722 580
1778686804324 0.8371004462242126 600
1778686804629 2.144845962524414 620
1778686804935 0.8334448337554932 640
1778686805241 1.2152303457260132 660
1778686805548 1.2886624336242676 680
1778686805855 0.880260169506073 700
1778686806160 1.177794098854065 720
1778686806465 1.2337862253189087 740
1778686810400 1.131901502609253 760
1778686810706 1.1395004987716675 780
1778686811017 1.3926490545272827 800
1778686811330 0.7299355864524841 820
1778686811638 0.7899850606918335 840
1778686811944 0.9924249053001404 860
1778686812246 0.8026148080825806 880
1778686812550 1.1463569402694702 900
1778686812852 1.0295525789260864 920
1778686813154 1.1082497835159302 940
1778686813456 1.822761058807373 960
1778686813761 0.8138906359672546 980
1778686814064 1.3715111017227173 1000
1778686817986 1.6692535877227783 1020
1778686818292 0.7127323150634766 1040
1778686818600 0.8497176170349121 1060
1778686818904 0.8511884212493896 1080
1778686819207 1.0150134563446045 1100
1778686819511 1.269020915031433 1120
1778686819815 0.9457005262374878 1140
1778686820120 1.2899118661880493 1160
1778686820430 0.9529904127120972 1180
1778686820735 1.1177414655685425 1200
1778686821039 1.5698274374008179 1220
1778686821345 1.2127187252044678 1240
1778686825293 1.2064836025238037 1260
1778686825595 0.8653222918510437 1280
1778686825898 1.018520474433899 1300
1778686826201 1.0472623109817505 1320
1778686826512 1.1450449228286743 1340
1778686826819 1.0650519132614136 1360
1778686827124 0.9083152413368225 1380
1778686827430 1.2087453603744507 1400
1778686827744 1.8031302690505981 1420
1778686828052 0.9551067352294922 1440
1778686828362 0.9790292382240295 1460
1778686828667 0.8466529846191406 1480
1778686828973 0.8251740336418152 1500
1778686832904 0.7432611584663391 1520
1778686833210 1.8398910760879517 1540
1778686833528 0.7979033589363098 1560
1778686833835 1.2103439569473267 1580
1778686834145 1.1939105987548828 1600
1778686834451 2.104323148727417 1620
1778686834759 1.4522486925125122 1640
1778686835067 0.8215014338493347 1660
1778686835374 0.664781391620636 1680
1778686835682 0.9859758615493774 1700
1778686835993 1.864208698272705 1720
1778686836301 0.7738767862319946 1740
1778686839962 0.8428423404693604 1760
1778686840272 0.7154321074485779 1780
1778686840580 1.7192682027816772 1800
1778686840891 0.7555347681045532 1820
1778686841200 0.6704168915748596 1840
1778686841505 0.8173163533210754 1860
1778686841810 1.3894827365875244 1880
1778686842116 0.6698960065841675 1900
1778686842422 0.8021270632743835 1920
1778686842730 0.7984769940376282 1940
1778686843039 0.9078817963600159 1960
1778686843344 2.1733295917510986 1980
1778686843649 0.804585337638855 2000
1778686847564 1.0288314819335938 2020
1778686847868 1.8532540798187256 2040
1778686848173 0.7654592990875244 2060
1778686848476 0.8577966094017029 2080
1778686848780 1.356501817703247 2100
1778686849085 0.976750910282135 2120
1778686849388 0.8812714219093323 2140
1778686849692 0.9540730714797974 2160
1778686849996 0.9432997703552246 2180
1778686850299 1.0834866762161255 2200
1778686850603 0.8923702239990234 2220
1778686850907 2.6398773193359375 2240
1778686854830 0.8491241335868835 2260
1778686855136 1.1063796281814575 2280
1778686855438 0.9739004969596863 2300
1778686855745 0.7360226511955261 2320
1778686856049 1.4327696561813354 2340
1778686856352 1.6033495664596558 2360
1778686856655 0.6872653365135193 2380
1778686856959 1.3468486070632935 2400
1778686857263 0.9052743911743164 2420
1778686857570 1.2957255840301514 2440
1778686857876 0.8090840578079224 2460
1778686858181 1.597192645072937 2480
1778686858488 0.8185490965843201 2500
1778686862394 0.7298566102981567 2520
1778686862702 1.1334360837936401 2540
1778686863007 0.8766841292381287 2560
1778686863316 1.0610682964324951 2580
1778686863623 0.7431915402412415 2600
1778686863933 0.9485704302787781 2620
1778686864247 1.0985122919082642 2640
1778686864563 0.8131142258644104 2660
1778686864877 1.3360633850097656 2680
1778686865190 2.057447910308838 2700
1778686865502 1.6201848983764648 2720
1778686865806 1.236151099205017 2740
