1778556226124 0.4292823374271393 20
1778556238660 0.27457892894744873 40
1778556251191 0.08915948122739792 60
1778556263727 0.14640149474143982 80
1778556276259 0.2575201392173767 100
1778556288797 0.3824906647205353 120
1778556301374 0.9090800881385803 140
1778556313961 0.1659647524356842 160
1778556326540 0.09483002871274948 180
1778556339120 0.1330283284187317 200
1778556351703 0.32513463497161865 220
1778556364279 0.23052944242954254 240
1778556376853 1.0762484073638916 260
1778556389439 0.3268235921859741 280
1778556402022 0.19473221898078918 300
1778556414598 0.18272210657596588 320
1778556447978 0.2897127866744995 340
1778556460537 0.3410118818283081 360
1778556473098 0.3116944432258606 380
1778556485653 0.2864459455013275 400
1778556498217 0.7039991617202759 420
1778556510778 0.31849434971809387 440
1778556523344 0.46705564856529236 460
1778556535905 0.1884828507900238 480
1778556548467 0.2710600793361664 500
1778556561026 0.23391956090927124 520
1778556573581 0.5065069198608398 540
1778556586136 0.128201425075531 560
1778556598690 0.17052067816257477 580
1778556611252 0.28664684295654297 600
1778556623812 0.12827226519584656 620
1778556636375 0.1356254667043686 640
1778556648936 0.12048260867595673 660
1778556682281 0.08207862824201584 680
1778556694832 0.2310294508934021 700
1778556707388 0.16945263743400574 720
1778556719942 0.3201470673084259 740
1778556732509 0.26872166991233826 760
1778556745074 0.34911632537841797 780
1778556757630 0.1832626909017563 800
1778556770183 0.17050831019878387 820
1778556782732 0.17662103474140167 840
1778556795287 0.1687009334564209 860
