1778556226124 2.7726 20
1778556238660 2.7723 40
1778556251191 2.7727 60
1778556263727 2.7727 80
1778556276259 2.7728 100
1778556288797 2.7724 120
1778556301374 2.7726 140
1778556313961 2.7722 160
1778556326540 2.7722 180
1778556339120 2.772 200
1778556351703 2.7717 220
1778556364279 2.772 240
1778556376853 2.7715 260
1778556389439 2.7713 280
1778556402022 2.771 300
1778556414598 2.7708 320
1778556447978 2.7707 340
1778556460537 2.7705 360
1778556473098 2.7703 380
1778556485653 2.7714 400
1778556498217 2.7704 420
1778556510778 2.7706 440
1778556523344 2.7699 460
1778556535905 2.7698 480
1778556548467 2.7699 500
1778556561026 2.7698 520
1778556573581 2.7704 540
1778556586136 2.7699 560
1778556598690 2.7705 580
1778556611252 2.7695 600
1778556623812 2.7694 620
1778556636375 2.7701 640
1778556648936 2.7698 660
1778556682281 2.769 680
1778556694832 2.7695 700
1778556707388 2.7699 720
1778556719942 2.7694 740
1778556732509 2.7691 760
1778556745074 2.7695 780
1778556757630 2.7695 800
1778556770183 2.769 820
1778556782732 2.7685 840
1778556795287 2.7678 860
