1777042378337 2.067878007888794 20
1777042385128 2.073460817337036 40
1777042391926 2.915065288543701 60
1777042398722 4.42069149017334 80
1777042405536 3.276681661605835 100
1777042412359 3.419178009033203 120
1777042419181 4.914299964904785 140
1777042426013 6.313930034637451 160
1777042432843 2.430201768875122 180
1777042439680 3.06325101852417 200
1777042446523 4.112102508544922 220
1777042453364 2.672086000442505 240
1777042465822 2.1441102027893066 260
1777042472667 2.654942512512207 280
1777042479514 3.106656312942505 300
1777042486359 3.247488021850586 320
1777042493199 2.4868931770324707 340
1777042500051 2.4483091831207275 360
1777042506895 3.037494421005249 380
1777042513742 3.8433053493499756 400
1777042520592 1.5915031433105469 420
1777042527445 2.980591058731079 440
1777042534300 3.023195266723633 460
1777042541158 2.6097044944763184 480
1777042548007 1.8913253545761108 500
1777042596116 1.5366019010543823 520
1777042602897 2.505636215209961 540
1777042609678 2.5244336128234863 560
1777042616474 2.0844082832336426 580
1777042623279 3.5282795429229736 600
1777042630091 1.7397866249084473 620
1777042636913 1.768102765083313 640
1777042643745 2.722297430038452 660
1777042650577 3.0405774116516113 680
1777042657419 1.9880918264389038 700
1777042664260 1.2865911722183228 720
1777042671104 2.8402085304260254 740
1777042683573 2.027003049850464 760
1777042690419 2.362699270248413 780
1777042697268 2.615816116333008 800
1777042704120 1.9565547704696655 820
1777042710969 1.5256417989730835 840
1777042717824 2.6921944618225098 860
1777042724675 2.522312641143799 880
1777042731534 2.2713658809661865 900
1777042738357 2.7259676456451416 920
1777042745219 4.437238693237305 940
1777042752073 2.278942823410034 960
1777042758938 1.8297115564346313 980
1777042765803 5.17252779006958 1000
1777042811113 1.7782392501831055 1020
1777042817900 3.088719129562378 1040
1777042824692 2.545038938522339 1060
1777042831490 2.047295331954956 1080
1777042838291 2.143251419067383 1100
1777042845106 3.441099166870117 1120
1777042851930 2.572638511657715 1140
1777042858758 5.975892066955566 1160
1777042865591 2.101557493209839 1180
1777042872427 2.482361316680908 1200
1777042879261 2.0005271434783936 1220
1777042886102 2.904290199279785 1240
1777042898574 1.2592898607254028 1260
1777042905422 3.458997964859009 1280
1777042912270 2.0915935039520264 1300
1777042919129 5.843111991882324 1320
1777042925986 3.9967663288116455 1340
1777042932843 2.9884374141693115 1360
1777042939710 2.1905667781829834 1380
1777042946570 2.4468636512756348 1400
1777042953431 3.6229376792907715 1420
1777042960290 3.888230800628662 1440
1777042967151 3.1600089073181152 1460
1777042974008 3.0479514598846436 1480
1777042980884 2.033888578414917 1500
1777043031558 1.2548903226852417 1520
1777043038347 3.8670284748077393 1540
1777043045136 4.6789655685424805 1560
1777043051938 3.0371274948120117 1580
1777043058735 3.447524070739746 1600
1777043065539 3.075105905532837 1620
1777043072353 2.9767963886260986 1640
1777043079187 2.6531550884246826 1660
1777043086014 2.953345775604248 1680
1777043092844 3.2547645568847656 1700
1777043099685 2.099093437194824 1720
1777043106530 5.533847808837891 1740
1777043118999 4.551248550415039 1760
1777043125849 2.908557891845703 1780
1777043132710 4.218544960021973 1800
1777043139573 2.491391181945801 1820
1777043146382 7.021012783050537 1840
1777043153241 2.729877233505249 1860
1777043160098 2.071707010269165 1880
1777043166966 2.3910841941833496 1900
1777043173685 3.984116554260254 1920
1777043180549 17.290355682373047 1940
1777043187421 9.267763137817383 1960
1777043194282 10.409578323364258 1980
1777043201152 5.402512073516846 2000
1777043247534 1.5246245861053467 2020
1777043254325 4.508358478546143 2040
1777043261130 6.107114791870117 2060
1777043267931 4.001617431640625 2080
1777043274751 1.5281273126602173 2100
1777043281584 4.139641284942627 2120
1777043288409 2.82356333732605 2140
1777043295245 2.266148090362549 2160
1777043302079 0.8117101788520813 2180
1777043308922 3.2799580097198486 2200
1777043315769 5.098206043243408 2220
1777043322614 3.5425379276275635 2240
1777043335104 6.380620956420898 2260
1777043341962 14.0372896194458 2280
1777043348816 3.3195900917053223 2300
1777043355674 3.318227529525757 2320
1777043362523 1.9791688919067383 2340
1777043369382 3.6386806964874268 2360
1777043376241 1.7645257711410522 2380
1777043383116 3.62325119972229 2400
1777043389980 2.520064115524292 2420
1777043396852 7.798243045806885 2440
1777043403715 4.721192836761475 2460
1777043410575 1.0248937606811523 2480
1777043417440 1.603656530380249 2500
1777043463685 10.731449127197266 2520
1777043470478 3.1392509937286377 2540
1777043477271 2.8269569873809814 2560
1777043484078 9.302163124084473 2580
1777043490893 0.3704465329647064 2600
1777043497724 0.3952830731868744 2620
1777043504555 1.957936406135559 2640
1777043511391 6.921839237213135 2660
1777043518227 7.863307952880859 2680
1777043524914 5.147762775421143 2700
1777043531749 8.648651123046875 2720
