1777042378337 0.6903 20
1777042385128 0.6786 40
1777042391926 0.6634 60
1777042398722 0.6145 80
1777042405536 0.5682 100
1777042412359 0.4992 120
1777042419181 0.5248 140
1777042426013 0.4926 160
1777042432843 0.555 180
1777042439680 0.4593 200
1777042446523 0.502 220
1777042453364 0.5073 240
1777042465822 0.5047 260
1777042472667 0.4941 280
1777042479514 0.5213 300
1777042486359 0.442 320
1777042493199 0.4729 340
1777042500051 0.4587 360
1777042506895 0.4803 380
1777042513742 0.4872 400
1777042520592 0.4549 420
1777042527445 0.4807 440
1777042534300 0.4484 460
1777042541158 0.4273 480
1777042548007 0.4208 500
1777042596116 0.4988 520
1777042602897 0.4432 540
1777042609678 0.412 560
1777042616474 0.4399 580
1777042623279 0.441 600
1777042630091 0.4826 620
1777042636913 0.4322 640
1777042643745 0.4534 660
1777042650577 0.4322 680
1777042657419 0.4701 700
1777042664260 0.4241 720
1777042671104 0.4489 740
1777042683573 0.445 760
1777042690419 0.4576 780
1777042697268 0.4531 800
1777042704120 0.4355 820
1777042710969 0.4636 840
1777042717824 0.4355 860
1777042724675 0.4266 880
1777042731534 0.4246 900
1777042738357 0.3555 920
1777042745219 0.3171 940
1777042752073 0.3653 960
1777042758938 0.3638 980
1777042765803 0.367 1000
1777042811113 0.3689 1020
1777042817900 0.3536 1040
1777042824692 0.3244 1060
1777042831490 0.359 1080
1777042838291 0.3517 1100
1777042845106 0.3293 1120
1777042851930 0.3604 1140
1777042858758 0.358 1160
1777042865591 0.3443 1180
1777042872427 0.3345 1200
1777042879261 0.3168 1220
1777042886102 0.3357 1240
1777042898574 0.3442 1260
1777042905422 0.3277 1280
1777042912270 0.3366 1300
1777042919129 0.3335 1320
1777042925986 0.3528 1340
1777042932843 0.3575 1360
1777042939710 0.314 1380
1777042946570 0.3643 1400
1777042953431 0.3233 1420
1777042960290 0.2981 1440
1777042967151 0.3207 1460
1777042974008 0.3063 1480
1777042980884 0.3689 1500
1777043031558 0.3898 1520
1777043038347 0.3104 1540
1777043045136 0.3094 1560
1777043051938 0.3367 1580
1777043058735 0.3185 1600
1777043065539 0.3514 1620
1777043072353 0.3185 1640
1777043079187 0.3171 1660
1777043086014 0.3384 1680
1777043092844 0.2917 1700
1777043099685 0.3496 1720
1777043106530 0.315 1740
1777043118999 0.2791 1760
1777043125849 0.3549 1780
1777043132710 0.3137 1800
1777043139573 0.3086 1820
1777043146382 0.1631 1840
1777043153241 0.1542 1860
1777043160098 0.1386 1880
1777043166966 0.1153 1900
1777043173685 0.155 1920
1777043180549 0.1703 1940
1777043187421 0.1234 1960
1777043194282 0.1549 1980
1777043201152 0.146 2000
1777043247534 0.1137 2020
1777043254325 0.1376 2040
1777043261130 0.1481 2060
1777043267931 0.143 2080
1777043274751 0.1178 2100
1777043281584 0.1187 2120
1777043288409 0.135 2140
1777043295245 0.1364 2160
1777043302079 0.1172 2180
1777043308922 0.1265 2200
1777043315769 0.1233 2220
1777043322614 0.0936 2240
1777043335104 0.1314 2260
1777043341962 0.1212 2280
1777043348816 0.1089 2300
1777043355674 0.1159 2320
1777043362523 0.1559 2340
1777043369382 0.1409 2360
1777043376241 0.1227 2380
1777043383116 0.1228 2400
1777043389980 0.1093 2420
1777043396852 0.1517 2440
1777043403715 0.1 2460
1777043410575 0.1304 2480
1777043417440 0.1316 2500
1777043463685 0.1227 2520
1777043470478 0.1232 2540
1777043477271 0.1191 2560
1777043484078 0.1522 2580
1777043490893 0.1032 2600
1777043497724 0.1433 2620
1777043504555 0.1519 2640
1777043511391 0.1039 2660
1777043518227 0.0912 2680
1777043524914 0.1214 2700
1777043531749 0.1277 2720
