1778686533774 0.015015015015015015 20
1778686533936 0.03003003003003003 40
1778686534094 0.04504504504504504 60
1778686534256 0.06006006006006006 80
1778686534413 0.07507507507507508 100
1778686534572 0.09009009009009009 120
1778686534734 0.10510510510510511 140
1778686534893 0.12012012012012012 160
1778686535056 0.13513513513513514 180
1778686535216 0.15015015015015015 200
1778686535380 0.16516516516516516 220
1778686535540 0.18018018018018017 240
1778686537609 0.18768768768768768 250
1778686538221 0.19519519519519518 260
1778686538379 0.21021021021021022 280
1778686538543 0.22522522522522523 300
1778686538700 0.24024024024024024 320
1778686538860 0.2552552552552553 340
1778686539021 0.2702702702702703 360
1778686539179 0.2852852852852853 380
1778686539341 0.3003003003003003 400
1778686539501 0.3153153153153153 420
1778686539664 0.3303303303303303 440
1778686539822 0.34534534534534533 460
1778686539984 0.36036036036036034 480
1778686540147 0.37537537537537535 500
1778686542170 0.37537537537537535 500
1778686542895 0.39039039039039036 520
1778686543058 0.40540540540540543 540
1778686543217 0.42042042042042044 560
1778686543381 0.43543543543543545 580
1778686543542 0.45045045045045046 600
1778686543704 0.46546546546546547 620
1778686543864 0.4804804804804805 640
1778686544025 0.4954954954954955 660
1778686544188 0.5105105105105106 680
1778686544348 0.5255255255255256 700
1778686544509 0.5405405405405406 720
1778686544670 0.5555555555555556 740
1778686546746 0.5630630630630631 750
1778686547390 0.5705705705705706 760
1778686547548 0.5855855855855856 780
1778686547708 0.6006006006006006 800
1778686547867 0.6156156156156156 820
1778686548026 0.6306306306306306 840
1778686548186 0.6456456456456456 860
1778686548343 0.6606606606606606 880
1778686548501 0.6756756756756757 900
1778686548661 0.6906906906906907 920
1778686548820 0.7057057057057057 940
1778686548978 0.7207207207207207 960
1778686549137 0.7357357357357357 980
1778686549295 0.7507507507507507 1000
1778686551272 0.7507507507507507 1000
1778686551995 0.7657657657657657 1020
1778686552153 0.7807807807807807 1040
1778686552314 0.7957957957957958 1060
1778686552472 0.8108108108108109 1080
1778686552638 0.8258258258258259 1100
1778686552796 0.8408408408408409 1120
1778686552955 0.8558558558558559 1140
1778686553115 0.8708708708708709 1160
1778686553272 0.8858858858858859 1180
1778686553431 0.9009009009009009 1200
1778686553588 0.9159159159159159 1220
1778686553748 0.9309309309309309 1240
1778686555816 0.9384384384384384 1250
1778686556458 0.9459459459459459 1260
1778686556618 0.960960960960961 1280
1778686556777 0.975975975975976 1300
1778686556938 0.990990990990991 1320
1778686557101 1.006006006006006 1340
1778686557259 1.021021021021021 1360
1778686557419 1.0360360360360361 1380
1778686557577 1.0510510510510511 1400
1778686557737 1.0660660660660661 1420
1778686557895 1.0810810810810811 1440
1778686558053 1.0960960960960962 1460
1778686558210 1.1111111111111112 1480
1778686558369 1.1261261261261262 1500
1778686560366 1.1261261261261262 1500
1778686561087 1.1411411411411412 1520
1778686561248 1.1561561561561562 1540
1778686561412 1.1711711711711712 1560
1778686561570 1.1861861861861862 1580
1778686561731 1.2012012012012012 1600
1778686561889 1.2162162162162162 1620
1778686562052 1.2312312312312312 1640
1778686562212 1.2462462462462462 1660
1778686562378 1.2612612612612613 1680
1778686562543 1.2762762762762763 1700
1778686562701 1.2912912912912913 1720
1778686562861 1.3063063063063063 1740
1778686564939 1.3138138138138138 1750
1778686565584 1.3213213213213213 1760
1778686565752 1.3363363363363363 1780
1778686565915 1.3513513513513513 1800
1778686566077 1.3663663663663663 1820
1778686566233 1.3813813813813813 1840
1778686566402 1.3963963963963963 1860
1778686566564 1.4114114114114114 1880
1778686566722 1.4264264264264264 1900
1778686566886 1.4414414414414414 1920
1778686567043 1.4564564564564564 1940
1778686567209 1.4714714714714714 1960
1778686567371 1.4864864864864864 1980
1778686567538 1.5015015015015014 2000
1778686569517 1.5015015015015014 2000
1778686570238 1.5165165165165164 2020
1778686570399 1.5315315315315314 2040
1778686570558 1.5465465465465464 2060
1778686570719 1.5615615615615615 2080
1778686570883 1.5765765765765765 2100
1778686571041 1.5915915915915915 2120
1778686571203 1.6066066066066065 2140
1778686571364 1.6216216216216215 2160
1778686571524 1.6366366366366365 2180
1778686571680 1.6516516516516515 2200
1778686571839 1.6666666666666665 2220
1778686571997 1.6816816816816815 2240
1778686574060 1.689189189189189 2250
1778686574697 1.6966966966966965 2260
1778686574855 1.7117117117117115 2280
1778686575014 1.7267267267267268 2300
1778686575173 1.7417417417417418 2320
1778686575331 1.7567567567567568 2340
1778686575491 1.7717717717717718 2360
1778686575648 1.7867867867867868 2380
1778686575808 1.8018018018018018 2400
1778686575966 1.8168168168168168 2420
1778686576126 1.8318318318318318 2440
1778686576284 1.8468468468468469 2460
1778686576444 1.8618618618618619 2480
1778686576603 1.8768768768768769 2500
1778686578601 1.8768768768768769 2500
1778686579318 1.8918918918918919 2520
1778686579476 1.906906906906907 2540
1778686579632 1.921921921921922 2560
1778686579791 1.936936936936937 2580
1778686579946 1.951951951951952 2600
1778686580105 1.966966966966967 2620
1778686580261 1.981981981981982 2640
1778686580420 1.996996996996997 2660
1778686580581 2.012012012012012 2680
1778686580742 2.027027027027027 2700
1778686580899 2.042042042042042 2720
1778686581067 2.057057057057057 2740
1778686583150 2.0645645645645647 2750
1778686583800 2.0720720720720722 2760
1778686583958 2.0870870870870872 2780
1778686584118 2.1021021021021022 2800
1778686584276 2.1171171171171173 2820
1778686584437 2.1321321321321323 2840
1778686584595 2.1471471471471473 2860
1778686584755 2.1621621621621623 2880
1778686584913 2.1771771771771773 2900
1778686585070 2.1921921921921923 2920
1778686585229 2.2072072072072073 2940
1778686585386 2.2222222222222223 2960
1778686585545 2.2372372372372373 2980
1778686585702 2.2522522522522523 3000
1778686587702 2.2522522522522523 3000
1778686588426 2.2672672672672673 3020
1778686588582 2.2822822822822824 3040
1778686588743 2.2972972972972974 3060
1778686588899 2.3123123123123124 3080
1778686589058 2.3273273273273274 3100
1778686589216 2.3423423423423424 3120
1778686589376 2.3573573573573574 3140
1778686589533 2.3723723723723724 3160
1778686589692 2.3873873873873874 3180
1778686589852 2.4024024024024024 3200
1778686590009 2.4174174174174174 3220
1778686590169 2.4324324324324325 3240
1778686592250 2.43993993993994 3250
1778686592824 2.4474474474474475 3260
1778686592983 2.4624624624624625 3280
1778686593140 2.4774774774774775 3300
1778686593299 2.4924924924924925 3320
1778686593455 2.5075075075075075 3340
1778686593615 2.5225225225225225 3360
1778686593773 2.5375375375375375 3380
1778686593933 2.5525525525525525 3400
1778686594095 2.5675675675675675 3420
1778686594252 2.5825825825825826 3440
1778686594411 2.5975975975975976 3460
1778686594571 2.6126126126126126 3480
1778686594732 2.6276276276276276 3500
1778686596746 2.6276276276276276 3500
1778686597443 2.6426426426426426 3520
1778686597602 2.6576576576576576 3540
1778686597759 2.6726726726726726 3560
1778686597918 2.6876876876876876 3580
1778686598076 2.7027027027027026 3600
1778686598235 2.7177177177177176 3620
1778686598396 2.7327327327327327 3640
1778686598555 2.7477477477477477 3660
1778686598716 2.7627627627627627 3680
1778686598877 2.7777777777777777 3700
1778686599038 2.7927927927927927 3720
1778686599196 2.8078078078078077 3740
1778686601265 2.815315315315315 3750
1778686601953 2.8228228228228227 3760
1778686602112 2.8378378378378377 3780
1778686602272 2.8528528528528527 3800
1778686602431 2.8678678678678677 3820
1778686602592 2.8828828828828827 3840
1778686602751 2.8978978978978978 3860
1778686602911 2.9129129129129128 3880
1778686603072 2.9279279279279278 3900
1778686603231 2.942942942942943 3920
1778686603393 2.957957957957958 3940
1778686603553 2.972972972972973 3960
1778686603714 2.987987987987988 3980
1778686603877 3.003003003003003 4000
1778686605904 3.003003003003003 4000
1778686606547 3.018018018018018 4020
1778686606706 3.033033033033033 4040
1778686606868 3.048048048048048 4060
1778686607028 3.063063063063063 4080
1778686607190 3.078078078078078 4100
1778686607351 3.093093093093093 4120
1778686607509 3.108108108108108 4140
1778686607671 3.123123123123123 4160
1778686607830 3.138138138138138 4180
1778686607991 3.153153153153153 4200
1778686608149 3.1681681681681684 4220
1778686608309 3.1831831831831834 4240
1778686610369 3.190690690690691 4250
1778686610996 3.1981981981981984 4260
1778686611155 3.2132132132132134 4280
1778686611312 3.2282282282282284 4300
1778686611471 3.2432432432432434 4320
1778686611630 3.2582582582582584 4340
1778686611787 3.2732732732732734 4360
1778686611946 3.2882882882882885 4380
1778686612103 3.3033033033033035 4400
1778686612262 3.3183183183183185 4420
1778686612419 3.3333333333333335 4440
1778686612578 3.3483483483483485 4460
1778686612737 3.3633633633633635 4480
1778686612895 3.3783783783783785 4500
1778686614871 3.3783783783783785 4500
1778686615594 3.3933933933933935 4520
1778686615756 3.4084084084084085 4540
1778686615915 3.4234234234234235 4560
1778686616071 3.4384384384384385 4580
1778686616235 3.4534534534534536 4600
1778686616391 3.4684684684684686 4620
1778686616548 3.4834834834834836 4640
1778686616706 3.4984984984984986 4660
1778686616866 3.5135135135135136 4680
1778686617022 3.5285285285285286 4700
1778686617181 3.5435435435435436 4720
1778686617341 3.5585585585585586 4740
1778686619415 3.566066066066066 4750
1778686620047 3.5735735735735736 4760
1778686620204 3.5885885885885886 4780
1778686620367 3.6036036036036037 4800
1778686620526 3.6186186186186187 4820
1778686620684 3.6336336336336337 4840
1778686620843 3.6486486486486487 4860
1778686621000 3.6636636636636637 4880
1778686621160 3.6786786786786787 4900
1778686621316 3.6936936936936937 4920
1778686621481 3.7087087087087087 4940
1778686621639 3.7237237237237237 4960
1778686621802 3.7387387387387387 4980
1778686621961 3.7537537537537538 5000
1778686623939 3.7537537537537538 5000
1778686624587 3.7537537537537538 5000
1778686626654 3.7537537537537538 5000
1778686629534 3.7537537537537538 5000
1778686630150 3.7537537537537538 0
