1778686533774 1.1400000000000001e-05 20
1778686533936 2.3400000000000003e-05 40
1778686534094 2.9948844259189087e-05 60
1778686534256 2.9835164835164837e-05 80
1778686534413 2.9721485411140586e-05 100
1778686534572 2.9607805987116332e-05 120
1778686534734 2.949412656309208e-05 140
1778686534893 2.938044713906783e-05 160
1778686535056 2.926676771504358e-05 180
1778686535216 2.9153088291019325e-05 200
1778686535380 2.9039408866995075e-05 220
1778686535540 2.892572944297082e-05 240
1778686538221 2.8812050018946573e-05 260
1778686538379 2.869837059492232e-05 280
1778686538543 2.858469117089807e-05 300
1778686538700 2.8471011746873818e-05 320
1778686538860 2.8357332322849564e-05 340
1778686539021 2.8243652898825313e-05 360
1778686539179 2.8129973474801062e-05 380
1778686539341 2.801629405077681e-05 400
1778686539501 2.7902614626752557e-05 420
1778686539664 2.7788935202728306e-05 440
1778686539822 2.7675255778704052e-05 460
1778686539984 2.7561576354679805e-05 480
1778686540147 2.7447896930655554e-05 500
1778686542895 2.73342175066313e-05 520
1778686543058 2.722053808260705e-05 540
1778686543217 2.7106858658582795e-05 560
1778686543381 2.6993179234558548e-05 580
1778686543542 2.6879499810534294e-05 600
1778686543704 2.6765820386510043e-05 620
1778686543864 2.665214096248579e-05 640
1778686544025 2.6538461538461538e-05 660
1778686544188 2.6424782114437287e-05 680
1778686544348 2.6311102690413037e-05 700
1778686544509 2.6197423266388786e-05 720
1778686544670 2.6083743842364532e-05 740
1778686547390 2.597006441834028e-05 760
1778686547548 2.5856384994316027e-05 780
1778686547708 2.574270557029178e-05 800
1778686547867 2.5629026146267526e-05 820
1778686548026 2.5515346722243275e-05 840
1778686548186 2.540166729821902e-05 860
1778686548343 2.528798787419477e-05 880
1778686548501 2.5174308450170523e-05 900
1778686548661 2.506062902614627e-05 920
1778686548820 2.4946949602122018e-05 940
1778686548978 2.4833270178097764e-05 960
1778686549137 2.4719590754073513e-05 980
1778686549295 2.4605911330049262e-05 1000
1778686551995 2.449223190602501e-05 1020
1778686552153 2.4378552482000757e-05 1040
1778686552314 2.4264873057976507e-05 1060
1778686552472 2.4151193633952256e-05 1080
1778686552638 2.4037514209928e-05 1100
1778686552796 2.3923834785903754e-05 1120
1778686552955 2.38101553618795e-05 1140
1778686553115 2.369647593785525e-05 1160
1778686553272 2.3582796513830995e-05 1180
1778686553431 2.3469117089806745e-05 1200
1778686553588 2.3355437665782494e-05 1220
1778686553748 2.3241758241758243e-05 1240
1778686556458 2.3128078817733992e-05 1260
1778686556618 2.3014399393709738e-05 1280
1778686556777 2.2900719969685488e-05 1300
1778686556938 2.2787040545661237e-05 1320
1778686557101 2.2673361121636986e-05 1340
1778686557259 2.2559681697612732e-05 1360
1778686557419 2.244600227358848e-05 1380
1778686557577 2.2332322849564227e-05 1400
1778686557737 2.2218643425539976e-05 1420
1778686557895 2.2104964001515726e-05 1440
1778686558053 2.1991284577491475e-05 1460
1778686558210 2.1877605153467224e-05 1480
1778686558369 2.176392572944297e-05 1500
1778686561087 2.165024630541872e-05 1520
1778686561248 2.153656688139447e-05 1540
1778686561412 2.1422887457370218e-05 1560
1778686561570 2.1309208033345964e-05 1580
1778686561731 2.1195528609321713e-05 1600
1778686561889 2.108184918529746e-05 1620
1778686562052 2.096816976127321e-05 1640
1778686562212 2.085449033724896e-05 1660
1778686562378 2.0740810913224707e-05 1680
1778686562543 2.0627131489200456e-05 1700
1778686562701 2.0513452065176202e-05 1720
1778686562861 2.0399772641151954e-05 1740
1778686565584 2.02860932171277e-05 1760
1778686565752 2.017241379310345e-05 1780
1778686565915 2.0058734369079195e-05 1800
1778686566077 1.9945054945054945e-05 1820
1778686566233 1.9831375521030694e-05 1840
1778686566402 1.9717696097006443e-05 1860
1778686566564 1.9604016672982192e-05 1880
1778686566722 1.949033724895794e-05 1900
1778686566886 1.9376657824933688e-05 1920
1778686567043 1.9262978400909433e-05 1940
1778686567209 1.9149298976885186e-05 1960
1778686567371 1.9035619552860932e-05 1980
1778686567538 1.892194012883668e-05 2000
1778686570238 1.880826070481243e-05 2020
1778686570399 1.8694581280788176e-05 2040
1778686570558 1.858090185676393e-05 2060
1778686570719 1.8467222432739675e-05 2080
1778686570883 1.8353543008715424e-05 2100
1778686571041 1.823986358469117e-05 2120
1778686571203 1.812618416066692e-05 2140
1778686571364 1.8012504736642665e-05 2160
1778686571524 1.7898825312618418e-05 2180
1778686571680 1.7785145888594164e-05 2200
1778686571839 1.7671466464569913e-05 2220
1778686571997 1.7557787040545662e-05 2240
1778686574697 1.7444107616521408e-05 2260
1778686574855 1.733042819249716e-05 2280
1778686575014 1.7216748768472907e-05 2300
1778686575173 1.7103069344448656e-05 2320
1778686575331 1.6989389920424402e-05 2340
1778686575491 1.687571049640015e-05 2360
1778686575648 1.67620310723759e-05 2380
1778686575808 1.664835164835165e-05 2400
1778686575966 1.65346722243274e-05 2420
1778686576126 1.6420992800303145e-05 2440
1778686576284 1.6307313376278894e-05 2460
1778686576444 1.6193633952254643e-05 2480
1778686576603 1.6079954528230393e-05 2500
1778686579318 1.596627510420614e-05 2520
1778686579476 1.5852595680181888e-05 2540
1778686579632 1.5738916256157634e-05 2560
1778686579791 1.5625236832133383e-05 2580
1778686579946 1.5511557408109135e-05 2600
1778686580105 1.539787798408488e-05 2620
1778686580261 1.528419856006063e-05 2640
1778686580420 1.5170519136036376e-05 2660
1778686580581 1.5056839712012124e-05 2680
1778686580742 1.4943160287987875e-05 2700
1778686580899 1.4829480863963624e-05 2720
1778686581067 1.4715801439939372e-05 2740
1778686583800 1.460212201591512e-05 2760
1778686583958 1.4488442591890869e-05 2780
1778686584118 1.4374763167866616e-05 2800
1778686584276 1.4261083743842364e-05 2820
1778686584437 1.4147404319818113e-05 2840
1778686584595 1.403372489579386e-05 2860
1778686584755 1.392004547176961e-05 2880
1778686584913 1.380636604774536e-05 2900
1778686585070 1.3692686623721107e-05 2920
1778686585229 1.3579007199696856e-05 2940
1778686585386 1.3465327775672604e-05 2960
1778686585545 1.3351648351648351e-05 2980
1778686585702 1.32379689276241e-05 3000
1778686588426 1.3124289503599848e-05 3020
1778686588582 1.3010610079575597e-05 3040
1778686588743 1.2896930655551345e-05 3060
1778686588899 1.2783251231527094e-05 3080
1778686589058 1.2669571807502843e-05 3100
1778686589216 1.2555892383478591e-05 3120
1778686589376 1.244221295945434e-05 3140
1778686589533 1.2328533535430088e-05 3160
1778686589692 1.2214854111405835e-05 3180
1778686589852 1.2101174687381585e-05 3200
1778686590009 1.1987495263357332e-05 3220
1778686590169 1.187381583933308e-05 3240
1778686592824 1.1760136415308829e-05 3260
1778686592983 1.1646456991284578e-05 3280
1778686593140 1.1532777567260328e-05 3300
1778686593299 1.1419098143236075e-05 3320
1778686593455 1.1305418719211823e-05 3340
1778686593615 1.1191739295187572e-05 3360
1778686593773 1.107805987116332e-05 3380
1778686593933 1.0964380447139067e-05 3400
1778686594095 1.0850701023114816e-05 3420
1778686594252 1.0737021599090564e-05 3440
1778686594411 1.0623342175066315e-05 3460
1778686594571 1.0509662751042062e-05 3480
1778686594732 1.039598332701781e-05 3500
1778686597443 1.028230390299356e-05 3520
1778686597602 1.0168624478969307e-05 3540
1778686597759 1.0054945054945054e-05 3560
1778686597918 9.941265630920804e-06 3580
1778686598076 9.827586206896551e-06 3600
1778686598235 9.7139067828723e-06 3620
1778686598396 9.600227358848048e-06 3640
1778686598555 9.486547934823797e-06 3660
1778686598716 9.372868510799547e-06 3680
1778686598877 9.259189086775294e-06 3700
1778686599038 9.145509662751042e-06 3720
1778686599196 9.031830238726791e-06 3740
1778686601953 8.918150814702539e-06 3760
1778686602112 8.804471390678288e-06 3780
1778686602272 8.690791966654035e-06 3800
1778686602431 8.577112542629783e-06 3820
1778686602592 8.463433118605532e-06 3840
1778686602751 8.349753694581281e-06 3860
1778686602911 8.23607427055703e-06 3880
1778686603072 8.122394846532778e-06 3900
1778686603231 8.008715422508526e-06 3920
1778686603393 7.895035998484275e-06 3940
1778686603553 7.781356574460023e-06 3960
1778686603714 7.66767715043577e-06 3980
1778686603877 7.55399772641152e-06 4000
1778686606547 7.440318302387268e-06 4020
1778686606706 7.326638878363016e-06 4040
1778686606868 7.212959454338765e-06 4060
1778686607028 7.099280030314513e-06 4080
1778686607190 6.985600606290262e-06 4100
1778686607351 6.87192118226601e-06 4120
1778686607509 6.7582417582417585e-06 4140
1778686607671 6.644562334217507e-06 4160
1778686607830 6.530882910193255e-06 4180
1778686607991 6.417203486169004e-06 4200
1778686608149 6.303524062144752e-06 4220
1778686608309 6.1898446381205005e-06 4240
1778686610996 6.076165214096248e-06 4260
1778686611155 5.962485790071997e-06 4280
1778686611312 5.848806366047746e-06 4300
1778686611471 5.735126942023494e-06 4320
1778686611630 5.621447517999242e-06 4340
1778686611787 5.50776809397499e-06 4360
1778686611946 5.3940886699507395e-06 4380
1778686612103 5.280409245926488e-06 4400
1778686612262 5.1667298219022354e-06 4420
1778686612419 5.053050397877984e-06 4440
1778686612578 4.939370973853732e-06 4460
1778686612737 4.8256915498294815e-06 4480
1778686612895 4.712012125805229e-06 4500
1778686615594 4.5983327017809775e-06 4520
1778686615756 4.484653277756726e-06 4540
1778686615915 4.370973853732474e-06 4560
1778686616071 4.262978400909436e-06 4580
1778686616235 4.149298976885183e-06 4600
1778686616391 4.0356195528609325e-06 4620
1778686616548 3.921940128836681e-06 4640
1778686616706 3.8082607048124293e-06 4660
1778686616866 3.6945812807881773e-06 4680
1778686617022 3.5809018567639257e-06 4700
1778686617181 3.467222432739674e-06 4720
1778686617341 3.3535430087154226e-06 4740
1778686620047 3.239863584691171e-06 4760
1778686620204 3.1261841606669194e-06 4780
1778686620367 3.012504736642668e-06 4800
1778686620526 2.898825312618416e-06 4820
1778686620684 2.7851458885941646e-06 4840
1778686620843 2.6714664645699126e-06 4860
1778686621000 2.5577870405456615e-06 4880
1778686621160 2.4441076165214095e-06 4900
1778686621316 2.330428192497158e-06 4920
1778686621481 2.2167487684729067e-06 4940
1778686621639 2.1030693444486547e-06 4960
1778686621802 1.9893899204244036e-06 4980
1778686621961 1.8757104964001516e-06 5000
