1778686533774 0.6983 20
1778686533936 0.697 40
1778686534094 0.6936 60
1778686534256 0.6934 80
1778686534413 0.6928 100
1778686534572 0.6918 120
1778686534734 0.6899 140
1778686534893 0.6889 160
1778686535056 0.6898 180
1778686535216 0.6895 200
1778686535380 0.6883 220
1778686535540 0.6869 240
1778686538221 0.6839 260
1778686538379 0.6893 280
1778686538543 0.683 300
1778686538700 0.6831 320
1778686538860 0.6819 340
1778686539021 0.6831 360
1778686539179 0.6834 380
1778686539341 0.6781 400
1778686539501 0.6837 420
1778686539664 0.6777 440
1778686539822 0.6814 460
1778686539984 0.6815 480
1778686540147 0.6785 500
1778686542895 0.6763 520
1778686543058 0.6778 540
1778686543217 0.6769 560
1778686543381 0.6747 580
1778686543542 0.6796 600
1778686543704 0.6737 620
1778686543864 0.674 640
1778686544025 0.6764 660
1778686544188 0.6698 680
1778686544348 0.6736 700
1778686544509 0.6748 720
1778686544670 0.6761 740
1778686547390 0.6744 760
1778686547548 0.6715 780
1778686547708 0.6753 800
1778686547867 0.6672 820
1778686548026 0.6703 840
1778686548186 0.6753 860
1778686548343 0.6694 880
1778686548501 0.6686 900
1778686548661 0.667 920
1778686548820 0.6631 940
1778686548978 0.6757 960
1778686549137 0.661 980
1778686549295 0.6699 1000
1778686551995 0.6713 1020
1778686552153 0.6645 1040
1778686552314 0.6658 1060
1778686552472 0.6719 1080
1778686552638 0.6702 1100
1778686552796 0.6643 1120
1778686552955 0.6643 1140
1778686553115 0.6663 1160
1778686553272 0.6637 1180
1778686553431 0.6623 1200
1778686553588 0.6605 1220
1778686553748 0.6596 1240
1778686556458 0.6671 1260
1778686556618 0.668 1280
1778686556777 0.662 1300
1778686556938 0.6568 1320
1778686557101 0.6592 1340
1778686557259 0.6623 1360
1778686557419 0.6653 1380
1778686557577 0.6687 1400
1778686557737 0.6641 1420
1778686557895 0.6558 1440
1778686558053 0.6613 1460
1778686558210 0.6545 1480
1778686558369 0.6607 1500
1778686561087 0.6567 1520
1778686561248 0.66 1540
1778686561412 0.6602 1560
1778686561570 0.6565 1580
1778686561731 0.6572 1600
1778686561889 0.6596 1620
1778686562052 0.6541 1640
1778686562212 0.6515 1660
1778686562378 0.6541 1680
1778686562543 0.6549 1700
1778686562701 0.6616 1720
1778686562861 0.6555 1740
1778686565584 0.646 1760
1778686565752 0.6549 1780
1778686565915 0.6587 1800
1778686566077 0.6577 1820
1778686566233 0.6502 1840
1778686566402 0.6457 1860
1778686566564 0.6568 1880
1778686566722 0.6454 1900
1778686566886 0.6593 1920
1778686567043 0.6534 1940
1778686567209 0.6583 1960
1778686567371 0.6493 1980
1778686567538 0.6573 2000
1778686570238 0.659 2020
1778686570399 0.6601 2040
1778686570558 0.6526 2060
1778686570719 0.6427 2080
1778686570883 0.6564 2100
1778686571041 0.6483 2120
1778686571203 0.65 2140
1778686571364 0.6561 2160
1778686571524 0.6525 2180
1778686571680 0.6487 2200
1778686571839 0.6552 2220
1778686571997 0.6559 2240
1778686574697 0.66 2260
1778686574855 0.6509 2280
1778686575014 0.6556 2300
1778686575173 0.649 2320
1778686575331 0.6564 2340
1778686575491 0.6552 2360
1778686575648 0.6457 2380
1778686575808 0.6476 2400
1778686575966 0.6627 2420
1778686576126 0.6452 2440
1778686576284 0.6446 2460
1778686576444 0.647 2480
1778686576603 0.6398 2500
1778686579318 0.6542 2520
1778686579476 0.6467 2540
1778686579632 0.6405 2560
1778686579791 0.6551 2580
1778686579946 0.6478 2600
1778686580105 0.6382 2620
1778686580261 0.6527 2640
1778686580420 0.6426 2660
1778686580581 0.6436 2680
1778686580742 0.6495 2700
1778686580899 0.6466 2720
1778686581067 0.6386 2740
1778686583800 0.6428 2760
1778686583958 0.6471 2780
1778686584118 0.6379 2800
1778686584276 0.6491 2820
1778686584437 0.6433 2840
1778686584595 0.6489 2860
1778686584755 0.6529 2880
1778686584913 0.6454 2900
1778686585070 0.6547 2920
1778686585229 0.6382 2940
1778686585386 0.643 2960
1778686585545 0.6397 2980
1778686585702 0.6521 3000
1778686588426 0.6384 3020
1778686588582 0.6483 3040
1778686588743 0.6438 3060
1778686588899 0.6478 3080
1778686589058 0.6442 3100
1778686589216 0.6477 3120
1778686589376 0.6429 3140
1778686589533 0.6321 3160
1778686589692 0.6356 3180
1778686589852 0.6441 3200
1778686590009 0.6428 3220
1778686590169 0.6426 3240
1778686592824 0.6359 3260
1778686592983 0.6372 3280
1778686593140 0.6442 3300
1778686593299 0.6396 3320
1778686593455 0.639 3340
1778686593615 0.636 3360
1778686593773 0.6339 3380
1778686593933 0.6453 3400
1778686594095 0.6395 3420
1778686594252 0.6412 3440
1778686594411 0.646 3460
1778686594571 0.64 3480
1778686594732 0.6489 3500
1778686597443 0.6387 3520
1778686597602 0.642 3540
1778686597759 0.6552 3560
1778686597918 0.6417 3580
1778686598076 0.6505 3600
1778686598235 0.6357 3620
1778686598396 0.632 3640
1778686598555 0.6467 3660
1778686598716 0.6362 3680
1778686598877 0.6457 3700
1778686599038 0.6348 3720
1778686599196 0.6429 3740
1778686601953 0.6342 3760
1778686602112 0.6505 3780
1778686602272 0.6343 3800
1778686602431 0.6488 3820
1778686602592 0.6462 3840
1778686602751 0.6308 3860
1778686602911 0.6415 3880
1778686603072 0.6417 3900
1778686603231 0.6359 3920
1778686603393 0.6368 3940
1778686603553 0.6405 3960
1778686603714 0.6361 3980
1778686603877 0.647 4000
1778686606547 0.645 4020
1778686606706 0.642 4040
1778686606868 0.638 4060
1778686607028 0.6306 4080
1778686607190 0.6385 4100
1778686607351 0.6374 4120
1778686607509 0.6394 4140
1778686607671 0.6389 4160
1778686607830 0.6327 4180
1778686607991 0.6402 4200
1778686608149 0.6379 4220
1778686608309 0.636 4240
1778686610996 0.6383 4260
1778686611155 0.6429 4280
1778686611312 0.625 4300
1778686611471 0.6329 4320
1778686611630 0.6342 4340
1778686611787 0.6435 4360
1778686611946 0.6371 4380
1778686612103 0.6365 4400
1778686612262 0.6401 4420
1778686612419 0.6532 4440
1778686612578 0.6365 4460
1778686612737 0.6348 4480
1778686612895 0.6439 4500
1778686615594 0.6363 4520
1778686615756 0.6467 4540
1778686615915 0.6319 4560
1778686616071 0.6407 4580
1778686616235 0.6354 4600
1778686616391 0.6361 4620
1778686616548 0.6321 4640
1778686616706 0.6435 4660
1778686616866 0.6507 4680
1778686617022 0.6392 4700
1778686617181 0.6462 4720
1778686617341 0.6274 4740
1778686620047 0.64 4760
1778686620204 0.6436 4780
1778686620367 0.6505 4800
1778686620526 0.6391 4820
1778686620684 0.6394 4840
1778686620843 0.6393 4860
1778686621000 0.6467 4880
1778686621160 0.6319 4900
1778686621316 0.6445 4920
1778686621481 0.6387 4940
1778686621639 0.6396 4960
1778686621802 0.641 4980
1778686621961 0.6366 5000
