1778849131169 0.07490791380405426 20
1778849134150 0.18104012310504913 40
1778849137149 0.704265832901001 60
1778849140147 0.7541308999061584 80
1778849143134 1.678236961364746 100
1778849146116 5.7425713539123535 120
1778849149106 nan 140
1778849152100 1.2267013788223267 160
1778849155090 1.9899696111679077 180
1778849158072 1.8110295534133911 200
1778849161050 2.267120361328125 220
1778849164051 3.2504160404205322 240
1778849179910 1.1184204816818237 260
1778849182899 1.1446776390075684 280
1778849185907 1.2152923345565796 300
1778849188906 3.024547576904297 320
1778849191896 1.4789329767227173 340
1778849194886 1.444258213043213 360
1778849197884 1.2452541589736938 380
1778849200884 3.3278753757476807 400
1778849203875 3.213470935821533 420
1778849206878 3.235582113265991 440
1778849209875 1.96927011013031 460
1778849212874 1.701536774635315 480
1778849215864 2.080434560775757 500
1778849231831 2.158771514892578 520
1778849234833 1.6391714811325073 540
1778849237828 1.1852566003799438 560
1778849240833 1.7293803691864014 580
1778849243829 1.601297378540039 600
1778849246831 2.1877071857452393 620
1778849249816 1.4452621936798096 640
1778849252819 1.570510983467102 660
1778849255821 1.187654972076416 680
1778849258821 0.9700852036476135 700
1778849261820 1.423754334449768 720
1778849264829 1.5572880506515503 740
1778849280698 0.8526355624198914 760
1778849283693 1.2033203840255737 780
1778849286697 1.540696620941162 800
1778849289696 1.1099804639816284 820
1778849292686 0.8551779389381409 840
1778849295688 1.8460626602172852 860
1778849298694 1.2794173955917358 880
1778849301698 1.4616672992706299 900
1778849304690 1.967175006866455 920
1778849307684 1.3327655792236328 940
1778849310689 0.9385985732078552 960
1778849313682 0.9258937239646912 980
1778849316678 1.8336055278778076 1000
