1778849131169 3.8e-05 20
1778849134150 7.800000000000001e-05 40
1778849137149 9.986384266263238e-05 60
1778849140147 9.957639939485628e-05 80
1778849143134 9.927382753403934e-05 100
1778849146116 9.897125567322239e-05 120
1778849149106 9.866868381240545e-05 140
1778849152100 9.838124054462935e-05 160
1778849155090 9.807866868381241e-05 180
1778849158072 9.777609682299547e-05 200
1778849161050 9.747352496217852e-05 220
1778849164051 9.717095310136157e-05 240
1778849179910 9.686838124054464e-05 260
1778849182899 9.656580937972769e-05 280
1778849185907 9.626323751891075e-05 300
1778849188906 9.59606656580938e-05 320
1778849191896 9.565809379727686e-05 340
1778849194886 9.537065052950075e-05 360
1778849197884 9.506807866868381e-05 380
1778849200884 9.476550680786688e-05 400
1778849203875 9.446293494704993e-05 420
1778849206878 9.416036308623299e-05 440
1778849209875 9.385779122541603e-05 460
1778849212874 9.35552193645991e-05 480
1778849215864 9.325264750378215e-05 500
1778849231831 9.295007564296521e-05 520
1778849234833 9.264750378214826e-05 540
1778849237828 9.234493192133132e-05 560
1778849240833 9.204236006051437e-05 580
1778849243829 9.173978819969743e-05 600
1778849246831 9.14372163388805e-05 620
1778849249816 9.113464447806355e-05 640
1778849252819 9.08320726172466e-05 660
1778849255821 9.052950075642965e-05 680
1778849258821 9.022692889561272e-05 700
1778849261820 8.992435703479577e-05 720
1778849264829 8.962178517397883e-05 740
1778849280698 8.931921331316187e-05 760
1778849283693 8.901664145234494e-05 780
1778849286697 8.871406959152799e-05 800
1778849289696 8.841149773071105e-05 820
1778849292686 8.81089258698941e-05 840
1778849295688 8.780635400907716e-05 860
1778849298694 8.750378214826021e-05 880
1778849301698 8.720121028744327e-05 900
1778849304690 8.689863842662634e-05 920
1778849307684 8.659606656580939e-05 940
1778849310689 8.629349470499243e-05 960
1778849313682 8.599092284417549e-05 980
1778849316678 8.568835098335856e-05 1000
