1778849131169 0.6918701171875 20
1778849134150 0.6890373229980469 40
1778849137149 0.6330143928527832 60
1778849140147 0.6461244106292725 80
1778849143134 0.5805847644805908 100
1778849146116 0.48903236389160154 120
1778849149106 0.42528553009033204 140
1778849152100 0.4667663097381592 160
1778849155090 0.460516357421875 180
1778849158072 0.4642473697662354 200
1778849161050 0.420289421081543 220
1778849164051 0.4117764472961426 240
1778849179910 0.39255247116088865 260
1778849182899 0.4059112548828125 280
1778849185907 0.3829923629760742 300
1778849188906 0.43295722007751464 320
1778849191896 0.40570878982543945 340
1778849194886 0.4165643692016602 360
1778849197884 0.3811371326446533 380
1778849200884 0.36385378837585447 400
1778849203875 0.3483056306838989 420
1778849206878 0.3746558427810669 440
1778849209875 0.35853302478790283 460
1778849212874 0.3856671810150146 480
1778849215864 0.38935346603393556 500
1778849231831 0.35733718872070314 520
1778849234833 0.39456934928894044 540
1778849237828 0.34462590217590333 560
1778849240833 0.3395211935043335 580
1778849243829 0.3789698123931885 600
1778849246831 0.35508551597595217 620
1778849249816 0.38826000690460205 640
1778849252819 0.37952389717102053 660
1778849255821 0.3613408088684082 680
1778849258821 0.3692344665527344 700
1778849261820 0.3408996343612671 720
1778849264829 0.3982922315597534 740
1778849280698 0.3697672843933105 760
1778849283693 0.36048591136932373 780
1778849286697 0.34209260940551756 800
1778849289696 0.37471957206726075 820
1778849292686 0.3629434585571289 840
1778849295688 0.3704679012298584 860
1778849298694 0.34713866710662844 880
1778849301698 0.40903348922729493 900
1778849304690 0.318105411529541 920
1778849307684 0.3412973403930664 940
1778849310689 0.34974355697631837 960
1778849313682 0.34726676940917967 980
1778849316678 0.3706738710403442 1000
