1777897541664 1.1564501523971558 20
1777897545496 2.5105371475219727 40
1777897549338 1.0092504024505615 60
1777897553176 0.9273384809494019 80
1777897557013 1.0000789165496826 100
1777897560852 1.1853746175765991 120
1777897564704 1.4176613092422485 140
1777897568563 3.560041904449463 160
1777897572426 1.1026644706726074 180
1777897576289 1.6641796827316284 200
1777897580160 0.9313841462135315 220
1777897584024 2.1400880813598633 240
1777897590072 1.2475439310073853 260
1777897593951 1.6003565788269043 280
1777897597836 1.597771406173706 300
1777897601722 1.7461801767349243 320
1777897605619 1.4643254280090332 340
1777897609516 1.421281099319458 360
1777897613408 2.8475189208984375 380
1777897617301 1.1024997234344482 400
1777897621203 2.130258083343506 420
1777897625118 1.0816432237625122 440
1777897629038 3.2967309951782227 460
1777897632953 1.8691757917404175 480
1777897636868 3.3972325325012207 500
1777897643005 5.246190547943115 520
1777897646935 1.2458527088165283 540
1777897650852 1.9996018409729004 560
1777897654794 3.2614667415618896 580
1777897658734 4.666937828063965 600
1777897662677 3.064603328704834 620
1777897666628 nan 640
1777897670573 2.410618543624878 660
1777897674528 5.449358940124512 680
1777897678486 5.125908374786377 700
1777897682449 2.5921566486358643 720
1777897686394 0.3969188332557678 740
1777897692577 2.170017957687378 760
1777897696538 0.907185435295105 780
1777897700512 0.795737624168396 800
1777897704468 1.1087441444396973 820
1777897708440 0.823049783706665 840
1777897712409 2.92417573928833 860
1777897716375 0.13243502378463745 880
1777897720347 0.5347083210945129 900
1777897724306 1.3596265316009521 920
1777897728273 0.24493440985679626 940
1777897732242 1.0608816146850586 960
1777897736221 0.16555064916610718 980
1777897740194 0.010071245953440666 1000
1777897746391 0.31269168853759766 1020
1777897750370 0.1834060102701187 1040
1777897754351 0.3172328472137451 1060
1777897758326 0.06390370428562164 1080
1777897762289 0.23770983517169952 1100
1777897766279 0.014111923985183239 1120
1777897770258 0.013264291919767857 1140
1777897774238 0.05169818177819252 1160
1777897778226 0.03253069892525673 1180
1777897782217 0.18616211414337158 1200
1777897786209 0.07656371593475342 1220
1777897790184 0.01632757857441902 1240
1777897796390 0.9030449986457825 1260
1777897800371 0.03608331084251404 1280
1777897804351 0.03333007171750069 1300
1777897808351 0.006873487960547209 1320
1777897812358 0.008721918798983097 1340
1777897816342 0.006695798598229885 1360
1777897820354 0.0270596481859684 1380
1777897824352 0.0460130013525486 1400
1777897828343 0.002185608260333538 1420
1777897832338 0.008643780834972858 1440
1777897836328 0.019639505073428154 1460
1777897840318 0.0038443952798843384 1480
1777897844326 0.010507321916520596 1500
1777897850568 0.002760033356025815 1520
1777897854565 0.011760738678276539 1540
1777897858636 1.2448490858078003 1560
1777897862639 0.02534104324877262 1580
1777897866632 0.0050707021728158 1600
1777897870635 0.002946230350062251 1620
1777897874643 0.01159125380218029 1640
1777897878638 0.003977965097874403 1660
1777897882646 0.015160167589783669 1680
1777897886658 0.007494771387428045 1700
1777897890670 0.004411592148244381 1720
1777897894679 0.21977591514587402 1740
1777897900921 0.0027068795170634985 1760
1777897904926 0.010110914707183838 1780
1777897908924 0.016683531925082207 1800
1777897912926 0.01381646003574133 1820
