1778637335556 3.8e-05 20
1778637375725 7.6e-05 40
1778637419438 9.988632057597576e-05 60
1778637461130 9.9545282303903e-05 80
1778637501561 9.918529746115954e-05 100
1778637545396 9.882531261841606e-05 120
1778637588747 9.84463812050019e-05 140
1778637629292 9.806744979158773e-05 160
1778637672892 9.768851837817356e-05 180
1778637716933 9.730958696475938e-05 200
1778637761364 9.69306555513452e-05 220
1778637805799 9.655172413793105e-05 240
1778637929867 9.619173929518758e-05 260
1778637973356 9.58128078817734e-05 280
1778638008966 9.543387646835923e-05 300
1778638036820 9.505494505494506e-05 320
1778638075372 9.46760136415309e-05 340
1778638118865 9.429708222811671e-05 360
1778638161358 9.391815081470254e-05 380
1778638204193 9.353921940128837e-05 400
