1778165260010 1.08e-05 20
1778165261986 2.22e-05 40
1778165263963 2.9932910920611257e-05 60
1778165265977 2.970928065598211e-05 80
1778165267940 2.949683190458442e-05 100
1778165269935 2.9273201639955275e-05 120
1778165271913 2.9060752888557586e-05 140
1778165273905 2.883712262392844e-05 160
1778165275927 2.8613492359299292e-05 180
1778165277932 2.8389862094670145e-05 200
1778165279940 2.8166231830041002e-05 220
1778165281948 2.794260156541185e-05 240
1778165289180 2.7718971300782705e-05 260
1778165291179 2.749534103615356e-05 280
1778165293202 2.7271710771524415e-05 300
1778165295202 2.7048080506895268e-05 320
1778165297206 2.682445024226612e-05 340
1778165299211 2.6600819977636974e-05 360
1778165301233 2.6377189713007827e-05 380
1778165303261 2.615355944837868e-05 400
1778165305266 2.5929929183749537e-05 420
1778165307271 2.5706298919120387e-05 440
1778165309278 2.548266865449124e-05 460
1778165311286 2.5259038389862097e-05 480
1778165313301 2.503540812523295e-05 500
1778165321272 2.4811777860603803e-05 520
1778165323290 2.4588147595974656e-05 540
1778165325306 2.436451733134551e-05 560
1778165327327 2.4140887066716363e-05 580
1778165329325 2.3917256802087216e-05 600
1778165331370 2.369362653745807e-05 620
1778165333392 2.3469996272828922e-05 640
1778165335394 2.3246366008199776e-05 660
1778165337411 2.3022735743570632e-05 680
1778165339439 2.2799105478941485e-05 700
1778165341448 2.2575475214312335e-05 720
1778165343449 2.2351844949683192e-05 740
1778165349369 2.2128214685054045e-05 760
1778165351373 2.1904584420424898e-05 780
1778165353397 2.168095415579575e-05 800
1778165355398 2.1457323891166605e-05 820
1778165357401 2.1233693626537458e-05 840
1778165359421 2.101006336190831e-05 860
1778165361425 2.0786433097279167e-05 880
1778165363453 2.056280283265002e-05 900
1778165365451 2.033917256802087e-05 920
1778165367466 2.0115542303391727e-05 940
1778165369493 1.989191203876258e-05 960
1778165371516 1.9668281774133433e-05 980
1778165373520 1.9444651509504287e-05 1000
1778165381141 1.922102124487514e-05 1020
1778165383165 1.8997390980245993e-05 1040
1778165385176 1.8773760715616846e-05 1060
1778165387188 1.8550130450987703e-05 1080
1778165389197 1.8326500186358556e-05 1100
1778165391220 1.8102869921729406e-05 1120
1778165393229 1.7879239657100262e-05 1140
1778165395245 1.7655609392471116e-05 1160
1778165397254 1.7431979127841965e-05 1180
1778165399274 1.7208348863212822e-05 1200
1778165401275 1.6984718598583675e-05 1220
1778165403281 1.676108833395453e-05 1240
1778165409195 1.653745806932538e-05 1260
1778165411215 1.6313827804696235e-05 1280
1778165413226 1.609019754006709e-05 1300
1778165415242 1.586656727543794e-05 1320
1778165417255 1.5642937010808798e-05 1340
1778165419268 1.541930674617965e-05 1360
1778165421269 1.5195676481550503e-05 1380
1778165423278 1.4972046216921357e-05 1400
1778165425271 1.474841595229221e-05 1420
1778165427274 1.4524785687663064e-05 1440
1778165429287 1.4301155423033917e-05 1460
1778165431287 1.4077525158404772e-05 1480
1778165433297 1.3853894893775625e-05 1500
1778165438876 1.3630264629146478e-05 1520
1778165440888 1.3406634364517332e-05 1540
1778165442883 1.3183004099888185e-05 1560
1778165444900 1.295937383525904e-05 1580
1778165446909 1.2735743570629891e-05 1600
1778165448911 1.2512113306000746e-05 1620
1778165450929 1.22884830413716e-05 1640
1778165452939 1.2064852776742452e-05 1660
1778165454952 1.1841222512113307e-05 1680
1778165456962 1.1617592247484159e-05 1700
1778165458981 1.1393961982855014e-05 1720
1778165460993 1.1170331718225867e-05 1740
1778165471254 1.094670145359672e-05 1760
1778165473258 1.0723071188967575e-05 1780
1778165475269 1.0499440924338427e-05 1800
1778165477281 1.0275810659709281e-05 1820
1778165479268 1.0052180395080135e-05 1840
1778165481267 9.828550130450988e-06 1860
1778165483277 9.604919865821841e-06 1880
1778165485277 9.381289601192694e-06 1900
1778165487277 9.157659336563549e-06 1920
1778165489272 8.934029071934402e-06 1940
1778165491269 8.710398807305256e-06 1960
1778168453528 8.486768542676109e-06 1980
1778168455501 8.263138278046962e-06 2000
1778168460925 8.039508013417817e-06 2020
1778168462892 7.81587774878867e-06 2040
1778168464864 7.592247484159522e-06 2060
1778168466819 7.368617219530377e-06 2080
1778168468798 7.14498695490123e-06 2100
1778168470772 6.921356690272084e-06 2120
1778168472742 6.697726425642937e-06 2140
1778168474721 6.474096161013791e-06 2160
1778168476684 6.250465896384644e-06 2180
1778168478659 6.026835631755497e-06 2200
1778168480622 5.803205367126351e-06 2220
1778168482597 5.5795751024972045e-06 2240
1778168490132 5.355944837868059e-06 2260
1778168492104 5.132314573238912e-06 2280
1778168494068 4.908684308609765e-06 2300
1778168496035 4.685054043980618e-06 2320
1778168498010 4.461423779351472e-06 2340
1778168500004 4.237793514722326e-06 2360
1778168501974 4.0141632500931795e-06 2380
1778168503970 3.7905329854640327e-06 2400
1778168505939 3.5669027208348867e-06 2420
1778168507907 3.34327245620574e-06 2440
1778168509893 3.1196421915765935e-06 2460
1778168511874 2.8960119269474467e-06 2480
1778168513861 2.6723816623183004e-06 2500
1778168522369 2.448751397689154e-06 2520
1778168524359 2.2251211330600076e-06 2540
1778168526335 2.0014908684308612e-06 2560
1778168528314 1.7778606038017146e-06 2580
1778168530295 1.554230339172568e-06 2600
1778168532275 1.3306000745434215e-06 2620
1778168534245 1.106969809914275e-06 2640
1778168536213 8.833395452851286e-07 2660
1778168538203 6.597092806559821e-07 2680
1778168540186 4.3607901602683565e-07 2700
1778168542162 2.1244875139768916e-07 2720
