1778165260010 0.6906 20
1778165261986 0.6803 40
1778165263963 0.6681 60
1778165265977 0.6084 80
1778165267940 0.5317 100
1778165269935 0.5311 120
1778165271913 0.5531 140
1778165273905 0.451 160
1778165275927 0.5301 180
1778165277932 0.4935 200
1778165279940 0.4919 220
1778165281948 0.476 240
1778165289180 0.4383 260
1778165291179 0.4252 280
1778165293202 0.4775 300
1778165295202 0.4663 320
1778165297206 0.4477 340
1778165299211 0.4658 360
1778165301233 0.4919 380
1778165303261 0.4665 400
1778165305266 0.4293 420
1778165307271 0.4339 440
1778165309278 0.4493 460
1778165311286 0.4267 480
1778165313301 0.4391 500
1778165321272 0.4325 520
1778165323290 0.4213 540
1778165325306 0.4389 560
1778165327327 0.4266 580
1778165329325 0.4049 600
1778165331370 0.457 620
1778165333392 0.4221 640
1778165335394 0.4513 660
1778165337411 0.4535 680
1778165339439 0.4012 700
1778165341448 0.4235 720
1778165343449 0.4245 740
1778165349369 0.4326 760
1778165351373 0.4428 780
1778165353397 0.4106 800
1778165355398 0.4228 820
1778165357401 0.4488 840
1778165359421 0.4434 860
1778165361425 0.4464 880
1778165363453 0.4432 900
1778165365451 0.4249 920
1778165367466 0.3999 940
1778165369493 0.3996 960
1778165371516 0.3771 980
1778165373520 0.3436 1000
1778165381141 0.3629 1020
1778165383165 0.3703 1040
1778165385176 0.3942 1060
1778165387188 0.3828 1080
1778165389197 0.4383 1100
1778165391220 0.4017 1120
1778165393229 0.3336 1140
1778165395245 0.3735 1160
1778165397254 0.3921 1180
1778165399274 0.3599 1200
1778165401275 0.4144 1220
1778165403281 0.3486 1240
1778165409195 0.3658 1260
1778165411215 0.4019 1280
1778165413226 0.3517 1300
1778165415242 0.3719 1320
1778165417255 0.3889 1340
1778165419268 0.3571 1360
1778165421269 0.3872 1380
1778165423278 0.3688 1400
1778165425271 0.346 1420
1778165427274 0.3503 1440
1778165429287 0.3623 1460
1778165431287 0.3864 1480
1778165433297 0.3803 1500
1778165438876 0.3512 1520
1778165440888 0.3657 1540
1778165442883 0.3674 1560
1778165444900 0.3608 1580
1778165446909 0.3643 1600
1778165448911 0.3738 1620
1778165450929 0.3568 1640
1778165452939 0.3309 1660
1778165454952 0.2987 1680
1778165456962 0.327 1700
1778165458981 0.3601 1720
1778165460993 0.3225 1740
1778165471254 0.3552 1760
1778165473258 0.4128 1780
1778165475269 0.3817 1800
1778165477281 0.3706 1820
1778165479268 0.2979 1840
1778165481267 0.2837 1860
1778165483277 0.2864 1880
1778165485277 0.3044 1900
1778165487277 0.2885 1920
1778165489272 0.2704 1940
1778165491269 0.2563 1960
1778168453528 0.2769 1980
1778168455501 0.3004 2000
1778168460925 0.2795 2020
1778168462892 0.271 2040
1778168464864 0.3122 2060
1778168466819 0.2507 2080
1778168468798 0.2501 2100
1778168470772 0.2677 2120
1778168472742 0.2521 2140
1778168474721 0.3109 2160
1778168476684 0.2623 2180
1778168478659 0.2723 2200
1778168480622 0.286 2220
1778168482597 0.2927 2240
1778168490132 0.2651 2260
1778168492104 0.3171 2280
1778168494068 0.2859 2300
1778168496035 0.3004 2320
1778168498010 0.2755 2340
1778168500004 0.2206 2360
1778168501974 0.2675 2380
1778168503970 0.2959 2400
1778168505939 0.2617 2420
1778168507907 0.3004 2440
1778168509893 0.2339 2460
1778168511874 0.3168 2480
1778168513861 0.2832 2500
1778168522369 0.2808 2520
1778168524359 0.2731 2540
1778168526335 0.228 2560
1778168528314 0.2632 2580
1778168530295 0.3134 2600
1778168532275 0.3009 2620
1778168534245 0.2717 2640
1778168536213 0.2581 2660
1778168538203 0.2918 2680
1778168540186 0.28 2700
1778168542162 0.2633 2720
