1778761161744 0.42088282108306885 20
1778761162137 0.3997577726840973 40
1778761162531 0.7628296613693237 60
1778761162926 0.6393097043037415 80
1778761163319 0.49135342240333557 100
1778761163714 0.47992247343063354 120
1778761164107 0.4192437529563904 140
1778761164499 0.5203480124473572 160
1778761164889 0.4402524530887604 180
1778761165278 0.3853045105934143 200
1778761165667 0.47237876057624817 220
1778761166055 0.3698212206363678 240
1778761173021 0.4250778257846832 260
1778761173414 0.3106500804424286 280
1778761173808 0.3540666997432709 300
1778761174202 0.4343010187149048 320
1778761174596 0.4586876928806305 340
1778761174991 0.3131922781467438 360
1778761175385 0.3280832767486572 380
1778761175779 0.36140307784080505 400
1778761176172 0.51923006772995 420
1778761176566 0.4906999468803406 440
1778761176959 0.5265652537345886 460
1778761177352 0.48132580518722534 480
1778761177743 0.4331340491771698 500
1778761184765 0.3862030506134033 520
1778761185159 0.40651577711105347 540
1778761185550 0.4717022180557251 560
1778761185938 0.4643614888191223 580
1778761186326 0.8072139024734497 600
1778761186720 0.4167962670326233 620
1778761187113 0.4143292307853699 640
1778761187506 0.507621169090271 660
1778761187901 0.6910563707351685 680
1778761188294 0.2908572256565094 700
1778761188685 0.5361328721046448 720
1778761189077 0.38730672001838684 740
1778761196099 0.38742101192474365 760
1778761196495 0.42202454805374146 780
1778761196888 0.35062259435653687 800
1778761197281 0.3884792625904083 820
1778761197674 0.531685471534729 840
1778761198066 0.47845685482025146 860
1778761198460 0.37519776821136475 880
1778761198852 0.4510054588317871 900
1778761199245 0.4880669116973877 920
1778761199638 0.40213897824287415 940
1778761200031 0.737906813621521 960
1778761200423 0.39876788854599 980
1778761200815 0.5884199142456055 1000
1778761207854 0.2966395914554596 1020
1778761208246 0.40525949001312256 1040
1778761208639 0.4063248038291931 1060
1778761209032 0.3387342393398285 1080
1778761209425 0.3177797198295593 1100
1778761209818 0.39438992738723755 1120
1778761210210 0.35773730278015137 1140
1778761210603 0.3174302875995636 1160
1778761211003 0.5590596795082092 1180
1778761211396 0.3039079010486603 1200
1778761211790 0.3077285587787628 1220
1778761212183 0.6508781909942627 1240
1778761219216 0.32908013463020325 1260
1778761219610 0.37999382615089417 1280
1778761220003 0.5365239977836609 1300
1778761220397 0.37575650215148926 1320
1778761220790 0.3847966194152832 1340
1778761221183 0.33331891894340515 1360
1778761221576 0.4435333013534546 1380
1778761221969 0.6532250642776489 1400
1778761222362 0.4171206057071686 1420
1778761222751 0.45117515325546265 1440
1778761223141 0.30602601170539856 1460
1778761223530 0.3285764455795288 1480
1778761223920 0.3312843143939972 1500
1778761230899 0.5500767827033997 1520
1778761231292 0.6537924408912659 1540
1778761231686 0.39185643196105957 1560
1778761232078 0.39985379576683044 1580
1778761232472 0.4523944854736328 1600
1778761232865 0.32356902956962585 1620
1778761233259 0.6624616384506226 1640
1778761233648 0.33402612805366516 1660
1778761234038 0.6282379031181335 1680
1778761234428 0.35638758540153503 1700
1778761234818 0.496488094329834 1720
1778761235207 0.3138301968574524 1740
1778761242291 0.3339453339576721 1760
1778761242685 0.46638453006744385 1780
1778761243074 0.42387259006500244 1800
1778761243462 0.4565615653991699 1820
1778761243851 0.5326606035232544 1840
1778761244240 0.3549145758152008 1860
1778761244629 0.568234384059906 1880
1778761245022 0.39764630794525146 1900
1778761245415 0.37756574153900146 1920
1778761245808 0.33559316396713257 1940
1778761246201 0.3401537239551544 1960
1778761246594 0.40825316309928894 1980
1778761246987 0.3421206474304199 2000
1778761254011 0.39917048811912537 2020
1778761254400 0.3586626350879669 2040
1778761254790 0.35461506247520447 2060
1778761255179 0.3627032935619354 2080
1778761255569 0.4062977135181427 2100
1778761255959 0.5802678465843201 2120
1778761256347 0.44153183698654175 2140
1778761256737 0.48857924342155457 2160
1778761257126 0.4552921652793884 2180
1778761257519 0.3495926856994629 2200
1778761257909 0.3500897288322449 2220
1778761258298 0.4138903021812439 2240
1778761265261 0.4793785512447357 2260
1778761265658 0.35404685139656067 2280
1778761266050 0.42296382784843445 2300
1778761266445 0.3227189779281616 2320
1778761266841 0.5061213970184326 2340
1778761267234 0.6303026080131531 2360
1778761267628 0.4198639392852783 2380
1778761268021 0.2914732098579407 2400
1778761268413 0.4203411936759949 2420
1778761268804 0.6565567255020142 2440
1778761269193 0.32337048649787903 2460
1778761269583 0.39364445209503174 2480
1778761269972 0.42340385913848877 2500
1778761277003 0.3395591080188751 2520
1778761277397 0.4482850432395935 2540
1778761277787 0.5136983394622803 2560
1778761278177 0.30202773213386536 2580
1778761278567 0.4380553960800171 2600
1778761278956 0.3530621826648712 2620
1778761279345 0.5398250818252563 2640
1778761279739 0.56666100025177 2660
1778761280132 0.3113621473312378 2680
1778761280525 0.6412033438682556 2700
1778761280920 0.3849489092826843 2720
1778761281313 0.3522307276725769 2740
1778761288337 0.3910953998565674 2760
1778761288732 0.3549228012561798 2780
1778761289126 0.4009470045566559 2800
1778761289520 0.3573131561279297 2820
1778761289914 0.3598117530345917 2840
1778761290307 0.37758004665374756 2860
1778761290699 0.433521032333374 2880
1778761291089 0.4677067995071411 2900
1778761291478 0.3687339127063751 2920
1778761291868 0.3766178786754608 2940
1778761292258 0.31327128410339355 2960
1778761292649 0.5254773497581482 2980
1778761293043 0.42292603850364685 3000
1778761300066 0.3369747996330261 3020
1778761300457 0.30602777004241943 3040
1778761300846 0.3777669072151184 3060
1778761301236 0.6599765419960022 3080
1778761301625 0.36195623874664307 3100
1778761302019 0.32722124457359314 3120
1778761302413 0.31391340494155884 3140
1778761302807 0.4794732928276062 3160
1778761303201 0.32752615213394165 3180
1778761303595 0.50362628698349 3200
1778761303985 0.34004271030426025 3220
1778761304374 0.3069656193256378 3240
1778761311397 0.3968355655670166 3260
1778761311790 0.32825878262519836 3280
1778761312183 0.33028650283813477 3300
1778761312578 0.3957999348640442 3320
1778761312970 0.3989906907081604 3340
1778761313365 0.43144482374191284 3360
1778761313759 0.6034383177757263 3380
1778761314153 0.32573890686035156 3400
1778761314547 0.3528362810611725 3420
1778761314940 0.6819868087768555 3440
1778761315333 0.4425032436847687 3460
1778761315724 0.6827459335327148 3480
1778761316113 0.41187188029289246 3500
1778761323188 0.5178285837173462 3520
1778761323582 0.35096505284309387 3540
1778761323977 0.31647297739982605 3560
