1778761161744 0.6987 20
1778761162137 0.7002 40
1778761162531 0.6933 60
1778761162926 0.6932 80
1778761163319 0.697 100
1778761163714 0.6892 120
1778761164107 0.6914 140
1778761164499 0.6916 160
1778761164889 0.687 180
1778761165278 0.6873 200
1778761165667 0.6881 220
1778761166055 0.6819 240
1778761173021 0.6851 260
1778761173414 0.6823 280
1778761173808 0.6835 300
1778761174202 0.6826 320
1778761174596 0.6767 340
1778761174991 0.6842 360
1778761175385 0.6799 380
1778761175779 0.6732 400
1778761176172 0.6779 420
1778761176566 0.6698 440
1778761176959 0.6772 460
1778761177352 0.6813 480
1778761177743 0.6788 500
1778761184765 0.6734 520
1778761185159 0.6719 540
1778761185550 0.6684 560
1778761185938 0.674 580
1778761186326 0.6737 600
1778761186720 0.6656 620
1778761187113 0.6713 640
1778761187506 0.6736 660
1778761187901 0.6699 680
1778761188294 0.6686 700
1778761188685 0.6709 720
1778761189077 0.663 740
1778761196099 0.6682 760
1778761196495 0.6709 780
1778761196888 0.6696 800
1778761197281 0.6682 820
1778761197674 0.6674 840
1778761198066 0.6641 860
1778761198460 0.6714 880
1778761198852 0.6681 900
1778761199245 0.6728 920
1778761199638 0.6668 940
1778761200031 0.6563 960
1778761200423 0.6689 980
1778761200815 0.6571 1000
1778761207854 0.682 1020
1778761208246 0.6607 1040
1778761208639 0.6582 1060
1778761209032 0.656 1080
1778761209425 0.6606 1100
1778761209818 0.6679 1120
1778761210210 0.6701 1140
1778761210603 0.6623 1160
1778761211003 0.6649 1180
1778761211396 0.6589 1200
1778761211790 0.6623 1220
1778761212183 0.6583 1240
1778761219216 0.6548 1260
1778761219610 0.6684 1280
1778761220003 0.6631 1300
1778761220397 0.6738 1320
1778761220790 0.6722 1340
1778761221183 0.6685 1360
1778761221576 0.6597 1380
1778761221969 0.6651 1400
1778761222362 0.6586 1420
1778761222751 0.6646 1440
1778761223141 0.6588 1460
1778761223530 0.6667 1480
1778761223920 0.6628 1500
1778761230899 0.6665 1520
1778761231292 0.6651 1540
1778761231686 0.6625 1560
1778761232078 0.66 1580
1778761232472 0.6764 1600
1778761232865 0.6705 1620
1778761233259 0.6665 1640
1778761233648 0.6567 1660
1778761234038 0.6639 1680
1778761234428 0.6551 1700
1778761234818 0.6707 1720
1778761235207 0.6573 1740
1778761242291 0.6595 1760
1778761242685 0.6584 1780
1778761243074 0.6513 1800
1778761243462 0.6528 1820
1778761243851 0.6651 1840
1778761244240 0.6558 1860
1778761244629 0.6502 1880
1778761245022 0.657 1900
1778761245415 0.6675 1920
1778761245808 0.6612 1940
1778761246201 0.6537 1960
1778761246594 0.6641 1980
1778761246987 0.6464 2000
1778761254011 0.6542 2020
1778761254400 0.6422 2040
1778761254790 0.6489 2060
1778761255179 0.6529 2080
1778761255569 0.6484 2100
1778761255959 0.647 2120
1778761256347 0.6521 2140
1778761256737 0.6668 2160
1778761257126 0.655 2180
1778761257519 0.6451 2200
1778761257909 0.6428 2220
1778761258298 0.6536 2240
1778761265261 0.659 2260
1778761265658 0.6608 2280
1778761266050 0.6511 2300
1778761266445 0.6382 2320
1778761266841 0.6626 2340
1778761267234 0.6551 2360
1778761267628 0.6632 2380
1778761268021 0.6585 2400
1778761268413 0.6468 2420
1778761268804 0.6647 2440
1778761269193 0.6514 2460
1778761269583 0.6611 2480
1778761269972 0.6601 2500
1778761277003 0.6497 2520
1778761277397 0.6535 2540
1778761277787 0.644 2560
1778761278177 0.6616 2580
1778761278567 0.6489 2600
1778761278956 0.6531 2620
1778761279345 0.6539 2640
1778761279739 0.6568 2660
1778761280132 0.6553 2680
1778761280525 0.6634 2700
1778761280920 0.6676 2720
1778761281313 0.6502 2740
1778761288337 0.6721 2760
1778761288732 0.6653 2780
1778761289126 0.6543 2800
1778761289520 0.6477 2820
1778761289914 0.6612 2840
1778761290307 0.6443 2860
1778761290699 0.6641 2880
1778761291089 0.6614 2900
1778761291478 0.6661 2920
1778761291868 0.6583 2940
1778761292258 0.6533 2960
1778761292649 0.6682 2980
1778761293043 0.6398 3000
1778761300066 0.6441 3020
1778761300457 0.6587 3040
1778761300846 0.6572 3060
1778761301236 0.6577 3080
1778761301625 0.645 3100
1778761302019 0.6452 3120
1778761302413 0.6387 3140
1778761302807 0.6494 3160
1778761303201 0.6596 3180
1778761303595 0.6695 3200
1778761303985 0.6574 3220
1778761304374 0.6528 3240
1778761311397 0.6528 3260
1778761311790 0.6556 3280
1778761312183 0.6494 3300
1778761312578 0.6551 3320
1778761312970 0.6606 3340
1778761313365 0.6583 3360
1778761313759 0.6561 3380
1778761314153 0.6442 3400
1778761314547 0.6585 3420
1778761314940 0.6511 3440
1778761315333 0.6588 3460
1778761315724 0.6536 3480
1778761316113 0.6559 3500
1778761323188 0.6575 3520
1778761323582 0.6546 3540
1778761323977 0.6605 3560
