1778756602713 1.0901 20
1778756603594 1.0297 40
1778756604478 0.9856 60
1778756605372 0.9893 80
1778756606266 0.9294 100
1778756607160 0.945 120
1778756608045 0.8978 140
1778756608939 0.9057 160
1778756609832 0.8198 180
1778756610726 0.8216 200
1778756611620 0.6936 220
1778756612514 0.7202 240
1778756622081 0.5819 260
1778756622970 0.5822 280
1778756623863 0.6193 300
1778756624756 0.5895 320
1778756625649 0.5444 340
1778756626532 0.5328 360
1778756627426 0.501 380
1778756628319 0.4206 400
1778756629212 0.4413 420
1778756630105 0.4474 440
1778756630998 0.438 460
1778756631891 0.4622 480
1778756632783 0.4221 500
1778756642361 0.4074 520
1778756643253 0.4092 540
1778756644142 0.3677 560
1778756645032 0.395 580
1778756645922 0.4122 600
1778756646811 0.3944 620
1778756647700 0.3988 640
1778756648590 0.3454 660
1778756649485 0.4049 680
1778756650378 0.3864 700
1778756651271 0.3828 720
1778756652165 0.4123 740
1778756661801 0.3281 760
1778756662694 0.3189 780
1778756663586 0.3573 800
1778756664479 0.3631 820
1778756665372 0.3628 840
1778756666264 0.4049 860
1778756667156 0.3283 880
1778756668045 0.3783 900
1778756668935 0.3728 920
1778756669824 0.3233 940
1778756670713 0.3268 960
1778756671602 0.3208 980
1778756672492 0.3176 1000
1778756682061 0.3355 1020
1778756682937 0.3737 1040
1778756683827 0.2401 1060
1778756684716 0.2376 1080
1778756685605 0.2594 1100
1778756686495 0.3048 1120
1778756687384 0.2805 1140
1778756688272 0.252 1160
1778756689161 0.3111 1180
1778756690051 0.2916 1200
1778756690940 0.2401 1220
1778756691829 0.2534 1240
1778756701442 0.2794 1260
1778756702335 0.3382 1280
1778756703228 0.2521 1300
1778756704121 0.2614 1320
1778756705015 0.3204 1340
1778756705908 0.3029 1360
1778756706801 0.2731 1380
1778756707694 0.2856 1400
1778756708586 0.2883 1420
1778756709479 0.2671 1440
1778756710371 0.2635 1460
1778756711264 0.2768 1480
1778756712158 0.2691 1500
1778756721574 0.2894 1520
1778756722466 0.2852 1540
1778756723359 0.2938 1560
1778756724251 0.2507 1580
1778756725144 0.2942 1600
1778756726037 0.2545 1620
1778756726930 0.2602 1640
1778756727823 0.2579 1660
1778756728716 0.3126 1680
1778756729609 0.2355 1700
1778756730502 0.2874 1720
1778756731394 0.2454 1740
1778756741119 0.2996 1760
1778756742013 0.2576 1780
1778756742906 0.2411 1800
1778756743798 0.2646 1820
1778756744692 0.1974 1840
1778756745584 0.2782 1860
1778756746477 0.2802 1880
1778756747371 0.2363 1900
1778756748263 0.2743 1920
1778756749156 0.271 1940
1778756750049 0.2891 1960
1778756750940 0.2303 1980
1778756751833 0.2871 2000
1778756761297 0.2654 2020
1778756762187 0.2575 2040
1778756763062 0.2447 2060
1778756763953 0.2062 2080
1778756764845 0.1729 2100
1778756765737 0.2041 2120
1778756766629 0.2394 2140
1778756767522 0.1674 2160
1778756768415 0.1879 2180
1778756769308 0.2008 2200
1778756770202 0.1866 2220
1778756771094 0.2049 2240
1778756780821 0.2297 2260
1778756781714 0.2081 2280
1778756782606 0.1666 2300
1778756783500 0.1647 2320
1778756784393 0.2483 2340
1778756785286 0.168 2360
1778756786179 0.2085 2380
1778756787071 0.1754 2400
1778756787964 0.2033 2420
1778756788857 0.1754 2440
1778756789751 0.2044 2460
1778756790645 0.2262 2480
1778756791539 0.1641 2500
1778756801161 0.1987 2520
1778756802053 0.1854 2540
1778756802947 0.169 2560
1778756803840 0.1613 2580
1778756804734 0.186 2600
1778756805627 0.2594 2620
1778756806521 0.2167 2640
1778756807415 0.2166 2660
1778756808306 0.1918 2680
1778756809196 0.1819 2700
1778756810089 0.1535 2720
1778756810983 0.172 2740
1778756820375 0.1897 2760
1778756821269 0.1597 2780
1778756822163 0.1676 2800
1778756823057 0.2033 2820
1778756823950 0.1731 2840
1778756824843 0.1582 2860
1778756825737 0.1599 2880
1778756826627 0.2145 2900
1778756827519 0.1884 2920
1778756828412 0.1434 2940
1778756829306 0.1668 2960
1778756830199 0.1973 2980
1778756831092 0.1772 3000
1778756840840 0.1979 3020
1778756841734 0.185 3040
1778756842628 0.1824 3060
1778756843520 0.1642 3080
1778756844396 0.1675 3100
1778756845287 0.1378 3120
1778756846177 0.1224 3140
1778756847067 0.1105 3160
1778756847956 0.148 3180
1778756848847 0.1273 3200
1778756849736 0.1588 3220
1778756850627 0.1562 3240
1778756860232 0.1544 3260
1778756861123 0.1063 3280
1778756862015 0.126 3300
1778756862909 0.155 3320
1778756863803 0.1423 3340
1778756864696 0.1167 3360
1778756865591 0.1286 3380
1778756866484 0.1786 3400
1778756867378 0.1339 3420
1778756868271 0.1779 3440
1778756869165 0.1147 3460
1778756870059 0.1355 3480
1778756870949 0.1525 3500
1778756880550 0.1565 3520
1778756881441 0.1437 3540
1778756882331 0.0889 3560
1778756883221 0.1413 3580
1778756884104 0.0906 3600
1778756884998 0.1354 3620
1778756885891 0.1196 3640
1778756886786 0.1114 3660
1778756887679 0.113 3680
1778756888573 0.1199 3700
1778756889466 0.1403 3720
1778756890356 0.1111 3740
1778756899771 0.1093 3760
1778756900663 0.1413 3780
1778756901555 0.1527 3800
1778756902447 0.1224 3820
1778756903339 0.1103 3840
1778756904230 0.1258 3860
1778756905121 0.1101 3880
1778756906018 0.1531 3900
1778756906913 0.1076 3920
1778756907805 0.1114 3940
1778756908699 0.1108 3960
1778756909590 0.1165 3980
1778756910481 0.1594 4000
1778756920056 0.1394 4020
1778756920950 0.1975 4040
1778756921843 0.1781 4060
1778756922737 0.1109 4080
1778756923631 0.1501 4100
1778756924511 0.1349 4120
1778756925405 0.0959 4140
1778756926296 0.1332 4160
1778756927186 0.0604 4180
1778756928078 0.0931 4200
1778756928968 0.0879 4220
1778756929858 0.1356 4240
1778756939474 0.1345 4260
1778756940364 0.0893 4280
1778756941255 0.0945 4300
1778756942145 0.0824 4320
1778756943039 0.071 4340
1778756943932 0.1164 4360
1778756944827 0.1182 4380
1778756945720 0.1224 4400
1778756946615 0.0904 4420
1778756947509 0.0927 4440
1778756948402 0.1411 4460
1778756949296 0.0779 4480
1778756950190 0.1012 4500
1778756959915 0.0995 4520
1778756960809 0.1115 4540
1778756961703 0.0988 4560
1778756962598 0.1307 4580
1778756963492 0.1397 4600
1778756964385 0.0809 4620
1778756965280 0.1145 4640
1778756966173 0.1271 4660
1778756967068 0.1152 4680
1778756967962 0.0737 4700
1778756968855 0.0797 4720
1778756969750 0.1518 4740
1778756979172 0.0844 4760
1778756980065 0.0658 4780
1778756980960 0.1087 4800
1778756981855 0.0685 4820
1778756982745 0.0611 4840
1778756983639 0.0751 4860
1778756984533 0.0575 4880
1778756985427 0.0783 4900
1778756986311 0.0511 4920
1778756987205 0.1132 4940
1778756988095 0.1067 4960
1778756988986 0.0801 4980
1778756989876 0.1102 5000
1778756999487 0.0576 5020
1778757000384 0.0937 5040
1778757001278 0.0778 5060
1778757002170 0.1031 5080
1778757003061 0.1152 5100
1778757003954 0.1095 5120
