1778760688632 0.021953896816684963 20
1778760688955 0.043907793633369926 40
1778760689278 0.06586169045005488 60
1778760689602 0.08781558726673985 80
1778760689925 0.10976948408342481 100
1778760690248 0.13172338090010977 120
1778760690571 0.15367727771679474 140
1778760690895 0.1756311745334797 160
1778760691217 0.19758507135016465 180
1778760691539 0.21953896816684962 200
1778760691861 0.2414928649835346 220
1778760692183 0.26344676180021953 240
1778760693458 0.27442371020856204 250
1778760695613 0.2854006586169045 260
1778760695940 0.30735455543358947 280
1778760696262 0.32930845225027444 300
1778760696585 0.3512623490669594 320
1778760696907 0.3732162458836443 340
1778760697229 0.3951701427003293 360
1778760697552 0.41712403951701427 380
1778760697874 0.43907793633369924 400
1778760698197 0.4610318331503842 420
1778760698519 0.4829857299670692 440
1778760698843 0.5049396267837541 460
1778760699165 0.5268935236004391 480
1778760699488 0.5488474204171241 500
1778760700607 0.5488474204171241 500
1778760703203 0.570801317233809 520
1778760703525 0.5927552140504939 540
1778760703848 0.6147091108671789 560
1778760704171 0.6366630076838639 580
1778760704493 0.6586169045005489 600
1778760704817 0.6805708013172338 620
1778760705139 0.7025246981339188 640
1778760705461 0.7244785949506037 660
1778760705785 0.7464324917672887 680
1778760706108 0.7683863885839737 700
1778760706430 0.7903402854006586 720
1778760706752 0.8122941822173436 740
1778760708025 0.823271130625686 750
1778760710462 0.8342480790340285 760
1778760710789 0.8562019758507134 780
1778760711111 0.8781558726673985 800
1778760711434 0.9001097694840834 820
1778760711756 0.9220636663007684 840
1778760712080 0.9440175631174533 860
1778760712404 0.9659714599341384 880
1778760712726 0.9879253567508233 900
1778760713049 1.0098792535675083 920
1778760713372 1.031833150384193 940
1778760713694 1.0537870472008781 960
1778760714016 1.0757409440175631 980
1778760714338 1.0976948408342482 1000
1778760715460 1.0976948408342482 1000
1778760717811 1.119648737650933 1020
1778760718134 1.141602634467618 1040
1778760718457 1.163556531284303 1060
1778760718780 1.1855104281009878 1080
1778760719103 1.2074643249176729 1100
1778760719427 1.2294182217343579 1120
1778760719750 1.2513721185510427 1140
1778760720073 1.2733260153677277 1160
1778760720396 1.2952799121844127 1180
1778760720720 1.3172338090010978 1200
1778760721043 1.3391877058177828 1220
1778760721366 1.3611416026344676 1240
1778760722635 1.37211855104281 1250
1778760725284 1.3830954994511526 1260
1778760725610 1.4050493962678376 1280
1778760725934 1.4270032930845225 1300
1778760726258 1.4489571899012075 1320
1778760726581 1.4709110867178925 1340
1778760726904 1.4928649835345773 1360
1778760727227 1.5148188803512623 1380
1778760727550 1.5367727771679474 1400
1778760727873 1.5587266739846322 1420
1778760728195 1.5806805708013172 1440
1778760728518 1.6026344676180022 1460
1778760728840 1.624588364434687 1480
1778760729164 1.6465422612513723 1500
1778760730274 1.6465422612513723 1500
1778760732870 1.668496158068057 1520
1778760733195 1.690450054884742 1540
1778760733517 1.7124039517014271 1560
1778760733839 1.734357848518112 1580
1778760734161 1.756311745334797 1600
1778760734484 1.778265642151482 1620
1778760734806 1.8002195389681668 1640
1778760735128 1.8221734357848518 1660
1778760735450 1.8441273326015368 1680
1778760735772 1.8660812294182216 1700
1778760736094 1.8880351262349067 1720
1778760736417 1.9099890230515917 1740
1778760737687 1.920965971459934 1750
1778760740123 1.9319429198682765 1760
1778760740447 1.9538968166849617 1780
1778760740771 1.9758507135016465 1800
1778760741093 1.9978046103183313 1820
1778760741416 2.0197585071350166 1840
1778760741739 2.0417124039517014 1860
1778760742062 2.063666300768386 1880
1778760742384 2.0856201975850714 1900
1778760742707 2.1075740944017562 1920
1778760743030 2.129527991218441 1940
1778760743352 2.1514818880351263 1960
1778760743674 2.173435784851811 1980
1778760743997 2.1953896816684964 2000
1778760745113 2.1953896816684964 2000
1778760747459 2.217343578485181 2020
1778760747781 2.239297475301866 2040
1778760748104 2.261251372118551 2060
1778760748427 2.283205268935236 2080
1778760748750 2.305159165751921 2100
1778760749072 2.327113062568606 2120
1778760749395 2.349066959385291 2140
1778760749717 2.3710208562019757 2160
1778760750039 2.392974753018661 2180
1778760750362 2.4149286498353457 2200
1778760750684 2.436882546652031 2220
1778760751007 2.4588364434687158 2240
1778760752278 2.469813391877058 2250
1778760754959 2.4807903402854006 2260
1778760755284 2.5027442371020854 2280
1778760755607 2.5246981339187706 2300
1778760755930 2.5466520307354554 2320
1778760756254 2.5686059275521407 2340
1778760756577 2.5905598243688255 2360
1778760756900 2.6125137211855103 2380
1778760757222 2.6344676180021955 2400
1778760757547 2.6564215148188803 2420
1778760757870 2.6783754116355656 2440
1778760758193 2.7003293084522504 2460
1778760758517 2.722283205268935 2480
1778760758842 2.74423710208562 2500
1778760759958 2.74423710208562 2500
1778760762300 2.7661909989023052 2520
1778760762622 2.78814489571899 2540
1778760762945 2.8100987925356753 2560
1778760763267 2.83205268935236 2580
1778760763589 2.854006586169045 2600
1778760763911 2.8759604829857297 2620
1778760764233 2.897914379802415 2640
1778760764555 2.9198682766190998 2660
1778760764877 2.941822173435785 2680
1778760765199 2.96377607025247 2700
1778760765521 2.9857299670691546 2720
1778760765844 3.00768386388584 2740
1778760767118 3.0186608122941823 2750
1778760769549 3.0296377607025247 2760
1778760769873 3.0515916575192095 2780
1778760770196 3.0735455543358947 2800
1778760770519 3.0954994511525795 2820
1778760770843 3.1174533479692643 2840
1778760771166 3.1394072447859496 2860
1778760771489 3.1613611416026344 2880
1778760771812 3.1833150384193196 2900
1778760772136 3.2052689352360044 2920
1778760772459 3.2272228320526892 2940
1778760772782 3.2491767288693745 2960
1778760773105 3.2711306256860593 2980
1778760773428 3.293084522502744 3000
1778760774550 3.293084522502744 3000
1778760777150 3.3150384193194293 3020
1778760777472 3.336992316136114 3040
1778760777795 3.358946212952799 3060
1778760778116 3.380900109769484 3080
1778760778438 3.402854006586169 3100
1778760778761 3.4248079034028542 3120
1778760779083 3.446761800219539 3140
1778760779405 3.468715697036224 3160
1778760779727 3.4906695938529086 3180
1778760780049 3.512623490669594 3200
1778760780372 3.5345773874862787 3220
1778760780694 3.556531284302964 3240
1778760781974 3.5675082327113063 3250
1778760784403 3.5784851811196488 3260
1778760784733 3.6004390779363336 3280
1778760785056 3.622392974753019 3300
1778760785378 3.6443468715697036 3320
1778760785701 3.666300768386389 3340
1778760786024 3.6882546652030737 3360
1778760786348 3.7102085620197585 3380
1778760786671 3.7321624588364433 3400
1778760786994 3.7541163556531285 3420
1778760787317 3.7760702524698133 3440
1778760787639 3.7980241492864986 3460
1778760787962 3.8199780461031834 3480
1778760788285 3.841931942919868 3500
1778760789398 3.841931942919868 3500
1778760791991 3.863885839736553 3520
1778760792313 3.885839736553238 3540
1778760792637 3.907793633369923 3560
1778760792959 3.9297475301866083 3580
1778760793283 3.951701427003293 3600
1778760793606 3.973655323819978 3620
1778760793929 3.995609220636663 3640
1778760794252 4.017563117453348 3660
1778760794575 4.039517014270033 3680
1778760794897 4.061470911086718 3700
1778760795221 4.083424807903403 3720
1778760795543 4.105378704720088 3740
1778760796822 4.11635565312843 3750
1778760799251 4.127332601536772 3760
1778760799578 4.149286498353458 3780
1778760799901 4.171240395170143 3800
1778760800224 4.193194291986828 3820
1778760800547 4.2151481888035125 3840
1778760800871 4.237102085620197 3860
1778760801194 4.259055982436882 3880
1778760801517 4.281009879253568 3900
1778760801839 4.302963776070253 3920
1778760802162 4.324917672886937 3940
1778760802484 4.346871569703622 3960
1778760802807 4.368825466520307 3980
1778760803130 4.390779363336993 4000
1778760804272 4.390779363336993 4000
1778760806867 4.4127332601536775 4020
1778760807190 4.434687156970362 4040
1778760807513 4.456641053787047 4060
1778760807836 4.478594950603732 4080
1778760808159 4.500548847420417 4100
1778760808482 4.522502744237102 4120
1778760808804 4.544456641053787 4140
1778760809127 4.566410537870472 4160
1778760809450 4.588364434687157 4180
1778760809773 4.610318331503842 4200
1778760810095 4.632272228320527 4220
1778760810423 4.654226125137212 4240
1778760811701 4.6652030735455545 4250
1778760814254 4.676180021953897 4260
1778760814581 4.698133918770582 4280
1778760814903 4.7200878155872665 4300
1778760815226 4.742041712403951 4320
1778760815548 4.763995609220637 4340
1778760815870 4.785949506037322 4360
1778760816193 4.807903402854007 4380
1778760816515 4.829857299670691 4400
1778760816838 4.851811196487376 4420
1778760817161 4.873765093304062 4440
1778760817483 4.895718990120747 4460
1778760817806 4.9176728869374315 4480
1778760818129 4.939626783754116 4500
1778760819242 4.939626783754116 4500
1778760821840 4.961580680570801 4520
1778760822164 4.983534577387486 4540
1778760825052 5.0 4555
1778760826427 5.0 4555
1778760826778 5.0 4555
1778760829137 5.0 0
