1778760688632 1.0900033712387085 20
1778760688955 1.4987480640411377 40
1778760689278 0.8454687595367432 60
1778760689602 1.1379882097244263 80
1778760689925 0.964331865310669 100
1778760690248 0.8691015839576721 120
1778760690571 1.0646378993988037 140
1778760690895 1.711746335029602 160
1778760691217 1.5046361684799194 180
1778760691539 1.0851904153823853 200
1778760691861 1.1201155185699463 220
1778760692183 1.213594913482666 240
1778760695613 0.8152967095375061 260
1778760695940 0.7752541899681091 280
1778760696262 1.0188883543014526 300
1778760696585 0.7406928539276123 320
1778760696907 1.1362124681472778 340
1778760697229 0.893043577671051 360
1778760697552 0.8883274793624878 380
1778760697874 0.8628727197647095 400
1778760698197 1.144106388092041 420
1778760698519 1.9202507734298706 440
1778760698843 1.5494306087493896 460
1778760699165 2.034400701522827 480
1778760699488 0.8044389486312866 500
1778760703203 0.9980456829071045 520
1778760703525 1.1793450117111206 540
1778760703848 1.2633546590805054 560
1778760704171 0.6809045672416687 580
1778760704493 0.7403172850608826 600
1778760704817 0.856850802898407 620
1778760705139 1.5789029598236084 640
1778760705461 0.8516509532928467 660
1778760705785 1.3033844232559204 680
1778760706108 1.0006343126296997 700
1778760706430 0.86033034324646 720
1778760706752 1.1418349742889404 740
1778760710462 1.3164753913879395 760
1778760710789 0.7183384895324707 780
1778760711111 0.8092966675758362 800
1778760711434 0.7521605491638184 820
1778760711756 0.8420459628105164 840
1778760712080 1.4569497108459473 860
1778760712404 1.0125526189804077 880
1778760712726 0.8711460828781128 900
1778760713049 1.4314225912094116 920
1778760713372 0.8261916637420654 940
1778760713694 1.1783877611160278 960
1778760714016 1.207139015197754 980
1778760714338 0.7798486948013306 1000
1778760717811 1.7605795860290527 1020
1778760718134 0.8622240424156189 1040
1778760718457 1.1065502166748047 1060
1778760718780 0.9257209300994873 1080
1778760719103 2.075051784515381 1100
1778760719427 0.9729927778244019 1120
1778760719750 1.2571815252304077 1140
1778760720073 2.426588773727417 1160
1778760720396 0.9543004035949707 1180
1778760720720 2.495887517929077 1200
1778760721043 0.7436091303825378 1220
1778760721366 0.9406313896179199 1240
1778760725284 1.2714751958847046 1260
1778760725610 0.9336875081062317 1280
1778760725934 0.7246482372283936 1300
1778760726258 0.8927968740463257 1320
1778760726581 1.3321707248687744 1340
1778760726904 0.8115029335021973 1360
1778760727227 1.543541431427002 1380
1778760727550 1.1620854139328003 1400
1778760727873 1.2483479976654053 1420
1778760728195 0.7798207998275757 1440
1778760728518 0.9458054900169373 1460
1778760728840 1.0908629894256592 1480
1778760729164 1.0172789096832275 1500
1778760732870 0.768104612827301 1520
1778760733195 1.6899358034133911 1540
1778760733517 0.8433308005332947 1560
1778760733839 0.8168783187866211 1580
1778760734161 1.1753946542739868 1600
1778760734484 0.7345438003540039 1620
1778760734806 0.8386871814727783 1640
1778760735128 0.928587794303894 1660
1778760735450 0.9904943108558655 1680
1778760735772 1.199535608291626 1700
1778760736094 0.9046120047569275 1720
1778760736417 0.9930809140205383 1740
1778760740123 2.0917978286743164 1760
1778760740447 0.7479271292686462 1780
1778760740771 1.2962208986282349 1800
1778760741093 1.2597922086715698 1820
1778760741416 0.7587260603904724 1840
1778760741739 0.9296456575393677 1860
1778760742062 1.7681519985198975 1880
1778760742384 1.394946575164795 1900
1778760742707 1.5595312118530273 1920
1778760743030 1.0607683658599854 1940
1778760743352 0.9719379544258118 1960
1778760743674 0.9404250383377075 1980
1778760743997 0.9721556305885315 2000
1778760747459 1.231127381324768 2020
1778760747781 1.274528980255127 2040
1778760748104 1.200249433517456 2060
1778760748427 1.55753755569458 2080
1778760748750 1.8369269371032715 2100
1778760749072 1.17886483669281 2120
1778760749395 0.8827521204948425 2140
1778760749717 0.7506194114685059 2160
1778760750039 1.622399091720581 2180
1778760750362 0.877626359462738 2200
1778760750684 0.8142842054367065 2220
1778760751007 0.8572345972061157 2240
1778760754959 1.5933022499084473 2260
1778760755284 0.939670205116272 2280
1778760755607 1.5825908184051514 2300
1778760755930 1.6775903701782227 2320
1778760756254 0.8000825643539429 2340
1778760756577 0.5135152339935303 2360
1778760756900 1.0431016683578491 2380
1778760757222 2.3380818367004395 2400
1778760757547 1.4168479442596436 2420
1778760757870 0.9294158220291138 2440
1778760758193 1.0776398181915283 2460
1778760758517 1.1343231201171875 2480
1778760758842 1.3918404579162598 2500
1778760762300 0.9388315677642822 2520
1778760762622 1.1101282835006714 2540
1778760762945 1.7645479440689087 2560
1778760763267 1.2680665254592896 2580
1778760763589 1.7653477191925049 2600
1778760763911 1.0361164808273315 2620
1778760764233 1.0674163103103638 2640
1778760764555 1.1530264616012573 2660
1778760764877 1.3519337177276611 2680
1778760765199 1.0533597469329834 2700
1778760765521 1.581022024154663 2720
1778760765844 2.2317068576812744 2740
1778760769549 0.7645817995071411 2760
1778760769873 1.2176432609558105 2780
1778760770196 2.209423780441284 2800
1778760770519 1.5245821475982666 2820
1778760770843 1.3471776247024536 2840
1778760771166 1.7273753881454468 2860
1778760771489 2.0467922687530518 2880
1778760771812 0.9164799451828003 2900
1778760772136 1.4606424570083618 2920
1778760772459 1.1397392749786377 2940
1778760772782 0.7454970479011536 2960
1778760773105 1.813442587852478 2980
1778760773428 1.8531595468521118 3000
1778760777150 1.0795440673828125 3020
1778760777472 1.4459322690963745 3040
1778760777795 1.6533535718917847 3060
1778760778116 1.6365187168121338 3080
1778760778438 1.0427381992340088 3100
1778760778761 1.0678006410598755 3120
1778760779083 1.020768642425537 3140
1778760779405 1.3728902339935303 3160
1778760779727 0.7755351066589355 3180
1778760780049 0.939041018486023 3200
1778760780372 1.2713351249694824 3220
1778760780694 0.9143940806388855 3240
1778760784403 0.8369832038879395 3260
1778760784733 1.0422694683074951 3280
1778760785056 1.222253441810608 3300
1778760785378 1.4617656469345093 3320
1778760785701 1.360460877418518 3340
1778760786024 1.3511542081832886 3360
1778760786348 0.906291127204895 3380
1778760786671 0.9557166695594788 3400
1778760786994 2.144808530807495 3420
1778760787317 1.043907880783081 3440
1778760787639 0.8934208154678345 3460
1778760787962 1.3446247577667236 3480
1778760788285 0.8046841621398926 3500
1778760791991 1.015672206878662 3520
1778760792313 0.7975287437438965 3540
1778760792637 1.4140735864639282 3560
1778760792959 0.8697152733802795 3580
1778760793283 1.024010419845581 3600
1778760793606 0.8633077144622803 3620
1778760793929 1.1080288887023926 3640
1778760794252 0.8522655367851257 3660
1778760794575 1.551233172416687 3680
1778760794897 0.9380326867103577 3700
1778760795221 1.8353787660598755 3720
1778760795543 1.4229265451431274 3740
1778760799251 0.655342161655426 3760
1778760799578 1.0512161254882812 3780
1778760799901 0.8804826736450195 3800
1778760800224 1.3575513362884521 3820
1778760800547 0.8099399209022522 3840
1778760800871 1.42500901222229 3860
1778760801194 1.316837191581726 3880
1778760801517 0.8253885507583618 3900
1778760801839 1.0419297218322754 3920
1778760802162 0.9036336541175842 3940
1778760802484 1.5261908769607544 3960
1778760802807 0.7603477835655212 3980
1778760803130 1.5466053485870361 4000
1778760806867 1.8286107778549194 4020
1778760807190 0.9845216274261475 4040
1778760807513 0.9314835071563721 4060
1778760807836 0.689248263835907 4080
1778760808159 1.186404824256897 4100
1778760808482 1.1586803197860718 4120
1778760808804 1.0983326435089111 4140
1778760809127 1.2242507934570312 4160
1778760809450 0.9347037672996521 4180
1778760809773 0.9934805035591125 4200
1778760810095 1.2434172630310059 4220
1778760810423 1.3367719650268555 4240
1778760814254 0.7538835406303406 4260
1778760814581 1.3828431367874146 4280
1778760814903 1.0479834079742432 4300
1778760815226 1.0857340097427368 4320
1778760815548 1.577530860900879 4340
1778760815870 0.8541279435157776 4360
1778760816193 1.1331006288528442 4380
1778760816515 0.9342764616012573 4400
1778760816838 2.1600570678710938 4420
1778760817161 1.284813404083252 4440
1778760817483 1.425535798072815 4460
1778760817806 0.9021900296211243 4480
1778760818129 0.8038326501846313 4500
1778760821840 1.0217995643615723 4520
1778760822164 1.6740813255310059 4540
