1778289495106 0.038910505836575876 20
1778289497307 0.07782101167315175 40
1778289499511 0.11673151750972763 60
1778289501714 0.1556420233463035 80
1778289503920 0.19455252918287938 100
1778289506127 0.23346303501945526 120
1778289508333 0.2723735408560311 140
1778289510542 0.311284046692607 160
1778289512747 0.35019455252918286 180
1778289514953 0.38910505836575876 200
1778289517157 0.4280155642023346 220
1778289519362 0.4669260700389105 240
1778289522948 0.48638132295719844 250
1778289525008 0.5058365758754864 260
1778289527218 0.5447470817120622 280
1778289529428 0.5836575875486382 300
1778289531636 0.622568093385214 320
1778289533844 0.6614785992217899 340
1778289536051 0.7003891050583657 360
1778289538258 0.7392996108949417 380
1778289540470 0.7782101167315175 400
1778289542681 0.8171206225680934 420
1778289544893 0.8560311284046692 440
1778289547104 0.8949416342412452 460
1778289549315 0.933852140077821 480
1778289551527 0.9727626459143969 500
1778289554017 0.9727626459143969 500
1778289556690 1.0116731517509727 520
1778289558903 1.0505836575875487 540
1778289561112 1.0894941634241244 560
1778289563324 1.1284046692607004 580
1778289565534 1.1673151750972763 600
1778289567743 1.206225680933852 620
1778289569952 1.245136186770428 640
1778289572164 1.2840466926070038 660
1778289574373 1.3229571984435797 680
1778289576581 1.3618677042801557 700
1778289578791 1.4007782101167314 720
1778289581001 1.4396887159533074 740
1778289584596 1.4591439688715953 750
1778289586267 1.4785992217898833 760
1778289588479 1.517509727626459 780
1778289590693 1.556420233463035 800
1778289592906 1.595330739299611 820
1778289595120 1.6342412451361867 840
1778289597332 1.6731517509727627 860
1778289599545 1.7120622568093387 880
1778289601758 1.7509727626459144 900
1778289603971 1.7898832684824901 920
1778289606185 1.8287937743190663 940
1778289608398 1.867704280155642 960
1778289610612 1.9066147859922178 980
1778289612823 1.9455252918287937 1000
1778289615314 1.9455252918287937 1000
1778289618035 1.9844357976653697 1020
1778289620247 2.0233463035019454 1040
1778289622458 2.062256809338521 1060
1778289624666 2.1011673151750974 1080
1778289626878 2.140077821011673 1100
1778289629088 2.178988326848249 1120
1778289631298 2.217898832684825 1140
1778289633507 2.2568093385214008 1160
1778289635718 2.2957198443579765 1180
1778289637927 2.3346303501945527 1200
1778289640138 2.3735408560311284 1220
1778289642347 2.412451361867704 1240
1778289645943 2.4319066147859925 1250
1778289647538 2.4513618677042803 1260
1778289649748 2.490272373540856 1280
1778289651961 2.529182879377432 1300
1778289654171 2.5680933852140075 1320
1778289656384 2.6070038910505837 1340
1778289658597 2.6459143968871595 1360
1778289660810 2.6848249027237356 1380
1778289663023 2.7237354085603114 1400
1778289665235 2.762645914396887 1420
1778289667447 2.801556420233463 1440
1778289669661 2.840466926070039 1460
1778289671872 2.8793774319066148 1480
1778289674084 2.9182879377431905 1500
1778289676575 2.9182879377431905 1500
1778289679238 2.9571984435797667 1520
1778289681448 2.9961089494163424 1540
1778289683659 3.035019455252918 1560
1778289685868 3.0739299610894943 1580
1778289688076 3.11284046692607 1600
1778289690286 3.151750972762646 1620
1778289692495 3.190661478599222 1640
1778289694703 3.2295719844357977 1660
1778289696910 3.2684824902723735 1680
1778289699123 3.307392996108949 1700
1778289701333 3.3463035019455254 1720
1778289703544 3.385214007782101 1740
1778289707139 3.404669260700389 1750
1778289708787 3.424124513618677 1760
1778289711001 3.463035019455253 1780
1778289713212 3.501945525291829 1800
1778289715423 3.5408560311284045 1820
1778289717635 3.5797665369649807 1840
1778289719846 3.6186770428015564 1860
1778289722059 3.657587548638132 1880
1778289724269 3.6964980544747084 1900
1778289726482 3.735408560311284 1920
1778289728693 3.77431906614786 1940
1778289730903 3.8132295719844356 1960
1778289733114 3.8521400778210118 1980
1778289735324 3.8910505836575875 2000
1778289737816 3.8910505836575875 2000
1778289740487 3.9299610894941637 2020
1778289742698 3.9688715953307394 2040
1778289744911 4.007782101167315 2060
1778289747121 4.046692607003891 2080
1778289749331 4.085603112840467 2100
1778289751540 4.124513618677042 2120
1778289753750 4.163424124513619 2140
1778289755960 4.202334630350195 2160
1778289758170 4.2412451361867705 2180
1778289760377 4.280155642023346 2200
1778289762587 4.319066147859922 2220
1778289764798 4.357976653696498 2240
1778289768395 4.377431906614786 2250
1778289769947 4.396887159533074 2260
1778289772160 4.43579766536965 2280
1778289774373 4.474708171206226 2300
1778289776584 4.5136186770428015 2320
1778289778797 4.552529182879377 2340
1778289781008 4.591439688715953 2360
1778289783218 4.630350194552529 2380
1778289785430 4.669260700389105 2400
1778289787642 4.708171206225681 2420
1778289789854 4.747081712062257 2440
1778289792065 4.785992217898833 2460
1778289794275 4.824902723735408 2480
1778289796488 4.863813229571985 2500
1778289798980 4.863813229571985 2500
1778289801825 4.902723735408561 2520
1778289804038 4.941634241245136 2540
1778289806254 4.980544747081712 2560
