1778289495106 1.1568 20
1778289497307 1.0279 40
1778289499511 0.9932 60
1778289501714 1.0021 80
1778289503920 0.983 100
1778289506127 0.9834 120
1778289508333 0.9804 140
1778289510542 0.9397 160
1778289512747 0.9517 180
1778289514953 0.9517 200
1778289517157 0.9794 220
1778289519362 0.9411 240
1778289525008 0.9409 260
1778289527218 0.87 280
1778289529428 0.8464 300
1778289531636 0.7683 320
1778289533844 0.6751 340
1778289536051 0.6084 360
1778289538258 0.5227 380
1778289540470 0.4429 400
1778289542681 0.3805 420
1778289544893 0.3451 440
1778289547104 0.2978 460
1778289549315 0.2774 480
1778289551527 0.2622 500
1778289556690 0.3143 520
1778289558903 0.2146 540
1778289561112 0.2504 560
1778289563324 0.2026 580
1778289565534 0.2186 600
1778289567743 0.2224 620
1778289569952 0.2479 640
1778289572164 0.2342 660
1778289574373 0.2507 680
1778289576581 0.2321 700
1778289578791 0.2349 720
1778289581001 0.1994 740
1778289586267 0.2219 760
1778289588479 0.2172 780
1778289590693 0.211 800
1778289592906 0.2025 820
1778289595120 0.2146 840
1778289597332 0.2096 860
1778289599545 0.2126 880
1778289601758 0.1784 900
1778289603971 0.1666 920
1778289606185 0.2245 940
1778289608398 0.1728 960
1778289610612 0.2396 980
1778289612823 0.1949 1000
1778289618035 0.2001 1020
1778289620247 0.2067 1040
1778289622458 0.1549 1060
1778289624666 0.1834 1080
1778289626878 0.1799 1100
1778289629088 0.1744 1120
1778289631298 0.2062 1140
1778289633507 0.1516 1160
1778289635718 0.1754 1180
1778289637927 0.162 1200
1778289640138 0.1767 1220
1778289642347 0.195 1240
1778289647538 0.1772 1260
1778289649748 0.1479 1280
1778289651961 0.1712 1300
1778289654171 0.1846 1320
1778289656384 0.1679 1340
1778289658597 0.1622 1360
1778289660810 0.1801 1380
1778289663023 0.1435 1400
1778289665235 0.1663 1420
1778289667447 0.1666 1440
1778289669661 0.1643 1460
1778289671872 0.1453 1480
1778289674084 0.1578 1500
1778289679238 0.1856 1520
1778289681448 0.16 1540
1778289683659 0.1731 1560
1778289685868 0.1274 1580
1778289688076 0.1552 1600
1778289690286 0.1612 1620
1778289692495 0.1417 1640
1778289694703 0.1647 1660
1778289696910 0.1481 1680
1778289699123 0.1431 1700
1778289701333 0.1488 1720
1778289703544 0.1626 1740
1778289708787 0.1568 1760
1778289711001 0.1439 1780
1778289713212 0.1593 1800
1778289715423 0.155 1820
1778289717635 0.137 1840
1778289719846 0.1332 1860
1778289722059 0.1447 1880
1778289724269 0.1547 1900
1778289726482 0.1528 1920
1778289728693 0.1584 1940
1778289730903 0.1551 1960
1778289733114 0.1432 1980
1778289735324 0.1218 2000
1778289740487 0.157 2020
1778289742698 0.1496 2040
1778289744911 0.1573 2060
1778289747121 0.174 2080
1778289749331 0.1344 2100
1778289751540 0.1318 2120
1778289753750 0.1558 2140
1778289755960 0.1181 2160
1778289758170 0.126 2180
1778289760377 0.1639 2200
1778289762587 0.1309 2220
1778289764798 0.1291 2240
1778289769947 0.1308 2260
1778289772160 0.1575 2280
1778289774373 0.1478 2300
1778289776584 0.1202 2320
1778289778797 0.1536 2340
1778289781008 0.1379 2360
1778289783218 0.152 2380
1778289785430 0.1374 2400
1778289787642 0.1057 2420
1778289789854 0.1131 2440
1778289792065 0.1233 2460
1778289794275 0.1591 2480
1778289796488 0.1327 2500
1778289801825 0.1202 2520
1778289804038 0.1383 2540
1778289806254 0.1106 2560
