1778291185954 1.112082839012146 20
1778291187560 1.0946201086044312 40
1778291189166 0.717972457408905 60
1778291190775 1.910824179649353 80
1778291192380 0.9453935623168945 100
1778291193985 1.8329178094863892 120
1778291195587 1.5183305740356445 140
1778291197190 1.3754379749298096 160
1778291198795 0.7998071312904358 180
1778291200403 0.853083074092865 200
1778291202010 1.8331483602523804 220
1778291203617 0.9850823879241943 240
1778291205963 2.521785020828247 260
1778291207571 1.004030466079712 280
1778291209174 1.0017043352127075 300
1778291210782 1.8742313385009766 320
1778291212386 2.426133394241333 340
1778291213996 2.227837324142456 360
1778291215601 1.1128751039505005 380
1778291217210 1.9443660974502563 400
1778291218814 1.8947862386703491 420
1778291220423 1.8757866621017456 440
1778291222031 1.7526962757110596 460
1778291223640 1.1749175786972046 480
1778291225246 2.415679454803467 500
1778291227584 2.2589099407196045 520
1778291229192 1.5850931406021118 540
1778291230803 1.343227505683899 560
1778291232414 2.4125819206237793 580
1778291234021 1.6731507778167725 600
1778291235627 2.1429479122161865 620
1778291237232 2.4480841159820557 640
1778291238838 2.3814029693603516 660
1778291240444 1.7956924438476562 680
1778291242054 3.1822803020477295 700
1778291243662 1.6930609941482544 720
1778291245269 2.096484661102295 740
1778291247586 1.6063594818115234 760
1778291249191 1.4660166501998901 780
1778291250799 1.4438380002975464 800
1778291252403 1.6655232906341553 820
1778291254014 3.20851993560791 840
1778291255623 1.5221341848373413 860
1778291257238 1.8697046041488647 880
1778291258853 1.5446876287460327 900
1778291260467 1.800353765487671 920
