1778291185954 0.6994 20
1778291187560 0.6948 40
1778291189166 0.6854 60
1778291190775 0.6755 80
1778291192380 0.6654 100
1778291193985 0.6534 120
1778291195587 0.633 140
1778291197190 0.6298 160
1778291198795 0.5863 180
1778291200403 0.5259 200
1778291202010 0.475 220
1778291203617 0.4719 240
1778291205963 0.4244 260
1778291207571 0.404 280
1778291209174 0.3586 300
1778291210782 0.4095 320
1778291212386 0.3804 340
1778291213996 0.3862 360
1778291215601 0.3564 380
1778291217210 0.3251 400
1778291218814 0.33 420
1778291220423 0.3335 440
1778291222031 0.3398 460
1778291223640 0.3097 480
1778291225246 0.3109 500
1778291227584 0.2951 520
1778291229192 0.305 540
1778291230803 0.2713 560
1778291232414 0.2777 580
1778291234021 0.2698 600
1778291235627 0.2858 620
1778291237232 0.268 640
1778291238838 0.2591 660
1778291240444 0.26 680
1778291242054 0.2343 700
1778291243662 0.2425 720
1778291245269 0.2316 740
1778291247586 0.2342 760
1778291249191 0.2043 780
1778291250799 0.2404 800
1778291252403 0.2171 820
1778291254014 0.2121 840
1778291255623 0.2128 860
1778291257238 0.2172 880
1778291258853 0.2196 900
1778291260467 0.2117 920
