1778757483133 0.021953896816684963 20
1778757483720 0.043907793633369926 40
1778757484292 0.06586169045005488 60
1778757484872 0.08781558726673985 80
1778757485461 0.10976948408342481 100
1778757486052 0.13172338090010977 120
1778757486641 0.15367727771679474 140
1778757487231 0.1756311745334797 160
1778757487820 0.19758507135016465 180
1778757488400 0.21953896816684962 200
1778757488990 0.2414928649835346 220
1778757489570 0.26344676180021953 240
1778757491610 0.27442371020856204 250
1778757493178 0.2854006586169045 260
1778757493764 0.30735455543358947 280
1778757494353 0.32930845225027444 300
1778757494942 0.3512623490669594 320
1778757495531 0.3732162458836443 340
1778757496119 0.3951701427003293 360
1778757496706 0.41712403951701427 380
1778757497295 0.43907793633369924 400
1778757497885 0.4610318331503842 420
1778757498474 0.4829857299670692 440
1778757499062 0.5049396267837541 460
1778757499650 0.5268935236004391 480
1778757500239 0.5488474204171241 500
1778757501997 0.5488474204171241 500
1778757504065 0.570801317233809 520
1778757504653 0.5927552140504939 540
1778757505242 0.6147091108671789 560
1778757505829 0.6366630076838639 580
1778757506402 0.6586169045005489 600
1778757506975 0.6805708013172338 620
1778757507547 0.7025246981339188 640
1778757508119 0.7244785949506037 660
1778757508700 0.7464324917672887 680
1778757509288 0.7683863885839737 700
1778757509878 0.7903402854006586 720
1778757510467 0.8122941822173436 740
1778757512517 0.823271130625686 750
1778757514145 0.8342480790340285 760
1778757514719 0.8562019758507134 780
1778757515293 0.8781558726673985 800
1778757515868 0.9001097694840834 820
1778757516441 0.9220636663007684 840
1778757517010 0.9440175631174533 860
1778757517600 0.9659714599341384 880
1778757518189 0.9879253567508233 900
1778757518780 1.0098792535675083 920
1778757519369 1.031833150384193 940
1778757519957 1.0537870472008781 960
1778757520531 1.0757409440175631 980
1778757521104 1.0976948408342482 1000
1778757522855 1.0976948408342482 1000
1778757524756 1.119648737650933 1020
1778757525345 1.141602634467618 1040
1778757525921 1.163556531284303 1060
1778757526498 1.1855104281009878 1080
1778757527071 1.2074643249176729 1100
1778757527644 1.2294182217343579 1120
1778757528228 1.2513721185510427 1140
1778757528817 1.2733260153677277 1160
1778757529406 1.2952799121844127 1180
1778757529990 1.3172338090010978 1200
1778757530570 1.3391877058177828 1220
1778757531159 1.3611416026344676 1240
1778757533209 1.37211855104281 1250
1778757534656 1.3830954994511526 1260
1778757535244 1.4050493962678376 1280
1778757535834 1.4270032930845225 1300
1778757536422 1.4489571899012075 1320
1778757537012 1.4709110867178925 1340
1778757537600 1.4928649835345773 1360
1778757538191 1.5148188803512623 1380
1778757538780 1.5367727771679474 1400
1778757539369 1.5587266739846322 1420
1778757539958 1.5806805708013172 1440
1778757540548 1.6026344676180022 1460
1778757541139 1.624588364434687 1480
1778757541728 1.6465422612513723 1500
1778757543481 1.6465422612513723 1500
1778757545387 1.668496158068057 1520
1778757545978 1.690450054884742 1540
1778757546568 1.7124039517014271 1560
1778757547159 1.734357848518112 1580
1778757547748 1.756311745334797 1600
1778757548338 1.778265642151482 1620
1778757548928 1.8002195389681668 1640
1778757549519 1.8221734357848518 1660
1778757550094 1.8441273326015368 1680
1778757550668 1.8660812294182216 1700
1778757551241 1.8880351262349067 1720
1778757551815 1.9099890230515917 1740
1778757553858 1.920965971459934 1750
1778757555641 1.9319429198682765 1760
1778757556232 1.9538968166849617 1780
1778757556822 1.9758507135016465 1800
1778757557414 1.9978046103183313 1820
1778757558005 2.0197585071350166 1840
1778757558596 2.0417124039517014 1860
1778757559187 2.063666300768386 1880
1778757559775 2.0856201975850714 1900
1778757560365 2.1075740944017562 1920
1778757560939 2.129527991218441 1940
1778757561513 2.1514818880351263 1960
1778757562086 2.173435784851811 1980
1778757562660 2.1953896816684964 2000
1778757564420 2.1953896816684964 2000
1778757566155 2.217343578485181 2020
1778757566744 2.239297475301866 2040
1778757567335 2.261251372118551 2060
1778757567925 2.283205268935236 2080
1778757568516 2.305159165751921 2100
1778757569106 2.327113062568606 2120
1778757569696 2.349066959385291 2140
1778757570286 2.3710208562019757 2160
1778757570876 2.392974753018661 2180
1778757571467 2.4149286498353457 2200
1778757572057 2.436882546652031 2220
1778757572647 2.4588364434687158 2240
1778757574682 2.469813391877058 2250
1778757576280 2.4807903402854006 2260
1778757576871 2.5027442371020854 2280
1778757577461 2.5246981339187706 2300
1778757578051 2.5466520307354554 2320
1778757578642 2.5686059275521407 2340
1778757579230 2.5905598243688255 2360
1778757579806 2.6125137211855103 2380
1778757580384 2.6344676180021955 2400
1778757580974 2.6564215148188803 2420
1778757581562 2.6783754116355656 2440
1778757582151 2.7003293084522504 2460
1778757582740 2.722283205268935 2480
1778757583328 2.74423710208562 2500
1778757585089 2.74423710208562 2500
1778757587002 2.7661909989023052 2520
1778757587587 2.78814489571899 2540
1778757588161 2.8100987925356753 2560
1778757588736 2.83205268935236 2580
1778757589317 2.854006586169045 2600
1778757589906 2.8759604829857297 2620
1778757590496 2.897914379802415 2640
1778757591084 2.9198682766190998 2660
1778757591673 2.941822173435785 2680
1778757592261 2.96377607025247 2700
1778757592849 2.9857299670691546 2720
1778757593440 3.00768386388584 2740
1778757595482 3.0186608122941823 2750
1778757597096 3.0296377607025247 2760
1778757597685 3.0515916575192095 2780
1778757598271 3.0735455543358947 2800
1778757598861 3.0954994511525795 2820
1778757599449 3.1174533479692643 2840
1778757600037 3.1394072447859496 2860
1778757600627 3.1613611416026344 2880
1778757601216 3.1833150384193196 2900
1778757601805 3.2052689352360044 2920
1778757602394 3.2272228320526892 2940
1778757602984 3.2491767288693745 2960
1778757603573 3.2711306256860593 2980
1778757604163 3.293084522502744 3000
1778757605920 3.293084522502744 3000
1778757607830 3.3150384193194293 3020
1778757608420 3.336992316136114 3040
1778757609010 3.358946212952799 3060
1778757609599 3.380900109769484 3080
1778757610188 3.402854006586169 3100
1778757610779 3.4248079034028542 3120
1778757611369 3.446761800219539 3140
1778757611959 3.468715697036224 3160
1778757612547 3.4906695938529086 3180
1778757613136 3.512623490669594 3200
1778757613724 3.5345773874862787 3220
1778757614313 3.556531284302964 3240
1778757616353 3.5675082327113063 3250
1778757617963 3.5784851811196488 3260
1778757618553 3.6004390779363336 3280
1778757619143 3.622392974753019 3300
1778757619733 3.6443468715697036 3320
1778757620323 3.666300768386389 3340
1778757620913 3.6882546652030737 3360
1778757621503 3.7102085620197585 3380
1778757622092 3.7321624588364433 3400
1778757622683 3.7541163556531285 3420
1778757623272 3.7760702524698133 3440
1778757623862 3.7980241492864986 3460
1778757624452 3.8199780461031834 3480
1778757625042 3.841931942919868 3500
1778757626796 3.841931942919868 3500
1778757628694 3.863885839736553 3520
1778757629282 3.885839736553238 3540
1778757629864 3.907793633369923 3560
1778757630450 3.9297475301866083 3580
1778757631039 3.951701427003293 3600
1778757631627 3.973655323819978 3620
1778757632211 3.995609220636663 3640
1778757632795 4.017563117453348 3660
1778757633371 4.039517014270033 3680
1778757633961 4.061470911086718 3700
1778757634549 4.083424807903403 3720
1778757635140 4.105378704720088 3740
1778757637179 4.11635565312843 3750
1778757638788 4.127332601536772 3760
1778757639377 4.149286498353458 3780
1778757639967 4.171240395170143 3800
1778757640556 4.193194291986828 3820
1778757641144 4.2151481888035125 3840
1778757641734 4.237102085620197 3860
1778757642323 4.259055982436882 3880
1778757642912 4.281009879253568 3900
1778757643502 4.302963776070253 3920
1778757644090 4.324917672886937 3940
1778757644679 4.346871569703622 3960
1778757645269 4.368825466520307 3980
1778757645858 4.390779363336993 4000
1778757647608 4.390779363336993 4000
1778757649518 4.4127332601536775 4020
1778757650095 4.434687156970362 4040
1778757650680 4.456641053787047 4060
1778757651268 4.478594950603732 4080
1778757651859 4.500548847420417 4100
1778757652449 4.522502744237102 4120
1778757653039 4.544456641053787 4140
1778757653627 4.566410537870472 4160
1778757654217 4.588364434687157 4180
1778757654806 4.610318331503842 4200
1778757655396 4.632272228320527 4220
1778757655971 4.654226125137212 4240
1778757658005 4.6652030735455545 4250
1778757659588 4.676180021953897 4260
1778757660176 4.698133918770582 4280
1778757660766 4.7200878155872665 4300
1778757661353 4.742041712403951 4320
1778757661930 4.763995609220637 4340
1778757662517 4.785949506037322 4360
1778757663106 4.807903402854007 4380
1778757663694 4.829857299670691 4400
1778757664285 4.851811196487376 4420
1778757664873 4.873765093304062 4440
1778757665462 4.895718990120747 4460
1778757666050 4.9176728869374315 4480
1778757666638 4.939626783754116 4500
1778757668397 4.939626783754116 4500
1778757670288 4.961580680570801 4520
1778757670879 4.983534577387486 4540
1778757672717 5.0 4555
1778757674656 5.0 4555
1778757674999 5.0 4555
1778757675951 5.0 0
