1778757483133 1.1400000000000001e-05 20
1778757483720 2.3400000000000003e-05 40
1778757484292 2.9953385127635962e-05 60
1778757484872 2.9826859045504994e-05 80
1778757485461 2.9693673695893453e-05 100
1778757486052 2.956048834628191e-05 120
1778757486641 2.9427302996670368e-05 140
1778757487231 2.9294117647058824e-05 160
1778757487820 2.9160932297447283e-05 180
1778757488400 2.9034406215316315e-05 200
1778757488990 2.8901220865704774e-05 220
1778757489570 2.8774694783573806e-05 240
1778757493178 2.864816870144284e-05 260
1778757493764 2.85149833518313e-05 280
1778757494353 2.8381798002219756e-05 300
1778757494942 2.8248612652608212e-05 320
1778757495531 2.811542730299667e-05 340
1778757496119 2.7982241953385127e-05 360
1778757496706 2.7849056603773586e-05 380
1778757497295 2.7715871254162042e-05 400
1778757497885 2.75826859045505e-05 420
1778757498474 2.7449500554938957e-05 440
1778757499062 2.7316315205327416e-05 460
1778757499650 2.7183129855715872e-05 480
1778757500239 2.704994450610433e-05 500
1778757504065 2.6916759156492787e-05 520
1778757504653 2.6783573806881246e-05 540
1778757505242 2.6650388457269702e-05 560
1778757505829 2.6517203107658158e-05 580
1778757506402 2.6384017758046617e-05 600
1778757506975 2.6250832408435073e-05 620
1778757507547 2.6117647058823532e-05 640
1778757508119 2.5984461709211988e-05 660
1778757508700 2.5851276359600447e-05 680
1778757509288 2.5718091009988903e-05 700
1778757509878 2.558490566037736e-05 720
1778757510467 2.5451720310765814e-05 740
1778757514145 2.5318534961154274e-05 760
1778757514719 2.518534961154273e-05 780
1778757515293 2.505216426193119e-05 800
1778757515868 2.4918978912319644e-05 820
1778757516441 2.47857935627081e-05 840
1778757517010 2.4659267480577135e-05 860
1778757517600 2.4526082130965595e-05 880
1778757518189 2.439289678135405e-05 900
1778757518780 2.4259711431742506e-05 920
1778757519369 2.4126526082130965e-05 940
1778757519957 2.399334073251942e-05 960
1778757520531 2.386015538290788e-05 980
1778757521104 2.3726970033296336e-05 1000
1778757524756 2.3593784683684795e-05 1020
1778757525345 2.346059933407325e-05 1040
1778757525921 2.332741398446171e-05 1060
1778757526498 2.3194228634850166e-05 1080
1778757527071 2.3061043285238625e-05 1100
1778757527644 2.292785793562708e-05 1120
1778757528228 2.279467258601554e-05 1140
1778757528817 2.2661487236403996e-05 1160
1778757529406 2.2528301886792455e-05 1180
1778757529990 2.239511653718091e-05 1200
1778757530570 2.2261931187569367e-05 1220
1778757531159 2.2128745837957826e-05 1240
1778757534656 2.1995560488346282e-05 1260
1778757535244 2.186237513873474e-05 1280
1778757535834 2.1729189789123197e-05 1300
1778757536422 2.1596004439511656e-05 1320
1778757537012 2.1462819089900112e-05 1340
1778757537600 2.132963374028857e-05 1360
1778757538191 2.1196448390677027e-05 1380
1778757538780 2.1063263041065486e-05 1400
1778757539369 2.0930077691453942e-05 1420
1778757539958 2.0796892341842398e-05 1440
1778757540548 2.0663706992230854e-05 1460
1778757541139 2.053052164261931e-05 1480
1778757541728 2.039733629300777e-05 1500
1778757545387 2.0264150943396225e-05 1520
1778757545978 2.0130965593784684e-05 1540
1778757546568 1.999778024417314e-05 1560
1778757547159 1.98645948945616e-05 1580
1778757547748 1.9731409544950055e-05 1600
1778757548338 1.9598224195338514e-05 1620
1778757548928 1.946503884572697e-05 1640
1778757549519 1.933185349611543e-05 1660
1778757550094 1.9198668146503885e-05 1680
1778757550668 1.9065482796892344e-05 1700
1778757551241 1.89322974472808e-05 1720
1778757551815 1.8799112097669255e-05 1740
1778757555641 1.8665926748057715e-05 1760
1778757556232 1.853274139844617e-05 1780
1778757556822 1.839955604883463e-05 1800
1778757557414 1.8266370699223085e-05 1820
1778757558005 1.8133185349611545e-05 1840
1778757558596 1.8e-05 1860
1778757559187 1.786681465038846e-05 1880
1778757559775 1.7733629300776915e-05 1900
1778757560365 1.7600443951165375e-05 1920
1778757560939 1.746725860155383e-05 1940
1778757561513 1.733407325194229e-05 1960
1778757562086 1.7200887902330745e-05 1980
1778757562660 1.70677025527192e-05 2000
1778757566155 1.693451720310766e-05 2020
1778757566744 1.6801331853496116e-05 2040
1778757567335 1.6668146503884572e-05 2060
1778757567925 1.6534961154273028e-05 2080
1778757568516 1.6401775804661487e-05 2100
1778757569106 1.6268590455049943e-05 2120
1778757569696 1.6135405105438402e-05 2140
1778757570286 1.6002219755826858e-05 2160
1778757570876 1.5869034406215317e-05 2180
1778757571467 1.5735849056603773e-05 2200
1778757572057 1.5602663706992232e-05 2220
1778757572647 1.5469478357380688e-05 2240
1778757576280 1.5336293007769144e-05 2260
1778757576871 1.5203107658157603e-05 2280
1778757577461 1.5069922308546059e-05 2300
1778757578051 1.4936736958934518e-05 2320
1778757578642 1.4803551609322975e-05 2340
1778757579230 1.4670366259711431e-05 2360
1778757579806 1.4537180910099889e-05 2380
1778757580384 1.4403995560488346e-05 2400
1778757580974 1.4270810210876804e-05 2420
1778757581562 1.4137624861265261e-05 2440
1778757582151 1.4004439511653719e-05 2460
1778757582740 1.3871254162042176e-05 2480
1778757583328 1.3738068812430634e-05 2500
1778757587002 1.360488346281909e-05 2520
1778757587587 1.3471698113207547e-05 2540
1778757588161 1.3338512763596005e-05 2560
1778757588736 1.3205327413984462e-05 2580
1778757589317 1.307214206437292e-05 2600
1778757589906 1.2938956714761375e-05 2620
1778757590496 1.2805771365149833e-05 2640
1778757591084 1.267258601553829e-05 2660
1778757591673 1.2539400665926748e-05 2680
1778757592261 1.2406215316315206e-05 2700
1778757592849 1.2273029966703663e-05 2720
1778757593440 1.213984461709212e-05 2740
1778757597096 1.2006659267480578e-05 2760
1778757597685 1.1873473917869036e-05 2780
1778757598271 1.1740288568257493e-05 2800
1778757598861 1.160710321864595e-05 2820
1778757599449 1.1473917869034406e-05 2840
1778757600037 1.1340732519422864e-05 2860
1778757600627 1.120754716981132e-05 2880
1778757601216 1.1074361820199777e-05 2900
1778757601805 1.0941176470588235e-05 2920
1778757602394 1.0807991120976692e-05 2940
1778757602984 1.067480577136515e-05 2960
1778757603573 1.0541620421753607e-05 2980
1778757604163 1.0408435072142065e-05 3000
1778757607830 1.0275249722530522e-05 3020
1778757608420 1.014206437291898e-05 3040
1778757609010 1.0008879023307437e-05 3060
1778757609599 9.875693673695895e-06 3080
1778757610188 9.742508324084352e-06 3100
1778757610779 9.60932297447281e-06 3120
1778757611369 9.476137624861264e-06 3140
1778757611959 9.342952275249721e-06 3160
1778757612547 9.209766925638179e-06 3180
1778757613136 9.076581576026636e-06 3200
1778757613724 8.943396226415094e-06 3220
1778757614313 8.810210876803551e-06 3240
1778757617963 8.677025527192009e-06 3260
1778757618553 8.543840177580466e-06 3280
1778757619143 8.410654827968924e-06 3300
1778757619733 8.277469478357381e-06 3320
1778757620323 8.144284128745839e-06 3340
1778757620913 8.011098779134296e-06 3360
1778757621503 7.877913429522754e-06 3380
1778757622092 7.744728079911211e-06 3400
1778757622683 7.611542730299666e-06 3420
1778757623272 7.478357380688125e-06 3440
1778757623862 7.345172031076582e-06 3460
1778757624452 7.211986681465039e-06 3480
1778757625042 7.078801331853496e-06 3500
1778757628694 6.945615982241954e-06 3520
1778757629282 6.8124306326304106e-06 3540
1778757629864 6.679245283018868e-06 3560
1778757630450 6.5460599334073256e-06 3580
1778757631039 6.412874583795782e-06 3600
1778757631627 6.27968923418424e-06 3620
1778757632211 6.146503884572697e-06 3640
1778757632795 6.013318534961155e-06 3660
1778757633371 5.880133185349611e-06 3680
1778757633961 5.746947835738069e-06 3700
1778757634549 5.613762486126526e-06 3720
1778757635140 5.480577136514983e-06 3740
1778757638788 5.3473917869034406e-06 3760
1778757639377 5.214206437291898e-06 3780
1778757639967 5.081021087680356e-06 3800
1778757640556 4.947835738068813e-06 3820
1778757641144 4.81465038845727e-06 3840
1778757641734 4.681465038845726e-06 3860
1778757642323 4.548279689234184e-06 3880
1778757642912 4.415094339622641e-06 3900
1778757643502 4.281908990011099e-06 3920
1778757644090 4.1487236403995564e-06 3940
1778757644679 4.015538290788014e-06 3960
1778757645269 3.8823529411764714e-06 3980
1778757645858 3.749167591564928e-06 4000
1778757649518 3.6159822419533856e-06 4020
1778757650095 3.4827968923418423e-06 4040
1778757650680 3.3496115427302998e-06 4060
1778757651268 3.2164261931187573e-06 4080
1778757651859 3.0832408435072143e-06 4100
1778757652449 2.9500554938956714e-06 4120
1778757653039 2.816870144284129e-06 4140
1778757653627 2.683684794672586e-06 4160
1778757654217 2.5504994450610435e-06 4180
1778757654806 2.4173140954495006e-06 4200
1778757655396 2.2841287458379577e-06 4220
1778757655971 2.150943396226415e-06 4240
1778757659588 2.0177580466148723e-06 4260
1778757660176 1.8845726970033298e-06 4280
1778757660766 1.7513873473917869e-06 4300
1778757661353 1.6182019977802442e-06 4320
1778757661930 1.4850166481687014e-06 4340
1778757662517 1.3518312985571587e-06 4360
1778757663106 1.218645948945616e-06 4380
1778757663694 1.0854605993340731e-06 4400
1778757664285 9.522752497225306e-07 4420
1778757664873 8.190899001109878e-07 4440
1778757665462 6.859045504994451e-07 4460
1778757666050 5.527192008879024e-07 4480
1778757666638 4.195338512763596e-07 4500
1778757670288 2.8634850166481687e-07 4520
1778757670879 1.5316315205327414e-07 4540
