1777989068085 0.008888888888888889 20
1777989081296 0.017777777777777778 40
1777989094501 0.02666666666666667 60
1777989107664 0.035555555555555556 80
1777989120828 0.044444444444444446 100
1777989133994 0.05333333333333334 120
1777989147159 0.06222222222222222 140
1777989160331 0.07111111111111111 160
1777989173485 0.08 180
1777989186664 0.08888888888888889 200
1777989199820 0.09777777777777778 220
1777989212985 0.10666666666666667 240
1777989285863 0.1111111111111111 250
1777989292929 0.11555555555555555 260
1777989306133 0.12444444444444444 280
1777989319320 0.13333333333333333 300
1777989332633 0.14222222222222222 320
1777989345811 0.1511111111111111 340
1777989358988 0.16 360
1777989372145 0.1688888888888889 380
1777989385296 0.17777777777777778 400
1777989398442 0.18666666666666668 420
1777989411616 0.19555555555555557 440
1777989424771 0.20444444444444446 460
1777989437932 0.21333333333333335 480
1777989451091 0.2222222222222222 500
1777989517256 0.2222222222222222 500
1777989530889 0.2311111111111111 520
1777989544056 0.24 540
1777989557222 0.24888888888888888 560
1777989570385 0.2577777777777778 580
1777989583553 0.26666666666666666 600
1777989596740 0.27555555555555555 620
1777989609977 0.28444444444444444 640
1777989623173 0.29333333333333333 660
1777989636344 0.3022222222222222 680
1777989649513 0.3111111111111111 700
1777989662665 0.32 720
1777989675812 0.3288888888888889 740
1777989748546 0.3333333333333333 750
1777989755625 0.3377777777777778 760
1777989768789 0.3466666666666667 780
1777989781953 0.35555555555555557 800
1777989795106 0.36444444444444446 820
1777989808269 0.37333333333333335 840
1777989821426 0.38222222222222224 860
1777989834594 0.39111111111111113 880
1777989847755 0.4 900
1777989860921 0.4088888888888889 920
1777989874087 0.4177777777777778 940
1777989887254 0.4266666666666667 960
1777989900439 0.43555555555555553 980
1777989913627 0.4444444444444444 1000
1777989979793 0.4444444444444444 1000
1777989993462 0.4533333333333333 1020
1777990006633 0.4622222222222222 1040
1777990019809 0.4711111111111111 1060
1777990032995 0.48 1080
1777990046163 0.4888888888888889 1100
1777990059362 0.49777777777777776 1120
1777990072525 0.5066666666666667 1140
1777990085691 0.5155555555555555 1160
1777990098857 0.5244444444444445 1180
1777990112028 0.5333333333333333 1200
1777990125555 0.5422222222222223 1220
1777990138708 0.5511111111111111 1240
1777990211446 0.5555555555555556 1250
1777990218538 0.56 1260
1777990231723 0.5688888888888889 1280
1777990244915 0.5777777777777777 1300
1777990258088 0.5866666666666667 1320
