1777989068085 3.8e-05 20
1777989081296 7.800000000000001e-05 40
1777989094501 9.995991091314032e-05 60
1777989107664 9.987082405345212e-05 80
1777989120828 9.978173719376392e-05 100
1777989133994 9.969710467706014e-05 120
1777989147159 9.960801781737194e-05 140
1777989160331 9.951893095768374e-05 160
1777989173485 9.942984409799555e-05 180
1777989186664 9.934075723830736e-05 200
1777989199820 9.925167037861916e-05 220
1777989212985 9.916258351893097e-05 240
1777989292929 9.907349665924278e-05 260
1777989306133 9.898440979955457e-05 280
1777989319320 9.889532293986637e-05 300
1777989332633 9.880623608017818e-05 320
1777989345811 9.871714922048998e-05 340
1777989358988 9.862806236080179e-05 360
1777989372145 9.85389755011136e-05 380
1777989385296 9.84498886414254e-05 400
1777989398442 9.83608017817372e-05 420
1777989411616 9.8271714922049e-05 440
1777989424771 9.81826280623608e-05 460
1777989437932 9.809354120267261e-05 480
1777989451091 9.800445434298442e-05 500
1777989530889 9.791536748329622e-05 520
1777989544056 9.782628062360802e-05 540
1777989557222 9.773719376391982e-05 560
1777989570385 9.764810690423163e-05 580
1777989583553 9.755902004454344e-05 600
1777989596740 9.746993318485523e-05 620
1777989609977 9.738084632516704e-05 640
1777989623173 9.729175946547886e-05 660
1777989636344 9.720267260579064e-05 680
1777989649513 9.711358574610245e-05 700
1777989662665 9.702895322939866e-05 720
1777989675812 9.693986636971047e-05 740
1777989755625 9.685077951002227e-05 760
1777989768789 9.676169265033408e-05 780
1777989781953 9.667260579064589e-05 800
1777989795106 9.658351893095769e-05 820
1777989808269 9.64944320712695e-05 840
1777989821426 9.64053452115813e-05 860
1777989834594 9.631625835189309e-05 880
1777989847755 9.62271714922049e-05 900
1777989860921 9.613808463251671e-05 920
1777989874087 9.604899777282851e-05 940
1777989887254 9.595991091314032e-05 960
1777989900439 9.587082405345212e-05 980
1777989913627 9.578173719376392e-05 1000
1777989993462 9.569265033407573e-05 1020
1777990006633 9.560356347438754e-05 1040
1777990019809 9.551447661469933e-05 1060
1777990032995 9.542538975501114e-05 1080
1777990046163 9.533630289532294e-05 1100
1777990059362 9.524721603563474e-05 1120
1777990072525 9.515812917594655e-05 1140
1777990085691 9.506904231625836e-05 1160
1777990098857 9.497995545657016e-05 1180
1777990112028 9.489086859688197e-05 1200
1777990125555 9.480178173719378e-05 1220
1777990138708 9.471269487750558e-05 1240
1777990218538 9.462360801781737e-05 1260
1777990231723 9.453452115812918e-05 1280
1777990244915 9.444543429844098e-05 1300
1777990258088 9.435634743875279e-05 1320
