1778926054853 48.27314376831055 20
1778926074515 77.04923248291016 40
1778926093760 172.54742431640625 60
1778926113420 114.49523162841797 80
1778926132664 78.5916519165039 100
1778926152323 73.93901824951172 120
1778926171564 167.71615600585938 140
1778926191221 311.1975402832031 160
1778926210878 47.0599250793457 180
1778926230117 180.1080780029297 200
1778926249772 92.37602996826172 220
1778926269010 28.106782913208008 240
1778926294215 10.082104682922363 260
1778926313445 80.15668487548828 280
1778926333089 63.1196174621582 300
1778926352732 0.009866860695183277 320
1778926371960 0.49239689111709595 340
1778926391603 0.003261047415435314 360
1778926410829 0.1924866884946823 380
1778926430473 0.002997871721163392 400
1778926449700 0.003299182280898094 420
1778926469343 0.003938563633710146 440
1778926488571 0.00512113468721509 460
