1778926054853 2.6884689331054688 20
1778926074515 2.0713035583496096 40
1778926093760 1.613869857788086 60
1778926113420 1.3634634971618653 80
1778926132664 1.6758604049682617 100
1778926152323 0.9910038948059082 120
1778926171564 0.7787143230438233 140
1778926191221 0.45179386138916017 160
1778926210878 0.38994598388671875 180
1778926230117 0.1674046993255615 200
1778926249772 0.12182815074920654 220
1778926269010 0.06284361481666564 240
1778926294215 0.09816018939018249 260
1778926313445 0.013577809929847718 280
1778926333089 0.017868247628211976 300
1778926352732 0.015247905254364013 320
1778926371960 0.007077646255493164 340
1778926391603 0.0026489170268177986 360
1778926410829 0.0003378508612513542 380
1778926430473 0.0003164948895573616 400
1778926449700 0.00020105335861444473 420
1778926469343 0.00021682586520910263 440
1778926488571 0.00018944982439279557 460
