1777463676057 1.1400000000000001e-05 20
1777463679126 2.3400000000000003e-05 40
1777463682206 2.9961864406779662e-05 60
1777463685274 2.9877118644067798e-05 80
1777463688314 2.9796610169491526e-05 100
1777463691371 2.9711864406779662e-05 120
1777463694441 2.96271186440678e-05 140
1777463697520 2.9542372881355932e-05 160
1777463700583 2.945762711864407e-05 180
1777463703679 2.9372881355932202e-05 200
1777463706760 2.9288135593220342e-05 220
1777463709822 2.9203389830508475e-05 240
1777463720605 2.911864406779661e-05 260
1777463723665 2.9033898305084745e-05 280
1777463726746 2.894915254237288e-05 300
1777463729805 2.8864406779661018e-05 320
1777463732888 2.877966101694915e-05 340
1777463735957 2.8694915254237288e-05 360
1777463739026 2.8610169491525424e-05 380
1777463742093 2.852542372881356e-05 400
1777463745145 2.8440677966101694e-05 420
1777463748247 2.8355932203389834e-05 440
1777463751320 2.8271186440677967e-05 460
1777463754389 2.81864406779661e-05 480
1777463757474 2.8101694915254237e-05 500
1777463768243 2.8016949152542374e-05 520
1777463771339 2.793220338983051e-05 540
1777463774416 2.7847457627118643e-05 560
1777463777492 2.776271186440678e-05 580
1777463780564 2.7677966101694917e-05 600
1777463783629 2.7593220338983053e-05 620
1777463786714 2.7508474576271186e-05 640
1777463789780 2.742372881355932e-05 660
1777463792863 2.733898305084746e-05 680
1777463795944 2.7254237288135593e-05 700
1777463799029 2.716949152542373e-05 720
1777463802108 2.7084745762711866e-05 740
1777463813494 2.7000000000000002e-05 760
1777463816546 2.6915254237288136e-05 780
1777463819615 2.6830508474576272e-05 800
1777463822690 2.674576271186441e-05 820
1777463825773 2.6661016949152542e-05 840
1777463828880 2.657627118644068e-05 860
1777463831977 2.649152542372881e-05 880
1777463835047 2.640677966101695e-05 900
1777463838151 2.6322033898305085e-05 920
1777463841244 2.623728813559322e-05 940
1777463844321 2.6152542372881355e-05 960
1777463847403 2.6067796610169495e-05 980
1777463850497 2.5983050847457628e-05 1000
1777463864445 2.589830508474576e-05 1020
1777463867511 2.58135593220339e-05 1040
1777463870584 2.5728813559322034e-05 1060
1777463873675 2.564406779661017e-05 1080
1777463876762 2.5559322033898304e-05 1100
1777463879867 2.5474576271186444e-05 1120
1777463882968 2.5389830508474577e-05 1140
1777463886069 2.5305084745762714e-05 1160
1777463889168 2.5220338983050847e-05 1180
1777463892243 2.5135593220338983e-05 1200
1777463895311 2.505084745762712e-05 1220
1777463898379 2.4966101694915253e-05 1240
1777463912337 2.488135593220339e-05 1260
1777463915404 2.4796610169491526e-05 1280
1777463918475 2.4711864406779663e-05 1300
1777463921560 2.4627118644067796e-05 1320
1777463924640 2.4542372881355936e-05 1340
1777463927704 2.445762711864407e-05 1360
1777463930776 2.4372881355932202e-05 1380
1777463933857 2.428813559322034e-05 1400
1777463936938 2.4203389830508476e-05 1420
1777463939958 2.4118644067796612e-05 1440
1777463943053 2.4033898305084745e-05 1460
1777463946125 2.3949152542372882e-05 1480
1777463949194 2.386440677966102e-05 1500
1777463961043 2.3779661016949155e-05 1520
1777463964123 2.3694915254237288e-05 1540
1777463967185 2.361016949152542e-05 1560
1777463970258 2.352542372881356e-05 1580
1777463973325 2.3440677966101695e-05 1600
1777463976415 2.335593220338983e-05 1620
1777463979489 2.3271186440677964e-05 1640
1777463982583 2.3186440677966104e-05 1660
1777463985681 2.3101694915254237e-05 1680
1777463988780 2.3016949152542374e-05 1700
1777463991862 2.293220338983051e-05 1720
1777463994950 2.2847457627118644e-05 1740
1777464008786 2.2766949152542375e-05 1760
1777464011854 2.2682203389830508e-05 1780
1777464014927 2.2597457627118645e-05 1800
1777464018008 2.251271186440678e-05 1820
1777464021098 2.2427966101694914e-05 1840
1777464024193 2.234322033898305e-05 1860
1777464027261 2.2258474576271187e-05 1880
1777464030342 2.2173728813559324e-05 1900
1777464033430 2.2088983050847457e-05 1920
1777464036504 2.2004237288135594e-05 1940
1777464039582 2.191949152542373e-05 1960
1777464042666 2.1834745762711864e-05 1980
1777464045742 2.175e-05 2000
1777464057795 2.1665254237288133e-05 2020
1777464060866 2.1580508474576273e-05 2040
1777464063924 2.1495762711864406e-05 2060
1777464066996 2.1411016949152543e-05 2080
1777464070091 2.132627118644068e-05 2100
1777464073173 2.1241525423728816e-05 2120
1777464076267 2.115677966101695e-05 2140
1777464079366 2.1072033898305083e-05 2160
1777464082438 2.0987288135593223e-05 2180
1777464085509 2.0902542372881356e-05 2200
1777464088593 2.0817796610169492e-05 2220
1777464091667 2.0733050847457625e-05 2240
1777464105352 2.0648305084745765e-05 2260
1777464108424 2.05635593220339e-05 2280
1777464111491 2.0478813559322035e-05 2300
1777464114571 2.039406779661017e-05 2320
1777464117669 2.0309322033898305e-05 2340
1777464120756 2.022457627118644e-05 2360
1777464123827 2.0139830508474575e-05 2380
1777464126927 2.0055084745762715e-05 2400
1777464130009 1.9970338983050848e-05 2420
1777464133087 1.9885593220338984e-05 2440
1777464136176 1.9800847457627118e-05 2460
1777464139243 1.9716101694915258e-05 2480
1777464142329 1.963135593220339e-05 2500
1777464158732 1.9546610169491524e-05 2520
1777464161780 1.946186440677966e-05 2540
1777464164850 1.9377118644067797e-05 2560
1777464167934 1.9292372881355934e-05 2580
1777464171018 1.9207627118644067e-05 2600
1777464174115 1.9122881355932204e-05 2620
1777464177212 1.903813559322034e-05 2640
1777464180291 1.8953389830508477e-05 2660
1777464183333 1.886864406779661e-05 2680
1777464186387 1.8783898305084743e-05 2700
1777464189442 1.8699152542372883e-05 2720
1777464192519 1.8614406779661016e-05 2740
1777464203761 1.8529661016949153e-05 2760
1777464206850 1.844491525423729e-05 2780
1777464209914 1.8360169491525426e-05 2800
1777464213001 1.827542372881356e-05 2820
1777464216143 1.8190677966101696e-05 2840
1777464219162 1.8105932203389832e-05 2860
1777464222241 1.8021186440677965e-05 2880
1777464225328 1.7936440677966102e-05 2900
1777464228416 1.7851694915254235e-05 2920
1777464231504 1.7766949152542375e-05 2940
1777464234616 1.768220338983051e-05 2960
1777464237705 1.7597457627118645e-05 2980
1777464240796 1.7512711864406778e-05 3000
