1777463676057 0.6907 20
1777463679126 0.6676 40
1777463682206 0.6595 60
1777463685274 0.6483 80
1777463688314 0.6214 100
1777463691371 0.6177 120
1777463694441 0.6611 140
1777463697520 0.6507 160
1777463700583 0.6527 180
1777463703679 0.6326 200
1777463706760 0.5988 220
1777463709822 0.6179 240
1777463720605 0.6191 260
1777463723665 0.5956 280
1777463726746 0.6327 300
1777463729805 0.6218 320
1777463732888 0.6253 340
1777463735957 0.6037 360
1777463739026 0.6276 380
1777463742093 0.6269 400
1777463745145 0.6248 420
1777463748247 0.5887 440
1777463751320 0.6411 460
1777463754389 0.6107 480
1777463757474 0.6225 500
1777463768243 0.6171 520
1777463771339 0.6226 540
1777463774416 0.5805 560
1777463777492 0.5574 580
1777463780564 0.5595 600
1777463783629 0.6383 620
1777463786714 0.53 640
1777463789780 0.6255 660
1777463792863 0.5928 680
1777463795944 0.5935 700
1777463799029 0.554 720
1777463802108 0.5636 740
1777463813494 0.5756 760
1777463816546 0.5689 780
1777463819615 0.5737 800
1777463822690 0.5998 820
1777463825773 0.5787 840
1777463828880 0.5904 860
1777463831977 0.5481 880
1777463835047 0.5696 900
1777463838151 0.5459 920
1777463841244 0.6145 940
1777463844321 0.5645 960
1777463847403 0.5367 980
1777463850497 0.5168 1000
1777463864445 0.5651 1020
1777463867511 0.599 1040
1777463870584 0.5577 1060
1777463873675 0.5693 1080
1777463876762 0.5527 1100
1777463879867 0.605 1120
1777463882968 0.5325 1140
1777463886069 0.5428 1160
1777463889168 0.5872 1180
1777463892243 0.5466 1200
1777463895311 0.5177 1220
1777463898379 0.5471 1240
1777463912337 0.5765 1260
1777463915404 0.5512 1280
1777463918475 0.5522 1300
1777463921560 0.5792 1320
1777463924640 0.5787 1340
1777463927704 0.5324 1360
1777463930776 0.6077 1380
1777463933857 0.5863 1400
1777463936938 0.5286 1420
1777463939958 0.5312 1440
1777463943053 0.4981 1460
1777463946125 0.4587 1480
1777463949194 0.5138 1500
1777463961043 0.5012 1520
1777463964123 0.5671 1540
1777463967185 0.5012 1560
1777463970258 0.4946 1580
1777463973325 0.4461 1600
1777463976415 0.5464 1620
1777463979489 0.5034 1640
1777463982583 0.4858 1660
1777463985681 0.4934 1680
1777463988780 0.4673 1700
1777463991862 0.5537 1720
1777463994950 0.4888 1740
1777464008786 0.5111 1760
1777464011854 0.4667 1780
1777464014927 0.5473 1800
1777464018008 0.5354 1820
1777464021098 0.4979 1840
1777464024193 0.5288 1860
1777464027261 0.4789 1880
1777464030342 0.5745 1900
1777464033430 0.4831 1920
1777464036504 0.4811 1940
1777464039582 0.5047 1960
1777464042666 0.4653 1980
1777464045742 0.5522 2000
1777464057795 0.5477 2020
1777464060866 0.4814 2040
1777464063924 0.4792 2060
1777464066996 0.4507 2080
1777464070091 0.4321 2100
1777464073173 0.4813 2120
1777464076267 0.5293 2140
1777464079366 0.4198 2160
1777464082438 0.5082 2180
1777464085509 0.498 2200
1777464088593 0.4809 2220
1777464091667 0.5023 2240
1777464105352 0.4449 2260
1777464108424 0.5035 2280
1777464111491 0.43 2300
1777464114571 0.4452 2320
1777464117669 0.4857 2340
1777464120756 0.4899 2360
1777464123827 0.5482 2380
1777464126927 0.4849 2400
1777464130009 0.4631 2420
1777464133087 0.5317 2440
1777464136176 0.4904 2460
1777464139243 0.4476 2480
1777464142329 0.5186 2500
1777464158732 0.4748 2520
1777464161780 0.4578 2540
1777464164850 0.5113 2560
1777464167934 0.5559 2580
1777464171018 0.4575 2600
1777464174115 0.5488 2620
1777464177212 0.5266 2640
1777464180291 0.4721 2660
1777464183333 0.4001 2680
1777464186387 0.4425 2700
1777464189442 0.4962 2720
1777464192519 0.5266 2740
1777464203761 0.5045 2760
1777464206850 0.4683 2780
1777464209914 0.4741 2800
1777464213001 0.4925 2820
1777464216143 0.4794 2840
1777464219162 0.4421 2860
1777464222241 0.3722 2880
1777464225328 0.4011 2900
1777464228416 0.3988 2920
1777464231504 0.3712 2940
1777464234616 0.3407 2960
1777464237705 0.3604 2980
1777464240796 0.3541 3000
