1779316698012 0.019474196689386564 20
1779316700471 0.03894839337877313 40
1779316702819 0.05842259006815969 60
1779316705115 0.07789678675754626 80
1779316707390 0.09737098344693282 100
1779316709644 0.11684518013631938 120
1779316711913 0.13631937682570594 140
1779316714197 0.15579357351509251 160
1779316716466 0.17526777020447906 180
1779316718740 0.19474196689386564 200
1779316721031 0.21421616358325218 220
1779316723332 0.23369036027263876 240
1779316730279 0.24342745861733203 250
1779316732981 0.25316455696202533 260
1779316735283 0.2726387536514119 280
1779316737573 0.2921129503407984 300
1779316739881 0.31158714703018503 320
1779316742168 0.3310613437195716 340
1779316744452 0.3505355404089581 360
1779316746735 0.37000973709834467 380
1779316749035 0.3894839337877313 400
1779316751292 0.4089581304771178 420
1779316753480 0.42843232716650437 440
1779316755668 0.44790652385589097 460
1779316757847 0.4673807205452775 480
1779316760065 0.48685491723466406 500
1779316765280 0.48685491723466406 500
1779316769215 0.5063291139240507 520
1779316771458 0.5258033106134372 540
1779316773686 0.5452775073028238 560
1779316775910 0.5647517039922103 580
1779316778121 0.5842259006815969 600
1779316780337 0.6037000973709834 620
1779316782584 0.6231742940603701 640
1779316784844 0.6426484907497566 660
1779316787076 0.6621226874391432 680
1779316789308 0.6815968841285297 700
1779316791557 0.7010710808179162 720
1779316793819 0.7205452775073028 740
1779316800270 0.7302823758519961 750
1779316803193 0.7400194741966893 760
1779316805428 0.759493670886076 780
1779316807670 0.7789678675754625 800
1779316809885 0.7984420642648491 820
1779316812112 0.8179162609542356 840
1779316814379 0.8373904576436222 860
1779316816620 0.8568646543330087 880
1779316818855 0.8763388510223953 900
1779316821098 0.8958130477117819 920
1779316823339 0.9152872444011685 940
1779316825609 0.934761441090555 960
1779316827846 0.9542356377799416 980
1779316830120 0.9737098344693281 1000
1779316835599 0.9737098344693281 1000
1779316839719 0.9931840311587147 1020
1779316841944 1.0126582278481013 1040
1779316844210 1.0321324245374879 1060
1779316846518 1.0516066212268744 1080
1779316848836 1.071080817916261 1100
1779316851172 1.0905550146056475 1120
1779316853473 1.110029211295034 1140
1779316855664 1.1295034079844206 1160
1779316857908 1.1489776046738072 1180
1779316860165 1.1684518013631937 1200
1779316862458 1.1879259980525803 1220
1779316864744 1.2074001947419668 1240
1779316871446 1.2171372930866602 1250
1779316874395 1.2268743914313536 1260
1779316876626 1.24634858812074 1280
1779316878840 1.2658227848101267 1300
1779316881101 1.2852969814995132 1320
1779316883323 1.3047711781888998 1340
1779316885606 1.3242453748782863 1360
1779316887870 1.3437195715676729 1380
1779316890127 1.3631937682570594 1400
1779316892388 1.382667964946446 1420
1779316894651 1.4021421616358325 1440
1779316896900 1.421616358325219 1460
1779316899161 1.4410905550146056 1480
1779316901457 1.4605647517039921 1500
1779316907041 1.4605647517039921 1500
1779316911240 1.480038948393379 1520
1779316913546 1.4995131450827652 1540
1779316915841 1.518987341772152 1560
1779316918122 1.5384615384615383 1580
1779316920475 1.557935735150925 1600
1779316922773 1.5774099318403116 1620
1779316925103 1.5968841285296982 1640
1779316927412 1.6163583252190847 1660
1779316929683 1.6358325219084713 1680
1779316931978 1.6553067185978578 1700
1779316934239 1.6747809152872444 1720
1779316936508 1.694255111976631 1740
1779316943398 1.7039922103213243 1750
1779316946535 1.7137293086660175 1760
1779316948844 1.7332035053554042 1780
1779316951152 1.7526777020447906 1800
1779316953432 1.7721518987341773 1820
1779316955694 1.7916260954235637 1840
1779316957989 1.8111002921129504 1860
1779316960294 1.8305744888023368 1880
1779316962530 1.8500486854917235 1900
1779316964769 1.86952288218111 1920
1779316967002 1.8889970788704966 1940
1779316969262 1.9084712755598832 1960
1779316971482 1.9279454722492697 1980
1779316973746 1.9474196689386563 2000
1779316979282 1.9474196689386563 2000
1779316983234 1.9668938656280428 2020
1779316985534 1.9863680623174296 2040
1779316987821 2.005842259006816 2060
1779316990116 2.0253164556962027 2080
1779316992412 2.044790652385589 2100
1779316994706 2.0642648490749758 2120
1779316996998 2.083739045764362 2140
1779316999305 2.103213242453749 2160
1779317001631 2.122687439143135 2180
1779317003921 2.142161635832522 2200
1779317006215 2.1616358325219083 2220
1779317008546 2.181110029211295 2240
1779317015542 2.190847127555988 2250
1779317018968 2.2005842259006814 2260
1779317021275 2.220058422590068 2280
1779317023626 2.239532619279455 2300
1779317025929 2.2590068159688412 2320
1779317028229 2.278481012658228 2340
1779317030543 2.2979552093476143 2360
1779317032874 2.317429406037001 2380
1779317035204 2.3369036027263874 2400
1779317037496 2.356377799415774 2420
1779317039796 2.3758519961051605 2440
1779317042105 2.3953261927945473 2460
1779317044397 2.4148003894839336 2480
1779317046702 2.4342745861733204 2500
1779317052578 2.4342745861733204 2500
1779317056950 2.453748782862707 2520
1779317059224 2.4732229795520935 2540
1779317061473 2.49269717624148 2560
1779317063709 2.5121713729308666 2580
1779317065954 2.5316455696202533 2600
1779317068214 2.5511197663096397 2620
1779317070464 2.5705939629990264 2640
1779317072806 2.5900681596884128 2660
1779317075107 2.6095423563777995 2680
1779317077382 2.629016553067186 2700
1779317079656 2.6484907497565726 2720
1779317081920 2.667964946445959 2740
1779317088791 2.6777020447906525 2750
1779317091622 2.6874391431353457 2760
1779317093908 2.706913339824732 2780
1779317096211 2.726387536514119 2800
1779317098502 2.7458617332035056 2820
1779317100757 2.765335929892892 2840
1779317103017 2.7848101265822782 2860
1779317105263 2.804284323271665 2880
1779317107527 2.8237585199610518 2900
1779317109807 2.843232716650438 2920
1779317112064 2.862706913339825 2940
1779317114362 2.882181110029211 2960
1779317116678 2.901655306718598 2980
1779317118978 2.9211295034079843 3000
1779317124633 2.9211295034079843 3000
1779317129000 2.940603700097371 3020
1779317131286 2.960077896786758 3040
1779317133584 2.979552093476144 3060
1779317135906 2.9990262901655305 3080
1779317138156 3.0185004868549172 3100
1779317140452 3.037974683544304 3120
1779317142736 3.0574488802336903 3140
1779317144981 3.076923076923077 3160
1779317147239 3.0963972736124634 3180
1779317149520 3.11587147030185 3200
1779317151820 3.1353456669912365 3220
1779317154110 3.1548198636806233 3240
1779317160793 3.1645569620253164 3250
1779317163773 3.1742940603700096 3260
1779317166092 3.1937682570593964 3280
1779317168409 3.2132424537487827 3300
1779317170678 3.2327166504381695 3320
1779317173007 3.252190847127556 3340
1779317175234 3.2716650438169426 3360
1779317177427 3.291139240506329 3380
1779317179705 3.3106134371957157 3400
1779317182008 3.3300876338851024 3420
1779317184335 3.3495618305744888 3440
1779317186649 3.3690360272638755 3460
1779317188986 3.388510223953262 3480
1779317191321 3.4079844206426486 3500
1779317196968 3.4079844206426486 3500
1779317200947 3.427458617332035 3520
1779317203177 3.4469328140214217 3540
1779317205402 3.466407010710808 3560
1779317207671 3.485881207400195 3580
1779317210024 3.505355404089581 3600
1779317212332 3.524829600778968 3620
1779317214657 3.5443037974683547 3640
1779317216909 3.563777994157741 3660
1779317219176 3.5832521908471273 3680
1779317221467 3.602726387536514 3700
1779317223776 3.622200584225901 3720
1779317226123 3.641674780915287 3740
1779317233059 3.651411879259981 3750
1779317236201 3.661148977604674 3760
1779317238499 3.6806231742940603 3780
1779317240807 3.700097370983447 3800
1779317243130 3.7195715676728334 3820
1779317245414 3.73904576436222 3840
1779317247695 3.7585199610516065 3860
1779317249967 3.7779941577409932 3880
1779317252293 3.7974683544303796 3900
1779317254617 3.8169425511197663 3920
1779317256940 3.836416747809153 3940
1779317259257 3.8558909444985394 3960
1779317261649 3.8753651411879257 3980
1779317263980 3.8948393378773125 4000
1779317269666 3.8948393378773125 4000
1779317273439 3.9143135345666993 4020
1779317275732 3.9337877312560856 4040
1779317278034 3.9532619279454724 4060
1779317280302 3.9727361246348587 4080
1779317282539 3.9922103213242455 4100
1779317284782 4.011684518013632 4120
1779317287046 4.031158714703018 4140
1779317289315 4.050632911392405 4160
1779317291582 4.070107108081792 4180
1779317293846 4.089581304771178 4200
1779317296155 4.109055501460565 4220
1779317298463 4.1285296981499515 4240
1779317305396 4.138266796494644 4250
1779317308551 4.148003894839338 4260
1779317310759 4.167478091528724 4280
1779317312950 4.186952288218111 4300
1779317315179 4.206426484907498 4320
1779317317408 4.225900681596884 4340
1779317319701 4.24537487828627 4360
1779317321986 4.264849074975658 4380
1779317324330 4.284323271665044 4400
1779317326667 4.30379746835443 4420
1779317328894 4.3232716650438165 4440
1779317331089 4.342745861733204 4460
1779317333333 4.36222005842259 4480
1779317335610 4.381694255111976 4500
1779317341402 4.381694255111976 4500
1779317345734 4.401168451801363 4520
1779317348028 4.42064264849075 4540
1779317350358 4.440116845180136 4560
1779317352653 4.459591041869523 4580
1779317354952 4.47906523855891 4600
1779317357282 4.498539435248296 4620
1779317359562 4.5180136319376825 4640
1779317361820 4.537487828627069 4660
1779317364126 4.556962025316456 4680
1779317366413 4.576436222005842 4700
1779317368707 4.595910418695229 4720
1779317370997 4.615384615384615 4740
1779317378059 4.625121713729309 4750
1779317381143 4.634858812074002 4760
1779317383459 4.6543330087633885 4780
1779317385750 4.673807205452775 4800
1779317388122 4.693281402142162 4820
1779317390450 4.712755598831548 4840
1779317392748 4.732229795520935 4860
1779317395071 4.751703992210321 4880
1779317397403 4.771178188899708 4900
1779317399731 4.790652385589095 4920
1779317402064 4.810126582278481 4940
1779317404372 4.829600778967867 4960
1779317406707 4.849074975657254 4980
1779317409035 4.868549172346641 5000
1779317414774 4.868549172346641 5000
1779317418705 4.888023369036027 5020
1779317421008 4.907497565725414 5040
1779317423282 4.926971762414801 5060
1779317425561 4.946445959104187 5080
1779317427861 4.965920155793573 5100
1779317430224 4.98539435248296 5120
1779317435319 5.0 5135
1779317441486 5.0 5135
1779317448661 5.0 5135
1779317456869 5.0 0
