1778760605742 0.4348829388618469 20
1778760605901 0.4870316982269287 40
1778760606059 0.3863784670829773 60
1778760606218 0.5231289863586426 80
1778760606377 0.4212448298931122 100
1778760606536 0.5954026579856873 120
1778760606694 0.7654224634170532 140
1778760606853 0.7890065312385559 160
1778760607011 0.5271201729774475 180
1778760607170 0.3728092312812805 200
1778760607328 0.3816298842430115 220
1778760607487 0.5599009394645691 240
1778760609734 0.41127297282218933 260
1778760609895 0.3079078197479248 280
1778760610054 0.5068033933639526 300
1778760610213 0.35682517290115356 320
1778760610372 0.6498640179634094 340
1778760610531 0.5069375038146973 360
1778760610694 0.38249990344047546 380
1778760610852 0.416839063167572 400
1778760611012 0.4030645489692688 420
1778760611171 0.45189565420150757 440
1778760611330 0.4567182958126068 460
1778760611492 0.9795676469802856 480
1778760611651 0.4430413246154785 500
1778760613915 0.4628712832927704 520
1778760614076 0.5176384449005127 540
1778760614235 0.42313745617866516 560
1778760614395 0.3927082419395447 580
1778760614554 0.34370049834251404 600
1778760614717 0.8719525337219238 620
1778760614880 0.35858362913131714 640
1778760615039 0.41079187393188477 660
1778760615198 0.3549249768257141 680
1778760615356 0.4427286684513092 700
1778760615515 0.4313924014568329 720
1778760615673 0.6635492444038391 740
1778760617925 0.509334921836853 760
1778760618084 0.42142245173454285 780
1778760618243 0.45303815603256226 800
1778760618401 0.6216682195663452 820
1778760618558 0.426426500082016 840
1778760618715 0.4207002818584442 860
1778760618872 0.6446909308433533 880
1778760619029 0.47535446286201477 900
1778760619187 0.37557628750801086 920
1778760619344 0.3684937357902527 940
1778760619503 0.4576573967933655 960
1778760619661 0.43379199504852295 980
1778760619820 0.3182660639286041 1000
1778760622083 0.3222808241844177 1020
1778760622243 0.44278398156166077 1040
1778760622402 0.5685322284698486 1060
1778760622561 0.42913979291915894 1080
1778760622722 0.33567750453948975 1100
1778760622880 0.3776242434978485 1120
1778760623039 0.44564369320869446 1140
1778760623198 0.3323448598384857 1160
1778760623358 0.446194052696228 1180
1778760623518 0.46521395444869995 1200
1778760623678 0.39635443687438965 1220
1778760623836 0.5000987648963928 1240
1778760626095 0.35323354601860046 1260
1778760626256 0.31761473417282104 1280
1778760626415 0.5011358261108398 1300
1778760626574 0.5108777284622192 1320
1778760626734 0.548927903175354 1340
1778760626893 0.45043468475341797 1360
1778760627053 0.45859214663505554 1380
1778760627212 0.31514427065849304 1400
1778760627372 0.5686672329902649 1420
1778760627531 0.8423520922660828 1440
1778760627690 0.31931719183921814 1460
1778760627849 0.36458197236061096 1480
1778760628008 0.4168676733970642 1500
1778760630273 0.8031306266784668 1520
1778760630431 0.35394927859306335 1540
1778760630588 0.38685643672943115 1560
1778760630745 0.41055288910865784 1580
1778760630902 0.42905083298683167 1600
1778760631061 0.33429086208343506 1620
1778760631218 0.3734102249145508 1640
1778760631375 0.3171420693397522 1660
1778760631533 0.3774704933166504 1680
1778760631691 0.5170648694038391 1700
1778760631850 0.447298526763916 1720
1778760632010 0.37050333619117737 1740
1778760634275 0.6687456965446472 1760
1778760634435 0.5285101532936096 1780
1778760634595 0.3891931474208832 1800
1778760634753 0.6760885119438171 1820
1778760634913 0.30909276008605957 1840
1778760635072 0.41596662998199463 1860
1778760635231 0.35505449771881104 1880
1778760635390 0.7102968692779541 1900
1778760635549 0.5614772439002991 1920
1778760635707 0.4264306426048279 1940
1778760635865 0.38100719451904297 1960
1778760636022 0.5328814387321472 1980
1778760636179 0.35529422760009766 2000
1778760638434 0.495515912771225 2020
1778760638592 0.4311767816543579 2040
1778760638749 0.3589136004447937 2060
1778760638905 0.6559596061706543 2080
1778760639062 0.40432751178741455 2100
1778760639219 0.5052347183227539 2120
1778760639376 0.518451452255249 2140
1778760639533 0.3782934248447418 2160
1778760639690 0.368094265460968 2180
1778760639846 0.3359025716781616 2200
1778760640003 0.5305503010749817 2220
1778760640160 0.3860456943511963 2240
1778760642419 0.604548990726471 2260
1778760642577 0.4185708463191986 2280
1778760642734 0.389945924282074 2300
1778760642891 0.32472923398017883 2320
1778760643050 0.32912686467170715 2340
1778760643207 0.45306843519210815 2360
1778760643365 0.482113242149353 2380
1778760643521 0.35523325204849243 2400
1778760643679 0.4075566828250885 2420
1778760643835 0.44791707396507263 2440
1778760643993 0.39578548073768616 2460
1778760644150 0.7133047580718994 2480
1778760644307 0.32060232758522034 2500
1778760646506 0.39383092522621155 2520
1778760646666 0.4878601133823395 2540
1778760646826 0.34576526284217834 2560
1778760646985 0.5617437362670898 2580
1778760647144 0.4907466173171997 2600
1778760647303 0.4943484961986542 2620
1778760647462 0.34332841634750366 2640
1778760647622 0.5316951274871826 2660
1778760647781 0.44322630763053894 2680
1778760647941 0.3796021044254303 2700
1778760648099 0.3587770462036133 2720
1778760648259 0.4206148087978363 2740
1778760650502 0.5858491659164429 2760
1778760650662 0.42613083124160767 2780
1778760650823 0.34260106086730957 2800
1778760650983 0.32777753472328186 2820
1778760651142 0.40024861693382263 2840
1778760651299 0.31915387511253357 2860
1778760651457 0.6732386946678162 2880
1778760651616 0.6084722280502319 2900
1778760651774 0.5001107454299927 2920
1778760651932 0.3812771141529083 2940
1778760652092 0.6631358861923218 2960
1778760652253 0.3715393841266632 2980
1778760652414 0.5116689205169678 3000
1778760654675 0.4644956886768341 3020
1778760654835 0.40768730640411377 3040
1778760654995 0.3891226649284363 3060
1778760655154 0.3394239544868469 3080
1778760655313 0.4632088541984558 3100
1778760655473 0.37372714281082153 3120
1778760655632 0.5798803567886353 3140
1778760655791 0.36755111813545227 3160
1778760655950 0.3447709381580353 3180
1778760656109 0.41219574213027954 3200
1778760656268 0.3261375427246094 3220
1778760656428 0.4724317491054535 3240
1778760658745 0.4191420078277588 3260
1778760658903 0.5802602767944336 3280
1778760659061 0.33284392952919006 3300
1778760659219 0.4401421546936035 3320
1778760659378 0.3864116668701172 3340
1778760659537 0.3993576765060425 3360
1778760659695 0.7269107699394226 3380
1778760659854 0.3492192327976227 3400
1778760660015 0.317766398191452 3420
1778760660174 0.5858595371246338 3440
1778760660332 0.5289611220359802 3460
1778760660491 0.34297630190849304 3480
1778760660649 0.415140837430954 3500
1778760662853 0.5030398368835449 3520
1778760663013 0.36848634481430054 3540
1778760663173 0.3603946566581726 3560
1778760663333 0.43224602937698364 3580
1778760663493 0.4996793866157532 3600
1778760663651 0.40690237283706665 3620
1778760663810 0.34936702251434326 3640
1778760663969 0.40318357944488525 3660
1778760664129 0.4574633240699768 3680
1778760664287 0.701421320438385 3700
1778760664446 0.36091816425323486 3720
1778760664605 0.5390968918800354 3740
1778760666847 0.399370014667511 3760
1778760667006 0.3843076527118683 3780
1778760667164 0.39767852425575256 3800
1778760667323 0.33332788944244385 3820
1778760667482 0.6185877323150635 3840
1778760667641 0.49144184589385986 3860
1778760667799 0.6646004319190979 3880
1778760667957 0.33997970819473267 3900
1778760668115 0.3966532349586487 3920
1778760668273 0.43182840943336487 3940
1778760668432 0.3816491663455963 3960
1778760668591 0.38302356004714966 3980
1778760668748 0.3460974097251892 4000
1778760671049 0.34182208776474 4020
1778760671206 0.37469586730003357 4040
1778760671363 0.3300834894180298 4060
1778760671522 0.36185207962989807 4080
1778760671681 0.4027778208255768 4100
1778760671839 0.4085390865802765 4120
1778760671998 0.4834955036640167 4140
1778760672157 0.43619993329048157 4160
1778760672315 0.5904229283332825 4180
1778760672474 0.33639219403266907 4200
1778760672632 0.3707762062549591 4220
1778760672791 0.3754849135875702 4240
1778760674976 0.325396865606308 4260
1778760675135 0.4362892508506775 4280
1778760675292 0.3469555079936981 4300
1778760675449 0.3196784257888794 4320
1778760675608 0.31121471524238586 4340
1778760675766 0.3396265506744385 4360
1778760675925 0.7153340578079224 4380
1778760676083 0.4002948999404907 4400
1778760676242 0.412716805934906 4420
1778760676400 0.3528469204902649 4440
1778760676559 0.3613276183605194 4460
1778760676717 0.6583550572395325 4480
1778760676875 0.3691187798976898 4500
1778760679130 0.4413277506828308 4520
1778760679287 0.480446457862854 4540
