1778760605742 0.692 20
1778760605901 0.6957 40
1778760606059 0.6933 60
1778760606218 0.692 80
1778760606377 0.6932 100
1778760606536 0.6897 120
1778760606694 0.6929 140
1778760606853 0.6905 160
1778760607011 0.6905 180
1778760607170 0.69 200
1778760607328 0.6901 220
1778760607487 0.6921 240
1778760609734 0.6912 260
1778760609895 0.6884 280
1778760610054 0.6871 300
1778760610213 0.6891 320
1778760610372 0.6865 340
1778760610531 0.6863 360
1778760610694 0.6883 380
1778760610852 0.686 400
1778760611012 0.6865 420
1778760611171 0.6855 440
1778760611330 0.6873 460
1778760611492 0.6881 480
1778760611651 0.687 500
1778760613915 0.6867 520
1778760614076 0.6848 540
1778760614235 0.6883 560
1778760614395 0.6861 580
1778760614554 0.6827 600
1778760614717 0.6844 620
1778760614880 0.6852 640
1778760615039 0.6832 660
1778760615198 0.6818 680
1778760615356 0.6838 700
1778760615515 0.6842 720
1778760615673 0.6844 740
1778760617925 0.6846 760
1778760618084 0.686 780
1778760618243 0.6798 800
1778760618401 0.6833 820
1778760618558 0.6844 840
1778760618715 0.6814 860
1778760618872 0.6835 880
1778760619029 0.6813 900
1778760619187 0.6811 920
1778760619344 0.6811 940
1778760619503 0.6816 960
1778760619661 0.6788 980
1778760619820 0.6798 1000
1778760622083 0.6794 1020
1778760622243 0.6801 1040
1778760622402 0.679 1060
1778760622561 0.6813 1080
1778760622722 0.6779 1100
1778760622880 0.6786 1120
1778760623039 0.6791 1140
1778760623198 0.679 1160
1778760623358 0.6773 1180
1778760623518 0.6801 1200
1778760623678 0.6772 1220
1778760623836 0.6789 1240
1778760626095 0.6778 1260
1778760626256 0.6791 1280
1778760626415 0.6797 1300
1778760626574 0.6792 1320
1778760626734 0.6759 1340
1778760626893 0.6772 1360
1778760627053 0.6754 1380
1778760627212 0.6743 1400
1778760627372 0.6733 1420
1778760627531 0.6729 1440
1778760627690 0.674 1460
1778760627849 0.6741 1480
1778760628008 0.6754 1500
1778760630273 0.6735 1520
1778760630431 0.6795 1540
1778760630588 0.6718 1560
1778760630745 0.6717 1580
1778760630902 0.6708 1600
1778760631061 0.6751 1620
1778760631218 0.676 1640
1778760631375 0.6759 1660
1778760631533 0.6711 1680
1778760631691 0.673 1700
1778760631850 0.6767 1720
1778760632010 0.67 1740
1778760634275 0.671 1760
1778760634435 0.6747 1780
1778760634595 0.6732 1800
1778760634753 0.6739 1820
1778760634913 0.6735 1840
1778760635072 0.6757 1860
1778760635231 0.6733 1880
1778760635390 0.6721 1900
1778760635549 0.6703 1920
1778760635707 0.6714 1940
1778760635865 0.6735 1960
1778760636022 0.6724 1980
1778760636179 0.6708 2000
1778760638434 0.6705 2020
1778760638592 0.6738 2040
1778760638749 0.6703 2060
1778760638905 0.6707 2080
1778760639062 0.6707 2100
1778760639219 0.6652 2120
1778760639376 0.67 2140
1778760639533 0.6736 2160
1778760639690 0.6699 2180
1778760639846 0.6682 2200
1778760640003 0.6693 2220
1778760640160 0.667 2240
1778760642419 0.6672 2260
1778760642577 0.6637 2280
1778760642734 0.6675 2300
1778760642891 0.6698 2320
1778760643050 0.6699 2340
1778760643207 0.6708 2360
1778760643365 0.6683 2380
1778760643521 0.6651 2400
1778760643679 0.6678 2420
1778760643835 0.6685 2440
1778760643993 0.6701 2460
1778760644150 0.6763 2480
1778760644307 0.6701 2500
1778760646506 0.6666 2520
1778760646666 0.6702 2540
1778760646826 0.6663 2560
1778760646985 0.6661 2580
1778760647144 0.6691 2600
1778760647303 0.665 2620
1778760647462 0.6672 2640
1778760647622 0.6649 2660
1778760647781 0.6697 2680
1778760647941 0.6664 2700
1778760648099 0.665 2720
1778760648259 0.6646 2740
1778760650502 0.6684 2760
1778760650662 0.6662 2780
1778760650823 0.67 2800
1778760650983 0.6619 2820
1778760651142 0.6644 2840
1778760651299 0.6689 2860
1778760651457 0.6665 2880
1778760651616 0.6706 2900
1778760651774 0.6633 2920
1778760651932 0.6653 2940
1778760652092 0.6666 2960
1778760652253 0.6673 2980
1778760652414 0.6676 3000
1778760654675 0.6618 3020
1778760654835 0.6667 3040
1778760654995 0.6696 3060
1778760655154 0.6705 3080
1778760655313 0.6658 3100
1778760655473 0.662 3120
1778760655632 0.6581 3140
1778760655791 0.662 3160
1778760655950 0.6653 3180
1778760656109 0.6648 3200
1778760656268 0.6681 3220
1778760656428 0.6637 3240
1778760658745 0.6645 3260
1778760658903 0.6663 3280
1778760659061 0.6641 3300
1778760659219 0.6626 3320
1778760659378 0.6614 3340
1778760659537 0.6604 3360
1778760659695 0.6655 3380
1778760659854 0.6637 3400
1778760660015 0.6638 3420
1778760660174 0.6615 3440
1778760660332 0.6621 3460
1778760660491 0.6676 3480
1778760660649 0.6606 3500
1778760662853 0.6588 3520
1778760663013 0.6552 3540
1778760663173 0.6648 3560
1778760663333 0.6627 3580
1778760663493 0.6633 3600
1778760663651 0.6664 3620
1778760663810 0.6622 3640
1778760663969 0.6612 3660
1778760664129 0.6662 3680
1778760664287 0.6643 3700
1778760664446 0.6659 3720
1778760664605 0.6639 3740
1778760666847 0.6584 3760
1778760667006 0.6595 3780
1778760667164 0.668 3800
1778760667323 0.6726 3820
1778760667482 0.6627 3840
1778760667641 0.6584 3860
1778760667799 0.662 3880
1778760667957 0.6625 3900
1778760668115 0.6671 3920
1778760668273 0.6618 3940
1778760668432 0.6645 3960
1778760668591 0.6668 3980
1778760668748 0.6631 4000
1778760671049 0.6631 4020
1778760671206 0.6606 4040
1778760671363 0.6626 4060
1778760671522 0.6611 4080
1778760671681 0.6661 4100
1778760671839 0.6581 4120
1778760671998 0.6587 4140
1778760672157 0.6584 4160
1778760672315 0.6646 4180
1778760672474 0.6685 4200
1778760672632 0.6658 4220
1778760672791 0.6612 4240
1778760674976 0.6636 4260
1778760675135 0.6676 4280
1778760675292 0.6589 4300
1778760675449 0.6666 4320
1778760675608 0.6619 4340
1778760675766 0.6653 4360
1778760675925 0.6603 4380
1778760676083 0.6585 4400
1778760676242 0.6631 4420
1778760676400 0.6642 4440
1778760676559 0.6623 4460
1778760676717 0.6615 4480
1778760676875 0.658 4500
1778760679130 0.6651 4520
1778760679287 0.6663 4540
