1777676006446 1.4151220321655273 20
1777676009398 2.7306666374206543 40
1777676012366 0.9334545731544495 60
1777676015328 0.9159194827079773 80
1777676018296 1.0982288122177124 100
1777676021262 0.9070923924446106 120
1777676024232 1.0756795406341553 140
1777676027200 1.3582611083984375 160
1777676030179 1.451628565788269 180
1777676033153 2.3705787658691406 200
1777676036135 1.2494699954986572 220
1777676039108 1.4181759357452393 240
1777676050921 1.7920410633087158 260
1777676053909 2.0538620948791504 280
1777676056902 2.4325978755950928 300
1777676059883 2.202343702316284 320
1777676062868 1.6478286981582642 340
1777676065862 1.0042750835418701 360
1777676068853 1.9534791707992554 380
1777676071847 2.1887145042419434 400
1777676074836 1.537024736404419 420
1777676077823 1.7350075244903564 440
1777676080814 0.9842350482940674 460
1777676083799 2.0438039302825928 480
1777676086782 1.2765971422195435 500
1777676098586 1.8799470663070679 520
1777676101570 1.5165961980819702 540
1777676104571 2.1632721424102783 560
1777676107558 1.2779955863952637 580
1777676110552 3.362504243850708 600
1777676113530 1.3225146532058716 620
1777676116517 2.355924129486084 640
1777676119505 1.405077576637268 660
1777676122493 1.8263849020004272 680
1777676125473 2.3040590286254883 700
1777676128470 1.160640001296997 720
1777676131449 1.2397005558013916 740
1777676143265 1.2326875925064087 760
1777676146267 1.1994298696517944 780
1777676149252 2.174691915512085 800
1777676152259 1.862376093864441 820
1777676155240 2.400881767272949 840
1777676158233 2.4622628688812256 860
1777676161209 1.4874869585037231 880
1777676164212 1.371652603149414 900
1777676167193 1.2802623510360718 920
1777676170191 1.9336426258087158 940
1777676173168 4.146206855773926 960
1777676176163 1.7074193954467773 980
1777676179156 1.332577109336853 1000
1777676190978 1.131062626838684 1020
1777676193968 5.395692348480225 1040
1777676196955 1.9038130044937134 1060
1777676199945 1.332542896270752 1080
1777676202930 2.4609086513519287 1100
1777676205927 1.6190580129623413 1120
1777676208909 1.8003273010253906 1140
1777676211897 1.1161320209503174 1160
1777676214885 2.6125376224517822 1180
1777676217872 1.134521484375 1200
1777676220860 1.4742300510406494 1220
1777676223847 1.371948480606079 1240
1777676235692 2.8195667266845703 1260
1777676238690 1.3119717836380005 1280
1777676241680 1.3706234693527222 1300
1777676244673 3.2192466259002686 1320
1777676247666 1.6474915742874146 1340
1777676250664 3.627336263656616 1360
1777676253646 1.1291688680648804 1380
1777676256641 2.061392068862915 1400
1777676259630 1.459652066230774 1420
1777676262618 3.9174487590789795 1440
1777676265603 3.3147177696228027 1460
1777676268598 3.446382761001587 1480
1777676271591 1.5501656532287598 1500
1777676283460 1.4496840238571167 1520
1777676286467 2.6545143127441406 1540
1777676289460 4.6306281089782715 1560
1777676292305 1.257053256034851 1580
1777676295107 2.5794613361358643 1600
1777676297906 1.7457122802734375 1620
1777676300706 2.506284713745117 1640
1777676303504 2.562453508377075 1660
1777676306304 1.7292238473892212 1680
1777676309105 1.0746887922286987 1700
1777676311905 2.1524996757507324 1720
1777676314703 2.5542750358581543 1740
1777676325776 1.6564854383468628 1760
1777676328572 2.277566909790039 1780
1777676331370 1.5087929964065552 1800
1777676334171 3.1002566814422607 1820
1777676336967 2.7809460163116455 1840
1777676339765 1.9830303192138672 1860
1777676342565 3.338629961013794 1880
1777676345359 1.9372576475143433 1900
1777676348158 3.7418041229248047 1920
1777676350957 1.5396353006362915 1940
1777676353753 2.0684680938720703 1960
1777676356550 2.442561626434326 1980
1777676359347 1.5536820888519287 2000
1777676370397 1.2771986722946167 2020
1777676373198 3.219536066055298 2040
1777676375996 2.2765095233917236 2060
1777676378797 2.1800572872161865 2080
1777676381594 1.6188220977783203 2100
1777676384391 2.05029559135437 2120
1777676387190 1.7141879796981812 2140
1777676389990 2.1014790534973145 2160
1777676392788 1.6511231660842896 2180
1777676395590 2.039097785949707 2200
1777676398389 1.2135738134384155 2220
1777676401190 2.0372612476348877 2240
1777676412841 1.8978544473648071 2260
1777676415637 1.9049463272094727 2280
1777676418439 1.3554317951202393 2300
1777676421239 5.876341342926025 2320
1777676424038 1.7259783744812012 2340
1777676426838 1.7840296030044556 2360
1777676429631 1.2292455434799194 2380
1777676432430 3.205801486968994 2400
1777676435230 2.6456942558288574 2420
1777676438066 3.834266185760498 2440
1777676441023 2.413379669189453 2460
1777676444026 2.6023366451263428 2480
1777676447020 3.4001834392547607 2500
1777676458864 2.0694713592529297 2520
1777676461853 1.9318968057632446 2540
1777676464844 3.1858232021331787 2560
1777676467834 3.340118408203125 2580
1777676470827 2.325047016143799 2600
1777676473821 1.8338496685028076 2620
1777676476814 2.5207982063293457 2640
1777676479807 2.2656924724578857 2660
1777676482798 2.8419201374053955 2680
1777676485786 1.741267442703247 2700
1777676488775 4.2405524253845215 2720
1777676491761 1.7398003339767456 2740
1777676503724 7.139959812164307 2760
1777676506720 4.405416488647461 2780
1777676509713 3.017267942428589 2800
1777676512709 2.590113639831543 2820
1777676515705 1.8433066606521606 2840
1777676518697 1.7427438497543335 2860
1777676521682 3.451240301132202 2880
1777676524677 2.5389750003814697 2900
1777676527666 1.757826805114746 2920
1777676530658 2.3298380374908447 2940
1777676533642 2.8112781047821045 2960
1777676536626 2.4738874435424805 2980
1777676539625 2.3010151386260986 3000
1777676551487 2.3805456161499023 3020
1777676554491 2.15441632270813 3040
1777676557471 2.861191749572754 3060
1777676560462 1.5875385999679565 3080
1777676563448 3.3346736431121826 3100
1777676566437 1.5298161506652832 3120
1777676569425 2.856898546218872 3140
1777676572421 2.636251926422119 3160
1777676575412 2.156395673751831 3180
1777676578404 3.790867567062378 3200
1777676581392 2.920867681503296 3220
1777676584384 3.3431525230407715 3240
1777676596259 1.9899985790252686 3260
1777676599444 2.6141185760498047 3280
1777676602444 3.2156765460968018 3300
1777676605443 2.9447286128997803 3320
1777676608447 2.718162775039673 3340
1777676611445 2.8935821056365967 3360
1777676614448 1.9858840703964233 3380
1777676617423 2.9549295902252197 3400
1777676620417 2.8242979049682617 3420
1777676623407 3.1685168743133545 3440
1777676626411 3.9717698097229004 3460
1777676629398 1.557115077972412 3480
1777676632400 1.8970261812210083 3500
1777676644275 2.54838228225708 3520
1777676647259 2.6868245601654053 3540
1777676650268 4.482462406158447 3560
1777676653255 2.1961121559143066 3580
1777676656260 2.9330227375030518 3600
1777676659240 2.506277322769165 3620
1777676662234 3.5937085151672363 3640
1777676665223 2.1062510013580322 3660
1777676668219 2.3326895236968994 3680
1777676671207 6.412591934204102 3700
1777676674200 1.9026904106140137 3720
1777676677179 2.2400407791137695 3740
1777676689047 1.909943699836731 3760
1777676692042 3.895418882369995 3780
1777676695032 2.727025270462036 3800
1777676698032 4.194968223571777 3820
1777676701013 4.146221160888672 3840
1777676704000 3.716219425201416 3860
1777676706983 2.0671417713165283 3880
1777676709971 1.7702219486236572 3900
1777676712953 2.617029905319214 3920
1777676715938 2.1459479331970215 3940
1777676718922 5.826170921325684 3960
1777676721904 2.7146565914154053 3980
1777676724881 3.551248073577881 4000
1777676736756 2.8184902667999268 4020
1777676739704 3.7949979305267334 4040
1777676742502 2.958576202392578 4060
1777676745303 2.3574881553649902 4080
1777676748106 1.5420145988464355 4100
1777676750909 3.146637439727783 4120
1777676753707 2.379995584487915 4140
1777676756511 3.5967886447906494 4160
1777676759310 1.8263897895812988 4180
1777676762120 3.724832057952881 4200
1777676764921 2.663120746612549 4220
1777676767725 1.5319111347198486 4240
1777676778878 3.0700902938842773 4260
1777676781683 2.5405662059783936 4280
1777676784486 2.8577568531036377 4300
1777676787288 2.9799654483795166 4320
1777676790087 2.433302164077759 4340
1777676792888 2.5918126106262207 4360
1777676795685 3.1362810134887695 4380
1777676798486 1.3941407203674316 4400
1777676801291 2.38696551322937 4420
1777676804088 3.1353769302368164 4440
1777676806887 4.330689907073975 4460
1777676809688 2.2918648719787598 4480
1777676812489 3.110067367553711 4500
1777676823578 2.471118211746216 4520
1777676826377 5.266327381134033 4540
1777676829174 3.297854423522949 4560
1777676831979 1.616790533065796 4580
1777676834777 4.250087261199951 4600
1777676837579 2.5089974403381348 4620
1777676840376 3.0116374492645264 4640
1777676843175 3.9212355613708496 4660
1777676845976 2.2880687713623047 4680
1777676848776 3.325018882751465 4700
1777676851579 4.130410194396973 4720
1777676854380 3.4147372245788574 4740
1777676865465 3.6341090202331543 4760
1777676868273 3.01301646232605 4780
1777676871076 4.625332355499268 4800
1777676873882 2.980893850326538 4820
1777676876688 7.313387870788574 4840
1777676879492 1.6751521825790405 4860
1777676882300 4.0466156005859375 4880
1777676885105 3.894993305206299 4900
1777676887908 7.3914995193481445 4920
1777676890710 2.1891584396362305 4940
1777676893516 3.2323362827301025 4960
1777676896319 3.526890277862549 4980
1777676899121 7.063811779022217 5000
1777676910194 1.7064152956008911 5020
1777676912999 2.599578619003296 5040
1777676915803 3.939758062362671 5060
1777676918607 5.2936248779296875 5080
1777676921413 2.6575658321380615 5100
1777676924213 2.518839120864868 5120
1777676927020 3.1059467792510986 5140
1777676929824 2.2668416500091553 5160
1777676932627 2.3966100215911865 5180
1777676935431 2.735682487487793 5200
1777676938236 3.293323040008545 5220
1777676941043 1.0661168098449707 5240
1777676952120 2.3266940116882324 5260
1777676954923 3.3445746898651123 5280
1777676957725 2.0410237312316895 5300
1777676960531 3.985487461090088 5320
