1777676006446 1.1400000000000001e-05 20
1777676009398 2.3400000000000003e-05 40
1777676012366 2.9948844259189087e-05 60
1777676015328 2.9835164835164837e-05 80
1777676018296 2.9721485411140586e-05 100
1777676021262 2.9607805987116332e-05 120
1777676024232 2.949412656309208e-05 140
1777676027200 2.938044713906783e-05 160
1777676030179 2.926676771504358e-05 180
1777676033153 2.9153088291019325e-05 200
1777676036135 2.9039408866995075e-05 220
1777676039108 2.892572944297082e-05 240
1777676050921 2.8812050018946573e-05 260
1777676053909 2.869837059492232e-05 280
1777676056902 2.858469117089807e-05 300
1777676059883 2.8471011746873818e-05 320
1777676062868 2.8357332322849564e-05 340
1777676065862 2.8243652898825313e-05 360
1777676068853 2.8129973474801062e-05 380
1777676071847 2.801629405077681e-05 400
1777676074836 2.7902614626752557e-05 420
1777676077823 2.7788935202728306e-05 440
1777676080814 2.7675255778704052e-05 460
1777676083799 2.7561576354679805e-05 480
1777676086782 2.7447896930655554e-05 500
1777676098586 2.73342175066313e-05 520
1777676101570 2.722053808260705e-05 540
1777676104571 2.7106858658582795e-05 560
1777676107558 2.6993179234558548e-05 580
1777676110552 2.6879499810534294e-05 600
1777676113530 2.6765820386510043e-05 620
1777676116517 2.665214096248579e-05 640
1777676119505 2.6538461538461538e-05 660
1777676122493 2.6424782114437287e-05 680
1777676125473 2.6311102690413037e-05 700
1777676128470 2.6197423266388786e-05 720
1777676131449 2.6083743842364532e-05 740
1777676143265 2.597006441834028e-05 760
1777676146267 2.5856384994316027e-05 780
1777676149252 2.574270557029178e-05 800
1777676152259 2.5629026146267526e-05 820
1777676155240 2.5515346722243275e-05 840
1777676158233 2.540166729821902e-05 860
1777676161209 2.528798787419477e-05 880
1777676164212 2.5174308450170523e-05 900
1777676167193 2.506062902614627e-05 920
1777676170191 2.4946949602122018e-05 940
1777676173168 2.4833270178097764e-05 960
1777676176163 2.4719590754073513e-05 980
1777676179156 2.4605911330049262e-05 1000
1777676190978 2.449223190602501e-05 1020
1777676193968 2.4378552482000757e-05 1040
1777676196955 2.4264873057976507e-05 1060
1777676199945 2.4151193633952256e-05 1080
1777676202930 2.4037514209928e-05 1100
1777676205927 2.3923834785903754e-05 1120
1777676208909 2.38101553618795e-05 1140
1777676211897 2.369647593785525e-05 1160
1777676214885 2.3582796513830995e-05 1180
1777676217872 2.3469117089806745e-05 1200
1777676220860 2.3355437665782494e-05 1220
1777676223847 2.3241758241758243e-05 1240
1777676235692 2.3128078817733992e-05 1260
1777676238690 2.3014399393709738e-05 1280
1777676241680 2.2900719969685488e-05 1300
1777676244673 2.2787040545661237e-05 1320
1777676247666 2.2673361121636986e-05 1340
1777676250664 2.2559681697612732e-05 1360
1777676253646 2.244600227358848e-05 1380
1777676256641 2.2332322849564227e-05 1400
1777676259630 2.2218643425539976e-05 1420
1777676262618 2.2104964001515726e-05 1440
1777676265603 2.1991284577491475e-05 1460
1777676268598 2.1877605153467224e-05 1480
1777676271591 2.176392572944297e-05 1500
1777676283460 2.165024630541872e-05 1520
1777676286467 2.153656688139447e-05 1540
1777676289460 2.1422887457370218e-05 1560
1777676292305 2.1309208033345964e-05 1580
1777676295107 2.1195528609321713e-05 1600
1777676297906 2.108184918529746e-05 1620
1777676300706 2.096816976127321e-05 1640
1777676303504 2.085449033724896e-05 1660
1777676306304 2.0740810913224707e-05 1680
1777676309105 2.0627131489200456e-05 1700
1777676311905 2.0513452065176202e-05 1720
1777676314703 2.0399772641151954e-05 1740
1777676325776 2.02860932171277e-05 1760
1777676328572 2.017241379310345e-05 1780
1777676331370 2.0058734369079195e-05 1800
1777676334171 1.9945054945054945e-05 1820
1777676336967 1.9831375521030694e-05 1840
1777676339765 1.9717696097006443e-05 1860
1777676342565 1.9604016672982192e-05 1880
1777676345359 1.949033724895794e-05 1900
1777676348158 1.9376657824933688e-05 1920
1777676350957 1.9262978400909433e-05 1940
1777676353753 1.9149298976885186e-05 1960
1777676356550 1.9035619552860932e-05 1980
1777676359347 1.892194012883668e-05 2000
1777676370397 1.880826070481243e-05 2020
1777676373198 1.8694581280788176e-05 2040
1777676375996 1.858090185676393e-05 2060
1777676378797 1.8467222432739675e-05 2080
1777676381594 1.8353543008715424e-05 2100
1777676384391 1.823986358469117e-05 2120
1777676387190 1.812618416066692e-05 2140
1777676389990 1.8012504736642665e-05 2160
1777676392788 1.7898825312618418e-05 2180
1777676395590 1.7785145888594164e-05 2200
1777676398389 1.7671466464569913e-05 2220
1777676401190 1.7557787040545662e-05 2240
1777676412841 1.7444107616521408e-05 2260
1777676415637 1.733042819249716e-05 2280
1777676418439 1.7216748768472907e-05 2300
1777676421239 1.7103069344448656e-05 2320
1777676424038 1.6989389920424402e-05 2340
1777676426838 1.687571049640015e-05 2360
1777676429631 1.67620310723759e-05 2380
1777676432430 1.664835164835165e-05 2400
1777676435230 1.65346722243274e-05 2420
1777676438066 1.6420992800303145e-05 2440
1777676441023 1.6307313376278894e-05 2460
1777676444026 1.6193633952254643e-05 2480
1777676447020 1.6079954528230393e-05 2500
1777676458864 1.596627510420614e-05 2520
1777676461853 1.5852595680181888e-05 2540
1777676464844 1.5738916256157634e-05 2560
1777676467834 1.5625236832133383e-05 2580
1777676470827 1.5511557408109135e-05 2600
1777676473821 1.539787798408488e-05 2620
1777676476814 1.528419856006063e-05 2640
1777676479807 1.5170519136036376e-05 2660
1777676482798 1.5056839712012124e-05 2680
1777676485786 1.4943160287987875e-05 2700
1777676488775 1.4829480863963624e-05 2720
1777676491761 1.4715801439939372e-05 2740
1777676503724 1.460212201591512e-05 2760
1777676506720 1.4488442591890869e-05 2780
1777676509713 1.4374763167866616e-05 2800
1777676512709 1.4261083743842364e-05 2820
1777676515705 1.4147404319818113e-05 2840
1777676518697 1.403372489579386e-05 2860
1777676521682 1.392004547176961e-05 2880
1777676524677 1.380636604774536e-05 2900
1777676527666 1.3692686623721107e-05 2920
1777676530658 1.3579007199696856e-05 2940
1777676533642 1.3465327775672604e-05 2960
1777676536626 1.3351648351648351e-05 2980
1777676539625 1.32379689276241e-05 3000
1777676551487 1.3124289503599848e-05 3020
1777676554491 1.3010610079575597e-05 3040
1777676557471 1.2896930655551345e-05 3060
1777676560462 1.2783251231527094e-05 3080
1777676563448 1.2669571807502843e-05 3100
1777676566437 1.2555892383478591e-05 3120
1777676569425 1.244221295945434e-05 3140
1777676572421 1.2328533535430088e-05 3160
1777676575412 1.2214854111405835e-05 3180
1777676578404 1.2101174687381585e-05 3200
1777676581392 1.1987495263357332e-05 3220
1777676584384 1.187381583933308e-05 3240
1777676596259 1.1760136415308829e-05 3260
1777676599444 1.1646456991284578e-05 3280
1777676602444 1.1532777567260328e-05 3300
1777676605443 1.1419098143236075e-05 3320
1777676608447 1.1305418719211823e-05 3340
1777676611445 1.1191739295187572e-05 3360
1777676614448 1.107805987116332e-05 3380
1777676617423 1.0964380447139067e-05 3400
1777676620417 1.0850701023114816e-05 3420
1777676623407 1.0737021599090564e-05 3440
1777676626411 1.0623342175066315e-05 3460
1777676629398 1.0509662751042062e-05 3480
1777676632400 1.039598332701781e-05 3500
1777676644275 1.028230390299356e-05 3520
1777676647259 1.0168624478969307e-05 3540
1777676650268 1.0054945054945054e-05 3560
1777676653255 9.941265630920804e-06 3580
1777676656260 9.827586206896551e-06 3600
1777676659240 9.7139067828723e-06 3620
1777676662234 9.600227358848048e-06 3640
1777676665223 9.486547934823797e-06 3660
1777676668219 9.372868510799547e-06 3680
1777676671207 9.259189086775294e-06 3700
1777676674200 9.145509662751042e-06 3720
1777676677179 9.031830238726791e-06 3740
1777676689047 8.918150814702539e-06 3760
1777676692042 8.804471390678288e-06 3780
1777676695032 8.690791966654035e-06 3800
1777676698032 8.577112542629783e-06 3820
1777676701013 8.463433118605532e-06 3840
1777676704000 8.349753694581281e-06 3860
1777676706983 8.23607427055703e-06 3880
1777676709971 8.122394846532778e-06 3900
1777676712953 8.008715422508526e-06 3920
1777676715938 7.895035998484275e-06 3940
1777676718922 7.781356574460023e-06 3960
1777676721904 7.66767715043577e-06 3980
1777676724881 7.55399772641152e-06 4000
1777676736756 7.440318302387268e-06 4020
1777676739704 7.326638878363016e-06 4040
1777676742502 7.212959454338765e-06 4060
1777676745303 7.104964001515726e-06 4080
1777676748106 6.991284577491474e-06 4100
1777676750909 6.877605153467222e-06 4120
1777676753707 6.763925729442971e-06 4140
1777676756511 6.65024630541872e-06 4160
1777676759310 6.536566881394468e-06 4180
1777676762120 6.422887457370216e-06 4200
1777676764921 6.309208033345964e-06 4220
1777676767725 6.195528609321713e-06 4240
1777676778878 6.081849185297462e-06 4260
1777676781683 5.968169761273209e-06 4280
1777676784486 5.854490337248958e-06 4300
1777676787288 5.740810913224706e-06 4320
1777676790087 5.6271314892004555e-06 4340
1777676792888 5.513452065176203e-06 4360
1777676795685 5.3997726411519515e-06 4380
1777676798486 5.2860932171277e-06 4400
1777676801291 5.172413793103449e-06 4420
1777676804088 5.058734369079197e-06 4440
1777676806887 4.945054945054945e-06 4460
1777676809688 4.8313755210306936e-06 4480
1777676812489 4.717696097006442e-06 4500
1777676823578 4.60401667298219e-06 4520
1777676826377 4.490337248957939e-06 4540
1777676829174 4.376657824933687e-06 4560
1777676831979 4.262978400909436e-06 4580
1777676834777 4.149298976885183e-06 4600
1777676837579 4.0356195528609325e-06 4620
1777676840376 3.921940128836681e-06 4640
1777676843175 3.8082607048124293e-06 4660
1777676845976 3.6945812807881773e-06 4680
1777676848776 3.5809018567639257e-06 4700
1777676851579 3.467222432739674e-06 4720
1777676854380 3.3535430087154226e-06 4740
1777676865465 3.239863584691171e-06 4760
1777676868273 3.1261841606669194e-06 4780
1777676871076 3.012504736642668e-06 4800
1777676873882 2.898825312618416e-06 4820
1777676876688 2.7851458885941646e-06 4840
1777676879492 2.6714664645699126e-06 4860
1777676882300 2.5577870405456615e-06 4880
1777676885105 2.4441076165214095e-06 4900
1777676887908 2.330428192497158e-06 4920
1777676890710 2.2167487684729067e-06 4940
1777676893516 2.1030693444486547e-06 4960
1777676896319 1.9893899204244036e-06 4980
1777676899121 1.8757104964001516e-06 5000
1777676910194 1.7620310723759e-06 5020
1777676912999 1.6483516483516484e-06 5040
1777676915803 1.5346722243273968e-06 5060
1777676918607 1.4209928003031452e-06 5080
1777676921413 1.3073133762788934e-06 5100
1777676924213 1.1936339522546418e-06 5120
1777676927020 1.0799545282303903e-06 5140
1777676929824 9.662751042061387e-07 5160
1777676932627 8.525956801818871e-07 5180
1777676935431 7.389162561576355e-07 5200
1777676938236 6.252368321333839e-07 5220
1777676941043 5.115574081091322e-07 5240
1777676952120 3.9787798408488065e-07 5260
1777676954923 2.8419856006062906e-07 5280
1777676957725 1.7051913603637743e-07 5300
1777676960531 5.683971201212581e-08 5320
