1779364218914 0.02806032970887408 20
1779364243518 0.05612065941774816 40
1779364268066 0.08418098912662224 60
1779364292549 0.11224131883549632 80
1779364317178 0.14030164854437038 100
1779364341943 0.16836197825324448 120
1779364366614 0.19642230796211854 140
1779364391299 0.22448263767099264 160
1779364416177 0.2525429673798667 180
1779364440812 0.28060329708874077 200
1779364465367 0.3086636267976149 220
1779364489957 0.33672395650648895 240
1779364539790 0.350754121360926 250
1779364558657 0.364784286215363 260
1779364583352 0.3928446159242371 280
1779364607840 0.4209049456331112 300
1779364632390 0.44896527534198527 320
1779364656926 0.47702560505085934 340
1779364681492 0.5050859347597334 360
1779364706281 0.5331462644686075 380
1779364730948 0.5612065941774815 400
1779364755602 0.5892669238863557 420
1779364780252 0.6173272535952298 440
1779364804892 0.6453875833041038 460
1779364829588 0.6734479130129779 480
1779364854278 0.701508242721852 500
1779364891518 0.701508242721852 500
1779364922729 0.729568572430726 520
1779364947324 0.7576289021396001 540
1779364971982 0.7856892318484742 560
1779364997123 0.8137495615573483 580
1779365021837 0.8418098912662224 600
1779365046443 0.8698702209750965 620
1779365071173 0.8979305506839705 640
1779365095925 0.9259908803928446 660
1779365120508 0.9540512101017187 680
1779365145097 0.9821115398105927 700
1779365169298 1.0098211153981058 720
1779365193968 1.03788144510698 740
1779365243558 1.051911609961417 750
1779365263854 1.0659417748158542 760
1779365288536 1.0940021045247281 780
1779365313176 1.1220624342336023 800
1779365337831 1.1501227639424763 820
1779365362358 1.1781830936513504 840
1779365386930 1.2062434233602244 860
1779365411604 1.2343037530690986 880
1779365436308 1.2623640827779727 900
1779365460891 1.2904244124868467 920
1779365485741 1.3184847421957209 940
1779365510452 1.3465450719045948 960
1779365535138 1.374605401613469 980
1779365559817 1.402665731322343 1000
1779365597508 1.402665731322343 1000
1779365629842 1.4307260610312171 1020
1779365654517 1.4587863907400913 1040
1779365679206 1.4868467204489653 1060
1779365703902 1.5149070501578392 1080
1779365728647 1.5429673798667134 1100
1779365753427 1.5710277095755876 1120
1779365778499 1.5990880392844615 1140
1779365803088 1.6271483689933357 1160
1779365827581 1.6552086987022099 1180
1779365852373 1.6832690284110838 1200
1779365876999 1.7113293581199578 1220
1779365901881 1.739389687828832 1240
1779365952483 1.753419852683269 1250
1779365972858 1.7674500175377061 1260
1779365997785 1.79551034724658 1280
1779366022474 1.8235706769554543 1300
1779366047142 1.8516310066643284 1320
1779366071828 1.8796913363732024 1340
1779366096528 1.9077516660820764 1360
1779366121356 1.9358119957909505 1380
1779366146554 1.9638723254998247 1400
1779366171530 1.9919326552086987 1420
1779366196050 2.0196422307962116 1440
1779366220705 2.047702560505086 1460
1779366245363 2.07576289021396 1480
1779366270163 2.103823219922834 1500
1779366307664 2.103823219922834 1500
1779366340440 2.1318835496317083 1520
1779366365462 2.1599438793405823 1540
1779366390751 2.1880042090494563 1560
1779366415563 2.21606453875833 1580
1779366440798 2.2441248684672046 1600
1779366465426 2.2721851981760786 1620
1779366490081 2.3002455278849525 1640
1779366514671 2.328305857593827 1660
1779366539174 2.356366187302701 1680
1779366563814 2.384426517011575 1700
1779366588942 2.4124868467204488 1720
1779366613486 2.440547176429323 1740
1779366662892 2.45457734128376 1750
1779366680578 2.468607506138197 1760
1779366705143 2.496667835847071 1780
1779366729811 2.5247281655559455 1800
1779366754539 2.5527884952648194 1820
1779366779202 2.5808488249736934 1840
1779366803818 2.608909154682568 1860
1779366828455 2.6369694843914417 1880
1779366853179 2.6650298141003157 1900
1779366877820 2.6930901438091897 1920
1779366902315 2.7211504735180636 1940
1779366926737 2.749210803226938 1960
1779366951064 2.777271132935812 1980
1779366975283 2.805331462644686 2000
1779367011684 2.805331462644686 2000
1779367042637 2.8333917923535603 2020
1779367067033 2.8614521220624343 2040
1779367091421 2.889512451771308 2060
1779367115812 2.9175727814801826 2080
1779367140201 2.9456331111890566 2100
1779367164587 2.9736934408979305 2120
1779367188614 3.0014030164854435 2140
1779367212982 3.029463346194318 2160
1779367237362 3.057523675903192 2180
1779367261877 3.085584005612066 2200
1779367286270 3.11364433532094 2220
1779367310655 3.141704665029814 2240
1779367359279 3.155734829884251 2250
1779367377864 3.169764994738688 2260
1779367402401 3.197825324447562 2280
1779367426793 3.2258856541564365 2300
1779367451186 3.2539459838653104 2320
1779367475581 3.2820063135741844 2340
1779367499973 3.3100666432830588 2360
1779367524365 3.3381269729919327 2380
1779367548756 3.3661873027008067 2400
1779367573140 3.3942476324096806 2420
1779367597530 3.422307962118555 2440
1779367621920 3.450368291827429 2460
1779367646316 3.478428621536303 2480
1779367670718 3.506488951245177 2500
1779367707218 3.506488951245177 2500
1779367738177 3.5345492809540513 2520
1779367762573 3.5626096106629253 2540
1779367786971 3.590669940371799 2560
1779367811361 3.6187302700806736 2580
1779367835755 3.6467905997895476 2600
1779367860144 3.6748509294984215 2620
1779367884554 3.702911259207296 2640
1779367908957 3.73097158891617 2660
1779367933344 3.759031918625044 2680
1779367957677 3.7870922483339178 2700
1779367982089 3.8151525780427917 2720
1779368006509 3.843212907751666 2740
1779368055197 3.857243072606103 2750
1779368074084 3.87127323746054 2760
1779368098426 3.899333567169414 2780
1779368122722 3.9273938968782884 2800
1779368147024 3.9554542265871624 2820
1779368171246 3.9835145562960363 2840
1779368195363 4.01122413188355 2860
1779368219752 4.039284461592423 2880
1779368243988 4.067344791301298 2900
1779368268391 4.095405121010172 2920
1779368292713 4.123465450719046 2940
1779368317074 4.15152578042792 2960
1779368341529 4.179586110136794 2980
1779368365868 4.207646439845668 3000
1779368402561 4.207646439845668 3000
1779368434261 4.235706769554542 3020
1779368458730 4.263767099263417 3040
1779368483218 4.29182742897229 3060
1779368507663 4.319887758681165 3080
1779368532163 4.347948088390039 3100
1779368556612 4.3760084180989125 3120
1779368581038 4.404068747807787 3140
1779368605500 4.43212907751666 3160
1779368629966 4.460189407225535 3180
1779368654431 4.488249736934409 3200
1779368678942 4.516310066643283 3220
1779368703371 4.544370396352157 3240
1779368752477 4.558400561206594 3250
1779368771860 4.5724307260610315 3260
1779368796314 4.600491055769905 3280
1779368820764 4.628551385478779 3300
1779368845212 4.656611715187654 3320
1779368869657 4.684672044896527 3340
1779368894085 4.712732374605402 3360
1779368918471 4.740792704314275 3380
1779368942961 4.76885303402315 3400
1779368967426 4.796913363732024 3420
1779368992091 4.8249736934408975 3440
1779369016595 4.853034023149772 3460
1779369041040 4.881094352858646 3480
1779369065510 4.90915468256752 3500
1779369102380 4.90915468256752 3500
1779369133948 4.937215012276394 3520
1779369158429 4.965275341985269 3540
1779369182907 4.993335671694142 3560
1779369225510 5.0 3565
1779369232918 5.0 3565
1779369272865 5.0 3565
1779369318019 5.0 3565
1779369366266 5.0 0
