1779364218914 3.8e-05 20
1779364243518 7.800000000000001e-05 40
1779364268066 9.974395448079659e-05 60
1779364292549 9.917496443812234e-05 80
1779364317178 9.860597439544809e-05 100
1779364341943 9.803698435277383e-05 120
1779364366614 9.746799431009958e-05 140
1779364391299 9.689900426742532e-05 160
1779364416177 9.633001422475108e-05 180
1779364440812 9.576102418207683e-05 200
1779364465367 9.519203413940256e-05 220
1779364489957 9.462304409672831e-05 240
1779364558657 9.405405405405407e-05 260
1779364583352 9.34850640113798e-05 280
1779364607840 9.291607396870555e-05 300
1779364632390 9.23470839260313e-05 320
1779364656926 9.177809388335704e-05 340
1779364681492 9.12091038406828e-05 360
1779364706281 9.064011379800855e-05 380
1779364730948 9.007112375533428e-05 400
1779364755602 8.950213371266003e-05 420
1779364780252 8.893314366998578e-05 440
1779364804892 8.836415362731152e-05 460
1779364829588 8.779516358463727e-05 480
1779364854278 8.722617354196302e-05 500
1779364922729 8.665718349928877e-05 520
1779364947324 8.608819345661452e-05 540
1779364971982 8.551920341394027e-05 560
1779364997123 8.495021337126601e-05 580
1779365021837 8.438122332859175e-05 600
1779365046443 8.38122332859175e-05 620
1779365071173 8.324324324324326e-05 640
1779365095925 8.267425320056899e-05 660
1779365120508 8.210526315789474e-05 680
1779365145097 8.153627311522049e-05 700
1779365169298 8.096728307254622e-05 720
1779365193968 8.039829302987199e-05 740
1779365263854 7.982930298719773e-05 760
1779365288536 7.926031294452347e-05 780
1779365313176 7.869132290184922e-05 800
1779365337831 7.812233285917498e-05 820
1779365362358 7.755334281650071e-05 840
1779365386930 7.698435277382646e-05 860
1779365411604 7.641536273115221e-05 880
1779365436308 7.584637268847796e-05 900
1779365460891 7.52773826458037e-05 920
1779365485741 7.470839260312945e-05 940
1779365510452 7.41394025604552e-05 960
1779365535138 7.357041251778094e-05 980
1779365559817 7.300142247510668e-05 1000
1779365629842 7.243243243243245e-05 1020
1779365654517 7.186344238975818e-05 1040
1779365679206 7.129445234708393e-05 1060
1779365703902 7.072546230440968e-05 1080
1779365728647 7.015647226173541e-05 1100
1779365753427 6.958748221906117e-05 1120
1779365778499 6.901849217638692e-05 1140
1779365803088 6.844950213371266e-05 1160
1779365827581 6.78805120910384e-05 1180
1779365852373 6.731152204836417e-05 1200
1779365876999 6.67425320056899e-05 1220
1779365901881 6.617354196301565e-05 1240
1779365972858 6.56045519203414e-05 1260
1779365997785 6.503556187766715e-05 1280
1779366022474 6.44665718349929e-05 1300
1779366047142 6.389758179231864e-05 1320
1779366071828 6.332859174964439e-05 1340
1779366096528 6.275960170697012e-05 1360
1779366121356 6.219061166429587e-05 1380
1779366146554 6.162162162162163e-05 1400
1779366171530 6.105263157894737e-05 1420
1779366196050 6.048364153627312e-05 1440
1779366220705 5.991465149359886e-05 1460
1779366245363 5.934566145092462e-05 1480
1779366270163 5.877667140825036e-05 1500
1779366340440 5.82076813655761e-05 1520
1779366365462 5.763869132290185e-05 1540
1779366390751 5.706970128022759e-05 1560
1779366415563 5.650071123755335e-05 1580
1779366440798 5.5931721194879095e-05 1600
1779366465426 5.536273115220484e-05 1620
1779366490081 5.4793741109530585e-05 1640
1779366514671 5.4224751066856326e-05 1660
1779366539174 5.365576102418208e-05 1680
1779366563814 5.308677098150783e-05 1700
1779366588942 5.251778093883357e-05 1720
1779366613486 5.194879089615932e-05 1740
1779366680578 5.1379800853485074e-05 1760
1779366705143 5.0810810810810815e-05 1780
1779366729811 5.0241820768136563e-05 1800
1779366754539 4.9672830725462305e-05 1820
1779366779202 4.910384068278805e-05 1840
1779366803818 4.85348506401138e-05 1860
1779366828455 4.796586059743955e-05 1880
1779366853179 4.739687055476529e-05 1900
1779366877820 4.682788051209104e-05 1920
1779366902315 4.625889046941679e-05 1940
1779366926737 4.5689900426742535e-05 1960
1779366951064 4.512091038406828e-05 1980
1779366975283 4.4551920341394025e-05 2000
1779367042637 4.398293029871978e-05 2020
1779367067033 4.341394025604552e-05 2040
1779367091421 4.284495021337126e-05 2060
1779367115812 4.227596017069702e-05 2080
1779367140201 4.170697012802276e-05 2100
1779367164587 4.113798008534851e-05 2120
1779367188614 4.0568990042674255e-05 2140
1779367212982 4e-05 2160
1779367237362 3.943100995732575e-05 2180
1779367261877 3.886201991465149e-05 2200
1779367286270 3.829302987197724e-05 2220
1779367310655 3.772403982930299e-05 2240
1779367377864 3.715504978662874e-05 2260
1779367402401 3.658605974395448e-05 2280
1779367426793 3.6017069701280234e-05 2300
1779367451186 3.5448079658605975e-05 2320
1779367475581 3.487908961593172e-05 2340
1779367499973 3.431009957325747e-05 2360
1779367524365 3.374110953058321e-05 2380
1779367548756 3.317211948790897e-05 2400
1779367573140 3.260312944523471e-05 2420
1779367597530 3.203413940256046e-05 2440
1779367621920 3.1465149359886205e-05 2460
1779367646316 3.089615931721195e-05 2480
1779367670718 3.0327169274537698e-05 2500
1779367738177 2.9758179231863443e-05 2520
1779367762573 2.918918918918919e-05 2540
1779367786971 2.8620199146514936e-05 2560
1779367811361 2.8051209103840688e-05 2580
1779367835755 2.7482219061166432e-05 2600
1779367860144 2.6913229018492174e-05 2620
1779367884554 2.6344238975817925e-05 2640
1779367908957 2.577524893314367e-05 2660
1779367933344 2.5206258890469418e-05 2680
1779367957677 2.4637268847795163e-05 2700
1779367982089 2.406827880512091e-05 2720
1779368006509 2.349928876244666e-05 2740
1779368074084 2.2930298719772404e-05 2760
1779368098426 2.2361308677098152e-05 2780
1779368122722 2.17923186344239e-05 2800
1779368147024 2.1223328591749645e-05 2820
1779368171246 2.065433854907539e-05 2840
1779368195363 2.0085348506401138e-05 2860
1779368219752 1.9516358463726886e-05 2880
1779368243988 1.8947368421052634e-05 2900
1779368268391 1.837837837837838e-05 2920
1779368292713 1.7809388335704124e-05 2940
1779368317074 1.7240398293029872e-05 2960
1779368341529 1.667140825035562e-05 2980
1779368365868 1.6102418207681365e-05 3000
1779368434261 1.5533428165007113e-05 3020
1779368458730 1.4964438122332861e-05 3040
1779368483218 1.4395448079658608e-05 3060
1779368507663 1.3826458036984353e-05 3080
1779368532163 1.3257467994310099e-05 3100
1779368556612 1.2688477951635847e-05 3120
1779368581038 1.2119487908961594e-05 3140
1779368605500 1.155049786628734e-05 3160
1779368629966 1.0981507823613087e-05 3180
1779368654431 1.0412517780938833e-05 3200
1779368678942 9.843527738264581e-06 3220
1779368703371 9.274537695590328e-06 3240
1779368771860 8.705547652916074e-06 3260
1779368796314 8.13655761024182e-06 3280
1779368820764 7.567567567567568e-06 3300
1779368845212 6.998577524893314e-06 3320
1779368869657 6.429587482219062e-06 3340
1779368894085 5.860597439544808e-06 3360
1779368918471 5.291607396870555e-06 3380
1779368942961 4.722617354196301e-06 3400
1779368967426 4.1536273115220484e-06 3420
1779368992091 3.5846372688477953e-06 3440
1779369016595 3.0156472261735418e-06 3460
1779369041040 2.4466571834992887e-06 3480
1779369065510 1.8776671408250356e-06 3500
1779369133948 1.3086770981507825e-06 3520
1779369158429 7.396870554765292e-07 3540
1779369182907 1.7069701280227596e-07 3560
