1778598335849 2.562692880630493 20
1778598336740 10.387227058410645 40
1778598337649 2.2092037200927734 60
1778598338553 1.2116844654083252 80
1778598339455 2.382934093475342 100
1778598340360 6.735841751098633 120
1778598341264 5.990298271179199 140
1778598342158 nan 160
1778598343064 4.7301788330078125 180
1778598343971 2.3108596801757812 200
1778598344879 12.2370023727417 220
1778598345774 5.179660797119141 240
1778598350088 14.305136680603027 260
1778598350991 8.547710418701172 280
1778598351892 16.477985382080078 300
1778598352796 7.351064205169678 320
1778598353699 6.202329158782959 340
1778598354588 11.286465644836426 360
1778598355494 27.597766876220703 380
1778598356395 12.835991859436035 400
1778598357297 2.3319661617279053 420
1778598358199 8.31291675567627 440
1778598359104 4.120109558105469 460
1778598360007 5.728996753692627 480
1778598360910 8.348044395446777 500
1778598364946 4.260377883911133 520
1778598365850 5.970850944519043 540
1778598366755 4.646221160888672 560
1778598367661 5.0695624351501465 580
1778598368567 6.295748710632324 600
1778598369474 9.645645141601562 620
1778598370378 12.686541557312012 640
1778598371280 11.976239204406738 660
1778598372184 8.068429946899414 680
1778598373088 6.162777900695801 700
1778598373992 5.855445861816406 720
1778598374900 5.735215663909912 740
1778598378967 10.107192993164062 760
1778598379872 7.573853969573975 780
1778598380774 23.277891159057617 800
1778598381677 7.902369499206543 820
1778598382581 2.2946624755859375 840
1778598383485 7.332272529602051 860
1778598384389 8.706901550292969 880
1778598385291 11.7420015335083 900
1778598386198 5.8160576820373535 920
1778598387102 16.54773712158203 940
1778598388008 8.907732009887695 960
1778598388913 16.283309936523438 980
1778598389817 5.374248504638672 1000
1778598393878 6.78839111328125 1020
1778598394772 1.8425917625427246 1040
1778598395674 4.21721076965332 1060
1778598396576 3.575030565261841 1080
1778598397478 8.49896240234375 1100
1778598398381 6.226093292236328 1120
1778598399286 7.664611339569092 1140
1778598400189 1.9388316869735718 1160
1778598401093 3.8824775218963623 1180
1778598401996 2.496150016784668 1200
1778598402898 6.8302741050720215 1220
1778598403804 12.280430793762207 1240
1778598407662 7.854059219360352 1260
1778598408564 3.6589159965515137 1280
1778598409465 5.373530864715576 1300
1778598410369 8.357853889465332 1320
1778598411273 7.0928635597229 1340
1778598412175 11.77744197845459 1360
1778598413077 13.975715637207031 1380
1778598413980 4.9667744636535645 1400
1778598414883 12.684340476989746 1420
1778598415785 21.40761375427246 1440
1778598416689 3.563748359680176 1460
1778598417594 5.9153032302856445 1480
1778598418498 8.978126525878906 1500
1778598422764 10.288819313049316 1520
1778598423666 2.6725244522094727 1540
1778598424568 4.173622131347656 1560
1778598425469 11.243945121765137 1580
1778598426373 10.320649147033691 1600
1778598427276 19.182109832763672 1620
1778598428178 3.6153459548950195 1640
1778598429080 14.875543594360352 1660
1778598429984 3.111781358718872 1680
1778598430924 5.093318939208984 1700
1778598431877 8.125555992126465 1720
1778598432778 9.212048530578613 1740
1778598436828 4.649075984954834 1760
1778598437728 7.890722274780273 1780
1778598438629 0.8602907061576843 1800
1778598439531 8.15954875946045 1820
1778598440432 4.860833168029785 1840
1778598441334 7.483363628387451 1860
1778598442234 5.848023414611816 1880
1778598443131 2.2833025455474854 1900
1778598444029 5.368783473968506 1920
1778598444924 1.4400523900985718 1940
1778598445821 4.59437370300293 1960
1778598446722 10.266983985900879 1980
1778598447620 10.377791404724121 2000
1778598451468 15.11302661895752 2020
1778598452368 12.48061466217041 2040
1778598453255 2.681427001953125 2060
1778598454164 7.608787536621094 2080
1778598455066 1.5999897718429565 2100
1778598455969 8.807689666748047 2120
1778598456871 1.1782548427581787 2140
1778598457772 1.0222046375274658 2160
1778598458673 10.926827430725098 2180
1778598459574 5.801523208618164 2200
1778598460476 14.15945053100586 2220
1778598461377 4.428159713745117 2240
1778598465629 10.818109512329102 2260
1778598466537 3.493051528930664 2280
1778598467440 9.907246589660645 2300
1778598468348 19.47950553894043 2320
1778598469251 13.392562866210938 2340
1778598470155 9.926644325256348 2360
1778598471056 9.582322120666504 2380
1778598471956 1.4814918041229248 2400
1778598472857 11.41915225982666 2420
1778598473761 8.778180122375488 2440
1778598474662 6.293342590332031 2460
1778598475567 10.602932929992676 2480
1778598476468 2.441305637359619 2500
1778598480523 29.290449142456055 2520
1778598481427 2.9010300636291504 2540
1778598482330 10.54089641571045 2560
1778598483233 11.018497467041016 2580
1778598484134 0.778878390789032 2600
1778598485035 10.324953079223633 2620
1778598485939 4.917204856872559 2640
1778598486841 9.804584503173828 2660
1778598487742 14.020951271057129 2680
1778598488645 3.4578866958618164 2700
1778598489547 7.362137317657471 2720
1778598490453 14.84492301940918 2740
1778598494304 8.179062843322754 2760
1778598495207 5.096273422241211 2780
1778598496107 7.722351551055908 2800
1778598497009 9.01688289642334 2820
1778598497911 14.701372146606445 2840
1778598498815 1.567140817642212 2860
1778598499717 8.958497047424316 2880
1778598500620 7.272653579711914 2900
1778598501523 11.282028198242188 2920
1778598502427 18.153650283813477 2940
1778598503330 11.083003997802734 2960
1778598504233 2.9755094051361084 2980
1778598505136 20.69839859008789 3000
1778598509380 13.149004936218262 3020
1778598510281 3.750859260559082 3040
1778598511185 2.417926788330078 3060
1778598512088 3.582578182220459 3080
1778598512977 2.757828712463379 3100
1778598513879 1.8147417306900024 3120
1778598514780 23.95587730407715 3140
1778598515680 6.643943786621094 3160
1778598516581 8.918488502502441 3180
1778598517485 16.334789276123047 3200
1778598518387 5.505227565765381 3220
1778598519289 1.2644727230072021 3240
1778598523319 0.46490371227264404 3260
1778598524222 1.0328505039215088 3280
1778598525125 0.7660056948661804 3300
1778598526027 0.31761765480041504 3320
1778598526932 8.918317794799805 3340
1778598527835 7.925853729248047 3360
1778598528738 10.165307998657227 3380
1778598529641 0.9104800820350647 3400
1778598530543 7.909359455108643 3420
1778598531444 16.950742721557617 3440
1778598532348 4.372146129608154 3460
1778598533249 1.4567524194717407 3480
1778598534150 1.1462321281433105 3500
1778598538002 0.23687976598739624 3520
1778598538903 0.974815845489502 3540
1778598539807 3.98075270652771 3560
1778598540711 9.911077499389648 3580
1778598541619 4.763810634613037 3600
1778598542523 10.294649124145508 3620
1778598543424 1.4608421325683594 3640
1778598544328 1.1253268718719482 3660
1778598545230 20.55124855041504 3680
1778598546131 8.269352912902832 3700
1778598547034 5.45387077331543 3720
1778598547935 2.832334041595459 3740
1778598552213 0.22035923600196838 3760
1778598553116 11.340311050415039 3780
1778598554019 16.478553771972656 3800
1778598554922 7.549688816070557 3820
1778598555825 4.079117774963379 3840
1778598556727 24.718734741210938 3860
1778598557632 13.983530044555664 3880
1778598558534 9.28166675567627 3900
1778598559439 1.2466354370117188 3920
1778598560344 7.289790630340576 3940
1778598561246 6.963129997253418 3960
1778598562150 4.6653923988342285 3980
1778598563053 0.44918784499168396 4000
1778598567086 1.4324439764022827 4020
1778598567988 0.39273932576179504 4040
1778598568891 0.822360634803772 4060
1778598569794 0.7132477760314941 4080
1778598570696 4.644578456878662 4100
1778598571584 9.052321434020996 4120
1778598572486 0.4321768581867218 4140
1778598573386 9.777139663696289 4160
1778598574287 0.3593648076057434 4180
1778598575188 0.2681373357772827 4200
1778598576090 0.21755912899971008 4220
1778598576993 2.1216256618499756 4240
1778598580851 22.674575805664062 4260
1778598581754 2.4618639945983887 4280
1778598582656 0.1657809615135193 4300
1778598583559 4.414002418518066 4320
1778598584462 0.9687991142272949 4340
1778598585363 20.459041595458984 4360
1778598586265 0.49027422070503235 4380
1778598587168 1.5003262758255005 4400
1778598588070 0.21510206162929535 4420
1778598588972 0.40934228897094727 4440
1778598589875 0.5179433226585388 4460
1778598590780 11.984615325927734 4480
1778598591681 19.94154930114746 4500
1778598595934 1.3180655241012573 4520
1778598596837 3.734039783477783 4540
1778598597740 2.3189144134521484 4560
1778598598642 4.626163005828857 4580
1778598599544 1.6731125116348267 4600
1778598600442 4.714549541473389 4620
1778598601346 5.4980998039245605 4640
1778598602250 2.7798469066619873 4660
1778598603151 0.31558021903038025 4680
1778598604055 9.401704788208008 4700
1778598604957 3.282078266143799 4720
1778598605859 12.450830459594727 4740
1778598609897 1.732292890548706 4760
1778598610799 0.30535605549812317 4780
1778598611717 0.16163258254528046 4800
1778598612648 1.4156306982040405 4820
1778598613590 0.16990260779857635 4840
1778598614494 4.192510604858398 4860
1778598615396 4.408552169799805 4880
1778598616299 9.745203971862793 4900
1778598617202 5.003173828125 4920
1778598618106 1.2248364686965942 4940
1778598619010 0.35094374418258667 4960
1778598619913 0.3137081265449524 4980
1778598620813 0.3389887511730194 5000
1778598624698 5.481439113616943 5020
1778598625602 0.24895215034484863 5040
1778598626502 1.3679701089859009 5060
1778598627404 0.8868460059165955 5080
1778598628306 2.148007392883301 5100
1778598629197 8.868345260620117 5120
