1778598335849 1.08e-05 20
1778598336740 2.22e-05 40
1778598337649 2.9958702064896758e-05 60
1778598338553 2.984070796460177e-05 80
1778598339455 2.9722713864306786e-05 100
1778598340360 2.96047197640118e-05 120
1778598341264 2.9486725663716815e-05 140
1778598342158 2.936873156342183e-05 160
1778598343064 2.9256637168141595e-05 180
1778598343971 2.9138643067846607e-05 200
1778598344879 2.9020648967551623e-05 220
1778598345774 2.8908554572271387e-05 240
1778598350088 2.87905604719764e-05 260
1778598350991 2.867256637168142e-05 280
1778598351892 2.8554572271386432e-05 300
1778598352796 2.8436578171091448e-05 320
1778598353699 2.831858407079646e-05 340
1778598354588 2.8206489675516224e-05 360
1778598355494 2.8088495575221237e-05 380
1778598356395 2.7970501474926256e-05 400
1778598357297 2.785250737463127e-05 420
1778598358199 2.7734513274336285e-05 440
1778598359104 2.7616519174041297e-05 460
1778598360007 2.7498525073746313e-05 480
1778598360910 2.7380530973451326e-05 500
1778598364946 2.7262536873156345e-05 520
1778598365850 2.7144542772861358e-05 540
1778598366755 2.7026548672566374e-05 560
1778598367661 2.6908554572271386e-05 580
1778598368567 2.6790560471976402e-05 600
1778598369474 2.6672566371681415e-05 620
1778598370378 2.6554572271386434e-05 640
1778598371280 2.6436578171091447e-05 660
1778598372184 2.6318584070796462e-05 680
1778598373088 2.6200589970501475e-05 700
1778598373992 2.608259587020649e-05 720
1778598374900 2.5964601769911504e-05 740
1778598378967 2.584660766961652e-05 760
1778598379872 2.5728613569321535e-05 780
1778598380774 2.5610619469026548e-05 800
1778598381677 2.5492625368731564e-05 820
1778598382581 2.5374631268436576e-05 840
1778598383485 2.5256637168141592e-05 860
1778598384389 2.513864306784661e-05 880
1778598385291 2.5020648967551624e-05 900
1778598386198 2.4902654867256637e-05 920
1778598387102 2.4784660766961653e-05 940
1778598388008 2.4666666666666665e-05 960
1778598388913 2.454867256637168e-05 980
1778598389817 2.4430678466076697e-05 1000
1778598393878 2.4312684365781713e-05 1020
1778598394772 2.4194690265486726e-05 1040
1778598395674 2.4076696165191742e-05 1060
1778598396576 2.3958702064896754e-05 1080
1778598397478 2.384070796460177e-05 1100
1778598398381 2.3722713864306786e-05 1120
1778598399286 2.3604719764011802e-05 1140
1778598400189 2.3486725663716815e-05 1160
1778598401093 2.336873156342183e-05 1180
1778598401996 2.3250737463126843e-05 1200
1778598402898 2.3132743362831856e-05 1220
1778598403804 2.3014749262536875e-05 1240
1778598407662 2.2896755162241888e-05 1260
1778598408564 2.2778761061946904e-05 1280
1778598409465 2.2660766961651916e-05 1300
1778598410369 2.2542772861356932e-05 1320
1778598411273 2.2424778761061945e-05 1340
1778598412175 2.2306784660766964e-05 1360
1778598413077 2.2188790560471977e-05 1380
1778598413980 2.2070796460176993e-05 1400
1778598414883 2.1952802359882005e-05 1420
1778598415785 2.183480825958702e-05 1440
1778598416689 2.1716814159292034e-05 1460
1778598417594 2.1598820058997053e-05 1480
1778598418498 2.1480825958702066e-05 1500
1778598422764 2.136283185840708e-05 1520
1778598423666 2.1244837758112094e-05 1540
1778598424568 2.112684365781711e-05 1560
1778598425469 2.1008849557522123e-05 1580
1778598426373 2.0890855457227142e-05 1600
1778598427276 2.0772861356932154e-05 1620
1778598428178 2.065486725663717e-05 1640
1778598429080 2.0536873156342183e-05 1660
1778598429984 2.0418879056047196e-05 1680
1778598430924 2.030088495575221e-05 1700
1778598431877 2.0182890855457227e-05 1720
1778598432778 2.0064896755162243e-05 1740
1778598436828 1.9946902654867256e-05 1760
1778598437728 1.9828908554572272e-05 1780
1778598438629 1.9710914454277284e-05 1800
1778598439531 1.95929203539823e-05 1820
1778598440432 1.9474926253687316e-05 1840
1778598441334 1.9356932153392332e-05 1860
1778598442234 1.9238938053097345e-05 1880
1778598443131 1.912094395280236e-05 1900
1778598444029 1.9002949852507373e-05 1920
1778598444924 1.888495575221239e-05 1940
1778598445821 1.8766961651917405e-05 1960
1778598446722 1.864896755162242e-05 1980
1778598447620 1.8530973451327434e-05 2000
1778598451468 1.841297935103245e-05 2020
1778598452368 1.8294985250737462e-05 2040
1778598453255 1.8176991150442478e-05 2060
1778598454164 1.8058997050147494e-05 2080
1778598455066 1.794100294985251e-05 2100
1778598455969 1.7823008849557523e-05 2120
1778598456871 1.7705014749262535e-05 2140
1778598457772 1.758702064896755e-05 2160
1778598458673 1.7469026548672564e-05 2180
1778598459574 1.7351032448377583e-05 2200
1778598460476 1.7233038348082596e-05 2220
1778598461377 1.711504424778761e-05 2240
1778598465629 1.6997050147492624e-05 2260
1778598466537 1.687905604719764e-05 2280
1778598467440 1.6761061946902653e-05 2300
1778598468348 1.6643067846607672e-05 2320
1778598469251 1.6525073746312685e-05 2340
1778598470155 1.64070796460177e-05 2360
1778598471056 1.6289085545722713e-05 2380
1778598471956 1.617109144542773e-05 2400
1778598472857 1.605309734513274e-05 2420
1778598473761 1.593510324483776e-05 2440
1778598474662 1.5817109144542773e-05 2460
1778598475567 1.569911504424779e-05 2480
1778598476468 1.5581120943952802e-05 2500
1778598480523 1.5463126843657818e-05 2520
1778598481427 1.534513274336283e-05 2540
1778598482330 1.5227138643067848e-05 2560
1778598483233 1.5109144542772862e-05 2580
1778598484134 1.4991150442477877e-05 2600
1778598485035 1.4873156342182891e-05 2620
1778598485939 1.4755162241887907e-05 2640
1778598486841 1.4637168141592921e-05 2660
1778598487742 1.4519174041297935e-05 2680
1778598488645 1.4401179941002951e-05 2700
1778598489547 1.4283185840707966e-05 2720
1778598490453 1.416519174041298e-05 2740
1778598494304 1.4047197640117996e-05 2760
1778598495207 1.392920353982301e-05 2780
1778598496107 1.3811209439528024e-05 2800
1778598497009 1.369321533923304e-05 2820
1778598497911 1.3575221238938054e-05 2840
1778598498815 1.3457227138643067e-05 2860
1778598499717 1.3339233038348083e-05 2880
1778598500620 1.3221238938053097e-05 2900
1778598501523 1.3103244837758112e-05 2920
1778598502427 1.2985250737463127e-05 2940
1778598503330 1.2867256637168142e-05 2960
1778598504233 1.2749262536873156e-05 2980
1778598505136 1.2631268436578172e-05 3000
1778598509380 1.2513274336283186e-05 3020
1778598510281 1.23952802359882e-05 3040
1778598511185 1.2277286135693216e-05 3060
1778598512088 1.215929203539823e-05 3080
1778598512977 1.2041297935103245e-05 3100
1778598513879 1.192330383480826e-05 3120
1778598514780 1.1805309734513275e-05 3140
1778598515680 1.168731563421829e-05 3160
1778598516581 1.1569321533923305e-05 3180
1778598517485 1.145132743362832e-05 3200
1778598518387 1.1333333333333334e-05 3220
1778598519289 1.121533923303835e-05 3240
1778598523319 1.1097345132743364e-05 3260
1778598524222 1.0979351032448378e-05 3280
1778598525125 1.0861356932153394e-05 3300
1778598526027 1.0743362831858407e-05 3320
1778598526932 1.0625368731563421e-05 3340
1778598527835 1.0507374631268437e-05 3360
1778598528738 1.0389380530973451e-05 3380
1778598529641 1.0271386430678465e-05 3400
1778598530543 1.0153392330383481e-05 3420
1778598531444 1.0035398230088496e-05 3440
1778598532348 9.91740412979351e-06 3460
1778598533249 9.799410029498524e-06 3480
1778598534150 9.68141592920354e-06 3500
1778598538002 9.563421828908554e-06 3520
1778598538903 9.445427728613569e-06 3540
1778598539807 9.327433628318585e-06 3560
1778598540711 9.209439528023599e-06 3580
1778598541619 9.091445427728613e-06 3600
1778598542523 8.973451327433629e-06 3620
1778598543424 8.855457227138643e-06 3640
1778598544328 8.737463126843658e-06 3660
1778598545230 8.619469026548674e-06 3680
1778598546131 8.501474926253688e-06 3700
1778598547034 8.383480825958702e-06 3720
1778598547935 8.265486725663718e-06 3740
1778598552213 8.147492625368732e-06 3760
1778598553116 8.029498525073746e-06 3780
1778598554019 7.91150442477876e-06 3800
1778598554922 7.793510324483775e-06 3820
1778598555825 7.67551622418879e-06 3840
1778598556727 7.557522123893806e-06 3860
1778598557632 7.43952802359882e-06 3880
1778598558534 7.321533923303835e-06 3900
1778598559439 7.20353982300885e-06 3920
1778598560344 7.085545722713864e-06 3940
1778598561246 6.967551622418879e-06 3960
1778598562150 6.849557522123894e-06 3980
1778598563053 6.731563421828908e-06 4000
1778598567086 6.6135693215339235e-06 4020
1778598567988 6.495575221238939e-06 4040
1778598568891 6.377581120943953e-06 4060
1778598569794 6.259587020648968e-06 4080
1778598570696 6.141592920353983e-06 4100
1778598571584 6.023598820058997e-06 4120
1778598572486 5.905604719764012e-06 4140
1778598573386 5.787610619469027e-06 4160
1778598574287 5.669616519174041e-06 4180
1778598575188 5.551622418879056e-06 4200
1778598576090 5.433628318584071e-06 4220
1778598576993 5.315634218289085e-06 4240
1778598580851 5.1976401179941005e-06 4260
1778598581754 5.0796460176991156e-06 4280
1778598582656 4.96165191740413e-06 4300
1778598583559 4.843657817109145e-06 4320
1778598584462 4.72566371681416e-06 4340
1778598585363 4.607669616519174e-06 4360
1778598586265 4.489675516224189e-06 4380
1778598587168 4.371681415929204e-06 4400
1778598588070 4.253687315634218e-06 4420
1778598588972 4.135693215339233e-06 4440
1778598589875 4.017699115044248e-06 4460
1778598590780 3.899705014749262e-06 4480
1778598591681 3.7817109144542775e-06 4500
1778598595934 3.663716814159292e-06 4520
1778598596837 3.545722713864307e-06 4540
1778598597740 3.427728613569322e-06 4560
1778598598642 3.309734513274336e-06 4580
1778598599544 3.191740412979351e-06 4600
1778598600442 3.073746312684366e-06 4620
1778598601346 2.9557522123893806e-06 4640
1778598602250 2.8377581120943953e-06 4660
1778598603151 2.71976401179941e-06 4680
1778598604055 2.6017699115044247e-06 4700
1778598604957 2.4837758112094393e-06 4720
1778598605859 2.3657817109144544e-06 4740
1778598609897 2.247787610619469e-06 4760
1778598610799 2.129793510324484e-06 4780
1778598611717 2.0117994100294985e-06 4800
1778598612648 1.8938053097345134e-06 4820
1778598613590 1.7817109144542773e-06 4840
1778598614494 1.663716814159292e-06 4860
1778598615396 1.545722713864307e-06 4880
1778598616299 1.4277286135693216e-06 4900
1778598617202 1.3097345132743363e-06 4920
1778598618106 1.1917404129793512e-06 4940
1778598619010 1.0737463126843656e-06 4960
1778598619913 9.557522123893805e-07 4980
1778598620813 8.377581120943953e-07 5000
1778598624698 7.197640117994101e-07 5020
1778598625602 6.017699115044248e-07 5040
1778598626502 4.837758112094395e-07 5060
1778598627404 3.657817109144543e-07 5080
1778598628306 2.47787610619469e-07 5100
1778598629197 1.3569321533923305e-07 5120
