1778287383929 0.03003003003003003 20
1778287386824 0.06006006006006006 40
1778287389721 0.09009009009009009 60
1778287392611 0.12012012012012012 80
1778287395507 0.15015015015015015 100
1778287398403 0.18018018018018017 120
1778287401301 0.21021021021021022 140
1778287404195 0.24024024024024024 160
1778287407092 0.2702702702702703 180
1778287409988 0.3003003003003003 200
1778287412885 0.3303303303303303 220
1778287415776 0.36036036036036034 240
1778287417722 0.37537537537537535 250
1778287420367 0.39039039039039036 260
1778287423268 0.42042042042042044 280
1778287426163 0.45045045045045046 300
1778287429068 0.4804804804804805 320
1778287431968 0.5105105105105106 340
1778287434871 0.5405405405405406 360
1778287437764 0.5705705705705706 380
1778287440668 0.6006006006006006 400
1778287443563 0.6306306306306306 420
1778287446467 0.6606606606606606 440
1778287449366 0.6906906906906907 460
1778287452271 0.7207207207207207 480
1778287455167 0.7507507507507507 500
1778287455666 0.7507507507507507 500
1778287459946 0.7807807807807807 520
1778287462840 0.8108108108108109 540
1778287465736 0.8408408408408409 560
1778287468631 0.8708708708708709 580
1778287471533 0.9009009009009009 600
1778287474427 0.9309309309309309 620
1778287477330 0.960960960960961 640
1778287480248 0.990990990990991 660
1778287483157 1.021021021021021 680
1778287486051 1.0510510510510511 700
1778287488949 1.0810810810810811 720
1778287491844 1.1111111111111112 740
1778287493789 1.1261261261261262 750
1778287496318 1.1411411411411412 760
1778287499222 1.1711711711711712 780
1778287502116 1.2012012012012012 800
1778287505022 1.2312312312312312 820
1778287507919 1.2612612612612613 840
1778287510823 1.2912912912912913 860
1778287513724 1.3213213213213213 880
1778287516628 1.3513513513513513 900
1778287519527 1.3813813813813813 920
1778287522431 1.4114114114114114 940
1778287525327 1.4414414414414414 960
1778287528229 1.4714714714714714 980
1778287531124 1.5015015015015014 1000
1778287531671 1.5015015015015014 1000
1778287536041 1.5315315315315314 1020
1778287538937 1.5615615615615615 1040
1778287541834 1.5915915915915915 1060
1778287544726 1.6216216216216215 1080
1778287547624 1.6516516516516515 1100
1778287550519 1.6816816816816815 1120
1778287553416 1.7117117117117115 1140
1778287556315 1.7417417417417418 1160
1778287559214 1.7717717717717718 1180
1778287562108 1.8018018018018018 1200
1778287565003 1.8318318318318318 1220
1778287567896 1.8618618618618619 1240
1778287569897 1.8768768768768769 1250
1778287572631 1.8918918918918919 1260
1778287575537 1.921921921921922 1280
1778287578432 1.951951951951952 1300
1778287581333 1.981981981981982 1320
1778287584229 2.012012012012012 1340
1778287587135 2.042042042042042 1360
1778287590030 2.0720720720720722 1380
1778287592937 2.1021021021021022 1400
1778287595832 2.1321321321321323 1420
1778287598734 2.1621621621621623 1440
1778287601628 2.1921921921921923 1460
1778287604532 2.2222222222222223 1480
1778287607432 2.2522522522522523 1500
1778287607933 2.2522522522522523 1500
1778287611977 2.2822822822822824 1520
1778287614875 2.3123123123123124 1540
1778287617775 2.3423423423423424 1560
1778287620668 2.3723723723723724 1580
1778287623568 2.4024024024024024 1600
1778287626466 2.4324324324324325 1620
1778287629365 2.4624624624624625 1640
1778287632262 2.4924924924924925 1660
1778287635161 2.5225225225225225 1680
1778287638047 2.5525525525525525 1700
1778287640944 2.5825825825825826 1720
1778287643837 2.6126126126126126 1740
1778287645783 2.6276276276276276 1750
1778287648718 2.6426426426426426 1760
1778287651623 2.6726726726726726 1780
1778287654517 2.7027027027027026 1800
1778287657421 2.7327327327327327 1820
1778287660317 2.7627627627627627 1840
1778287663221 2.7927927927927927 1860
1778287666119 2.8228228228228227 1880
1778287669025 2.8528528528528527 1900
1778287671922 2.8828828828828827 1920
1778287674825 2.9129129129129128 1940
1778287677720 2.942942942942943 1960
1778287680625 2.972972972972973 1980
1778287683525 3.003003003003003 2000
1778287684016 3.003003003003003 2000
1778287688030 3.033033033033033 2020
1778287690923 3.063063063063063 2040
1778287693821 3.093093093093093 2060
1778287696711 3.123123123123123 2080
1778287699608 3.153153153153153 2100
1778287702500 3.1831831831831834 2120
1778287705398 3.2132132132132134 2140
1778287708290 3.2432432432432434 2160
1778287711194 3.2732732732732734 2180
1778287714088 3.3033033033033035 2200
1778287716985 3.3333333333333335 2220
1778287719881 3.3633633633633635 2240
1778287721877 3.3783783783783785 2250
1778287724576 3.3933933933933935 2260
1778287727480 3.4234234234234235 2280
1778287730373 3.4534534534534536 2300
1778287733277 3.4834834834834836 2320
1778287736171 3.5135135135135136 2340
1778287739073 3.5435435435435436 2360
1778287741970 3.5735735735735736 2380
1778287744873 3.6036036036036037 2400
1778287747770 3.6336336336336337 2420
1778287750671 3.6636636636636637 2440
1778287753565 3.6936936936936937 2460
1778287756467 3.7237237237237237 2480
1778287759360 3.7537537537537538 2500
1778287759861 3.7537537537537538 2500
1778287764071 3.7837837837837838 2520
1778287766966 3.813813813813814 2540
1778287769863 3.843843843843844 2560
1778287772757 3.873873873873874 2580
1778287775653 3.903903903903904 2600
1778287778549 3.933933933933934 2620
1778287781447 3.963963963963964 2640
1778287784346 3.993993993993994 2660
1778287786284 4.0 2664
1778287787001 4.0 2664
1778287787649 4.0 2664
1778287788126 4.0 0
