1778287383929 0.695 20
1778287386824 0.6689 40
1778287389721 0.6066 60
1778287392611 0.5298 80
1778287395507 0.4753 100
1778287398403 0.4391 120
1778287401301 0.4507 140
1778287404195 0.4141 160
1778287407092 0.4824 180
1778287409988 0.4456 200
1778287412885 0.4005 220
1778287415776 0.422 240
1778287420367 0.4364 260
1778287423268 0.413 280
1778287426163 0.4277 300
1778287429068 0.3921 320
1778287431968 0.4003 340
1778287434871 0.4161 360
1778287437764 0.43 380
1778287440668 0.4345 400
1778287443563 0.4252 420
1778287446467 0.3909 440
1778287449366 0.3852 460
1778287452271 0.3922 480
1778287455167 0.3868 500
1778287459946 0.3816 520
1778287462840 0.4134 540
1778287465736 0.4114 560
1778287468631 0.4158 580
1778287471533 0.4094 600
1778287474427 0.3883 620
1778287477330 0.4296 640
1778287480248 0.3988 660
1778287483157 0.3553 680
1778287486051 0.3343 700
1778287488949 0.3146 720
1778287491844 0.3855 740
1778287496318 0.3022 760
1778287499222 0.3427 780
1778287502116 0.3412 800
1778287505022 0.3519 820
1778287507919 0.3404 840
1778287510823 0.3369 860
1778287513724 0.3224 880
1778287516628 0.3418 900
1778287519527 0.3495 920
1778287522431 0.3549 940
1778287525327 0.3155 960
1778287528229 0.3296 980
1778287531124 0.3493 1000
1778287536041 0.3165 1020
1778287538937 0.3364 1040
1778287541834 0.3446 1060
1778287544726 0.3333 1080
1778287547624 0.3529 1100
1778287550519 0.3562 1120
1778287553416 0.3128 1140
1778287556315 0.3535 1160
1778287559214 0.3215 1180
1778287562108 0.3065 1200
1778287565003 0.3136 1220
1778287567896 0.3247 1240
1778287572631 0.3435 1260
1778287575537 0.3059 1280
1778287578432 0.3155 1300
1778287581333 0.3365 1320
1778287584229 0.309 1340
1778287587135 0.2536 1360
1778287590030 0.2255 1380
1778287592937 0.2701 1400
1778287595832 0.2562 1420
1778287598734 0.2613 1440
1778287601628 0.2312 1460
1778287604532 0.2311 1480
1778287607432 0.2709 1500
1778287611977 0.2771 1520
1778287614875 0.2425 1540
1778287617775 0.2401 1560
1778287620668 0.231 1580
1778287623568 0.2323 1600
1778287626466 0.2487 1620
1778287629365 0.2512 1640
1778287632262 0.2263 1660
1778287635161 0.239 1680
1778287638047 0.2246 1700
1778287640944 0.2377 1720
1778287643837 0.2076 1740
1778287648718 0.2674 1760
1778287651623 0.2616 1780
1778287654517 0.2506 1800
1778287657421 0.2079 1820
1778287660317 0.2349 1840
1778287663221 0.2587 1860
1778287666119 0.2571 1880
1778287669025 0.2307 1900
1778287671922 0.2405 1920
1778287674825 0.2405 1940
1778287677720 0.2572 1960
1778287680625 0.24 1980
1778287683525 0.2489 2000
1778287688030 0.1679 2020
1778287690923 0.1731 2040
1778287693821 0.1847 2060
1778287696711 0.1769 2080
1778287699608 0.1627 2100
1778287702500 0.1901 2120
1778287705398 0.1837 2140
1778287708290 0.1712 2160
1778287711194 0.182 2180
1778287714088 0.2177 2200
1778287716985 0.1733 2220
1778287719881 0.1721 2240
1778287724576 0.1785 2260
1778287727480 0.1518 2280
1778287730373 0.1516 2300
1778287733277 0.1661 2320
1778287736171 0.1677 2340
1778287739073 0.171 2360
1778287741970 0.1861 2380
1778287744873 0.1795 2400
1778287747770 0.1732 2420
1778287750671 0.1565 2440
1778287753565 0.1823 2460
1778287756467 0.1577 2480
1778287759360 0.1712 2500
1778287764071 0.173 2520
1778287766966 0.1383 2540
1778287769863 0.1845 2560
1778287772757 0.1607 2580
1778287775653 0.1833 2600
1778287778549 0.2006 2620
1778287781447 0.1673 2640
1778287784346 0.1515 2660
