1778168557907 3.408737897872925 20
1778168559894 3.0424060821533203 40
1778168561886 2.0077474117279053 60
1778168563853 2.226155996322632 80
1778168565832 3.83242130279541 100
1778168567824 5.594296932220459 120
1778168569828 2.26334810256958 140
1778168571832 5.223780632019043 160
1778168573823 8.307811737060547 180
1778168575803 5.04971981048584 200
1778168577795 6.163108825683594 220
1778168579805 6.09715461730957 240
1778168584002 4.573958396911621 260
1778168586007 9.204839706420898 280
1778168587999 5.638986587524414 300
1778168590012 5.049304485321045 320
1778168592015 4.076639175415039 340
1778168594026 6.663867473602295 360
1778168596018 4.650879383087158 380
1778168598008 4.233918190002441 400
1778168600034 5.4863200187683105 420
1778168602032 7.931909561157227 440
1778168604055 3.7072269916534424 460
1778168606059 14.880684852600098 480
1778168608068 4.66562032699585 500
1778168612739 5.461976051330566 520
1778168614747 6.984866619110107 540
1778168616734 30.181072235107422 560
1778168618753 6.024240970611572 580
1778168620758 14.770685195922852 600
1778168622770 8.81345272064209 620
1778168624771 6.745719909667969 640
1778168626789 18.220706939697266 660
1778168628797 1.503930687904358 680
1778168630805 3.330742359161377 700
1778168632818 1.9961618185043335 720
1778168634797 10.791972160339355 740
1778168639359 2.2639217376708984 760
1778168641370 2.9911365509033203 780
1778168643380 1.8683993816375732 800
1778168645387 0.7785587310791016 820
1778168647409 34.165184020996094 840
1778168649424 5.150417327880859 860
1778168651434 12.85561466217041 880
1778168653439 2.663686752319336 900
1778168655424 3.67134428024292 920
1778168657445 0.39163294434547424 940
1778168659443 4.704207420349121 960
1778168661472 8.550115585327148 980
1778168663482 12.626209259033203 1000
1778168667673 2.9766697883605957 1020
1778168669683 11.43211555480957 1040
1778168671702 0.32821792364120483 1060
1778168673715 1.400447130203247 1080
1778168675714 7.724369525909424 1100
1778168677711 0.09379276633262634 1120
1778168679725 32.765769958496094 1140
1778168681738 50.060142517089844 1160
1778168683745 0.1504097580909729 1180
1778168685771 9.289284706115723 1200
1778168687781 0.11190469563007355 1220
1778168689783 0.2562572956085205 1240
1778168697068 1.0136228799819946 1260
1778168699093 0.18950413167476654 1280
1778168701083 1.2367734909057617 1300
1778168703094 0.059704992920160294 1320
1778168705095 1.8645185232162476 1340
1778168707096 21.24341583251953 1360
1778168709093 25.541728973388672 1380
1778168711100 0.06349584460258484 1400
1778168713124 0.0879547968506813 1420
1778168715137 0.3497759997844696 1440
1778168717145 6.924461841583252 1460
1778168719128 27.77442169189453 1480
1778168721153 0.06660787761211395 1500
1778168730679 0.08291114121675491 1520
1778168732689 19.650022506713867 1540
1778168734698 0.051343195140361786 1560
1778168736704 0.045312944799661636 1580
1778168738720 0.06888272613286972 1600
1778168740724 0.061592306941747665 1620
1778168742715 0.407004177570343 1640
1778168744695 3.040508985519409 1660
1778168746722 0.7157056927680969 1680
1778168748745 0.14260360598564148 1700
1778168750758 0.1308615505695343 1720
1778168752761 40.312744140625 1740
1778168760877 0.05388789623975754 1760
1778168762891 0.6058316826820374 1780
1778168764908 0.2926916480064392 1800
1778168766912 1.280564785003662 1820
