1778168557907 1.08e-05 20
1778168559894 2.2800000000000002e-05 40
1778168561886 2.9865168539325843e-05 60
1778168563853 2.954494382022472e-05 80
1778168565832 2.9224719101123598e-05 100
1778168567824 2.8887640449438203e-05 120
1778168569828 2.8550561797752808e-05 140
1778168571832 2.8213483146067417e-05 160
1778168573823 2.7876404494382025e-05 180
1778168575803 2.753932584269663e-05 200
1778168577795 2.7202247191011236e-05 220
1778168579805 2.686516853932584e-05 240
1778168584002 2.652808988764045e-05 260
1778168586007 2.6191011235955058e-05 280
1778168587999 2.5853932584269663e-05 300
1778168590012 2.551685393258427e-05 320
1778168592015 2.5179775280898877e-05 340
1778168594026 2.4842696629213483e-05 360
1778168596018 2.450561797752809e-05 380
1778168598008 2.4168539325842696e-05 400
1778168600034 2.3831460674157305e-05 420
1778168602032 2.349438202247191e-05 440
1778168604055 2.3157303370786515e-05 460
1778168606059 2.2820224719101124e-05 480
1778168608068 2.2483146067415733e-05 500
1778168612739 2.2146067415730338e-05 520
1778168614747 2.1808988764044943e-05 540
1778168616734 2.1471910112359548e-05 560
1778168618753 2.113483146067416e-05 580
1778168620758 2.0797752808988765e-05 600
1778168622770 2.046067415730337e-05 620
1778168624771 2.0123595505617976e-05 640
1778168626789 1.9786516853932584e-05 660
1778168628797 1.9449438202247193e-05 680
1778168630805 1.9112359550561798e-05 700
1778168632818 1.8775280898876403e-05 720
1778168634797 1.8438202247191012e-05 740
1778168639359 1.8101123595505617e-05 760
1778168641370 1.7764044943820226e-05 780
1778168643380 1.742696629213483e-05 800
1778168645387 1.708988764044944e-05 820
1778168647409 1.6752808988764045e-05 840
1778168649424 1.641573033707865e-05 860
1778168651434 1.607865168539326e-05 880
1778168653439 1.5741573033707867e-05 900
1778168655424 1.5404494382022472e-05 920
1778168657445 1.506741573033708e-05 940
1778168659443 1.4730337078651686e-05 960
1778168661472 1.4393258426966291e-05 980
1778168663482 1.40561797752809e-05 1000
1778168667673 1.3719101123595505e-05 1020
1778168669683 1.3382022471910114e-05 1040
1778168671702 1.3044943820224719e-05 1060
1778168673715 1.2707865168539326e-05 1080
1778168675714 1.2370786516853933e-05 1100
1778168677711 1.203370786516854e-05 1120
1778168679725 1.1696629213483147e-05 1140
1778168681738 1.1359550561797754e-05 1160
1778168683745 1.1022471910112359e-05 1180
1778168685771 1.0685393258426967e-05 1200
1778168687781 1.0348314606741573e-05 1220
1778168689783 1.0011235955056181e-05 1240
1778168697068 9.691011235955057e-06 1260
1778168699093 9.353932584269662e-06 1280
1778168701083 9.01685393258427e-06 1300
1778168703094 8.679775280898876e-06 1320
1778168705095 8.342696629213483e-06 1340
1778168707096 8.00561797752809e-06 1360
1778168709093 7.668539325842697e-06 1380
1778168711100 7.331460674157303e-06 1400
1778168713124 6.99438202247191e-06 1420
1778168715137 6.657303370786517e-06 1440
1778168717145 6.3202247191011235e-06 1460
1778168719128 5.98314606741573e-06 1480
1778168721153 5.6460674157303365e-06 1500
1778168730679 5.308988764044943e-06 1520
1778168732689 4.97191011235955e-06 1540
1778168734698 4.634831460674157e-06 1560
1778168736704 4.297752808988764e-06 1580
1778168738720 3.960674157303371e-06 1600
1778168740724 3.623595505617978e-06 1620
1778168742715 3.2865168539325844e-06 1640
1778168744695 2.9494382022471913e-06 1660
1778168746722 2.6123595505617978e-06 1680
1778168748745 2.2752808988764047e-06 1700
1778168750758 1.9382022471910116e-06 1720
1778168752761 1.601123595505618e-06 1740
1778168760877 1.2640449438202247e-06 1760
1778168762891 9.269662921348314e-07 1780
1778168764908 5.898876404494382e-07 1800
1778168766912 2.5280898876404493e-07 1820
