1778597606934 0.015015015015015015 20
1778597607509 0.03003003003003003 40
1778597608083 0.04504504504504504 60
1778597608670 0.06006006006006006 80
1778597609244 0.07507507507507508 100
1778597609823 0.09009009009009009 120
1778597610414 0.10510510510510511 140
1778597610995 0.12012012012012012 160
1778597611577 0.13513513513513514 180
1778597612160 0.15015015015015015 200
1778597612742 0.16516516516516516 220
1778597613325 0.18018018018018017 240
1778597614356 0.18768768768768768 250
1778597615842 0.19519519519519518 260
1778597616416 0.21021021021021022 280
1778597617000 0.22522522522522523 300
1778597617587 0.24024024024024024 320
1778597618196 0.2552552552552553 340
1778597618788 0.2702702702702703 360
1778597619387 0.2852852852852853 380
1778597619974 0.3003003003003003 400
1778597620559 0.3153153153153153 420
1778597621142 0.3303303303303303 440
1778597621725 0.34534534534534533 460
1778597622311 0.36036036036036034 480
1778597622893 0.37537537537537535 500
1778597623619 0.37537537537537535 500
1778597625605 0.39039039039039036 520
1778597626201 0.40540540540540543 540
1778597626808 0.42042042042042044 560
1778597627397 0.43543543543543545 580
1778597627983 0.45045045045045046 600
1778597628564 0.46546546546546547 620
1778597629155 0.4804804804804805 640
1778597629737 0.4954954954954955 660
1778597630321 0.5105105105105106 680
1778597630905 0.5255255255255256 700
1778597631489 0.5405405405405406 720
1778597632071 0.5555555555555556 740
1778597633086 0.5630630630630631 750
1778597634758 0.5705705705705706 760
1778597635342 0.5855855855855856 780
1778597635926 0.6006006006006006 800
1778597636509 0.6156156156156156 820
1778597637093 0.6306306306306306 840
1778597637677 0.6456456456456456 860
1778597638263 0.6606606606606606 880
1778597638848 0.6756756756756757 900
1778597639430 0.6906906906906907 920
1778597640015 0.7057057057057057 940
1778597640603 0.7207207207207207 960
1778597641189 0.7357357357357357 980
1778597641775 0.7507507507507507 1000
1778597642501 0.7507507507507507 1000
1778597644262 0.7657657657657657 1020
1778597644851 0.7807807807807807 1040
1778597645447 0.7957957957957958 1060
1778597646029 0.8108108108108109 1080
1778597646610 0.8258258258258259 1100
1778597647193 0.8408408408408409 1120
1778597647782 0.8558558558558559 1140
1778597648362 0.8708708708708709 1160
1778597648951 0.8858858858858859 1180
1778597649538 0.9009009009009009 1200
1778597650122 0.9159159159159159 1220
1778597650713 0.9309309309309309 1240
1778597651731 0.9384384384384384 1250
1778597653577 0.9459459459459459 1260
1778597654160 0.960960960960961 1280
1778597654742 0.975975975975976 1300
1778597655329 0.990990990990991 1320
1778597655915 1.006006006006006 1340
1778597656493 1.021021021021021 1360
1778597657079 1.0360360360360361 1380
1778597657666 1.0510510510510511 1400
1778597658250 1.0660660660660661 1420
1778597658848 1.0810810810810811 1440
1778597659431 1.0960960960960962 1460
1778597660014 1.1111111111111112 1480
1778597660597 1.1261261261261262 1500
1778597661320 1.1261261261261262 1500
1778597663283 1.1411411411411412 1520
1778597663864 1.1561561561561562 1540
1778597664448 1.1711711711711712 1560
1778597665030 1.1861861861861862 1580
1778597665615 1.2012012012012012 1600
1778597666197 1.2162162162162162 1620
1778597666780 1.2312312312312312 1640
1778597667362 1.2462462462462462 1660
1778597667947 1.2612612612612613 1680
1778597668529 1.2762762762762763 1700
1778597669119 1.2912912912912913 1720
1778597669701 1.3063063063063063 1740
1778597670718 1.3138138138138138 1750
1778597672194 1.3213213213213213 1760
1778597672779 1.3363363363363363 1780
1778597673362 1.3513513513513513 1800
1778597673945 1.3663663663663663 1820
1778597674527 1.3813813813813813 1840
1778597675111 1.3963963963963963 1860
1778597675694 1.4114114114114114 1880
1778597676277 1.4264264264264264 1900
1778597676859 1.4414414414414414 1920
1778597677442 1.4564564564564564 1940
1778597678023 1.4714714714714714 1960
1778597678603 1.4864864864864864 1980
1778597679186 1.5015015015015014 2000
1778597679912 1.5015015015015014 2000
1778597681871 1.5165165165165164 2020
1778597682456 1.5315315315315314 2040
1778597683041 1.5465465465465464 2060
1778597683624 1.5615615615615615 2080
1778597684208 1.5765765765765765 2100
1778597684793 1.5915915915915915 2120
1778597685378 1.6066066066066065 2140
1778597685962 1.6216216216216215 2160
1778597686567 1.6366366366366365 2180
1778597687151 1.6516516516516515 2200
1778597687743 1.6666666666666665 2220
1778597688342 1.6816816816816815 2240
1778597689376 1.689189189189189 2250
1778597691175 1.6966966966966965 2260
1778597691758 1.7117117117117115 2280
1778597692347 1.7267267267267268 2300
1778597692947 1.7417417417417418 2320
1778597693531 1.7567567567567568 2340
1778597694114 1.7717717717717718 2360
1778597694696 1.7867867867867868 2380
1778597695277 1.8018018018018018 2400
1778597695859 1.8168168168168168 2420
1778597696442 1.8318318318318318 2440
1778597697028 1.8468468468468469 2460
1778597697611 1.8618618618618619 2480
1778597698192 1.8768768768768769 2500
1778597698913 1.8768768768768769 2500
1778597700671 1.8918918918918919 2520
1778597701266 1.906906906906907 2540
1778597701853 1.921921921921922 2560
1778597702448 1.936936936936937 2580
1778597703047 1.951951951951952 2600
1778597703649 1.966966966966967 2620
1778597704243 1.981981981981982 2640
1778597704879 1.996996996996997 2660
1778597705491 2.012012012012012 2680
1778597706170 2.027027027027027 2700
1778597706784 2.042042042042042 2720
1778597707375 2.057057057057057 2740
1778597708387 2.0645645645645647 2750
1778597710052 2.0720720720720722 2760
1778597710635 2.0870870870870872 2780
1778597711217 2.1021021021021022 2800
1778597711814 2.1171171171171173 2820
1778597712408 2.1321321321321323 2840
1778597713012 2.1471471471471473 2860
1778597713600 2.1621621621621623 2880
1778597714184 2.1771771771771773 2900
1778597714790 2.1921921921921923 2920
1778597715386 2.2072072072072073 2940
1778597715971 2.2222222222222223 2960
1778597716556 2.2372372372372373 2980
1778597717141 2.2522522522522523 3000
1778597717863 2.2522522522522523 3000
1778597719822 2.2672672672672673 3020
1778597720420 2.2822822822822824 3040
1778597721006 2.2972972972972974 3060
1778597721588 2.3123123123123124 3080
1778597722169 2.3273273273273274 3100
1778597722752 2.3423423423423424 3120
1778597723336 2.3573573573573574 3140
1778597723918 2.3723723723723724 3160
1778597724499 2.3873873873873874 3180
1778597725082 2.4024024024024024 3200
1778597725665 2.4174174174174174 3220
1778597726248 2.4324324324324325 3240
1778597727262 2.43993993993994 3250
1778597728929 2.4474474474474475 3260
1778597729513 2.4624624624624625 3280
1778597730096 2.4774774774774775 3300
1778597730679 2.4924924924924925 3320
1778597731262 2.5075075075075075 3340
1778597731866 2.5225225225225225 3360
1778597732463 2.5375375375375375 3380
1778597733047 2.5525525525525525 3400
1778597733650 2.5675675675675675 3420
1778597734232 2.5825825825825826 3440
1778597734833 2.5975975975975976 3460
1778597735433 2.6126126126126126 3480
1778597736020 2.6276276276276276 3500
1778597736744 2.6276276276276276 3500
1778597738705 2.6426426426426426 3520
1778597739302 2.6576576576576576 3540
1778597739908 2.6726726726726726 3560
1778597740506 2.6876876876876876 3580
1778597741112 2.7027027027027026 3600
1778597741727 2.7177177177177176 3620
1778597742327 2.7327327327327327 3640
1778597742929 2.7477477477477477 3660
1778597743528 2.7627627627627627 3680
1778597744114 2.7777777777777777 3700
1778597744700 2.7927927927927927 3720
1778597745284 2.8078078078078077 3740
1778597746295 2.815315315315315 3750
1778597747966 2.8228228228228227 3760
1778597748549 2.8378378378378377 3780
1778597749131 2.8528528528528527 3800
1778597749719 2.8678678678678677 3820
1778597750300 2.8828828828828827 3840
1778597750883 2.8978978978978978 3860
1778597751471 2.9129129129129128 3880
1778597752062 2.9279279279279278 3900
1778597752644 2.942942942942943 3920
1778597753235 2.957957957957958 3940
1778597753824 2.972972972972973 3960
1778597754406 2.987987987987988 3980
1778597754992 3.003003003003003 4000
1778597755721 3.003003003003003 4000
1778597757649 3.018018018018018 4020
1778597758231 3.033033033033033 4040
1778597758818 3.048048048048048 4060
1778597759407 3.063063063063063 4080
1778597760003 3.078078078078078 4100
1778597760597 3.093093093093093 4120
1778597761191 3.108108108108108 4140
1778597761783 3.123123123123123 4160
1778597762365 3.138138138138138 4180
1778597762947 3.153153153153153 4200
1778597763531 3.1681681681681684 4220
1778597764124 3.1831831831831834 4240
1778597765143 3.190690690690691 4250
1778597766822 3.1981981981981984 4260
1778597767406 3.2132132132132134 4280
1778597767989 3.2282282282282284 4300
1778597768571 3.2432432432432434 4320
1778597769155 3.2582582582582584 4340
1778597769738 3.2732732732732734 4360
1778597770322 3.2882882882882885 4380
1778597770905 3.3033033033033035 4400
1778597771492 3.3183183183183185 4420
1778597772075 3.3333333333333335 4440
1778597772665 3.3483483483483485 4460
1778597773249 3.3633633633633635 4480
1778597773852 3.3783783783783785 4500
1778597774577 3.3783783783783785 4500
1778597776542 3.3933933933933935 4520
1778597777157 3.4084084084084085 4540
1778597777761 3.4234234234234235 4560
1778597778351 3.4384384384384385 4580
1778597778943 3.4534534534534536 4600
1778597779546 3.4684684684684686 4620
1778597780150 3.4834834834834836 4640
1778597780734 3.4984984984984986 4660
1778597781316 3.5135135135135136 4680
1778597781899 3.5285285285285286 4700
1778597782481 3.5435435435435436 4720
1778597783064 3.5585585585585586 4740
1778597784082 3.566066066066066 4750
1778597785749 3.5735735735735736 4760
1778597786331 3.5885885885885886 4780
1778597786915 3.6036036036036037 4800
1778597787501 3.6186186186186187 4820
1778597788087 3.6336336336336337 4840
1778597788674 3.6486486486486487 4860
1778597789260 3.6636636636636637 4880
1778597789843 3.6786786786786787 4900
1778597790427 3.6936936936936937 4920
1778597791017 3.7087087087087087 4940
1778597791617 3.7237237237237237 4960
1778597792220 3.7387387387387387 4980
1778597792825 3.7537537537537538 5000
1778597793551 3.7537537537537538 5000
1778597795524 3.7687687687687688 5020
1778597796129 3.7837837837837838 5040
1778597796716 3.798798798798799 5060
1778597797298 3.813813813813814 5080
1778597797887 3.828828828828829 5100
1778597798473 3.843843843843844 5120
1778597799065 3.858858858858859 5140
1778597799658 3.873873873873874 5160
1778597800249 3.888888888888889 5180
1778597800836 3.903903903903904 5200
1778597801427 3.918918918918919 5220
1778597802016 3.933933933933934 5240
1778597803038 3.9414414414414414 5250
1778597804715 3.948948948948949 5260
1778597805298 3.963963963963964 5280
1778597805882 3.978978978978979 5300
1778597806464 3.993993993993994 5320
1778597808160 4.0 5328
1778597809094 4.0 5328
1778597810030 4.0 5328
1778597810626 4.0 0
