1778597606934 6.824955940246582 20
1778597607509 4.682064533233643 40
1778597608083 12.404476165771484 60
1778597608670 5.849606037139893 80
1778597609244 2.555807590484619 100
1778597609823 20.338083267211914 120
1778597610414 4.8791937828063965 140
1778597610995 3.798021078109741 160
1778597611577 6.783287525177002 180
1778597612160 6.088123798370361 200
1778597612742 8.157684326171875 220
1778597613325 3.3332014083862305 240
1778597615842 3.9239490032196045 260
1778597616416 2.6557130813598633 280
1778597617000 5.043924331665039 300
1778597617587 1.6536903381347656 320
1778597618196 2.834506034851074 340
1778597618788 3.3945255279541016 360
1778597619387 2.2704200744628906 380
1778597619974 3.0593254566192627 400
1778597620559 4.706366062164307 420
1778597621142 4.1032257080078125 440
1778597621725 4.728285789489746 460
1778597622311 5.62271785736084 480
1778597622893 3.526327133178711 500
1778597625605 2.16733717918396 520
1778597626201 8.637275695800781 540
1778597626808 4.480292797088623 560
1778597627397 2.765124559402466 580
1778597627983 1.7902095317840576 600
1778597628564 2.5588924884796143 620
1778597629155 2.825733184814453 640
1778597629737 2.6576788425445557 660
1778597630321 3.9710288047790527 680
1778597630905 2.7787208557128906 700
1778597631489 2.5644752979278564 720
1778597632071 2.119098663330078 740
1778597634758 3.271552324295044 760
1778597635342 3.5441949367523193 780
1778597635926 1.9044970273971558 800
1778597636509 3.37477445602417 820
1778597637093 1.7148419618606567 840
1778597637677 2.5583934783935547 860
1778597638263 3.413163423538208 880
1778597638848 4.412740707397461 900
1778597639430 3.651664972305298 920
1778597640015 3.1727302074432373 940
1778597640603 2.699506998062134 960
1778597641189 2.854722738265991 980
1778597641775 2.67592453956604 1000
1778597644262 4.40347146987915 1020
1778597644851 2.7312324047088623 1040
1778597645447 3.032388210296631 1060
1778597646029 4.765684604644775 1080
1778597646610 4.631816864013672 1100
1778597647193 2.369414806365967 1120
1778597647782 1.7084730863571167 1140
1778597648362 2.2330663204193115 1160
1778597648951 4.928098201751709 1180
1778597649538 3.388176918029785 1200
1778597650122 2.3252756595611572 1220
1778597650713 2.7540972232818604 1240
1778597653577 2.4616599082946777 1260
1778597654160 4.990230560302734 1280
1778597654742 2.9850971698760986 1300
1778597655329 3.086359977722168 1320
1778597655915 2.1469814777374268 1340
1778597656493 1.6701219081878662 1360
1778597657079 5.8631720542907715 1380
1778597657666 1.9470781087875366 1400
1778597658250 5.085113525390625 1420
1778597658848 3.399662971496582 1440
1778597659431 3.816970109939575 1460
1778597660014 4.220713138580322 1480
1778597660597 4.0026164054870605 1500
1778597663283 3.628437042236328 1520
1778597663864 3.2772178649902344 1540
1778597664448 5.225386619567871 1560
1778597665030 4.186892986297607 1580
1778597665615 3.500572919845581 1600
1778597666197 5.8332672119140625 1620
1778597666780 5.653344631195068 1640
1778597667362 3.848607063293457 1660
1778597667947 3.8108901977539062 1680
1778597668529 3.3632869720458984 1700
1778597669119 3.6975767612457275 1720
1778597669701 3.3915131092071533 1740
1778597672194 4.301112174987793 1760
1778597672779 2.6939213275909424 1780
1778597673362 5.067474842071533 1800
1778597673945 4.902563095092773 1820
1778597674527 3.6312079429626465 1840
1778597675111 3.521402597427368 1860
1778597675694 11.320182800292969 1880
1778597676277 5.652584552764893 1900
1778597676859 3.0814123153686523 1920
1778597677442 2.6357476711273193 1940
1778597678023 3.5891287326812744 1960
1778597678603 5.292640686035156 1980
1778597679186 47.82779312133789 2000
1778597681871 5.289221286773682 2020
1778597682456 3.534869909286499 2040
1778597683041 2.6198127269744873 2060
1778597683624 3.444054126739502 2080
1778597684208 3.296966791152954 2100
1778597684793 4.102028846740723 2120
1778597685378 3.421146869659424 2140
1778597685962 4.33802604675293 2160
1778597686567 2.989067316055298 2180
1778597687151 3.537719964981079 2200
1778597687743 3.054229736328125 2220
1778597688342 2.760617971420288 2240
1778597691175 3.684340000152588 2260
1778597691758 7.092465877532959 2280
1778597692347 2.1542444229125977 2300
1778597692947 5.157896041870117 2320
1778597693531 3.5355536937713623 2340
1778597694114 4.373817443847656 2360
1778597694696 3.71899151802063 2380
1778597695277 3.442230224609375 2400
1778597695859 4.984805107116699 2420
1778597696442 2.99063777923584 2440
1778597697028 3.541261911392212 2460
1778597697611 3.794555425643921 2480
1778597698192 2.5470259189605713 2500
1778597700671 6.964486122131348 2520
1778597701266 2.903712749481201 2540
1778597701853 3.49340558052063 2560
1778597702448 3.131812810897827 2580
1778597703047 4.619691848754883 2600
1778597703649 3.0432815551757812 2620
1778597704243 3.8004629611968994 2640
1778597704879 3.0595595836639404 2660
1778597705491 3.386131763458252 2680
1778597706170 4.891779899597168 2700
1778597706784 6.261352062225342 2720
1778597707375 3.590975284576416 2740
1778597710052 3.3696696758270264 2760
1778597710635 4.513521671295166 2780
1778597711217 3.953638792037964 2800
1778597711814 33.58918762207031 2820
1778597712408 4.406274795532227 2840
1778597713012 3.9960575103759766 2860
1778597713600 2.9865574836730957 2880
1778597714184 3.503851890563965 2900
1778597714790 3.0852408409118652 2920
1778597715386 6.0453009605407715 2940
1778597715971 3.9685475826263428 2960
1778597716556 6.769313812255859 2980
1778597717141 3.6970150470733643 3000
1778597719822 3.6583025455474854 3020
1778597720420 3.4322144985198975 3040
1778597721006 3.2132980823516846 3060
1778597721588 3.350264549255371 3080
1778597722169 8.11270523071289 3100
1778597722752 5.501927852630615 3120
1778597723336 5.228343963623047 3140
1778597723918 7.1180596351623535 3160
1778597724499 4.281722545623779 3180
1778597725082 4.797427654266357 3200
1778597725665 7.4551286697387695 3220
1778597726248 5.513195037841797 3240
1778597728929 3.4403586387634277 3260
1778597729513 5.529067039489746 3280
1778597730096 5.288685321807861 3300
1778597730679 4.582289218902588 3320
1778597731262 3.7372100353240967 3340
1778597731866 6.533788204193115 3360
1778597732463 1.8199111223220825 3380
1778597733047 6.569282531738281 3400
1778597733650 6.634113311767578 3420
1778597734232 4.411039352416992 3440
1778597734833 2.223977565765381 3460
1778597735433 2.420668125152588 3480
1778597736020 2.857306957244873 3500
1778597738705 6.110123157501221 3520
1778597739302 4.139336585998535 3540
1778597739908 4.405837059020996 3560
1778597740506 5.20767879486084 3580
1778597741112 5.541403293609619 3600
1778597741727 5.674295902252197 3620
1778597742327 5.021358489990234 3640
1778597742929 4.2707905769348145 3660
1778597743528 4.618193626403809 3680
1778597744114 4.663206100463867 3700
1778597744700 5.728763103485107 3720
1778597745284 5.895214557647705 3740
1778597747966 3.6548941135406494 3760
1778597748549 6.30197811126709 3780
1778597749131 3.2665998935699463 3800
1778597749719 5.301493167877197 3820
1778597750300 10.825118064880371 3840
1778597750883 6.196290969848633 3860
1778597751471 4.35883903503418 3880
1778597752062 5.623223304748535 3900
1778597752644 6.168807029724121 3920
1778597753235 6.2822585105896 3940
1778597753824 6.6546478271484375 3960
1778597754406 5.063699245452881 3980
1778597754992 6.602405548095703 4000
1778597757649 2.444201707839966 4020
1778597758231 3.6183319091796875 4040
1778597758818 5.918224811553955 4060
1778597759407 3.953843355178833 4080
1778597760003 1.9406750202178955 4100
1778597760597 9.618304252624512 4120
1778597761191 2.5445735454559326 4140
1778597761783 4.337812423706055 4160
1778597762365 7.101657390594482 4180
1778597762947 7.527685165405273 4200
1778597763531 7.195083141326904 4220
1778597764124 5.264842510223389 4240
1778597766822 5.67411470413208 4260
1778597767406 5.018450736999512 4280
1778597767989 8.675018310546875 4300
1778597768571 3.372307538986206 4320
1778597769155 4.499178886413574 4340
1778597769738 2.986072301864624 4360
1778597770322 6.35311222076416 4380
1778597770905 6.232034206390381 4400
1778597771492 7.1627302169799805 4420
1778597772075 7.474325180053711 4440
1778597772665 5.178006649017334 4460
1778597773249 6.489226341247559 4480
1778597773852 6.947404861450195 4500
1778597776542 6.808231353759766 4520
1778597777157 6.65643310546875 4540
1778597777761 9.601982116699219 4560
1778597778351 7.8650665283203125 4580
1778597778943 9.87646484375 4600
1778597779546 4.553813457489014 4620
1778597780150 8.49020767211914 4640
1778597780734 6.184545516967773 4660
1778597781316 3.9033920764923096 4680
1778597781899 8.456913948059082 4700
1778597782481 11.064499855041504 4720
1778597783064 1.5708616971969604 4740
1778597785749 5.527329921722412 4760
1778597786331 6.527226448059082 4780
1778597786915 3.9886531829833984 4800
1778597787501 10.950324058532715 4820
1778597788087 10.180891036987305 4840
1778597788674 6.246580600738525 4860
1778597789260 3.6135547161102295 4880
1778597789843 6.153852939605713 4900
1778597790427 5.616574764251709 4920
1778597791017 6.4532999992370605 4940
1778597791617 10.369901657104492 4960
1778597792220 8.477460861206055 4980
1778597792825 11.19509506225586 5000
1778597795524 9.782259941101074 5020
1778597796129 10.757589340209961 5040
1778597796716 6.1224470138549805 5060
1778597797298 4.023923873901367 5080
1778597797887 7.456490993499756 5100
1778597798473 3.020418643951416 5120
1778597799065 1.0173535346984863 5140
1778597799658 5.242916584014893 5160
1778597800249 2.726280689239502 5180
1778597800836 6.824418544769287 5200
1778597801427 4.737475872039795 5220
1778597802016 4.9663262367248535 5240
1778597804715 9.323121070861816 5260
1778597805298 6.184536933898926 5280
1778597805882 11.575814247131348 5300
1778597806464 3.856851816177368 5320
