1778597606934 0.697 20
1778597607509 0.6796 40
1778597608083 0.6239 60
1778597608670 0.5847 80
1778597609244 0.5006 100
1778597609823 0.5609 120
1778597610414 0.5177 140
1778597610995 0.4821 160
1778597611577 0.4754 180
1778597612160 0.4482 200
1778597612742 0.4211 220
1778597613325 0.4676 240
1778597615842 0.4205 260
1778597616416 0.4635 280
1778597617000 0.4149 300
1778597617587 0.4289 320
1778597618196 0.5458 340
1778597618788 0.433 360
1778597619387 0.4763 380
1778597619974 0.4129 400
1778597620559 0.4221 420
1778597621142 0.4025 440
1778597621725 0.4618 460
1778597622311 0.4241 480
1778597622893 0.4604 500
1778597625605 0.4062 520
1778597626201 0.4683 540
1778597626808 0.4109 560
1778597627397 0.4443 580
1778597627983 0.4517 600
1778597628564 0.3957 620
1778597629155 0.4109 640
1778597629737 0.4443 660
1778597630321 0.3545 680
1778597630905 0.4459 700
1778597631489 0.4167 720
1778597632071 0.4396 740
1778597634758 0.4162 760
1778597635342 0.4501 780
1778597635926 0.4218 800
1778597636509 0.4673 820
1778597637093 0.3925 840
1778597637677 0.4055 860
1778597638263 0.373 880
1778597638848 0.3886 900
1778597639430 0.4117 920
1778597640015 0.3916 940
1778597640603 0.393 960
1778597641189 0.3922 980
1778597641775 0.3815 1000
1778597644262 0.422 1020
1778597644851 0.3583 1040
1778597645447 0.4022 1060
1778597646029 0.4344 1080
1778597646610 0.4086 1100
1778597647193 0.4262 1120
1778597647782 0.4025 1140
1778597648362 0.4255 1160
1778597648951 0.4038 1180
1778597649538 0.4114 1200
1778597650122 0.393 1220
1778597650713 0.386 1240
1778597653577 0.4532 1260
1778597654160 0.4459 1280
1778597654742 0.3951 1300
1778597655329 0.3922 1320
1778597655915 0.4041 1340
1778597656493 0.3159 1360
1778597657079 0.3315 1380
1778597657666 0.3525 1400
1778597658250 0.3163 1420
1778597658848 0.2943 1440
1778597659431 0.4029 1460
1778597660014 0.3761 1480
1778597660597 0.3259 1500
1778597663283 0.2907 1520
1778597663864 0.3799 1540
1778597664448 0.326 1560
1778597665030 0.3277 1580
1778597665615 0.3754 1600
1778597666197 0.3301 1620
1778597666780 0.3715 1640
1778597667362 0.3175 1660
1778597667947 0.3464 1680
1778597668529 0.3281 1700
1778597669119 0.3225 1720
1778597669701 0.3396 1740
1778597672194 0.3084 1760
1778597672779 0.3181 1780
1778597673362 0.3268 1800
1778597673945 0.363 1820
1778597674527 0.3633 1840
1778597675111 0.38 1860
1778597675694 0.3498 1880
1778597676277 0.3279 1900
1778597676859 0.3284 1920
1778597677442 0.339 1940
1778597678023 0.3384 1960
1778597678603 0.3563 1980
1778597679186 0.3593 2000
1778597681871 0.3156 2020
1778597682456 0.3109 2040
1778597683041 0.3814 2060
1778597683624 0.3123 2080
1778597684208 0.3504 2100
1778597684793 0.3203 2120
1778597685378 0.3434 2140
1778597685962 0.3422 2160
1778597686567 0.3321 2180
1778597687151 0.3892 2200
1778597687743 0.3624 2220
1778597688342 0.3507 2240
1778597691175 0.3352 2260
1778597691758 0.328 2280
1778597692347 0.3608 2300
1778597692947 0.3336 2320
1778597693531 0.3116 2340
1778597694114 0.331 2360
1778597694696 0.3556 2380
1778597695277 0.2721 2400
1778597695859 0.3301 2420
1778597696442 0.3226 2440
1778597697028 0.3321 2460
1778597697611 0.3524 2480
1778597698192 0.3635 2500
1778597700671 0.3525 2520
1778597701266 0.3354 2540
1778597701853 0.2999 2560
1778597702448 0.3134 2580
1778597703047 0.3206 2600
1778597703649 0.3409 2620
1778597704243 0.356 2640
1778597704879 0.3296 2660
1778597705491 0.2783 2680
1778597706170 0.2542 2700
1778597706784 0.2612 2720
1778597707375 0.2385 2740
1778597710052 0.2483 2760
1778597710635 0.2607 2780
1778597711217 0.2886 2800
1778597711814 0.2425 2820
1778597712408 0.2992 2840
1778597713012 0.2682 2860
1778597713600 0.2527 2880
1778597714184 0.236 2900
1778597714790 0.236 2920
1778597715386 0.2208 2940
1778597715971 0.2407 2960
1778597716556 0.2497 2980
1778597717141 0.2927 3000
1778597719822 0.2551 3020
1778597720420 0.291 3040
1778597721006 0.2256 3060
1778597721588 0.2723 3080
1778597722169 0.2598 3100
1778597722752 0.2561 3120
1778597723336 0.2487 3140
1778597723918 0.2266 3160
1778597724499 0.2378 3180
1778597725082 0.2328 3200
1778597725665 0.2601 3220
1778597726248 0.2723 3240
1778597728929 0.2503 3260
1778597729513 0.2666 3280
1778597730096 0.2164 3300
1778597730679 0.2325 3320
1778597731262 0.2394 3340
1778597731866 0.2313 3360
1778597732463 0.2378 3380
1778597733047 0.2369 3400
1778597733650 0.2565 3420
1778597734232 0.231 3440
1778597734833 0.2093 3460
1778597735433 0.2163 3480
1778597736020 0.2656 3500
1778597738705 0.2708 3520
1778597739302 0.2589 3540
1778597739908 0.2653 3560
1778597740506 0.2708 3580
1778597741112 0.2501 3600
1778597741727 0.2279 3620
1778597742327 0.1976 3640
1778597742929 0.2222 3660
1778597743528 0.2434 3680
1778597744114 0.2771 3700
1778597744700 0.2308 3720
1778597745284 0.2762 3740
1778597747966 0.2152 3760
1778597748549 0.2546 3780
1778597749131 0.2492 3800
1778597749719 0.2391 3820
1778597750300 0.2789 3840
1778597750883 0.2337 3860
1778597751471 0.2605 3880
1778597752062 0.2431 3900
1778597752644 0.2478 3920
1778597753235 0.217 3940
1778597753824 0.2834 3960
1778597754406 0.2587 3980
1778597754992 0.2389 4000
1778597757649 0.1747 4020
1778597758231 0.1693 4040
1778597758818 0.182 4060
1778597759407 0.1714 4080
1778597760003 0.1777 4100
1778597760597 0.1704 4120
1778597761191 0.1922 4140
1778597761783 0.1916 4160
1778597762365 0.1701 4180
1778597762947 0.1825 4200
1778597763531 0.2061 4220
1778597764124 0.1867 4240
1778597766822 0.1313 4260
1778597767406 0.2209 4280
1778597767989 0.1788 4300
1778597768571 0.1501 4320
1778597769155 0.2028 4340
1778597769738 0.1741 4360
1778597770322 0.1862 4380
1778597770905 0.1972 4400
1778597771492 0.188 4420
1778597772075 0.183 4440
1778597772665 0.1872 4460
1778597773249 0.1818 4480
1778597773852 0.1897 4500
1778597776542 0.1646 4520
1778597777157 0.1829 4540
1778597777761 0.1142 4560
1778597778351 0.1424 4580
1778597778943 0.125 4600
1778597779546 0.1374 4620
1778597780150 0.2124 4640
1778597780734 0.1638 4660
1778597781316 0.1634 4680
1778597781899 0.1715 4700
1778597782481 0.2029 4720
1778597783064 0.1932 4740
1778597785749 0.1761 4760
1778597786331 0.1424 4780
1778597786915 0.1889 4800
1778597787501 0.1867 4820
1778597788087 0.1804 4840
1778597788674 0.1352 4860
1778597789260 0.1718 4880
1778597789843 0.1934 4900
1778597790427 0.1573 4920
1778597791017 0.1636 4940
1778597791617 0.183 4960
1778597792220 0.1796 4980
1778597792825 0.1471 5000
1778597795524 0.1912 5020
1778597796129 0.1756 5040
1778597796716 0.1215 5060
1778597797298 0.1687 5080
1778597797887 0.226 5100
1778597798473 0.1867 5120
1778597799065 0.1525 5140
1778597799658 0.1957 5160
1778597800249 0.1763 5180
1778597800836 0.1937 5200
1778597801427 0.2575 5220
1778597802016 0.1591 5240
1778597804715 0.1593 5260
1778597805298 0.212 5280
1778597805882 0.157 5300
1778597806464 0.1381 5320
