1777895665788 3.8e-05 20
1777895669645 7.800000000000001e-05 40
1777895673513 9.94943820224719e-05 60
1777895677379 9.837078651685395e-05 80
1777895681229 9.724719101123596e-05 100
1777895685090 9.612359550561798e-05 120
1777895688951 9.5e-05 140
1777895692826 9.387640449438203e-05 160
1777895696692 9.275280898876405e-05 180
1777895700612 9.162921348314606e-05 200
1777895704498 9.050561797752809e-05 220
1777895708377 8.938202247191012e-05 240
1777895714500 8.825842696629214e-05 260
1777895718404 8.713483146067417e-05 280
1777895722294 8.601123595505618e-05 300
1777895726201 8.488764044943821e-05 320
1777895730104 8.376404494382022e-05 340
1777895734010 8.264044943820225e-05 360
1777895737916 8.151685393258427e-05 380
1777895741823 8.03932584269663e-05 400
1777895745735 7.926966292134833e-05 420
1777895749658 7.814606741573034e-05 440
1777895753577 7.702247191011236e-05 460
1777895757491 7.589887640449438e-05 480
1777895761418 7.477528089887641e-05 500
1777895767548 7.365168539325843e-05 520
1777895771485 7.252808988764044e-05 540
1777895775422 7.140449438202249e-05 560
1777895779368 7.02808988764045e-05 580
1777895783311 6.915730337078652e-05 600
1777895787263 6.803370786516854e-05 620
1777895791226 6.691011235955057e-05 640
1777895795180 6.584269662921349e-05 660
1777895799136 6.47191011235955e-05 680
1777895803097 6.359550561797753e-05 700
1777895807058 6.247191011235956e-05 720
1777895811019 6.134831460674157e-05 740
1777895817211 6.0224719101123596e-05 760
1777895821183 5.9101123595505624e-05 780
1777895825162 5.7977528089887646e-05 800
1777895829147 5.685393258426966e-05 820
1777895833131 5.573033707865168e-05 840
1777895837106 5.460674157303371e-05 860
1777895841090 5.3483146067415734e-05 880
1777895845079 5.2359550561797756e-05 900
1777895849056 5.129213483146068e-05 920
1777895853039 5.01685393258427e-05 940
1777895857035 4.904494382022472e-05 960
1777895861036 4.792134831460675e-05 980
1777895865023 4.6797752808988764e-05 1000
1777895871302 4.567415730337079e-05 1020
1777895875298 4.455056179775281e-05 1040
1777895879284 4.3426966292134836e-05 1060
1777895883282 4.230337078651686e-05 1080
1777895887267 4.117977528089888e-05 1100
1777895891260 4.00561797752809e-05 1120
1777895895250 3.8932584269662924e-05 1140
1777895899246 3.7808988764044946e-05 1160
1777895903227 3.668539325842697e-05 1180
1777895907210 3.556179775280899e-05 1200
1777895911195 3.443820224719102e-05 1220
1777895915187 3.331460674157303e-05 1240
1777895921397 3.219101123595506e-05 1260
1777895925385 3.106741573033708e-05 1280
1777895929368 2.9943820224719106e-05 1300
1777895933351 2.8820224719101124e-05 1320
1777895937352 2.769662921348315e-05 1340
1777895941359 2.6573033707865168e-05 1360
1777895945360 2.5449438202247193e-05 1380
1777895949356 2.4325842696629215e-05 1400
1777895953354 2.3202247191011237e-05 1420
1777895957359 2.207865168539326e-05 1440
1777895961362 2.095505617977528e-05 1460
1777895965352 1.9831460674157303e-05 1480
1777895969351 1.8707865168539328e-05 1500
1777895975625 1.758426966292135e-05 1520
1777895979634 1.646067415730337e-05 1540
1777895983649 1.5337078651685393e-05 1560
1777895987658 1.4213483146067415e-05 1580
1777895991678 1.3089887640449439e-05 1600
1777895995686 1.196629213483146e-05 1620
1777895999694 1.0842696629213483e-05 1640
1777896003687 9.719101123595506e-06 1660
1777896007691 8.595505617977528e-06 1680
1777896011705 7.471910112359551e-06 1700
1777896015722 6.348314606741574e-06 1720
1777896019734 5.2247191011235955e-06 1740
1777896026036 4.101123595505618e-06 1760
1777896030046 2.9775280898876406e-06 1780
1777896034052 1.853932584269663e-06 1800
1777896038074 7.303370786516855e-07 1820
