1777895665788 0.6981 20
1777895669645 0.6924 40
1777895673513 0.6836 60
1777895677379 0.6592 80
1777895681229 0.6528 100
1777895685090 0.6059 120
1777895688951 0.5266 140
1777895692826 0.5068 160
1777895696692 0.4459 180
1777895700612 0.3875 200
1777895704498 0.3529 220
1777895708377 0.3766 240
1777895714500 0.3776 260
1777895718404 0.3683 280
1777895722294 0.3785 300
1777895726201 0.3573 320
1777895730104 0.3764 340
1777895734010 0.3431 360
1777895737916 0.2945 380
1777895741823 0.2394 400
1777895745735 0.278 420
1777895749658 0.2847 440
1777895753577 0.2489 460
1777895757491 0.2869 480
1777895761418 0.2564 500
1777895767548 0.2719 520
1777895771485 0.2933 540
1777895775422 0.1819 560
1777895779368 0.1315 580
1777895783311 0.1505 600
1777895787263 0.178 620
1777895791226 0.1807 640
1777895795180 0.1836 660
1777895799136 0.148 680
1777895803097 0.1393 700
1777895807058 0.1091 720
1777895811019 0.0935 740
1777895817211 0.0584 760
1777895821183 0.0637 780
1777895825162 0.0353 800
1777895829147 0.0401 820
1777895833131 0.0466 840
1777895837106 0.0405 860
1777895841090 0.0484 880
1777895845079 0.0401 900
1777895849056 0.0592 920
1777895853039 0.0185 940
1777895857035 0.0132 960
1777895861036 0.0078 980
1777895865023 0.0064 1000
1777895871302 0.0022 1020
1777895875298 0.0098 1040
1777895879284 0.0032 1060
1777895883282 0.0016 1080
1777895887267 0.0027 1100
1777895891260 0.0003 1120
1777895895250 0.0011 1140
1777895899246 0.001 1160
1777895903227 0.0025 1180
1777895907210 0.0004 1200
1777895911195 0.0025 1220
1777895915187 0.0003 1240
1777895921397 0.004 1260
1777895925385 0.0013 1280
1777895929368 0.0025 1300
1777895933351 0.0016 1320
1777895937352 0.0002 1340
1777895941359 0.0002 1360
1777895945360 0.0002 1380
1777895949356 0.0004 1400
1777895953354 0.0002 1420
1777895957359 0.0002 1440
1777895961362 0.0001 1460
1777895965352 0.0001 1480
1777895969351 0.0001 1500
1777895975625 0.0001 1520
1777895979634 0.0001 1540
1777895983649 0.0009 1560
1777895987658 0.0003 1580
1777895991678 0.0009 1600
1777895995686 0.0009 1620
1777895999694 0.0001 1640
1777896003687 0.0001 1660
1777896007691 0.0008 1680
1777896011705 0.0002 1700
1777896015722 0.0001 1720
1777896019734 0.0002 1740
1777896026036 0.0001 1760
1777896030046 0.0001 1780
1777896034052 0.0001 1800
1777896038074 0.0001 1820
