1778855709424 0.015015015015015015 20
1778855713343 0.03003003003003003 40
1778855717261 0.04504504504504504 60
1778855721182 0.06006006006006006 80
1778855725105 0.07507507507507508 100
1778855729029 0.09009009009009009 120
1778855732951 0.10510510510510511 140
1778855736874 0.12012012012012012 160
1778855740798 0.13513513513513514 180
1778855744721 0.15015015015015015 200
1778855748645 0.16516516516516516 220
1778855752568 0.18018018018018017 240
1778855763693 0.18768768768768768 250
1778855769268 0.19519519519519518 260
1778855773194 0.21021021021021022 280
1778855777129 0.22522522522522523 300
1778855781056 0.24024024024024024 320
1778855784982 0.2552552552552553 340
1778855788908 0.2702702702702703 360
1778855792834 0.2852852852852853 380
1778855796760 0.3003003003003003 400
1778855800686 0.3153153153153153 420
1778855804612 0.3303303303303303 440
1778855808539 0.34534534534534533 460
1778855812465 0.36036036036036034 480
1778855816391 0.37537537537537535 500
1778855825546 0.37537537537537535 500
1778855832850 0.39039039039039036 520
1778855836786 0.40540540540540543 540
1778855840715 0.42042042042042044 560
1778855844643 0.43543543543543545 580
1778855848571 0.45045045045045046 600
1778855852498 0.46546546546546547 620
1778855856427 0.4804804804804805 640
1778855860355 0.4954954954954955 660
1778855864282 0.5105105105105106 680
1778855868210 0.5255255255255256 700
1778855872138 0.5405405405405406 720
1778855876066 0.5555555555555556 740
1778855887175 0.5630630630630631 750
