1778855709424 23.652408599853516 20
1778855713343 22.602008819580078 40
1778855717261 50.48727035522461 60
1778855721182 24.77598762512207 80
1778855725105 18.394922256469727 100
1778855729029 8.845357894897461 120
1778855732951 46.46748733520508 140
1778855736874 81.27300262451172 160
1778855740798 14.906146049499512 180
1778855744721 31.00407600402832 200
1778855748645 24.310331344604492 220
1778855752568 18.469839096069336 240
1778855769268 15.495399475097656 260
1778855773194 7.974671840667725 280
1778855777129 48.896018981933594 300
1778855781056 28.793127059936523 320
1778855784982 27.322620391845703 340
1778855788908 9.209939002990723 360
1778855792834 11.66263484954834 380
1778855796760 12.64387321472168 400
1778855800686 15.647217750549316 420
1778855804612 11.84131908416748 440
1778855808539 8.57270622253418 460
1778855812465 10.140674591064453 480
1778855816391 10.94477653503418 500
1778855832850 11.278206825256348 520
1778855836786 18.931135177612305 540
1778855840715 10.50715160369873 560
1778855844643 5.301701545715332 580
1778855848571 9.776870727539062 600
1778855852498 6.007590293884277 620
1778855856427 4.276751518249512 640
1778855860355 0.7564216256141663 660
1778855864282 11.653971672058105 680
1778855868210 2.096318483352661 700
1778855872138 14.609807014465332 720
1778855876066 17.022340774536133 740
