1778855709424 3.8e-05 20
1778855713343 7.800000000000001e-05 40
1778855717261 9.986384266263238e-05 60
1778855721182 9.956127080181544e-05 80
1778855725105 9.925869894099849e-05 100
1778855729029 9.895612708018155e-05 120
1778855732951 9.86535552193646e-05 140
1778855736874 9.835098335854766e-05 160
1778855740798 9.804841149773071e-05 180
1778855744721 9.774583963691377e-05 200
1778855748645 9.744326777609682e-05 220
1778855752568 9.714069591527989e-05 240
1778855769268 9.683812405446295e-05 260
1778855773194 9.653555219364599e-05 280
1778855777129 9.623298033282904e-05 300
1778855781056 9.593040847201211e-05 320
1778855784982 9.562783661119517e-05 340
1778855788908 9.532526475037822e-05 360
1778855792834 9.502269288956128e-05 380
1778855796760 9.472012102874433e-05 400
1778855800686 9.441754916792739e-05 420
1778855804612 9.411497730711044e-05 440
1778855808539 9.38124054462935e-05 460
1778855812465 9.350983358547655e-05 480
1778855816391 9.320726172465961e-05 500
1778855832850 9.290468986384266e-05 520
1778855836786 9.260211800302573e-05 540
1778855840715 9.229954614220879e-05 560
1778855844643 9.199697428139183e-05 580
1778855848571 9.169440242057488e-05 600
1778855852498 9.139183055975795e-05 620
1778855856427 9.108925869894101e-05 640
1778855860355 9.078668683812406e-05 660
1778855864282 9.04841149773071e-05 680
1778855868210 9.018154311649017e-05 700
1778855872138 8.987897125567323e-05 720
1778855876066 8.957639939485628e-05 740
