1778337781377 0.005555555555555556 20
1778337787301 0.011111111111111112 40
1778337793234 0.016666666666666666 60
1778337799100 0.022222222222222223 80
1778337804967 0.027777777777777776 100
1778337810863 0.03333333333333333 120
1778337816816 0.03888888888888889 140
1778337822713 0.044444444444444446 160
1778337828562 0.05 180
1778337834467 0.05555555555555555 200
1778337840376 0.06111111111111111 220
1778337846295 0.06666666666666667 240
1778337920477 0.06944444444444445 250
1778337925086 0.07222222222222222 260
1778337930890 0.07777777777777778 280
1778337936724 0.08333333333333333 300
1778337942570 0.08888888888888889 320
1778337948372 0.09444444444444444 340
1778337954212 0.1 360
1778337960052 0.10555555555555556 380
1778337965851 0.1111111111111111 400
1778337971687 0.11666666666666667 420
1778337977478 0.12222222222222222 440
1778337983247 0.12777777777777777 460
1778337989040 0.13333333333333333 480
1778337994815 0.1388888888888889 500
1778338055726 0.1388888888888889 500
1778338063389 0.14444444444444443 520
1778338069207 0.15 540
1778338075063 0.15555555555555556 560
1778338080928 0.16111111111111112 580
1778338086793 0.16666666666666666 600
1778338092615 0.17222222222222222 620
1778338098523 0.17777777777777778 640
1778338104307 0.18333333333333332 660
1778338110095 0.18888888888888888 680
1778338115900 0.19444444444444445 700
1778338122041 0.2 720
1778338127819 0.20555555555555555 740
1778338190752 0.20833333333333334 750
1778338195544 0.2111111111111111 760
1778338201286 0.21666666666666667 780
1778338207034 0.2222222222222222 800
1778338212747 0.22777777777777777 820
1778338218484 0.23333333333333334 840
1778338224197 0.2388888888888889 860
1778338229906 0.24444444444444444 880
1778338235606 0.25 900
1778338241301 0.25555555555555554 920
1778338246960 0.2611111111111111 940
1778338252639 0.26666666666666666 960
1778338258324 0.2722222222222222 980
1778338264003 0.2777777777777778 1000
1778338320948 0.2777777777777778 1000
1778338327753 0.2833333333333333 1020
1778338333406 0.28888888888888886 1040
1778338339073 0.29444444444444445 1060
1778338345385 0.3 1080
1778338351656 0.3055555555555556 1100
1778338357569 0.3111111111111111 1120
1778338363657 0.31666666666666665 1140
1778338369570 0.32222222222222224 1160
1778338375945 0.3277777777777778 1180
1778338382028 0.3333333333333333 1200
1778338388473 0.3388888888888889 1220
1778338394446 0.34444444444444444 1240
1778338461476 0.3472222222222222 1250
1778338466139 0.35 1260
1778338472192 0.35555555555555557 1280
1778338478568 0.3611111111111111 1300
1778338484672 0.36666666666666664 1320
1778338490891 0.37222222222222223 1340
1778338497403 0.37777777777777777 1360
1778338503632 0.38333333333333336 1380
1778338509993 0.3888888888888889 1400
1778338516239 0.39444444444444443 1420
1778338522344 0.4 1440
1778338528961 0.40555555555555556 1460
1778338535165 0.4111111111111111 1480
1778338541555 0.4166666666666667 1500
1778338606110 0.4166666666666667 1500
1778338613693 0.4222222222222222 1520
1778338619801 0.42777777777777776 1540
1778338625902 0.43333333333333335 1560
1778338632054 0.4388888888888889 1580
1778338638425 0.4444444444444444 1600
1778338644717 0.45 1620
1778338650963 0.45555555555555555 1640
1778338657564 0.46111111111111114 1660
1778338663861 0.4666666666666667 1680
1778338670391 0.4722222222222222 1700
1778338676435 0.4777777777777778 1720
1778338682738 0.48333333333333334 1740
1778338749511 0.4861111111111111 1750
1778338754588 0.4888888888888889 1760
1778338760927 0.49444444444444446 1780
1778338767296 0.5 1800
1778338773659 0.5055555555555555 1820
1778338779885 0.5111111111111111 1840
1778338786038 0.5166666666666667 1860
1778338792188 0.5222222222222223 1880
1778338798253 0.5277777777777778 1900
1778338804294 0.5333333333333333 1920
1778338810030 0.5388888888888889 1940
1778338816064 0.5444444444444444 1960
1778338822162 0.55 1980
1778338828389 0.5555555555555556 2000
1778338891245 0.5555555555555556 2000
1778338898887 0.5611111111111111 2020
1778338905091 0.5666666666666667 2040
1778338911088 0.5722222222222222 2060
1778338917300 0.5777777777777777 2080
1778338923279 0.5833333333333334 2100
1778338929415 0.5888888888888889 2120
1778338935577 0.5944444444444444 2140
1778338941681 0.6 2160
1778338947953 0.6055555555555555 2180
1778338954177 0.6111111111111112 2200
1778338960324 0.6166666666666667 2220
1778338966494 0.6222222222222222 2240
1778339031631 0.625 2250
1778339036550 0.6277777777777778 2260
1778339042627 0.6333333333333333 2280
1778339048523 0.6388888888888888 2300
1778339054742 0.6444444444444445 2320
1778339061081 0.65 2340
1778339067095 0.6555555555555556 2360
1778339073280 0.6611111111111111 2380
1778339079489 0.6666666666666666 2400
1778339085715 0.6722222222222223 2420
1778339092026 0.6777777777777778 2440
1778339098236 0.6833333333333333 2460
1778339104380 0.6888888888888889 2480
1778339110591 0.6944444444444444 2500
1778339173226 0.6944444444444444 2500
1778339180803 0.7 2520
1778339186782 0.7055555555555556 2540
1778339192778 0.7111111111111111 2560
1778339199036 0.7166666666666667 2580
1778339205177 0.7222222222222222 2600
1778339211217 0.7277777777777777 2620
1778339217296 0.7333333333333333 2640
1778339223576 0.7388888888888889 2660
1778339229715 0.7444444444444445 2680
1778339235864 0.75 2700
1778339241972 0.7555555555555555 2720
1778339248135 0.7611111111111111 2740
1778339312634 0.7638888888888888 2750
1778339317250 0.7666666666666667 2760
1778339323409 0.7722222222222223 2780
1778339329474 0.7777777777777778 2800
1778339335669 0.7833333333333333 2820
1778339341801 0.7888888888888889 2840
1778339347808 0.7944444444444444 2860
1778339354144 0.8 2880
1778339360247 0.8055555555555556 2900
1778339366314 0.8111111111111111 2920
1778339372339 0.8166666666666667 2940
1778339378494 0.8222222222222222 2960
1778339384800 0.8277777777777777 2980
1778339390946 0.8333333333333334 3000
1778339452965 0.8333333333333334 3000
1778339460677 0.8388888888888889 3020
1778339467135 0.8444444444444444 3040
1778339473272 0.85 3060
1778339479606 0.8555555555555555 3080
1778339485804 0.8611111111111112 3100
1778339492073 0.8666666666666667 3120
1778339498262 0.8722222222222222 3140
1778339504577 0.8777777777777778 3160
1778339510904 0.8833333333333333 3180
1778339517175 0.8888888888888888 3200
1778339523204 0.8944444444444445 3220
1778339529372 0.9 3240
1778339594850 0.9027777777777778 3250
1778339599380 0.9055555555555556 3260
1778339605812 0.9111111111111111 3280
1778339612412 0.9166666666666666 3300
1778339618831 0.9222222222222223 3320
1778339624973 0.9277777777777778 3340
1778339630940 0.9333333333333333 3360
1778339636994 0.9388888888888889 3380
1778339642983 0.9444444444444444 3400
1778339649231 0.95 3420
1778339655672 0.9555555555555556 3440
1778339662069 0.9611111111111111 3460
1778339667998 0.9666666666666667 3480
1778339674247 0.9722222222222222 3500
1778339737092 0.9722222222222222 3500
1778339745260 0.9777777777777777 3520
1778339751524 0.9833333333333333 3540
1778339757678 0.9888888888888889 3560
1778339764003 0.9944444444444445 3580
1778339770273 1.0 3600
1778339776544 1.0055555555555555 3620
1778339782700 1.011111111111111 3640
1778339789000 1.0166666666666666 3660
1778339795296 1.0222222222222221 3680
1778339801649 1.0277777777777777 3700
1778339807848 1.0333333333333334 3720
1778339814061 1.038888888888889 3740
1778339880671 1.0416666666666667 3750
1778339885247 1.0444444444444445 3760
1778339891648 1.05 3780
1778339897729 1.0555555555555556 3800
1778339903689 1.0611111111111111 3820
1778339909789 1.0666666666666667 3840
1778339915733 1.0722222222222222 3860
1778339921709 1.0777777777777777 3880
1778339927930 1.0833333333333333 3900
1778339934575 1.0888888888888888 3920
1778339940960 1.0944444444444446 3940
1778339947607 1.1 3960
1778339953679 1.1055555555555556 3980
1778339960004 1.1111111111111112 4000
1778340020844 1.1111111111111112 4000
1778340028149 1.1166666666666667 4020
1778340034176 1.1222222222222222 4040
1778340040395 1.1277777777777778 4060
1778340046392 1.1333333333333333 4080
1778340052651 1.1388888888888888 4100
1778340059075 1.1444444444444444 4120
1778340065047 1.15 4140
1778340071221 1.1555555555555554 4160
1778340077526 1.1611111111111112 4180
1778340083860 1.1666666666666667 4200
1778340089967 1.1722222222222223 4220
1778340096285 1.1777777777777778 4240
1778340161910 1.1805555555555556 4250
1778340166539 1.1833333333333333 4260
1778340172669 1.1888888888888889 4280
1778340178917 1.1944444444444444 4300
1778340185272 1.2 4320
1778340191421 1.2055555555555555 4340
1778340197812 1.211111111111111 4360
1778340203939 1.2166666666666668 4380
1778340210175 1.2222222222222223 4400
1778340216251 1.2277777777777779 4420
1778340222189 1.2333333333333334 4440
1778340228497 1.238888888888889 4460
1778340234737 1.2444444444444445 4480
1778340240907 1.25 4500
1778340304242 1.25 4500
1778340312092 1.2555555555555555 4520
1778340318325 1.261111111111111 4540
1778340324323 1.2666666666666666 4560
1778340330350 1.2722222222222221 4580
1778340336358 1.2777777777777777 4600
1778340342793 1.2833333333333332 4620
1778340349258 1.2888888888888888 4640
1778340355460 1.2944444444444445 4660
1778340361881 1.3 4680
1778340368156 1.3055555555555556 4700
1778340374358 1.3111111111111111 4720
1778340380840 1.3166666666666667 4740
1778340448390 1.3194444444444444 4750
1778340452905 1.3222222222222222 4760
1778340459098 1.3277777777777777 4780
1778340465081 1.3333333333333333 4800
1778340471232 1.338888888888889 4820
1778340477769 1.3444444444444446 4840
1778340483870 1.35 4860
1778340489969 1.3555555555555556 4880
1778340496594 1.3611111111111112 4900
1778340502524 1.3666666666666667 4920
1778340508783 1.3722222222222222 4940
1778340514922 1.3777777777777778 4960
1778340521463 1.3833333333333333 4980
1778340527589 1.3888888888888888 5000
1778340590217 1.3888888888888888 5000
1778340597849 1.3944444444444444 5020
1778340604288 1.4 5040
1778340610612 1.4055555555555554 5060
1778340617199 1.411111111111111 5080
1778340623587 1.4166666666666667 5100
1778340629629 1.4222222222222223 5120
1778340636090 1.4277777777777778 5140
1778340642457 1.4333333333333333 5160
1778340648986 1.4388888888888889 5180
1778340655115 1.4444444444444444 5200
1778340661501 1.45 5220
1778340667601 1.4555555555555555 5240
1778340731982 1.4583333333333333 5250
1778340736467 1.4611111111111112 5260
1778340742968 1.4666666666666668 5280
1778340749554 1.4722222222222223 5300
1778340756364 1.4777777777777779 5320
1778340762790 1.4833333333333334 5340
1778340769354 1.488888888888889 5360
1778340775732 1.4944444444444445 5380
1778340782073 1.5 5400
1778340788082 1.5055555555555555 5420
1778340794212 1.511111111111111 5440
1778340800599 1.5166666666666666 5460
1778340806816 1.5222222222222221 5480
1778340813343 1.5277777777777777 5500
1778340872372 1.5277777777777777 5500
1778340879191 1.5333333333333332 5520
1778340884839 1.5388888888888888 5540
1778340890494 1.5444444444444443 5560
1778340896153 1.55 5580
1778340901813 1.5555555555555556 5600
1778340907483 1.5611111111111111 5620
1778340913164 1.5666666666666667 5640
1778340918827 1.5722222222222222 5660
1778340924478 1.5777777777777777 5680
1778340930161 1.5833333333333335 5700
1778340935803 1.588888888888889 5720
1778340941451 1.5944444444444446 5740
1778341001130 1.5972222222222223 5750
1778341005555 1.6 5760
1778341011216 1.6055555555555556 5780
1778341016877 1.6111111111111112 5800
1778341022516 1.6166666666666667 5820
1778341028180 1.6222222222222222 5840
1778341033860 1.6277777777777778 5860
1778341039529 1.6333333333333333 5880
1778341045178 1.6388888888888888 5900
1778341050846 1.6444444444444444 5920
1778341056500 1.65 5940
1778341062168 1.6555555555555554 5960
1778341068122 1.661111111111111 5980
1778341073790 1.6666666666666665 6000
1778341130504 1.6666666666666665 6000
1778341137374 1.6722222222222223 6020
1778341143050 1.6777777777777778 6040
1778341148733 1.6833333333333333 6060
1778341154403 1.6888888888888889 6080
1778341160066 1.6944444444444444 6100
1778341165719 1.7 6120
1778341171362 1.7055555555555557 6140
1778341177054 1.7111111111111112 6160
1778341182742 1.7166666666666668 6180
1778341188406 1.7222222222222223 6200
1778341194378 1.7277777777777779 6220
1778341200054 1.7333333333333334 6240
1778341259575 1.7361111111111112 6250
1778341263726 1.738888888888889 6260
1778341269397 1.7444444444444445 6280
1778341275068 1.75 6300
1778341280733 1.7555555555555555 6320
1778341286384 1.761111111111111 6340
1778341292079 1.7666666666666666 6360
1778341297745 1.7722222222222221 6380
1778341303410 1.7777777777777777 6400
1778341309165 1.7833333333333332 6420
1778341314925 1.7888888888888888 6440
1778341320677 1.7944444444444443 6460
1778341326411 1.8 6480
1778341332079 1.8055555555555556 6500
1778341390099 1.8055555555555556 6500
1778341397155 1.8111111111111111 6520
1778341402830 1.8166666666666667 6540
1778341408587 1.8222222222222222 6560
1778341414341 1.8277777777777777 6580
1778341420164 1.8333333333333335 6600
1778341425955 1.838888888888889 6620
1778341431651 1.8444444444444446 6640
1778341437318 1.85 6660
1778341443013 1.8555555555555556 6680
1778341448734 1.8611111111111112 6700
1778341454408 1.8666666666666667 6720
1778341460105 1.8722222222222222 6740
1778341521696 1.875 6750
1778341526271 1.8777777777777778 6760
1778341532103 1.8833333333333333 6780
1778341537966 1.8888888888888888 6800
1778341543742 1.8944444444444444 6820
1778341549565 1.9 6840
1778341555395 1.9055555555555554 6860
1778341561194 1.911111111111111 6880
1778341567007 1.9166666666666665 6900
1778341572794 1.9222222222222223 6920
1778341578569 1.9277777777777778 6940
1778341584351 1.9333333333333333 6960
1778341590130 1.9388888888888889 6980
1778341595895 1.9444444444444444 7000
1778341655827 1.9444444444444444 7000
1778341663249 1.95 7020
1778341669008 1.9555555555555557 7040
1778341674755 1.9611111111111112 7060
1778341680489 1.9666666666666668 7080
1778341686272 1.9722222222222223 7100
1778341692044 1.9777777777777779 7120
1778341697821 1.9833333333333334 7140
1778341703627 1.988888888888889 7160
1778341709406 1.9944444444444445 7180
1778341715271 2.0 7200
1778341721393 2.0055555555555555 7220
1778341727185 2.011111111111111 7240
1778341790480 2.013888888888889 7250
1778341794821 2.0166666666666666 7260
1778341800556 2.022222222222222 7280
1778341806314 2.0277777777777777 7300
1778341812060 2.033333333333333 7320
1778341817921 2.0388888888888888 7340
1778341823721 2.0444444444444443 7360
1778341829504 2.05 7380
1778341835287 2.0555555555555554 7400
1778341841053 2.061111111111111 7420
1778341846808 2.066666666666667 7440
1778341852585 2.0722222222222224 7460
1778341858380 2.077777777777778 7480
1778341864160 2.0833333333333335 7500
1778341923609 2.0833333333333335 7500
1778341930544 2.088888888888889 7520
1778341936334 2.0944444444444446 7540
1778341942386 2.1 7560
1778341948175 2.1055555555555556 7580
1778341953985 2.111111111111111 7600
1778341959745 2.1166666666666667 7620
1778341965517 2.1222222222222222 7640
1778341971299 2.1277777777777778 7660
1778341977105 2.1333333333333333 7680
1778341982886 2.138888888888889 7700
1778341988677 2.1444444444444444 7720
1778341994464 2.15 7740
1778342056330 2.1527777777777777 7750
1778342060866 2.1555555555555554 7760
1778342066637 2.161111111111111 7780
1778342072402 2.1666666666666665 7800
1778342078123 2.172222222222222 7820
1778342083909 2.1777777777777776 7840
1778342089679 2.183333333333333 7860
1778342095482 2.188888888888889 7880
1778342101654 2.1944444444444446 7900
1778342107442 2.2 7920
1778342113245 2.2055555555555557 7940
1778342119004 2.2111111111111112 7960
1778342124763 2.216666666666667 7980
1778342130532 2.2222222222222223 8000
1778342190208 2.2222222222222223 8000
1778342197474 2.227777777777778 8020
1778342203275 2.2333333333333334 8040
1778342209060 2.238888888888889 8060
1778342214832 2.2444444444444445 8080
1778342220627 2.25 8100
1778342226398 2.2555555555555555 8120
1778342232190 2.261111111111111 8140
1778342238314 2.2666666666666666 8160
1778342244097 2.272222222222222 8180
1778342249859 2.2777777777777777 8200
1778342255631 2.283333333333333 8220
1778342261401 2.2888888888888888 8240
1778342323780 2.2916666666666665 8250
1778342328363 2.2944444444444443 8260
1778342334138 2.3 8280
1778342339956 2.3055555555555554 8300
1778342345751 2.311111111111111 8320
1778342351540 2.3166666666666664 8340
1778342357719 2.3222222222222224 8360
1778342363513 2.327777777777778 8380
1778342369344 2.3333333333333335 8400
1778342375091 2.338888888888889 8420
1778342380872 2.3444444444444446 8440
1778342386663 2.35 8460
1778342392404 2.3555555555555556 8480
1778342398196 2.361111111111111 8500
1778342457632 2.361111111111111 8500
1778342465387 2.3666666666666667 8520
1778342471151 2.3722222222222222 8540
1778342476878 2.3777777777777778 8560
1778342482617 2.3833333333333333 8580
1778342488373 2.388888888888889 8600
1778342494445 2.3944444444444444 8620
1778342500229 2.4 8640
1778342506012 2.4055555555555554 8660
1778342511794 2.411111111111111 8680
1778342517632 2.4166666666666665 8700
1778342523432 2.422222222222222 8720
1778342529219 2.4277777777777776 8740
1778342591474 2.4305555555555554 8750
1778342595866 2.4333333333333336 8760
1778342601718 2.438888888888889 8780
1778342607567 2.4444444444444446 8800
1778342613720 2.45 8820
1778342619507 2.4555555555555557 8840
1778342625316 2.4611111111111112 8860
1778342631073 2.466666666666667 8880
1778342636888 2.4722222222222223 8900
1778342642654 2.477777777777778 8920
1778342648457 2.4833333333333334 8940
1778342654265 2.488888888888889 8960
1778342660030 2.4944444444444445 8980
1778342665818 2.5 9000
1778342725139 2.5 9000
1778342732536 2.5055555555555555 9020
1778342738274 2.511111111111111 9040
1778342744063 2.5166666666666666 9060
1778342749855 2.522222222222222 9080
1778342755994 2.5277777777777777 9100
1778342761786 2.533333333333333 9120
1778342767517 2.5388888888888888 9140
1778342773327 2.5444444444444443 9160
1778342779102 2.55 9180
1778342784893 2.5555555555555554 9200
1778342790678 2.561111111111111 9220
1778342796449 2.5666666666666664 9240
1778342859629 2.5694444444444446 9250
1778342864001 2.572222222222222 9260
1778342869760 2.5777777777777775 9280
1778342875539 2.5833333333333335 9300
1778342881309 2.588888888888889 9320
1778342887122 2.5944444444444446 9340
1778342892951 2.6 9360
1778342898726 2.6055555555555556 9380
1778342904541 2.611111111111111 9400
1778342910309 2.6166666666666667 9420
1778342916122 2.6222222222222222 9440
1778342921939 2.6277777777777778 9460
1778342927767 2.6333333333333333 9480
1778342933592 2.638888888888889 9500
1778342993467 2.638888888888889 9500
1778343001263 2.6444444444444444 9520
1778343007030 2.65 9540
1778343012761 2.6555555555555554 9560
1778343018544 2.661111111111111 9580
1778343024355 2.6666666666666665 9600
1778343030130 2.6722222222222225 9620
1778343035922 2.677777777777778 9640
1778343041705 2.6833333333333336 9660
1778343047497 2.688888888888889 9680
1778343053277 2.6944444444444446 9700
1778343059124 2.7 9720
1778343064893 2.7055555555555557 9740
1778343127879 2.7083333333333335 9750
1778343132248 2.7111111111111112 9760
1778343137966 2.716666666666667 9780
1778343143777 2.7222222222222223 9800
1778343149561 2.727777777777778 9820
1778343155349 2.7333333333333334 9840
1778343161137 2.738888888888889 9860
1778343166936 2.7444444444444445 9880
1778343172769 2.75 9900
1778343178581 2.7555555555555555 9920
1778343184404 2.761111111111111 9940
1778343190198 2.7666666666666666 9960
1778343195953 2.772222222222222 9980
1778343201792 2.7777777777777777 10000
1778343261291 2.7777777777777777 10000
1778343268505 2.783333333333333 10020
1778343274304 2.7888888888888888 10040
1778343280090 2.7944444444444443 10060
1778343285923 2.8 10080
1778343291722 2.8055555555555554 10100
1778343297505 2.811111111111111 10120
1778343303294 2.8166666666666664 10140
1778343309076 2.822222222222222 10160
1778343314874 2.8277777777777775 10180
1778343320643 2.8333333333333335 10200
1778343326461 2.838888888888889 10220
1778343332265 2.8444444444444446 10240
1778343394698 2.8472222222222223 10250
1778343398955 2.85 10260
1778343404785 2.8555555555555556 10280
1778343410626 2.861111111111111 10300
1778343416426 2.8666666666666667 10320
1778343422240 2.8722222222222222 10340
1778343427988 2.8777777777777778 10360
1778343433744 2.8833333333333333 10380
1778343439516 2.888888888888889 10400
1778343445303 2.8944444444444444 10420
1778343451078 2.9 10440
1778343456847 2.9055555555555554 10460
1778343462693 2.911111111111111 10480
1778343468479 2.9166666666666665 10500
1778343528563 2.9166666666666665 10500
1778343536155 2.9222222222222225 10520
1778343541927 2.927777777777778 10540
1778343547735 2.9333333333333336 10560
1778343553538 2.938888888888889 10580
1778343559301 2.9444444444444446 10600
1778343565052 2.95 10620
1778343570823 2.9555555555555557 10640
1778343576614 2.9611111111111112 10660
1778343582408 2.966666666666667 10680
1778343588234 2.9722222222222223 10700
1778343594041 2.977777777777778 10720
1778343599811 2.9833333333333334 10740
1778343663129 2.986111111111111 10750
1778343667486 2.988888888888889 10760
1778343673592 2.9944444444444445 10780
1778343679372 3.0 10800
1778343685107 3.0055555555555555 10820
1778343690912 3.011111111111111 10840
1778343696705 3.0166666666666666 10860
1778343702482 3.022222222222222 10880
1778343708286 3.0277777777777777 10900
1778343714084 3.033333333333333 10920
1778343719883 3.0388888888888888 10940
1778343725633 3.0444444444444443 10960
1778343731452 3.05 10980
1778343737275 3.0555555555555554 11000
1778343796854 3.0555555555555554 11000
1778343798371 3.0555555555555554 11000
1778343858507 3.0555555555555554 11000
1778343936981 3.0555555555555554 11000
1778343937768 3.0555555555555554 0
