1778337781377 6.348488807678223 20
1778337787301 43.95876693725586 40
1778337793234 7.419684886932373 60
1778337799100 7.034919261932373 80
1778337804967 9.513686180114746 100
1778337810863 5.71247673034668 120
1778337816816 7.696300983428955 140
1778337822713 16.79852867126465 160
1778337828562 9.199518203735352 180
1778337834467 19.64993667602539 200
1778337840376 69.2957534790039 220
1778337846295 7.439631462097168 240
1778337925086 8.849678993225098 260
1778337930890 5.8744072914123535 280
1778337936724 5.657480239868164 300
1778337942570 5.528383255004883 320
1778337948372 7.087416172027588 340
1778337954212 5.35528039932251 360
1778337960052 5.688582897186279 380
1778337965851 9.876120567321777 400
1778337971687 12.393189430236816 420
1778337977478 6.532288551330566 440
1778337983247 12.91535472869873 460
1778337989040 7.554336071014404 480
1778337994815 33.18720245361328 500
1778338063389 6.596681118011475 520
1778338069207 76.5788345336914 540
1778338075063 17.316797256469727 560
1778338080928 43.88093566894531 580
1778338086793 7.502442836761475 600
1778338092615 34.13840866088867 620
1778338098523 11.730561256408691 640
1778338104307 41.90105056762695 660
1778338110095 17.679523468017578 680
1778338115900 21.8416690826416 700
1778338122041 20.844804763793945 720
1778338127819 66.94953155517578 740
1778338195544 300.7157287597656 760
1778338201286 8.595771789550781 780
1778338207034 14.784156799316406 800
1778338212747 39.4128303527832 820
1778338218484 126.36075592041016 840
1778338224197 12.330513000488281 860
1778338229906 28.491146087646484 880
1778338235606 5.716029644012451 900
1778338241301 150.3416748046875 920
1778338246960 18.53102684020996 940
1778338252639 6.025974750518799 960
1778338258324 18.606433868408203 980
1778338264003 9.64236068725586 1000
1778338327753 18.340068817138672 1020
1778338333406 115.88443756103516 1040
1778338339073 17.828153610229492 1060
1778338345385 164.7731170654297 1080
1778338351656 9.920049667358398 1100
1778338357569 68.04241943359375 1120
1778338363657 15.05201530456543 1140
1778338369570 8.766413688659668 1160
1778338375945 2.135319948196411 1180
1778338382028 12.505160331726074 1200
1778338388473 44.82115173339844 1220
1778338394446 14.819417953491211 1240
1778338466139 9.927763938903809 1260
1778338472192 10.564910888671875 1280
1778338478568 28.473628997802734 1300
1778338484672 28.27290916442871 1320
1778338490891 250.9295196533203 1340
1778338497403 168.88536071777344 1360
1778338503632 22.3022403717041 1380
1778338509993 18.7148380279541 1400
1778338516239 29.415781021118164 1420
1778338522344 15.504868507385254 1440
1778338528961 114.05242156982422 1460
1778338535165 3.9887168407440186 1480
1778338541555 47.56690979003906 1500
1778338613693 26.155866622924805 1520
1778338619801 50.172725677490234 1540
1778338625902 32.37416076660156 1560
1778338632054 13.050025939941406 1580
1778338638425 61.47828674316406 1600
1778338644717 42.5059700012207 1620
1778338650963 80.06208801269531 1640
1778338657564 77.7355728149414 1660
1778338663861 11.006701469421387 1680
1778338670391 22.549781799316406 1700
1778338676435 62.59608840942383 1720
1778338682738 24.97032356262207 1740
1778338754588 21.986631393432617 1760
1778338760927 40.36274719238281 1780
1778338767296 15.68945598602295 1800
1778338773659 16.440906524658203 1820
1778338779885 31.72166633605957 1840
1778338786038 6.106513977050781 1860
1778338792188 30.702953338623047 1880
1778338798253 36.779659271240234 1900
1778338804294 12.72863483428955 1920
1778338810030 39.90682601928711 1940
1778338816064 8.992168426513672 1960
1778338822162 15.82758617401123 1980
1778338828389 15.887287139892578 2000
1778338898887 16.761438369750977 2020
1778338905091 29.352195739746094 2040
1778338911088 13.347854614257812 2060
1778338917300 126.59841918945312 2080
1778338923279 15.999003410339355 2100
1778338929415 16.54536247253418 2120
1778338935577 19.038619995117188 2140
1778338941681 29.753244400024414 2160
1778338947953 17.24388885498047 2180
1778338954177 3.7783758640289307 2200
1778338960324 71.00868225097656 2220
1778338966494 5.375432014465332 2240
1778339036550 64.42636108398438 2260
1778339042627 90.46453857421875 2280
1778339048523 180.45895385742188 2300
1778339054742 167.7428436279297 2320
1778339061081 85.78005981445312 2340
1778339067095 48.087337493896484 2360
1778339073280 10.673056602478027 2380
1778339079489 41.95301055908203 2400
1778339085715 21.16670036315918 2420
1778339092026 32.119441986083984 2440
1778339098236 37.570491790771484 2460
1778339104380 13.626850128173828 2480
1778339110591 57.638526916503906 2500
1778339180803 15.295741081237793 2520
1778339186782 36.982460021972656 2540
1778339192778 93.74456024169922 2560
1778339199036 125.4005126953125 2580
1778339205177 45.864158630371094 2600
1778339211217 47.78279495239258 2620
1778339217296 52.24663162231445 2640
1778339223576 46.213775634765625 2660
1778339229715 9.864554405212402 2680
1778339235864 13.22658634185791 2700
1778339241972 43.3802490234375 2720
1778339248135 32.684532165527344 2740
1778339317250 145.35943603515625 2760
1778339323409 21.89720916748047 2780
1778339329474 23.450849533081055 2800
1778339335669 58.69710922241211 2820
1778339341801 159.72923278808594 2840
1778339347808 146.05001831054688 2860
1778339354144 20.961669921875 2880
1778339360247 0.6665723919868469 2900
1778339366314 78.19515228271484 2920
1778339372339 21.185579299926758 2940
1778339378494 106.48362731933594 2960
1778339384800 0.12977705895900726 2980
1778339390946 36.06538772583008 3000
1778339460677 76.83836364746094 3020
1778339467135 106.28191375732422 3040
1778339473272 99.2553482055664 3060
1778339479606 11.734088897705078 3080
1778339485804 116.50524139404297 3100
1778339492073 93.9225845336914 3120
1778339498262 20.209016799926758 3140
1778339504577 98.82244873046875 3160
1778339510904 41.31245803833008 3180
1778339517175 56.08829116821289 3200
1778339523204 432.0286560058594 3220
1778339529372 15.80134105682373 3240
1778339599380 33.422340393066406 3260
1778339605812 134.95266723632812 3280
1778339612412 111.05551147460938 3300
1778339618831 129.28395080566406 3320
1778339624973 12.245383262634277 3340
1778339630940 299.973876953125 3360
1778339636994 14.131285667419434 3380
1778339642983 11.089253425598145 3400
1778339649231 44.70817565917969 3420
1778339655672 214.552001953125 3440
1778339662069 59.486412048339844 3460
1778339667998 22.111127853393555 3480
1778339674247 46.00519943237305 3500
1778339745260 15.252673149108887 3520
1778339751524 379.3212890625 3540
1778339757678 7.734151840209961 3560
1778339764003 19.30449676513672 3580
1778339770273 46.94635009765625 3600
1778339776544 186.17269897460938 3620
1778339782700 5.652586460113525 3640
1778339789000 6.231699466705322 3660
1778339795296 68.66114044189453 3680
1778339801649 0.11085227131843567 3700
1778339807848 80.85472869873047 3720
1778339814061 3.4823145866394043 3740
1778339885247 0.36538761854171753 3760
1778339891648 37.12553405761719 3780
1778339897729 39.66130447387695 3800
1778339903689 4.728439807891846 3820
1778339909789 11.858561515808105 3840
1778339915733 21.433412551879883 3860
1778339921709 12.037423133850098 3880
1778339927930 22.50098991394043 3900
1778339934575 14.985544204711914 3920
1778339940960 0.1543881744146347 3940
1778339947607 94.25843048095703 3960
1778339953679 34.41598129272461 3980
1778339960004 52.35963439941406 4000
1778340028149 90.20572662353516 4020
1778340034176 47.98974609375 4040
1778340040395 11.74065113067627 4060
1778340046392 89.98399353027344 4080
1778340052651 411.32562255859375 4100
1778340059075 8.168465614318848 4120
1778340065047 0.6123408675193787 4140
1778340071221 211.25625610351562 4160
1778340077526 19.894655227661133 4180
1778340083860 18.875381469726562 4200
1778340089967 16.115968704223633 4220
1778340096285 2.020761728286743 4240
1778340166539 44.78274917602539 4260
1778340172669 153.5138702392578 4280
1778340178917 4.905364036560059 4300
1778340185272 0.09629544615745544 4320
1778340191421 27.382251739501953 4340
1778340197812 3.944983959197998 4360
1778340203939 0.3529773950576782 4380
1778340210175 14.504427909851074 4400
1778340216251 0.053184639662504196 4420
1778340222189 2.1024303436279297 4440
1778340228497 53.783714294433594 4460
1778340234737 0.04127323627471924 4480
1778340240907 14.335684776306152 4500
1778340312092 0.0828850045800209 4520
1778340318325 50.647647857666016 4540
1778340324323 20.134212493896484 4560
1778340330350 1.2969284057617188 4580
1778340336358 0.19908922910690308 4600
1778340342793 1.2380818128585815 4620
1778340349258 169.51766967773438 4640
1778340355460 71.83702850341797 4660
1778340361881 135.8232879638672 4680
1778340368156 179.9113006591797 4700
1778340374358 35.56936264038086 4720
1778340380840 0.013074705377221107 4740
1778340452905 39.004066467285156 4760
1778340459098 3.5637269020080566 4780
1778340465081 41.45768356323242 4800
1778340471232 203.28750610351562 4820
1778340477769 43.353607177734375 4840
1778340483870 72.21099090576172 4860
1778340489969 99.09102630615234 4880
1778340496594 61.885189056396484 4900
1778340502524 175.8057403564453 4920
1778340508783 3.527256965637207 4940
1778340514922 0.6170727610588074 4960
1778340521463 1.1240402460098267 4980
1778340527589 165.97523498535156 5000
1778340597849 21.19474220275879 5020
1778340604288 0.2195247858762741 5040
1778340610612 29.775400161743164 5060
1778340617199 2.2956345081329346 5080
1778340623587 62.82438278198242 5100
1778340629629 13.50171947479248 5120
1778340636090 11.95224380493164 5140
1778340642457 1.4172468185424805 5160
1778340648986 0.6497963666915894 5180
1778340655115 27.42073631286621 5200
1778340661501 58.86005401611328 5220
1778340667601 0.04336746782064438 5240
1778340736467 1.3764967918395996 5260
1778340742968 44.073577880859375 5280
1778340749554 31.440811157226562 5300
1778340756364 0.25358182191848755 5320
1778340762790 0.07990401983261108 5340
1778340769354 0.015874430537223816 5360
1778340775732 7.775729656219482 5380
1778340782073 8.312858581542969 5400
1778340788082 1.1636770963668823 5420
1778340794212 15.65155029296875 5440
1778340800599 76.14437103271484 5460
1778340806816 11.953877449035645 5480
1778340813343 20.37293815612793 5500
1778340879191 85.62040710449219 5520
1778340884839 211.5590362548828 5540
1778340890494 200.928466796875 5560
1778340896153 47.65864181518555 5580
1778340901813 0.6148445010185242 5600
1778340907483 9.000361442565918 5620
1778340913164 45.635257720947266 5640
1778340918827 0.08308295905590057 5660
1778340924478 0.012258167378604412 5680
1778340930161 135.3146514892578 5700
1778340935803 68.89636993408203 5720
1778340941451 0.03448895737528801 5740
1778341005555 0.04312149062752724 5760
1778341011216 152.30255126953125 5780
1778341016877 27.94383430480957 5800
1778341022516 5.316773414611816 5820
1778341028180 421.34881591796875 5840
1778341033860 39.18225860595703 5860
1778341039529 16.969528198242188 5880
1778341045178 501.727294921875 5900
1778341050846 46.17485046386719 5920
1778341056500 86.90361785888672 5940
1778341062168 41.64482116699219 5960
1778341068122 0.25322893261909485 5980
1778341073790 96.11214447021484 6000
1778341137374 205.25755310058594 6020
1778341143050 0.4343148171901703 6040
1778341148733 27.96999168395996 6060
1778341154403 142.11343383789062 6080
1778341160066 17.908050537109375 6100
1778341165719 592.0291748046875 6120
1778341171362 1.1756677627563477 6140
1778341177054 22.356548309326172 6160
1778341182742 72.38048553466797 6180
1778341188406 51.49187469482422 6200
1778341194378 133.4505157470703 6220
1778341200054 0.16454748809337616 6240
1778341263726 61.7576789855957 6260
1778341269397 0.06127417832612991 6280
1778341275068 238.51470947265625 6300
1778341280733 10.504335403442383 6320
1778341286384 0.30394795536994934 6340
1778341292079 0.08776011317968369 6360
1778341297745 8.5718355178833 6380
1778341303410 20.384920120239258 6400
1778341309165 300.08685302734375 6420
1778341314925 0.10513494908809662 6440
1778341320677 0.011082564480602741 6460
1778341326411 173.4368133544922 6480
1778341332079 138.1969451904297 6500
1778341397155 242.78067016601562 6520
1778341402830 587.7326049804688 6540
1778341408587 48.9227409362793 6560
1778341414341 39.89427185058594 6580
1778341420164 0.013751926831901073 6600
1778341425955 57.17778015136719 6620
1778341431651 4.270936965942383 6640
1778341437318 0.07026155292987823 6660
1778341443013 22.517045974731445 6680
1778341448734 16.404081344604492 6700
1778341454408 13.550946235656738 6720
1778341460105 12.513910293579102 6740
1778341526271 263.5509338378906 6760
1778341532103 20.037216186523438 6780
1778341537966 5.177433967590332 6800
1778341543742 15.329431533813477 6820
1778341549565 4.766118049621582 6840
1778341555395 1.293834924697876 6860
1778341561194 2.163447380065918 6880
1778341567007 97.14855194091797 6900
1778341572794 8.883222579956055 6920
1778341578569 16.081148147583008 6940
1778341584351 0.10268361866474152 6960
1778341590130 112.30860900878906 6980
1778341595895 133.64442443847656 7000
1778341663249 0.8881519436836243 7020
1778341669008 122.01936340332031 7040
1778341674755 45.779624938964844 7060
1778341680489 85.12377166748047 7080
1778341686272 0.5324105620384216 7100
1778341692044 12.797050476074219 7120
1778341697821 105.36929321289062 7140
1778341703627 44.94900131225586 7160
1778341709406 53.401004791259766 7180
1778341715271 39.03656768798828 7200
1778341721393 0.2658751606941223 7220
1778341727185 36.733924865722656 7240
1778341794821 55.46393966674805 7260
1778341800556 0.05079206824302673 7280
1778341806314 405.239990234375 7300
1778341812060 2.43540096282959 7320
1778341817921 57.33465576171875 7340
1778341823721 0.010797232389450073 7360
1778341829504 304.6398620605469 7380
1778341835287 105.40797424316406 7400
1778341841053 12.152966499328613 7420
1778341846808 332.4691162109375 7440
1778341852585 362.58795166015625 7460
1778341858380 0.013091475702822208 7480
1778341864160 0.14293447136878967 7500
1778341930544 1.5823171138763428 7520
1778341936334 3014.75830078125 7540
1778341942386 67.623046875 7560
1778341948175 62.762298583984375 7580
1778341953985 47.44166946411133 7600
1778341959745 0.0416346937417984 7620
1778341965517 826.748046875 7640
1778341971299 28.928470611572266 7660
1778341977105 16.24956512451172 7680
1778341982886 0.1348537802696228 7700
1778341988677 0.8662624359130859 7720
1778341994464 0.01719784550368786 7740
1778342060866 120.61924743652344 7760
1778342066637 0.06466270238161087 7780
1778342072402 0.3634459376335144 7800
1778342078123 0.5553951859474182 7820
1778342083909 187.97605895996094 7840
1778342089679 5.291309356689453 7860
1778342095482 47.54199981689453 7880
1778342101654 19.465673446655273 7900
1778342107442 0.028614820912480354 7920
1778342113245 97.7989501953125 7940
1778342119004 402.1305236816406 7960
1778342124763 27.752214431762695 7980
1778342130532 720.2951049804688 8000
1778342197474 3.166975259780884 8020
1778342203275 82.00450134277344 8040
1778342209060 0.014147025533020496 8060
1778342214832 19.42211151123047 8080
1778342220627 185.5974578857422 8100
1778342226398 67.86746215820312 8120
1778342232190 0.022116156294941902 8140
1778342238314 280.2217102050781 8160
1778342244097 0.02186104655265808 8180
1778342249859 127.77388000488281 8200
1778342255631 0.0802106261253357 8220
1778342261401 143.01171875 8240
1778342328363 8.444013595581055 8260
1778342334138 12.773838996887207 8280
1778342339956 55.82784652709961 8300
1778342345751 2.426952362060547 8320
1778342351540 61.412105560302734 8340
1778342357719 124.71479797363281 8360
1778342363513 7.95599365234375 8380
1778342369344 48.176212310791016 8400
1778342375091 5.680386066436768 8420
1778342380872 0.014044433832168579 8440
1778342386663 0.006916160229593515 8460
1778342392404 0.5173186659812927 8480
1778342398196 1.3605831861495972 8500
1778342465387 11.29609489440918 8520
1778342471151 130.58042907714844 8540
1778342476878 0.20026707649230957 8560
1778342482617 296.6339111328125 8580
1778342488373 0.702237069606781 8600
1778342494445 33.829898834228516 8620
1778342500229 1.0848900079727173 8640
1778342506012 14.608003616333008 8660
1778342511794 137.50912475585938 8680
1778342517632 0.335970014333725 8700
1778342523432 0.04462083429098129 8720
1778342529219 85.43278503417969 8740
1778342595866 123.61331176757812 8760
1778342601718 104.4571533203125 8780
1778342607567 5.000550746917725 8800
1778342613720 0.3544138967990875 8820
1778342619507 38.4663200378418 8840
1778342625316 4.47088098526001 8860
1778342631073 117.27256774902344 8880
1778342636888 59.894126892089844 8900
1778342642654 0.005589471198618412 8920
1778342648457 96.52088165283203 8940
1778342654265 115.65480041503906 8960
1778342660030 3.243115186691284 8980
1778342665818 0.011971605941653252 9000
1778342732536 141.3401336669922 9020
1778342738274 289.6100769042969 9040
1778342744063 495.46038818359375 9060
1778342749855 4.174001216888428 9080
1778342755994 0.11176292598247528 9100
1778342761786 0.009897487238049507 9120
1778342767517 295.2903747558594 9140
1778342773327 0.00246876897290349 9160
1778342779102 0.008976906538009644 9180
1778342784893 12.87727165222168 9200
1778342790678 29.91985321044922 9220
1778342796449 91.55668640136719 9240
1778342864001 78.96186065673828 9260
1778342869760 20.679256439208984 9280
1778342875539 42.46352005004883 9300
1778342881309 85.25602722167969 9320
1778342887122 0.018771257251501083 9340
1778342892951 3.0701828002929688 9360
1778342898726 1.2490910291671753 9380
1778342904541 0.0927947387099266 9400
1778342910309 0.0059791551902890205 9420
1778342916122 4.799274444580078 9440
1778342921939 4.687138080596924 9460
1778342927767 0.11957273632287979 9480
1778342933592 63.6571159362793 9500
1778343001263 0.06607931852340698 9520
1778343007030 11.424359321594238 9540
1778343012761 135.69842529296875 9560
1778343018544 37.82097625732422 9580
1778343024355 2.183126926422119 9600
1778343030130 80.99866485595703 9620
1778343035922 18.492727279663086 9640
1778343041705 72.89915466308594 9660
1778343047497 37.53938293457031 9680
1778343053277 140.37298583984375 9700
1778343059124 48.783443450927734 9720
1778343064893 7.842162132263184 9740
1778343132248 655.9094848632812 9760
1778343137966 0.014493479393422604 9780
1778343143777 0.007026080507785082 9800
1778343149561 0.19609788060188293 9820
1778343155349 0.004822342190891504 9840
1778343161137 345.12994384765625 9860
1778343166936 0.016659358516335487 9880
1778343172769 76.85136413574219 9900
1778343178581 4.995431423187256 9920
1778343184404 18.01904296875 9940
1778343190198 0.3800193965435028 9960
1778343195953 86.00981903076172 9980
1778343201792 452.39990234375 10000
1778343268505 31.601003646850586 10020
1778343274304 0.017912613227963448 10040
1778343280090 175.58290100097656 10060
1778343285923 157.1384735107422 10080
1778343291722 299.0436706542969 10100
1778343297505 82.47419738769531 10120
1778343303294 168.31747436523438 10140
1778343309076 0.021973252296447754 10160
1778343314874 116.08345031738281 10180
1778343320643 8.503005027770996 10200
1778343326461 0.4767272472381592 10220
1778343332265 1.4053704738616943 10240
1778343398955 125.57372283935547 10260
1778343404785 319.87335205078125 10280
1778343410626 20.85074806213379 10300
1778343416426 0.7694038152694702 10320
1778343422240 0.03619367629289627 10340
1778343427988 5.412890911102295 10360
1778343433744 192.94459533691406 10380
1778343439516 0.032036639750003815 10400
1778343445303 1.4427798986434937 10420
1778343451078 0.1056733950972557 10440
1778343456847 0.022489439696073532 10460
1778343462693 279.7085876464844 10480
1778343468479 0.8507957458496094 10500
1778343536155 6.30952787399292 10520
1778343541927 63.085289001464844 10540
1778343547735 0.4718708395957947 10560
1778343553538 404.7602233886719 10580
1778343559301 0.038384243845939636 10600
1778343565052 172.14520263671875 10620
1778343570823 163.73915100097656 10640
1778343576614 25.440895080566406 10660
1778343582408 0.03475440666079521 10680
1778343588234 0.004617192782461643 10700
1778343594041 100.69046783447266 10720
1778343599811 122.53980255126953 10740
1778343667486 0.004292178433388472 10760
1778343673592 231.67684936523438 10780
1778343679372 128.24057006835938 10800
1778343685107 33.7060546875 10820
1778343690912 0.021164584904909134 10840
1778343696705 62.349979400634766 10860
1778343702482 6.538066387176514 10880
1778343708286 0.006039591506123543 10900
1778343714084 5.6356024742126465 10920
1778343719883 0.12046578526496887 10940
1778343725633 0.004119706805795431 10960
1778343731452 0.003369568847119808 10980
1778343737275 21.395421981811523 11000
