1778337781377 3.0133 20
1778337787301 2.9853 40
1778337793234 2.9622 60
1778337799100 2.8748 80
1778337804967 2.8123 100
1778337810863 2.6009 120
1778337816816 2.5682 140
1778337822713 2.4835 160
1778337828562 2.4251 180
1778337834467 2.5506 200
1778337840376 2.6988 220
1778337846295 2.9144 240
1778337925086 3.1006 260
1778337930890 3.0738 280
1778337936724 3.0361 300
1778337942570 3.0233 320
1778337948372 3.1121 340
1778337954212 3.0411 360
1778337960052 3.0333 380
1778337965851 2.9988 400
1778337971687 2.9408 420
1778337977478 2.6817 440
1778337983247 2.5532 460
1778337989040 2.4468 480
1778337994815 2.6272 500
1778338063389 2.6312 520
1778338069207 2.7833 540
1778338075063 2.5328 560
1778338080928 2.8234 580
1778338086793 2.4841 600
1778338092615 2.6422 620
1778338098523 2.4005 640
1778338104307 2.2516 660
1778338110095 2.062 680
1778338115900 2.7432 700
1778338122041 2.2496 720
1778338127819 2.653 740
1778338195544 2.6089 760
1778338201286 2.5562 780
1778338207034 2.4887 800
1778338212747 2.4443 820
1778338218484 2.5492 840
1778338224197 2.5051 860
1778338229906 2.4352 880
1778338235606 2.2949 900
1778338241301 2.2687 920
1778338246960 2.2455 940
1778338252639 2.2044 960
1778338258324 2.3093 980
1778338264003 2.2186 1000
1778338327753 2.7072 1020
1778338333406 2.323 1040
1778338339073 2.0632 1060
1778338345385 2.2144 1080
1778338351656 2.3828 1100
1778338357569 2.3491 1120
1778338363657 2.4165 1140
1778338369570 2.1118 1160
1778338375945 2.1702 1180
1778338382028 2.1759 1200
1778338388473 2.2281 1220
1778338394446 1.9803 1240
1778338466139 1.7119 1260
1778338472192 2.0366 1280
1778338478568 2.0485 1300
1778338484672 2.011 1320
1778338490891 2.5296 1340
1778338497403 2.4916 1360
1778338503632 2.0717 1380
1778338509993 2.1776 1400
1778338516239 1.9378 1420
1778338522344 2.0627 1440
1778338528961 2.5539 1460
1778338535165 2.0128 1480
1778338541555 1.7534 1500
1778338613693 2.2816 1520
1778338619801 2.4755 1540
1778338625902 1.9905 1560
1778338632054 2.1231 1580
1778338638425 1.6279 1600
1778338644717 1.7411 1620
1778338650963 2.4664 1640
1778338657564 2.4708 1660
1778338663861 2.8417 1680
1778338670391 2.0952 1700
1778338676435 2.4132 1720
1778338682738 2.166 1740
1778338754588 2.0988 1760
1778338760927 2.1136 1780
1778338767296 2.2108 1800
1778338773659 1.6439 1820
1778338779885 2.2901 1840
1778338786038 2.2451 1860
1778338792188 1.7177 1880
1778338798253 1.7131 1900
1778338804294 1.837 1920
1778338810030 1.7672 1940
1778338816064 1.6589 1960
1778338822162 1.8505 1980
1778338828389 1.9318 2000
1778338898887 2.0019 2020
1778338905091 1.7252 2040
1778338911088 1.4711 2060
1778338917300 1.749 2080
1778338923279 1.7091 2100
1778338929415 1.7626 2120
1778338935577 1.7034 2140
1778338941681 1.8455 2160
1778338947953 1.7709 2180
1778338954177 1.3135 2200
1778338960324 1.4665 2220
1778338966494 1.479 2240
1778339036550 1.6779 2260
1778339042627 1.7649 2280
1778339048523 1.9025 2300
1778339054742 1.4788 2320
1778339061081 1.4748 2340
1778339067095 1.5 2360
1778339073280 1.8563 2380
1778339079489 1.5695 2400
1778339085715 1.9296 2420
1778339092026 1.9682 2440
1778339098236 1.804 2460
1778339104380 1.4782 2480
1778339110591 1.3279 2500
1778339180803 1.4411 2520
1778339186782 1.5847 2540
1778339192778 1.3352 2560
1778339199036 1.4547 2580
1778339205177 1.3677 2600
1778339211217 2.0386 2620
1778339217296 2.1195 2640
1778339223576 1.2186 2660
1778339229715 1.3212 2680
1778339235864 1.5348 2700
1778339241972 1.3678 2720
1778339248135 1.2732 2740
1778339317250 1.2062 2760
1778339323409 1.3743 2780
1778339329474 2.0157 2800
1778339335669 1.5084 2820
1778339341801 1.4747 2840
1778339347808 1.2697 2860
1778339354144 1.8666 2880
1778339360247 1.2019 2900
1778339366314 1.5773 2920
1778339372339 1.4314 2940
1778339378494 1.1474 2960
1778339384800 2.1737 2980
1778339390946 1.5254 3000
1778339460677 1.031 3020
1778339467135 1.6889 3040
1778339473272 1.7036 3060
1778339479606 1.513 3080
1778339485804 1.4746 3100
1778339492073 1.9012 3120
1778339498262 1.6263 3140
1778339504577 1.9313 3160
1778339510904 1.3816 3180
1778339517175 0.9744 3200
1778339523204 1.2341 3220
1778339529372 1.3417 3240
1778339599380 1.8881 3260
1778339605812 1.5793 3280
1778339612412 1.8737 3300
1778339618831 1.8486 3320
1778339624973 1.5648 3340
1778339630940 1.985 3360
1778339636994 1.3429 3380
1778339642983 1.6957 3400
1778339649231 2.122 3420
1778339655672 1.6558 3440
1778339662069 1.8264 3460
1778339667998 2.0533 3480
1778339674247 1.4152 3500
1778339745260 1.8326 3520
1778339751524 1.5502 3540
1778339757678 1.5215 3560
1778339764003 1.9272 3580
1778339770273 1.885 3600
1778339776544 1.5789 3620
1778339782700 1.4485 3640
1778339789000 1.2465 3660
1778339795296 1.2154 3680
1778339801649 1.3011 3700
1778339807848 1.5261 3720
1778339814061 1.1072 3740
1778339885247 1.0008 3760
1778339891648 1.2649 3780
1778339897729 1.2548 3800
1778339903689 1.403 3820
1778339909789 1.7569 3840
1778339915733 1.5213 3860
1778339921709 1.013 3880
1778339927930 1.1125 3900
1778339934575 1.5901 3920
1778339940960 1.3976 3940
1778339947607 1.6699 3960
1778339953679 1.5257 3980
1778339960004 1.6786 4000
1778340028149 1.5833 4020
1778340034176 0.8006 4040
1778340040395 0.6898 4060
1778340046392 1.2774 4080
1778340052651 1.2604 4100
1778340059075 0.9562 4120
1778340065047 0.9492 4140
1778340071221 1.1591 4160
1778340077526 1.3495 4180
1778340083860 1.1636 4200
1778340089967 0.7872 4220
1778340096285 1.1419 4240
1778340166539 1.5182 4260
1778340172669 1.6485 4280
1778340178917 1.6517 4300
1778340185272 1.5256 4320
1778340191421 0.7338 4340
1778340197812 0.7231 4360
1778340203939 1.4585 4380
1778340210175 1.005 4400
1778340216251 0.9875 4420
1778340222189 1.4794 4440
1778340228497 0.7951 4460
1778340234737 2.031 4480
1778340240907 1.4915 4500
1778340312092 1.6036 4520
1778340318325 0.9665 4540
1778340324323 1.583 4560
1778340330350 0.8514 4580
1778340336358 1.4325 4600
1778340342793 0.9578 4620
1778340349258 1.3509 4640
1778340355460 1.7474 4660
1778340361881 1.2483 4680
1778340368156 1.7699 4700
1778340374358 0.8471 4720
1778340380840 1.8194 4740
1778340452905 1.527 4760
1778340459098 1.1761 4780
1778340465081 1.2552 4800
1778340471232 1.4031 4820
1778340477769 1.1621 4840
1778340483870 1.4272 4860
1778340489969 1.6224 4880
1778340496594 1.7332 4900
1778340502524 1.5381 4920
1778340508783 1.3487 4940
1778340514922 1.1434 4960
1778340521463 1.5877 4980
1778340527589 1.0429 5000
1778340597849 1.7494 5020
1778340604288 0.821 5040
1778340610612 1.3149 5060
1778340617199 0.8429 5080
1778340623587 1.4963 5100
1778340629629 1.2669 5120
1778340636090 1.0963 5140
1778340642457 1.1333 5160
1778340648986 1.4001 5180
1778340655115 0.7754 5200
1778340661501 1.6502 5220
1778340667601 0.9891 5240
1778340736467 1.141 5260
1778340742968 1.1479 5280
1778340749554 1.7256 5300
1778340756364 0.642 5320
1778340762790 1.045 5340
1778340769354 0.7724 5360
1778340775732 1.2522 5380
1778340782073 1.2031 5400
1778340788082 1.2915 5420
1778340794212 1.0627 5440
1778340800599 1.5675 5460
1778340806816 1.5639 5480
1778340813343 1.4972 5500
1778340879191 1.0793 5520
1778340884839 1.3717 5540
1778340890494 0.494 5560
1778340896153 0.9127 5580
1778340901813 0.7674 5600
1778340907483 1.3891 5620
1778340913164 0.9894 5640
1778340918827 0.6229 5660
1778340924478 1.5256 5680
1778340930161 1.3743 5700
1778340935803 1.5709 5720
1778340941451 0.9161 5740
1778341005555 0.7787 5760
1778341011216 1.3946 5780
1778341016877 0.808 5800
1778341022516 0.9238 5820
1778341028180 0.441 5840
1778341033860 1.701 5860
1778341039529 1.1177 5880
1778341045178 2.2722 5900
1778341050846 1.4618 5920
1778341056500 1.8073 5940
1778341062168 0.9985 5960
1778341068122 1.0392 5980
1778341073790 0.5872 6000
1778341137374 1.5997 6020
1778341143050 0.6187 6040
1778341148733 2.5103 6060
1778341154403 1.4341 6080
1778341160066 1.6629 6100
1778341165719 1.135 6120
1778341171362 0.6347 6140
1778341177054 1.3143 6160
1778341182742 1.1075 6180
1778341188406 2.0197 6200
1778341194378 1.2205 6220
1778341200054 1.2976 6240
1778341263726 1.7825 6260
1778341269397 0.9004 6280
1778341275068 1.6487 6300
1778341280733 0.6524 6320
1778341286384 1.2412 6340
1778341292079 0.8882 6360
1778341297745 1.2156 6380
1778341303410 1.0235 6400
1778341309165 1.0554 6420
1778341314925 1.518 6440
1778341320677 0.8563 6460
1778341326411 0.8319 6480
1778341332079 1.3307 6500
1778341397155 1.2289 6520
1778341402830 0.9638 6540
1778341408587 0.5622 6560
1778341414341 1.5247 6580
1778341420164 0.9861 6600
1778341425955 1.7683 6620
1778341431651 0.6892 6640
1778341437318 0.978 6660
1778341443013 1.452 6680
1778341448734 0.8293 6700
1778341454408 1.9717 6720
1778341460105 1.5202 6740
1778341526271 1.5446 6760
1778341532103 1.9247 6780
1778341537966 1.2534 6800
1778341543742 1.6384 6820
1778341549565 1.4397 6840
1778341555395 1.5067 6860
1778341561194 1.0954 6880
1778341567007 1.7592 6900
1778341572794 1.2507 6920
1778341578569 1.3554 6940
1778341584351 1.3776 6960
1778341590130 0.8047 6980
1778341595895 0.9567 7000
1778341663249 1.2411 7020
1778341669008 1.0443 7040
1778341674755 1.2166 7060
1778341680489 1.1941 7080
1778341686272 1.1678 7100
1778341692044 1.4118 7120
1778341697821 1.6068 7140
1778341703627 1.8868 7160
1778341709406 0.3575 7180
1778341715271 1.0604 7200
1778341721393 1.1326 7220
1778341727185 0.8976 7240
1778341794821 0.8881 7260
1778341800556 1.0446 7280
1778341806314 0.6163 7300
1778341812060 0.9706 7320
1778341817921 0.9875 7340
1778341823721 0.8328 7360
1778341829504 1.3671 7380
1778341835287 1.4413 7400
1778341841053 0.9556 7420
1778341846808 0.5743 7440
1778341852585 0.6862 7460
1778341858380 0.7548 7480
1778341864160 0.9302 7500
1778341930544 0.9888 7520
1778341936334 1.2451 7540
1778341942386 1.1708 7560
1778341948175 1.4895 7580
1778341953985 0.9365 7600
1778341959745 1.0274 7620
1778341965517 1.2152 7640
1778341971299 1.7198 7660
1778341977105 1.1364 7680
1778341982886 0.6067 7700
1778341988677 0.4096 7720
1778341994464 0.838 7740
1778342060866 0.9209 7760
1778342066637 0.8196 7780
1778342072402 1.0639 7800
1778342078123 0.8671 7820
1778342083909 1.2914 7840
1778342089679 1.2067 7860
1778342095482 1.1127 7880
1778342101654 0.5948 7900
1778342107442 0.6684 7920
1778342113245 0.6661 7940
1778342119004 0.9712 7960
1778342124763 1.6406 7980
1778342130532 0.8261 8000
1778342197474 0.8124 8020
1778342203275 1.3938 8040
1778342209060 1.0283 8060
1778342214832 0.8548 8080
1778342220627 0.8632 8100
1778342226398 1.5262 8120
1778342232190 0.8119 8140
1778342238314 1.7116 8160
1778342244097 0.943 8180
1778342249859 1.0063 8200
1778342255631 0.932 8220
1778342261401 0.8753 8240
1778342328363 0.9465 8260
1778342334138 1.1896 8280
1778342339956 1.6377 8300
1778342345751 0.9494 8320
1778342351540 0.7154 8340
1778342357719 0.5354 8360
1778342363513 0.9903 8380
1778342369344 0.278 8400
1778342375091 0.6364 8420
1778342380872 0.7202 8440
1778342386663 0.8462 8460
1778342392404 0.9239 8480
1778342398196 1.1221 8500
1778342465387 1.0146 8520
1778342471151 0.5064 8540
1778342476878 0.1731 8560
1778342482617 0.9218 8580
1778342488373 0.3251 8600
1778342494445 1.0655 8620
1778342500229 1.2216 8640
1778342506012 1.3319 8660
1778342511794 1.0547 8680
1778342517632 0.4154 8700
1778342523432 0.4556 8720
1778342529219 1.0968 8740
1778342595866 1.2454 8760
1778342601718 1.0371 8780
1778342607567 0.9159 8800
1778342613720 2.2191 8820
1778342619507 0.8519 8840
1778342625316 0.7424 8860
1778342631073 1.1023 8880
1778342636888 0.8037 8900
1778342642654 0.7402 8920
1778342648457 0.6999 8940
1778342654265 1.1808 8960
1778342660030 0.7588 8980
1778342665818 1.3836 9000
1778342732536 0.689 9020
1778342738274 0.7837 9040
1778342744063 0.8175 9060
1778342749855 1.4144 9080
1778342755994 1.1636 9100
1778342761786 0.5007 9120
1778342767517 0.8296 9140
1778342773327 1.9686 9160
1778342779102 1.0615 9180
1778342784893 1.2873 9200
1778342790678 1.6657 9220
1778342796449 1.4003 9240
1778342864001 0.6223 9260
1778342869760 1.3233 9280
1778342875539 0.9327 9300
1778342881309 0.4681 9320
1778342887122 0.5007 9340
1778342892951 0.7998 9360
1778342898726 1.2099 9380
1778342904541 0.5836 9400
1778342910309 0.5534 9420
1778342916122 0.5645 9440
1778342921939 0.6826 9460
1778342927767 0.9239 9480
1778342933592 1.7625 9500
1778343001263 0.6075 9520
1778343007030 0.7632 9540
1778343012761 0.9031 9560
1778343018544 1.0291 9580
1778343024355 1.0345 9600
1778343030130 1.2094 9620
1778343035922 0.966 9640
1778343041705 1.0644 9660
1778343047497 0.7517 9680
1778343053277 0.7216 9700
1778343059124 0.6813 9720
1778343064893 0.7927 9740
1778343132248 0.8056 9760
1778343137966 0.2406 9780
1778343143777 1.0188 9800
1778343149561 0.374 9820
1778343155349 1.2258 9840
1778343161137 1.0088 9860
1778343166936 0.6311 9880
1778343172769 1.3197 9900
1778343178581 0.9364 9920
1778343184404 1.3551 9940
1778343190198 0.4761 9960
1778343195953 0.6437 9980
1778343201792 0.7232 10000
1778343268505 0.625 10020
1778343274304 0.7671 10040
1778343280090 1.1799 10060
1778343285923 1.6568 10080
1778343291722 0.8735 10100
1778343297505 0.9941 10120
1778343303294 1.562 10140
1778343309076 1.1605 10160
1778343314874 1.4786 10180
1778343320643 1.0967 10200
1778343326461 1.3268 10220
1778343332265 1.1614 10240
1778343398955 0.8254 10260
1778343404785 2.017 10280
1778343410626 1.1376 10300
1778343416426 1.1187 10320
1778343422240 1.3928 10340
1778343427988 1.4648 10360
1778343433744 0.5517 10380
1778343439516 0.5783 10400
1778343445303 0.5765 10420
1778343451078 0.6319 10440
1778343456847 0.7205 10460
1778343462693 1.2743 10480
1778343468479 0.6215 10500
1778343536155 0.77 10520
1778343541927 0.8166 10540
1778343547735 0.34 10560
1778343553538 0.6329 10580
1778343559301 0.5502 10600
1778343565052 0.7534 10620
1778343570823 0.6512 10640
1778343576614 0.6121 10660
1778343582408 0.5987 10680
1778343588234 0.9319 10700
1778343594041 0.4043 10720
1778343599811 0.9947 10740
1778343667486 0.6055 10760
1778343673592 0.554 10780
1778343679372 0.855 10800
1778343685107 0.4057 10820
1778343690912 0.4712 10840
1778343696705 0.6513 10860
1778343702482 0.4315 10880
1778343708286 0.6968 10900
1778343714084 0.8566 10920
1778343719883 0.7392 10940
1778343725633 1.1065 10960
1778343731452 0.9675 10980
1778343737275 1.12 11000
