1776945082253 0.022222222222222223 20
1776945089285 0.044444444444444446 40
1776945096333 0.06666666666666667 60
1776945103395 0.08888888888888889 80
1776945110461 0.1111111111111111 100
1776945117545 0.13333333333333333 120
1776945124638 0.15555555555555556 140
1776945131761 0.17777777777777778 160
1776945138892 0.2 180
1776945146046 0.2222222222222222 200
1776945153189 0.24444444444444444 220
1776945160339 0.26666666666666666 240
1776945175619 0.2777777777777778 250
1776945179224 0.28888888888888886 260
1776945186419 0.3111111111111111 280
1776945193617 0.3333333333333333 300
1776945200823 0.35555555555555557 320
1776945208022 0.37777777777777777 340
1776945215249 0.4 360
1776945222487 0.4222222222222222 380
1776945229717 0.4444444444444444 400
1776945236971 0.4666666666666667 420
1776945244213 0.4888888888888889 440
1776945251462 0.5111111111111111 460
1776945258713 0.5333333333333333 480
1776945265971 0.5555555555555556 500
1776945277303 0.5555555555555556 500
1776945286295 0.5777777777777777 520
1776945293587 0.6 540
1776945300862 0.6222222222222222 560
1776945308141 0.6444444444444445 580
1776945315438 0.6666666666666666 600
1776945322738 0.6888888888888889 620
1776945330040 0.7111111111111111 640
1776945337361 0.7333333333333333 660
1776945344674 0.7555555555555555 680
1776945351994 0.7777777777777778 700
1776945359320 0.8 720
1776945366623 0.8222222222222222 740
1776945381727 0.8333333333333334 750
1776945385400 0.8444444444444444 760
1776945392732 0.8666666666666667 780
1776945400073 0.8888888888888888 800
1776945407410 0.9111111111111111 820
1776945414762 0.9333333333333333 840
1776945422131 0.9555555555555556 860
1776945429494 0.9777777777777777 880
1776945436841 1.0 900
1776945444200 1.0222222222222221 920
1776945451554 1.0444444444444445 940
1776945458911 1.0666666666666667 960
1776945466281 1.0888888888888888 980
1776945473639 1.1111111111111112 1000
1776945485164 1.1111111111111112 1000
1776945487356 1.1111111111111112 1000
1776945499300 1.1111111111111112 1000
1776945514307 1.1111111111111112 1000
1776945514879 1.1111111111111112 0
