1776945082253 2.0756425857543945 20
1776945089285 1.9312560558319092 40
1776945096333 1.406978726387024 60
1776945103395 1.5642167329788208 80
1776945110461 2.3379745483398438 100
1776945117545 2.0011534690856934 120
1776945124638 1.5666998624801636 140
1776945131761 1.6525274515151978 160
1776945138892 1.207737922668457 180
1776945146046 1.493572473526001 200
1776945153189 1.3916449546813965 220
1776945160339 0.8934972286224365 240
1776945179224 1.012479543685913 260
1776945186419 1.0240497589111328 280
1776945193617 0.88126540184021 300
1776945200823 1.209349513053894 320
1776945208022 0.867129921913147 340
1776945215249 0.8334017992019653 360
1776945222487 0.8114138245582581 380
1776945229717 0.8577951192855835 400
1776945236971 1.009491205215454 420
1776945244213 0.8567472696304321 440
1776945251462 0.6341149806976318 460
1776945258713 0.6956316828727722 480
1776945265971 0.7473316192626953 500
1776945286295 0.7412036061286926 520
1776945293587 0.8658754229545593 540
1776945300862 0.7159309387207031 560
1776945308141 0.7702123522758484 580
1776945315438 0.7360681295394897 600
1776945322738 0.8483856916427612 620
1776945330040 0.8069353103637695 640
1776945337361 0.7201641798019409 660
1776945344674 0.7739692330360413 680
1776945351994 0.767968475818634 700
1776945359320 0.7400223016738892 720
1776945366623 0.7255626320838928 740
1776945385400 0.7897201776504517 760
1776945392732 0.5986604690551758 780
1776945400073 0.5920031070709229 800
1776945407410 0.623660147190094 820
1776945414762 0.589137077331543 840
1776945422131 0.7992450594902039 860
1776945429494 0.7647771239280701 880
1776945436841 0.8003803491592407 900
1776945444200 0.7268470525741577 920
1776945451554 0.7884474396705627 940
1776945458911 0.69264155626297 960
1776945466281 0.6896573901176453 980
1776945473639 0.643344521522522 1000
