1777479916802 4.639352798461914 20
1777479925972 1.5894609689712524 40
1777479935183 1.2555956840515137 60
1777479944328 10.52052116394043 80
1777479953548 3.230278253555298 100
1777479962857 1.9531265497207642 120
1777479972218 1.1964373588562012 140
1777479981601 1.9882230758666992 160
1777479991083 1.6690914630889893 180
1777480000567 0.8278864622116089 200
1777480009916 0.8647999167442322 220
1777480019431 0.7042286396026611 240
1777480028867 0.5154867172241211 260
1777480038300 0.40146300196647644 280
1777480047872 0.640175998210907 300
1777480057376 0.4829636812210083 320
1777480066823 0.6598412990570068 340
1777480076306 0.39044249057769775 360
1777480085745 0.46994835138320923 380
1777480095290 0.47972673177719116 400
1777480104734 0.40205612778663635 420
1777480114254 0.42802193760871887 440
1777480123890 0.35789954662323 460
1777480133514 0.38552606105804443 480
1777480143073 0.40668654441833496 500
1777480152638 0.30486419796943665 520
1777480162168 0.4431866407394409 540
1777480171793 0.47253283858299255 560
1777480181392 0.40872010588645935 580
1777480191005 0.2884095013141632 600
1777480200654 0.42221125960350037 620
1777480210274 0.29613402485847473 640
1777480219912 0.3154679238796234 660
1777480229637 0.30861154198646545 680
1777480239347 0.547389566898346 700
1777480249051 0.4219279885292053 720
1777480258765 0.43172669410705566 740
1777480268490 0.32602500915527344 760
1777480278220 0.28843384981155396 780
1777480287936 0.2825899124145508 800
1777480297572 0.26792022585868835 820
1777480307349 0.43624040484428406 840
1777480317165 0.32976821064949036 860
1777480326878 0.3527091145515442 880
1777480336634 0.3248147964477539 900
1777480346367 0.4544282853603363 920
1777480356089 0.2092842310667038 940
1777480365826 0.20684728026390076 960
1777480375499 0.4563830494880676 980
1777480385185 0.36382800340652466 1000
1777480435191 0.25892582535743713 1020
1777480444833 0.2052057683467865 1040
1777480454604 0.43853163719177246 1060
1777480464327 0.3165607452392578 1080
1777480474061 0.3060232400894165 1100
1777480483746 0.3641054034233093 1120
1777480493507 0.4084499180316925 1140
1777480503320 0.40302804112434387 1160
1777480513068 0.2751815617084503 1180
1777480522704 0.3071967661380768 1200
1777480532431 0.33035892248153687 1220
1777480542103 0.2684779167175293 1240
1777480551798 0.5455337762832642 1260
1777480561509 0.25174716114997864 1280
1777480571244 0.36859026551246643 1300
1777480580988 0.30469414591789246 1320
1777480590751 0.3876241147518158 1340
1777480600434 0.3612062931060791 1360
1777480610116 0.23067663609981537 1380
1777480619952 0.39470499753952026 1400
1777480629675 0.26026007533073425 1420
1777480639366 0.4113669693470001 1440
1777480649104 0.16835254430770874 1460
1777480658902 0.22688469290733337 1480
1777480668702 0.3081056475639343 1500
1777480678439 0.2455819547176361 1520
1777480688317 0.3248169720172882 1540
1777480698129 0.5716512203216553 1560
1777480707708 0.3304312527179718 1580
1777480717440 0.493721067905426 1600
1777480727208 0.2563028931617737 1620
1777480737040 0.35723447799682617 1640
1777480746755 0.46630915999412537 1660
1777480756456 0.39318063855171204 1680
1777480766050 0.276373028755188 1700
1777480775745 0.33059364557266235 1720
1777480785390 0.45782479643821716 1740
1777480795063 0.34920987486839294 1760
1777480804837 0.5186899304389954 1780
1777480814462 0.263018399477005 1800
1777480824099 0.3687495291233063 1820
1777480833742 0.350475013256073 1840
1777480843503 0.2975935637950897 1860
1777480853192 0.3132874071598053 1880
1777480862924 0.2739741802215576 1900
1777480872596 0.2936970293521881 1920
1777480882385 0.3446817100048065 1940
1777480891988 0.36676713824272156 1960
1777480901684 0.2794908583164215 1980
1777480911399 0.24141517281532288 2000
1777480960880 0.3774248957633972 2020
1777480970520 0.1844009906053543 2040
1777480980213 0.25209298729896545 2060
1777480989717 0.3589860498905182 2080
1777480999440 0.3855884075164795 2100
1777481009163 0.3383418619632721 2120
1777481018895 0.22637194395065308 2140
1777481028662 0.34437307715415955 2160
1777481038383 0.3220994472503662 2180
1777481048108 0.35146376490592957 2200
1777481057848 0.2593477666378021 2220
1777481067481 0.26735609769821167 2240
1777481077155 0.35525089502334595 2260
1777481086862 0.22930005192756653 2280
1777481096615 0.1868387758731842 2300
