1777479916802 1.1400000000000001e-05 20
1777479925972 2.2800000000000002e-05 40
1777479935183 2.9976619581100827e-05 60
1777479944328 2.9921091086215295e-05 80
1777479953548 2.9871407696054555e-05 100
1777479962857 2.9812956648806628e-05 120
1777479972218 2.9754505601558694e-05 140
1777479981601 2.9696054554310767e-05 160
1777479991083 2.9637603507062834e-05 180
1777480000567 2.9579152459814907e-05 200
1777480009916 2.9520701412566976e-05 220
1777480019431 2.9462250365319046e-05 240
1777480028867 2.9403799318071116e-05 260
1777480038300 2.9345348270823186e-05 280
1777480047872 2.9286897223575255e-05 300
1777480057376 2.922844617632733e-05 320
1777480066823 2.9169995129079395e-05 340
1777480076306 2.9111544081831468e-05 360
1777480085745 2.9053093034583534e-05 380
1777480095290 2.8994641987335607e-05 400
1777480104734 2.893619094008768e-05 420
1777480114254 2.8877739892839747e-05 440
1777480123890 2.881928884559182e-05 460
1777480133514 2.8760837798343886e-05 480
1777480143073 2.870238675109596e-05 500
1777480152638 2.864393570384803e-05 520
1777480162168 2.85854846566001e-05 540
1777480171793 2.852703360935217e-05 560
1777480181392 2.8468582562104238e-05 580
1777480191005 2.8410131514856308e-05 600
1777480200654 2.835168046760838e-05 620
1777480210274 2.8293229420360447e-05 640
1777480219912 2.823477837311252e-05 660
1777480229637 2.8176327325864587e-05 680
1777480239347 2.811787627861666e-05 700
1777480249051 2.805942523136873e-05 720
1777480258765 2.80009741841208e-05 740
1777480268490 2.794252313687287e-05 760
1777480278220 2.788407208962494e-05 780
1777480287936 2.782562104237701e-05 800
1777480297572 2.776716999512908e-05 820
1777480307349 2.7708718947881148e-05 840
1777480317165 2.765026790063322e-05 860
1777480326878 2.759181685338529e-05 880
1777480336634 2.753336580613736e-05 900
1777480346367 2.7474914758889433e-05 920
1777480356089 2.74164637116415e-05 940
1777480365826 2.7358012664393573e-05 960
1777480375499 2.729956161714564e-05 980
1777480385185 2.7241110569897712e-05 1000
1777480435191 2.7182659522649782e-05 1020
1777480444833 2.7124208475401852e-05 1040
1777480454604 2.706575742815392e-05 1060
1777480464327 2.700730638090599e-05 1080
1777480474061 2.694885533365806e-05 1100
1777480483746 2.6890404286410134e-05 1120
1777480493507 2.68319532391622e-05 1140
1777480503320 2.6773502191914273e-05 1160
1777480513068 2.6715051144666343e-05 1180
1777480522704 2.6656600097418413e-05 1200
1777480532431 2.6598149050170483e-05 1220
1777480542103 2.6539698002922552e-05 1240
1777480551798 2.6481246955674622e-05 1260
1777480561509 2.6422795908426695e-05 1280
1777480571244 2.636434486117876e-05 1300
1777480580988 2.6305893813930834e-05 1320
1777480590751 2.6247442766682904e-05 1340
1777480600434 2.6188991719434974e-05 1360
1777480610116 2.6130540672187047e-05 1380
1777480619952 2.6072089624939113e-05 1400
1777480629675 2.6013638577691186e-05 1420
1777480639366 2.5955187530443253e-05 1440
1777480649104 2.5896736483195326e-05 1460
1777480658902 2.5838285435947396e-05 1480
1777480668702 2.5779834388699465e-05 1500
1777480678439 2.5721383341451535e-05 1520
1777480688317 2.5662932294203605e-05 1540
1777480698129 2.5604481246955674e-05 1560
1777480707708 2.5546030199707748e-05 1580
1777480717440 2.5487579152459814e-05 1600
1777480727208 2.5429128105211887e-05 1620
1777480737040 2.5370677057963953e-05 1640
1777480746755 2.5312226010716026e-05 1660
1777480756456 2.5253774963468096e-05 1680
1777480766050 2.5195323916220166e-05 1700
1777480775745 2.5136872868972236e-05 1720
1777480785390 2.5078421821724305e-05 1740
1777480795063 2.5019970774476375e-05 1760
1777480804837 2.4961519727228448e-05 1780
1777480814462 2.4903068679980518e-05 1800
1777480824099 2.4844617632732587e-05 1820
1777480833742 2.4786166585484657e-05 1840
1777480843503 2.4727715538236727e-05 1860
1777480853192 2.46692644909888e-05 1880
1777480862924 2.4610813443740866e-05 1900
1777480872596 2.455236239649294e-05 1920
1777480882385 2.4493911349245006e-05 1940
1777480891988 2.443546030199708e-05 1960
1777480901684 2.437700925474915e-05 1980
1777480911399 2.4318558207501218e-05 2000
1777480960880 2.4260107160253288e-05 2020
1777480970520 2.4201656113005358e-05 2040
1777480980213 2.4143205065757427e-05 2060
1777480989717 2.40847540185095e-05 2080
1777480999440 2.4026302971261567e-05 2100
1777481009163 2.396785192401364e-05 2120
1777481018895 2.3909400876765706e-05 2140
1777481028662 2.385094982951778e-05 2160
1777481038383 2.379249878226985e-05 2180
1777481048108 2.373404773502192e-05 2200
1777481057848 2.367559668777399e-05 2220
1777481067481 2.361714564052606e-05 2240
1777481077155 2.355869459327813e-05 2260
1777481086862 2.35002435460302e-05 2280
1777481096615 2.344179249878227e-05 2300
