1778714590536 1.6996854543685913 20
1778714593358 0.8531639575958252 40
1778714596192 1.3335037231445312 60
1778714599018 1.178661823272705 80
1778714601835 2.543503522872925 100
1778714604663 1.4838230609893799 120
1778714607483 2.0321712493896484 140
1778714610319 2.136129379272461 160
1778714613134 1.6347812414169312 180
1778714615955 0.9423441290855408 200
1778714618787 0.9032691121101379 220
1778714621608 1.0178102254867554 240
1778714629106 1.2966927289962769 260
1778714631938 1.4219725131988525 280
1778714634787 1.3999990224838257 300
1778714637631 1.8393462896347046 320
1778714640462 1.1932306289672852 340
1778714643284 1.074090838432312 360
1778714646103 1.4199025630950928 380
1778714648934 1.0290998220443726 400
1778714651765 1.3593860864639282 420
1778714654590 1.0153419971466064 440
1778714657422 1.0583841800689697 460
1778714660252 1.0246903896331787 480
1778714663083 1.5884140729904175 500
1778714670684 1.3816955089569092 520
1778714673511 0.8776607513427734 540
1778714676340 0.9298444986343384 560
1778714679163 1.457000732421875 580
1778714681987 0.998952329158783 600
1778714684820 1.2460483312606812 620
1778714687880 0.9286350607872009 640
1778714690698 1.2320290803909302 660
1778714693516 1.2407500743865967 680
1778714696348 2.2479586601257324 700
1778714699179 1.4340983629226685 720
1778714702009 1.9996839761734009 740
1778714709730 0.9900637269020081 760
1778714712557 1.6403847932815552 780
1778714715382 1.47584867477417 800
1778714718215 1.636818528175354 820
1778714721049 0.9025301933288574 840
1778714723886 1.6927564144134521 860
1778714726713 1.3680907487869263 880
1778714729545 1.0061185359954834 900
1778714732387 1.3572081327438354 920
1778714735231 1.3769367933273315 940
1778714738091 1.239445447921753 960
1778714740927 1.3399399518966675 980
1778714743769 1.1387022733688354 1000
1778714751309 1.2366329431533813 1020
1778714754159 1.3113666772842407 1040
1778714757009 0.9890854954719543 1060
1778714759845 1.548255205154419 1080
1778714762709 1.0528533458709717 1100
1778714765550 1.7690010070800781 1120
1778714768392 1.196351170539856 1140
1778714771241 2.8915390968322754 1160
1778714774074 1.0977928638458252 1180
1778714776913 2.0752882957458496 1200
1778714779744 1.0634126663208008 1220
1778714782581 1.8553187847137451 1240
1778714790055 1.1045037508010864 1260
1778714792875 2.0238113403320312 1280
1778714795695 0.9200377464294434 1300
1778714798517 1.2019729614257812 1320
1778714801336 1.2145222425460815 1340
1778714804143 1.6871315240859985 1360
1778714806966 1.2273658514022827 1380
1778714809783 1.4946904182434082 1400
1778714812616 2.4624311923980713 1420
1778714815438 1.3351140022277832 1440
1778714818267 1.1645312309265137 1460
1778714821094 1.5783580541610718 1480
1778714823909 1.4151684045791626 1500
1778714831439 1.423984169960022 1520
1778714834310 1.742593765258789 1540
1778714837124 1.7849617004394531 1560
1778714839946 1.7141319513320923 1580
1778714842767 2.778717279434204 1600
1778714845584 1.2758116722106934 1620
1778714848409 1.2742558717727661 1640
1778714851224 1.7758777141571045 1660
1778714854042 1.122975468635559 1680
1778714856864 1.6164543628692627 1700
1778714859677 1.4052234888076782 1720
1778714862496 1.3948057889938354 1740
1778714870047 1.2769293785095215 1760
1778714872869 1.3638869524002075 1780
1778714875685 1.5474236011505127 1800
1778714878496 1.9507397413253784 1820
1778714881311 2.08620285987854 1840
1778714884127 1.5838594436645508 1860
1778714886947 2.127638101577759 1880
1778714889781 1.3929997682571411 1900
1778714892647 1.4159146547317505 1920
1778714895462 2.3352324962615967 1940
1778714898285 3.218543529510498 1960
1778714901100 1.7772718667984009 1980
1778714903939 1.6332664489746094 2000
1778714911452 1.4185327291488647 2020
1778714914253 1.5811549425125122 2040
1778714917080 1.6945327520370483 2060
1778714919885 1.7217937707901 2080
1778714922692 2.094266176223755 2100
1778714925504 1.6517444849014282 2120
1778714928323 2.025611639022827 2140
1778714931145 1.466087818145752 2160
1778714933987 1.3261823654174805 2180
1778714936812 1.5926463603973389 2200
1778714939635 1.3829113245010376 2220
1778714942449 2.1084177494049072 2240
1778714949941 1.6640843152999878 2260
1778714952745 1.5388039350509644 2280
1778714955564 1.7680491209030151 2300
1778714958376 2.0295655727386475 2320
1778714961201 1.7851392030715942 2340
1778714964014 1.716755986213684 2360
1778714966831 2.0395023822784424 2380
1778714969662 1.5674974918365479 2400
1778714972480 1.8550368547439575 2420
1778714975291 1.876876711845398 2440
1778714978103 2.7287590503692627 2460
1778714980911 2.0127336978912354 2480
1778714983736 1.6958723068237305 2500
1778714991218 2.2320556640625 2520
1778714994030 2.501962184906006 2540
1778714996870 2.602896213531494 2560
1778714999695 2.02079176902771 2580
1778715002492 2.198622703552246 2600
1778715005332 1.7418010234832764 2620
1778715008142 2.6182260513305664 2640
1778715010959 1.7999991178512573 2660
1778715013810 2.238373279571533 2680
1778715016630 2.131531238555908 2700
1778715019447 2.1223948001861572 2720
1778715022259 1.2421295642852783 2740
1778715029736 3.00832200050354 2760
1778715032554 1.967734932899475 2780
1778715035374 2.223825693130493 2800
1778715038191 1.7537269592285156 2820
1778715041015 1.9487919807434082 2840
1778715043839 1.988945722579956 2860
1778715046667 1.7040143013000488 2880
1778715049612 2.0389654636383057 2900
1778715052551 1.4517040252685547 2920
1778715055386 1.633228063583374 2940
1778715058217 1.7109692096710205 2960
1778715061029 2.156013250350952 2980
1778715063849 2.939255475997925 3000
1778715071316 2.052316904067993 3020
1778715074150 2.612077236175537 3040
1778715077008 1.9592608213424683 3060
1778715079844 1.6740918159484863 3080
1778715082669 2.321138381958008 3100
1778715085514 1.7639321088790894 3120
1778715088352 2.4422719478607178 3140
1778715091174 1.7206026315689087 3160
1778715093998 1.4996283054351807 3180
1778715096812 2.0965476036071777 3200
1778715099654 2.126532793045044 3220
1778715102485 1.8582135438919067 3240
1778715110023 1.6791356801986694 3260
1778715112842 2.75555157661438 3280
1778715115662 2.249950885772705 3300
1778715118487 2.24257755279541 3320
1778715121313 1.655568242073059 3340
1778715124129 2.1112124919891357 3360
1778715126941 1.8876745700836182 3380
1778715129748 2.201091766357422 3400
1778715132576 1.5336897373199463 3420
1778715135394 2.212174892425537 3440
1778715138214 2.6278018951416016 3460
1778715141048 1.6538124084472656 3480
1778715143863 1.3654124736785889 3500
1778715151309 3.082909345626831 3520
1778715154139 1.5287597179412842 3540
1778715157270 2.2936394214630127 3560
