1778714590536 1.1400000000000001e-05 20
1778714593358 2.3400000000000003e-05 40
1778714596192 2.9923186344238974e-05 60
1778714599018 2.97524893314367e-05 80
1778714601835 2.9581792318634425e-05 100
1778714604663 2.941109530583215e-05 120
1778714607483 2.9240398293029872e-05 140
1778714610319 2.9069701280227596e-05 160
1778714613134 2.8899004267425323e-05 180
1778714615955 2.8728307254623044e-05 200
1778714618787 2.8557610241820767e-05 220
1778714621608 2.838691322901849e-05 240
1778714629106 2.821621621621622e-05 260
1778714631938 2.8045519203413942e-05 280
1778714634787 2.7874822190611666e-05 300
1778714637631 2.770412517780939e-05 320
1778714640462 2.7533428165007113e-05 340
1778714643284 2.7362731152204837e-05 360
1778714646103 2.719203413940256e-05 380
1778714648934 2.7021337126600285e-05 400
1778714651765 2.685064011379801e-05 420
1778714654590 2.6679943100995732e-05 440
1778714657422 2.650924608819346e-05 460
1778714660252 2.6338549075391183e-05 480
1778714663083 2.6167852062588904e-05 500
1778714670684 2.5997155049786627e-05 520
1778714673511 2.5826458036984355e-05 540
1778714676340 2.565576102418208e-05 560
1778714679163 2.5485064011379802e-05 580
1778714681987 2.5314366998577526e-05 600
1778714684820 2.514366998577525e-05 620
1778714687880 2.4972972972972973e-05 640
1778714690698 2.4802275960170697e-05 660
1778714693516 2.463157894736842e-05 680
1778714696348 2.4460881934566145e-05 700
1778714699179 2.429018492176387e-05 720
1778714702009 2.4119487908961596e-05 740
1778714709730 2.394879089615932e-05 760
1778714712557 2.3778093883357043e-05 780
1778714715382 2.3607396870554764e-05 800
1778714718215 2.343669985775249e-05 820
1778714721049 2.3266002844950215e-05 840
1778714723886 2.3095305832147938e-05 860
1778714726713 2.2924608819345662e-05 880
1778714729545 2.2753911806543386e-05 900
1778714732387 2.2583214793741113e-05 920
1778714735231 2.2412517780938833e-05 940
1778714738091 2.2241820768136557e-05 960
1778714740927 2.207112375533428e-05 980
1778714743769 2.1900426742532005e-05 1000
1778714751309 2.1729729729729732e-05 1020
1778714754159 2.1559032716927456e-05 1040
1778714757009 2.138833570412518e-05 1060
1778714759845 2.1217638691322903e-05 1080
1778714762709 2.1046941678520624e-05 1100
1778714765550 2.087624466571835e-05 1120
1778714768392 2.0705547652916074e-05 1140
1778714771241 2.0534850640113798e-05 1160
1778714774074 2.0364153627311522e-05 1180
1778714776913 2.019345661450925e-05 1200
1778714779744 2.0022759601706973e-05 1220
1778714782581 1.9852062588904693e-05 1240
1778714790055 1.9681365576102417e-05 1260
1778714792875 1.951066856330014e-05 1280
1778714795695 1.9339971550497868e-05 1300
1778714798517 1.9169274537695592e-05 1320
1778714801336 1.8998577524893316e-05 1340
1778714804143 1.882788051209104e-05 1360
1778714806966 1.865718349928876e-05 1380
1778714809783 1.8486486486486487e-05 1400
1778714812616 1.831578947368421e-05 1420
1778714815438 1.8145092460881934e-05 1440
1778714818267 1.7974395448079658e-05 1460
1778714821094 1.7803698435277385e-05 1480
1778714823909 1.763300142247511e-05 1500
1778714831439 1.7462304409672833e-05 1520
1778714834310 1.7291607396870553e-05 1540
1778714837124 1.7120910384068277e-05 1560
1778714839946 1.6950213371266004e-05 1580
1778714842767 1.6779516358463728e-05 1600
1778714845584 1.6608819345661452e-05 1620
1778714848409 1.6438122332859175e-05 1640
1778714851224 1.62674253200569e-05 1660
1778714854042 1.6096728307254623e-05 1680
1778714856864 1.5926031294452347e-05 1700
1778714859677 1.575533428165007e-05 1720
1778714862496 1.5584637268847794e-05 1740
1778714870047 1.541394025604552e-05 1760
1778714872869 1.5243243243243245e-05 1780
1778714875685 1.5072546230440967e-05 1800
1778714878496 1.4901849217638691e-05 1820
1778714881311 1.4731152204836417e-05 1840
1778714884127 1.4560455192034139e-05 1860
1778714886947 1.4389758179231864e-05 1880
1778714889781 1.4219061166429588e-05 1900
1778714892647 1.4048364153627312e-05 1920
1778714895462 1.3877667140825035e-05 1940
1778714898285 1.370697012802276e-05 1960
1778714901100 1.3536273115220485e-05 1980
1778714903939 1.3365576102418208e-05 2000
1778714911452 1.3194879089615932e-05 2020
1778714914253 1.3024182076813656e-05 2040
1778714917080 1.285348506401138e-05 2060
1778714919885 1.2682788051209104e-05 2080
1778714922692 1.2512091038406827e-05 2100
1778714925504 1.2341394025604553e-05 2120
1778714928323 1.2170697012802277e-05 2140
1778714931145 1.2e-05 2160
1778714933987 1.1829302987197724e-05 2180
1778714936812 1.1658605974395448e-05 2200
1778714939635 1.1487908961593173e-05 2220
1778714942449 1.1317211948790895e-05 2240
1778714949941 1.1146514935988621e-05 2260
1778714952745 1.0975817923186345e-05 2280
1778714955564 1.080512091038407e-05 2300
1778714958376 1.0634423897581792e-05 2320
1778714961201 1.0463726884779516e-05 2340
1778714964014 1.0293029871977241e-05 2360
1778714966831 1.0122332859174963e-05 2380
1778714969662 9.951635846372689e-06 2400
1778714972480 9.780938833570413e-06 2420
1778714975291 9.610241820768138e-06 2440
1778714978103 9.43954480796586e-06 2460
1778714980911 9.268847795163584e-06 2480
1778714983736 9.09815078236131e-06 2500
1778714991218 8.927453769559033e-06 2520
1778714994030 8.756756756756757e-06 2540
1778714996870 8.58605974395448e-06 2560
1778714999695 8.415362731152206e-06 2580
1778715002492 8.244665718349928e-06 2600
1778715005332 8.073968705547652e-06 2620
1778715008142 7.903271692745378e-06 2640
1778715010959 7.732574679943101e-06 2660
1778715013810 7.561877667140826e-06 2680
1778715016630 7.391180654338549e-06 2700
1778715019447 7.2204836415362735e-06 2720
1778715022259 7.049786628733997e-06 2740
1778715029736 6.879089615931722e-06 2760
1778715032554 6.708392603129446e-06 2780
1778715035374 6.5376955903271694e-06 2800
1778715038191 6.366998577524893e-06 2820
1778715041015 6.196301564722617e-06 2840
1778715043839 6.025604551920342e-06 2860
1778715046667 5.854907539118065e-06 2880
1778715049612 5.68421052631579e-06 2900
1778715052551 5.513513513513514e-06 2920
1778715055386 5.3428165007112375e-06 2940
1778715058217 5.172119487908961e-06 2960
1778715061029 5.001422475106686e-06 2980
1778715063849 4.83072546230441e-06 3000
1778715071316 4.660028449502134e-06 3020
1778715074150 4.489331436699858e-06 3040
1778715077008 4.318634423897582e-06 3060
1778715079844 4.147937411095306e-06 3080
1778715082669 3.977240398293029e-06 3100
1778715085514 3.806543385490754e-06 3120
1778715088352 3.635846372688478e-06 3140
1778715091174 3.4651493598862024e-06 3160
1778715093998 3.2944523470839257e-06 3180
1778715096812 3.12375533428165e-06 3200
1778715099654 2.953058321479374e-06 3220
1778715102485 2.7823613086770983e-06 3240
1778715110023 2.611664295874822e-06 3260
1778715112842 2.4409672830725463e-06 3280
1778715115662 2.2702702702702705e-06 3300
1778715118487 2.0995732574679942e-06 3320
1778715121313 1.9288762446657184e-06 3340
1778715124129 1.7581792318634424e-06 3360
1778715126941 1.5874822190611664e-06 3380
1778715129748 1.4167852062588904e-06 3400
1778715132576 1.2460881934566146e-06 3420
1778715135394 1.0753911806543386e-06 3440
1778715138214 9.046941678520625e-07 3460
1778715141048 7.339971550497866e-07 3480
1778715143863 5.633001422475107e-07 3500
1778715151309 3.9260312944523475e-07 3520
1778715154139 2.2190611664295875e-07 3540
1778715157270 5.120910384068279e-08 3560
