1778714590536 0.7012 20
1778714593358 0.6846 40
1778714596192 0.7057 60
1778714599018 0.6885 80
1778714601835 0.6945 100
1778714604663 0.6873 120
1778714607483 0.6833 140
1778714610319 0.6753 160
1778714613134 0.6778 180
1778714615955 0.6691 200
1778714618787 0.654 220
1778714621608 0.6254 240
1778714629106 0.6284 260
1778714631938 0.6094 280
1778714634787 0.5901 300
1778714637631 0.5925 320
1778714640462 0.6203 340
1778714643284 0.6295 360
1778714646103 0.6179 380
1778714648934 0.59 400
1778714651765 0.6041 420
1778714654590 0.5498 440
1778714657422 0.5955 460
1778714660252 0.6073 480
1778714663083 0.5946 500
1778714670684 0.5478 520
1778714673511 0.5876 540
1778714676340 0.5783 560
1778714679163 0.562 580
1778714681987 0.5918 600
1778714684820 0.5829 620
1778714687880 0.5775 640
1778714690698 0.5859 660
1778714693516 0.555 680
1778714696348 0.5699 700
1778714699179 0.6003 720
1778714702009 0.5636 740
1778714709730 0.5432 760
1778714712557 0.5596 780
1778714715382 0.5665 800
1778714718215 0.5577 820
1778714721049 0.5738 840
1778714723886 0.5696 860
1778714726713 0.5361 880
1778714729545 0.5315 900
1778714732387 0.575 920
1778714735231 0.5423 940
1778714738091 0.5688 960
1778714740927 0.5486 980
1778714743769 0.5696 1000
1778714751309 0.5561 1020
1778714754159 0.5303 1040
1778714757009 0.5404 1060
1778714759845 0.5464 1080
1778714762709 0.5558 1100
1778714765550 0.5694 1120
1778714768392 0.5473 1140
1778714771241 0.5741 1160
1778714774074 0.5449 1180
1778714776913 0.5642 1200
1778714779744 0.512 1220
1778714782581 0.5341 1240
1778714790055 0.5324 1260
1778714792875 0.5621 1280
1778714795695 0.5491 1300
1778714798517 0.5225 1320
1778714801336 0.5107 1340
1778714804143 0.5349 1360
1778714806966 0.5487 1380
1778714809783 0.5298 1400
1778714812616 0.5397 1420
1778714815438 0.5524 1440
1778714818267 0.515 1460
1778714821094 0.4967 1480
1778714823909 0.4855 1500
1778714831439 0.541 1520
1778714834310 0.4981 1540
1778714837124 0.5201 1560
1778714839946 0.5115 1580
1778714842767 0.5426 1600
1778714845584 0.4871 1620
1778714848409 0.5403 1640
1778714851224 0.5217 1660
1778714854042 0.5097 1680
1778714856864 0.5018 1700
1778714859677 0.4741 1720
1778714862496 0.4763 1740
1778714870047 0.5197 1760
1778714872869 0.4856 1780
1778714875685 0.4804 1800
1778714878496 0.4975 1820
1778714881311 0.4964 1840
1778714884127 0.5107 1860
1778714886947 0.4999 1880
1778714889781 0.4947 1900
1778714892647 0.5472 1920
1778714895462 0.5033 1940
1778714898285 0.5099 1960
1778714901100 0.4977 1980
1778714903939 0.5414 2000
1778714911452 0.5418 2020
1778714914253 0.5119 2040
1778714917080 0.4956 2060
1778714919885 0.508 2080
1778714922692 0.5336 2100
1778714925504 0.5093 2120
1778714928323 0.4647 2140
1778714931145 0.4591 2160
1778714933987 0.5263 2180
1778714936812 0.5187 2200
1778714939635 0.4912 2220
1778714942449 0.4843 2240
1778714949941 0.4603 2260
1778714952745 0.479 2280
1778714955564 0.4864 2300
1778714958376 0.48 2320
1778714961201 0.5013 2340
1778714964014 0.4708 2360
1778714966831 0.5254 2380
1778714969662 0.4561 2400
1778714972480 0.4501 2420
1778714975291 0.4861 2440
1778714978103 0.452 2460
1778714980911 0.5018 2480
1778714983736 0.4777 2500
1778714991218 0.4845 2520
1778714994030 0.5082 2540
1778714996870 0.4642 2560
1778714999695 0.5233 2580
1778715002492 0.4349 2600
1778715005332 0.4707 2620
1778715008142 0.5276 2640
1778715010959 0.4799 2660
1778715013810 0.4599 2680
1778715016630 0.4571 2700
1778715019447 0.4899 2720
1778715022259 0.4649 2740
1778715029736 0.4939 2760
1778715032554 0.4694 2780
1778715035374 0.4963 2800
1778715038191 0.4851 2820
1778715041015 0.5009 2840
1778715043839 0.4615 2860
1778715046667 0.4896 2880
1778715049612 0.4946 2900
1778715052551 0.4796 2920
1778715055386 0.4593 2940
1778715058217 0.4676 2960
1778715061029 0.44 2980
1778715063849 0.4224 3000
1778715071316 0.4215 3020
1778715074150 0.5184 3040
1778715077008 0.4613 3060
1778715079844 0.4881 3080
1778715082669 0.5007 3100
1778715085514 0.4737 3120
1778715088352 0.4709 3140
1778715091174 0.4719 3160
1778715093998 0.4548 3180
1778715096812 0.4518 3200
1778715099654 0.4958 3220
1778715102485 0.4496 3240
1778715110023 0.4683 3260
1778715112842 0.4365 3280
1778715115662 0.4599 3300
1778715118487 0.4652 3320
1778715121313 0.446 3340
1778715124129 0.4812 3360
1778715126941 0.4273 3380
1778715129748 0.4502 3400
1778715132576 0.4621 3420
1778715135394 0.4482 3440
1778715138214 0.4756 3460
1778715141048 0.4419 3480
1778715143863 0.468 3500
1778715151309 0.5218 3520
1778715154139 0.4377 3540
1778715157270 0.456 3560
