1779321866855 0.015015015015015015 20
1779321867314 0.03003003003003003 40
1779321867755 0.04504504504504504 60
1779321868289 0.06006006006006006 80
1779321868798 0.07507507507507508 100
1779321869310 0.09009009009009009 120
1779321869803 0.10510510510510511 140
1779321870291 0.12012012012012012 160
1779321870753 0.13513513513513514 180
1779321871182 0.15015015015015015 200
1779321871741 0.16516516516516516 220
1779321872268 0.18018018018018017 240
1779321874200 0.18768768768768768 250
1779321877027 0.19519519519519518 260
1779321877531 0.21021021021021022 280
1779321878035 0.22522522522522523 300
1779321878537 0.24024024024024024 320
1779321879043 0.2552552552552553 340
1779321879651 0.2702702702702703 360
1779321880227 0.2852852852852853 380
1779321880712 0.3003003003003003 400
1779321881239 0.3153153153153153 420
1779321881820 0.3303303303303303 440
1779321882336 0.34534534534534533 460
1779321882886 0.36036036036036034 480
1779321883433 0.37537537537537535 500
1779321885206 0.37537537537537535 500
1779321888642 0.39039039039039036 520
1779321889210 0.40540540540540543 540
1779321889796 0.42042042042042044 560
1779321890340 0.43543543543543545 580
1779321890867 0.45045045045045046 600
1779321891359 0.46546546546546547 620
1779321891984 0.4804804804804805 640
1779321892586 0.4954954954954955 660
1779321893218 0.5105105105105106 680
1779321893850 0.5255255255255256 700
1779321894524 0.5405405405405406 720
1779321895152 0.5555555555555556 740
1779321897289 0.5630630630630631 750
1779321900632 0.5705705705705706 760
1779321901244 0.5855855855855856 780
1779321901819 0.6006006006006006 800
1779321902315 0.6156156156156156 820
1779321902917 0.6306306306306306 840
1779321903493 0.6456456456456456 860
1779321904011 0.6606606606606606 880
1779321904551 0.6756756756756757 900
1779321905177 0.6906906906906907 920
1779321905782 0.7057057057057057 940
1779321906358 0.7207207207207207 960
1779321906917 0.7357357357357357 980
1779321907530 0.7507507507507507 1000
1779321909423 0.7507507507507507 1000
1779321913101 0.7657657657657657 1020
1779321913664 0.7807807807807807 1040
1779321914222 0.7957957957957958 1060
1779321914775 0.8108108108108109 1080
1779321915310 0.8258258258258259 1100
1779321915874 0.8408408408408409 1120
1779321916421 0.8558558558558559 1140
1779321916999 0.8708708708708709 1160
1779321917553 0.8858858858858859 1180
1779321918111 0.9009009009009009 1200
1779321918678 0.9159159159159159 1220
1779321919237 0.9309309309309309 1240
1779321921481 0.9384384384384384 1250
1779321924788 0.9459459459459459 1260
1779321925335 0.960960960960961 1280
1779321926010 0.975975975975976 1300
1779321926566 0.990990990990991 1320
1779321927157 1.006006006006006 1340
1779321927782 1.021021021021021 1360
1779321928415 1.0360360360360361 1380
1779321928959 1.0510510510510511 1400
1779321929469 1.0660660660660661 1420
1779321929961 1.0810810810810811 1440
1779321930436 1.0960960960960962 1460
1779321931003 1.1111111111111112 1480
1779321931608 1.1261261261261262 1500
1779321933644 1.1261261261261262 1500
1779321937267 1.1411411411411412 1520
1779321937862 1.1561561561561562 1540
1779321938452 1.1711711711711712 1560
1779321939040 1.1861861861861862 1580
1779321939576 1.2012012012012012 1600
1779321940130 1.2162162162162162 1620
1779321940742 1.2312312312312312 1640
1779321941305 1.2462462462462462 1660
1779321941946 1.2612612612612613 1680
1779321942548 1.2762762762762763 1700
1779321943140 1.2912912912912913 1720
1779321943707 1.3063063063063063 1740
1779321945832 1.3138138138138138 1750
1779321948584 1.3213213213213213 1760
1779321949178 1.3363363363363363 1780
1779321949770 1.3513513513513513 1800
1779321950345 1.3663663663663663 1820
1779321950963 1.3813813813813813 1840
1779321951464 1.3963963963963963 1860
1779321951988 1.4114114114114114 1880
1779321952501 1.4264264264264264 1900
1779321952988 1.4414414414414414 1920
1779321953509 1.4564564564564564 1940
1779321954056 1.4714714714714714 1960
1779321954611 1.4864864864864864 1980
1779321955191 1.5015015015015014 2000
1779321956935 1.5015015015015014 2000
1779321960670 1.5165165165165164 2020
1779321961173 1.5315315315315314 2040
1779321961739 1.5465465465465464 2060
1779321962317 1.5615615615615615 2080
1779321962915 1.5765765765765765 2100
1779321963508 1.5915915915915915 2120
1779321964082 1.6066066066066065 2140
1779321964672 1.6216216216216215 2160
1779321965258 1.6366366366366365 2180
1779321965811 1.6516516516516515 2200
1779321966348 1.6666666666666665 2220
1779321966900 1.6816816816816815 2240
1779321969140 1.689189189189189 2250
1779321972561 1.6966966966966965 2260
1779321973105 1.7117117117117115 2280
1779321973669 1.7267267267267268 2300
1779321974247 1.7417417417417418 2320
1779321974754 1.7567567567567568 2340
1779321975289 1.7717717717717718 2360
1779321975805 1.7867867867867868 2380
1779321976367 1.8018018018018018 2400
1779321976896 1.8168168168168168 2420
1779321977447 1.8318318318318318 2440
1779321978011 1.8468468468468469 2460
1779321978580 1.8618618618618619 2480
1779321979265 1.8768768768768769 2500
1779321981345 1.8768768768768769 2500
1779321984390 1.8918918918918919 2520
1779321984980 1.906906906906907 2540
1779321985566 1.921921921921922 2560
1779321986152 1.936936936936937 2580
1779321986753 1.951951951951952 2600
1779321987342 1.966966966966967 2620
1779321987890 1.981981981981982 2640
1779321988479 1.996996996996997 2660
1779321989155 2.012012012012012 2680
1779321989720 2.027027027027027 2700
1779321990237 2.042042042042042 2720
1779321990767 2.057057057057057 2740
1779321993015 2.0645645645645647 2750
1779321996220 2.0720720720720722 2760
1779321996767 2.0870870870870872 2780
1779321997413 2.1021021021021022 2800
1779321998038 2.1171171171171173 2820
1779321998624 2.1321321321321323 2840
1779321999171 2.1471471471471473 2860
1779321999870 2.1621621621621623 2880
1779322000551 2.1771771771771773 2900
1779322001140 2.1921921921921923 2920
1779322001734 2.2072072072072073 2940
1779322002318 2.2222222222222223 2960
1779322002983 2.2372372372372373 2980
1779322003550 2.2522522522522523 3000
1779322005408 2.2522522522522523 3000
1779322009195 2.2672672672672673 3020
1779322009780 2.2822822822822824 3040
1779322010333 2.2972972972972974 3060
1779322010871 2.3123123123123124 3080
1779322011394 2.3273273273273274 3100
1779322011895 2.3423423423423424 3120
1779322012422 2.3573573573573574 3140
1779322013004 2.3723723723723724 3160
1779322013565 2.3873873873873874 3180
1779322014203 2.4024024024024024 3200
1779322014756 2.4174174174174174 3220
1779322015316 2.4324324324324325 3240
1779322017505 2.43993993993994 3250
1779322020615 2.4474474474474475 3260
1779322021225 2.4624624624624625 3280
1779322021762 2.4774774774774775 3300
1779322022323 2.4924924924924925 3320
1779322022901 2.5075075075075075 3340
1779322023490 2.5225225225225225 3360
1779322023968 2.5375375375375375 3380
1779322024577 2.5525525525525525 3400
1779322025063 2.5675675675675675 3420
1779322025587 2.5825825825825826 3440
1779322026088 2.5975975975975976 3460
1779322026599 2.6126126126126126 3480
1779322027142 2.6276276276276276 3500
1779322028960 2.6276276276276276 3500
1779322032697 2.6426426426426426 3520
1779322033243 2.6576576576576576 3540
1779322033808 2.6726726726726726 3560
1779322034371 2.6876876876876876 3580
1779322034937 2.7027027027027026 3600
1779322035463 2.7177177177177176 3620
1779322035986 2.7327327327327327 3640
1779322036561 2.7477477477477477 3660
1779322037104 2.7627627627627627 3680
1779322037631 2.7777777777777777 3700
1779322038183 2.7927927927927927 3720
1779322038699 2.8078078078078077 3740
1779322040757 2.815315315315315 3750
1779322043960 2.8228228228228227 3760
1779322044486 2.8378378378378377 3780
1779322044982 2.8528528528528527 3800
1779322045480 2.8678678678678677 3820
1779322045970 2.8828828828828827 3840
1779322046497 2.8978978978978978 3860
1779322046985 2.9129129129129128 3880
1779322047413 2.9279279279279278 3900
1779322047875 2.942942942942943 3920
1779322048407 2.957957957957958 3940
1779322048942 2.972972972972973 3960
1779322049489 2.987987987987988 3980
1779322050080 3.003003003003003 4000
1779322052108 3.003003003003003 4000
1779322055666 3.018018018018018 4020
1779322056249 3.033033033033033 4040
1779322056873 3.048048048048048 4060
1779322057524 3.063063063063063 4080
1779322058143 3.078078078078078 4100
1779322058801 3.093093093093093 4120
1779322059377 3.108108108108108 4140
1779322059984 3.123123123123123 4160
1779322060612 3.138138138138138 4180
1779322061220 3.153153153153153 4200
1779322061786 3.1681681681681684 4220
1779322062365 3.1831831831831834 4240
1779322064525 3.190690690690691 4250
1779322067832 3.1981981981981984 4260
1779322068423 3.2132132132132134 4280
1779322069092 3.2282282282282284 4300
1779322069797 3.2432432432432434 4320
1779322070384 3.2582582582582584 4340
1779322070910 3.2732732732732734 4360
1779322071604 3.2882882882882885 4380
1779322072216 3.3033033033033035 4400
1779322072821 3.3183183183183185 4420
1779322073449 3.3333333333333335 4440
1779322074018 3.3483483483483485 4460
1779322074529 3.3633633633633635 4480
1779322075041 3.3783783783783785 4500
1779322076875 3.3783783783783785 4500
1779322080216 3.3933933933933935 4520
1779322080795 3.4084084084084085 4540
1779322081306 3.4234234234234235 4560
1779322081829 3.4384384384384385 4580
1779322082342 3.4534534534534536 4600
1779322082926 3.4684684684684686 4620
1779322083490 3.4834834834834836 4640
1779322084116 3.4984984984984986 4660
1779322084672 3.5135135135135136 4680
1779322085272 3.5285285285285286 4700
1779322085824 3.5435435435435436 4720
1779322086402 3.5585585585585586 4740
1779322088703 3.566066066066066 4750
1779322091343 3.5735735735735736 4760
1779322091919 3.5885885885885886 4780
1779322092522 3.6036036036036037 4800
1779322093171 3.6186186186186187 4820
1779322093767 3.6336336336336337 4840
1779322094352 3.6486486486486487 4860
1779322094923 3.6636636636636637 4880
1779322095519 3.6786786786786787 4900
1779322096080 3.6936936936936937 4920
1779322096607 3.7087087087087087 4940
1779322097147 3.7237237237237237 4960
1779322097682 3.7387387387387387 4980
1779322098242 3.7537537537537538 5000
1779322100293 3.7537537537537538 5000
1779322104276 3.7687687687687688 5020
1779322104942 3.7837837837837838 5040
1779322105566 3.798798798798799 5060
1779322106139 3.813813813813814 5080
1779322106719 3.828828828828829 5100
1779322107318 3.843843843843844 5120
1779322107875 3.858858858858859 5140
1779322108415 3.873873873873874 5160
1779322109009 3.888888888888889 5180
1779322109559 3.903903903903904 5200
1779322110095 3.918918918918919 5220
1779322110674 3.933933933933934 5240
1779322113175 3.9414414414414414 5250
1779322115782 3.948948948948949 5260
1779322116388 3.963963963963964 5280
1779322116984 3.978978978978979 5300
1779322117605 3.993993993993994 5320
1779322118201 4.009009009009009 5340
1779322118789 4.024024024024024 5360
1779322119260 4.039039039039039 5380
1779322119826 4.054054054054054 5400
1779322120365 4.069069069069069 5420
1779322120948 4.084084084084084 5440
1779322121594 4.099099099099099 5460
1779322122235 4.114114114114114 5480
1779322122805 4.129129129129129 5500
1779322124708 4.129129129129129 5500
1779322128362 4.1441441441441444 5520
1779322128918 4.1591591591591595 5540
1779322129453 4.1741741741741745 5560
1779322129991 4.1891891891891895 5580
1779322130494 4.2042042042042045 5600
1779322131129 4.2192192192192195 5620
1779322131724 4.2342342342342345 5640
1779322132226 4.2492492492492495 5660
1779322132744 4.2642642642642645 5680
1779322133259 4.2792792792792795 5700
1779322133843 4.2942942942942945 5720
1779322134403 4.3093093093093096 5740
1779322136599 4.316816816816817 5750
1779322139873 4.324324324324325 5760
1779322140466 4.33933933933934 5780
1779322141078 4.354354354354355 5800
1779322141635 4.36936936936937 5820
1779322142161 4.384384384384385 5840
1779322142709 4.3993993993994 5860
1779322143239 4.414414414414415 5880
1779322143749 4.42942942942943 5900
1779322144253 4.444444444444445 5920
1779322144758 4.45945945945946 5940
1779322145250 4.474474474474475 5960
1779322145785 4.48948948948949 5980
1779322146265 4.504504504504505 6000
1779322148064 4.504504504504505 6000
1779322151484 4.51951951951952 6020
1779322152149 4.534534534534535 6040
1779322152879 4.54954954954955 6060
1779322153593 4.564564564564565 6080
1779322154172 4.57957957957958 6100
1779322154724 4.594594594594595 6120
1779322155322 4.60960960960961 6140
1779322155900 4.624624624624625 6160
1779322156527 4.63963963963964 6180
1779322157194 4.654654654654655 6200
1779322157754 4.66966966966967 6220
1779322158302 4.684684684684685 6240
1779322160551 4.692192192192192 6250
1779322163294 4.6996996996997 6260
1779322163901 4.714714714714715 6280
1779322164499 4.72972972972973 6300
1779322165084 4.744744744744745 6320
1779322165706 4.75975975975976 6340
1779322166304 4.774774774774775 6360
1779322166905 4.78978978978979 6380
1779322167503 4.804804804804805 6400
1779322168127 4.81981981981982 6420
1779322168693 4.834834834834835 6440
1779322169284 4.84984984984985 6460
1779322169848 4.864864864864865 6480
1779322170454 4.87987987987988 6500
1779322172395 4.87987987987988 6500
1779322175803 4.894894894894895 6520
1779322176397 4.90990990990991 6540
1779322176979 4.924924924924925 6560
1779322177557 4.93993993993994 6580
1779322178154 4.954954954954955 6600
1779322178751 4.96996996996997 6620
1779322179345 4.984984984984985 6640
1779322179970 5.0 6660
1779322184360 5.0 6660
1779322186928 5.0 6660
1779322189415 5.0 6660
1779322194051 5.0 0
