1779321866855 1.1400000000000001e-05 20
1779321867314 2.3400000000000003e-05 40
1779321867755 2.9959152798789713e-05 60
1779321868289 2.986838124054463e-05 80
1779321868798 2.977760968229955e-05 100
1779321869310 2.9686838124054462e-05 120
1779321869803 2.959606656580938e-05 140
1779321870291 2.9505295007564295e-05 160
1779321870753 2.9414523449319215e-05 180
1779321871182 2.9323751891074132e-05 200
1779321871741 2.923298033282905e-05 220
1779321872268 2.9142208774583965e-05 240
1779321877027 2.905143721633888e-05 260
1779321877531 2.8960665658093798e-05 280
1779321878035 2.8869894099848715e-05 300
1779321878537 2.8779122541603634e-05 320
1779321879043 2.8688350983358548e-05 340
1779321879651 2.8597579425113464e-05 360
1779321880227 2.850680786686838e-05 380
1779321880712 2.84160363086233e-05 400
1779321881239 2.8325264750378217e-05 420
1779321881820 2.823449319213313e-05 440
1779321882336 2.8143721633888047e-05 460
1779321882886 2.8052950075642967e-05 480
1779321883433 2.7962178517397883e-05 500
1779321888642 2.78714069591528e-05 520
1779321889210 2.778063540090772e-05 540
1779321889796 2.7689863842662633e-05 560
1779321890340 2.759909228441755e-05 580
1779321890867 2.7508320726172466e-05 600
1779321891359 2.7417549167927386e-05 620
1779321891984 2.7326777609682302e-05 640
1779321892586 2.7236006051437215e-05 660
1779321893218 2.7145234493192132e-05 680
1779321893850 2.7054462934947052e-05 700
1779321894524 2.696369137670197e-05 720
1779321895152 2.6872919818456885e-05 740
1779321900632 2.6782148260211798e-05 760
1779321901244 2.6691376701966718e-05 780
1779321901819 2.6600605143721634e-05 800
1779321902315 2.650983358547655e-05 820
1779321902917 2.641906202723147e-05 840
1779321903493 2.6328290468986387e-05 860
1779321904011 2.62375189107413e-05 880
1779321904551 2.6146747352496217e-05 900
1779321905177 2.6055975794251137e-05 920
1779321905782 2.5965204236006053e-05 940
1779321906358 2.587443267776097e-05 960
1779321906917 2.5783661119515883e-05 980
1779321907530 2.5692889561270803e-05 1000
1779321913101 2.560211800302572e-05 1020
1779321913664 2.5511346444780636e-05 1040
1779321914222 2.5420574886535553e-05 1060
1779321914775 2.532980332829047e-05 1080
1779321915310 2.5239031770045386e-05 1100
1779321915874 2.5148260211800302e-05 1120
1779321916421 2.505748865355522e-05 1140
1779321916999 2.496671709531014e-05 1160
1779321917553 2.4875945537065055e-05 1180
1779321918111 2.4785173978819968e-05 1200
1779321918678 2.4694402420574888e-05 1220
1779321919237 2.4603630862329805e-05 1240
1779321924788 2.451285930408472e-05 1260
1779321925335 2.4422087745839638e-05 1280
1779321926010 2.4331316187594554e-05 1300
1779321926566 2.424054462934947e-05 1320
1779321927157 2.4149773071104387e-05 1340
1779321927782 2.4059001512859304e-05 1360
1779321928415 2.3968229954614224e-05 1380
1779321928959 2.3877458396369137e-05 1400
1779321929469 2.3786686838124053e-05 1420
1779321929961 2.369591527987897e-05 1440
1779321930436 2.360514372163389e-05 1460
1779321931003 2.3514372163388806e-05 1480
1779321931608 2.3423600605143723e-05 1500
1779321937267 2.333282904689864e-05 1520
1779321937862 2.3242057488653556e-05 1540
1779321938452 2.3151285930408472e-05 1560
1779321939040 2.306051437216339e-05 1580
1779321939576 2.296974281391831e-05 1600
1779321940130 2.2878971255673222e-05 1620
1779321940742 2.278819969742814e-05 1640
1779321941305 2.2697428139183055e-05 1660
1779321941946 2.2606656580937975e-05 1680
1779321942548 2.251588502269289e-05 1700
1779321943140 2.2425113464447805e-05 1720
1779321943707 2.233434190620272e-05 1740
1779321948584 2.224357034795764e-05 1760
1779321949178 2.2152798789712558e-05 1780
1779321949770 2.2062027231467474e-05 1800
1779321950345 2.197125567322239e-05 1820
1779321950963 2.1880484114977307e-05 1840
1779321951464 2.1789712556732224e-05 1860
1779321951988 2.169894099848714e-05 1880
1779321952501 2.160816944024206e-05 1900
1779321952988 2.1517397881996977e-05 1920
1779321953509 2.142662632375189e-05 1940
1779321954056 2.1335854765506806e-05 1960
1779321954611 2.1245083207261726e-05 1980
1779321955191 2.1154311649016643e-05 2000
1779321960670 2.106354009077156e-05 2020
1779321961173 2.0972768532526472e-05 2040
1779321961739 2.0881996974281392e-05 2060
1779321962317 2.079122541603631e-05 2080
1779321962915 2.0700453857791225e-05 2100
1779321963508 2.0609682299546145e-05 2120
1779321964082 2.0518910741301062e-05 2140
1779321964672 2.0428139183055975e-05 2160
1779321965258 2.033736762481089e-05 2180
1779321965811 2.024659606656581e-05 2200
1779321966348 2.0155824508320728e-05 2220
1779321966900 2.0065052950075644e-05 2240
1779321972561 1.9974281391830558e-05 2260
1779321973105 1.9883509833585478e-05 2280
1779321973669 1.9792738275340394e-05 2300
1779321974247 1.970196671709531e-05 2320
1779321974754 1.9611195158850227e-05 2340
1779321975289 1.9520423600605144e-05 2360
1779321975805 1.942965204236006e-05 2380
1779321976367 1.9338880484114977e-05 2400
1779321976896 1.9248108925869897e-05 2420
1779321977447 1.9157337367624813e-05 2440
1779321978011 1.906656580937973e-05 2460
1779321978580 1.8975794251134643e-05 2480
1779321979265 1.8885022692889563e-05 2500
1779321984390 1.879425113464448e-05 2520
1779321984980 1.8703479576399396e-05 2540
1779321985566 1.8612708018154312e-05 2560
1779321986152 1.852193645990923e-05 2580
1779321986753 1.8431164901664145e-05 2600
1779321987342 1.8340393343419062e-05 2620
1779321987890 1.824962178517398e-05 2640
1779321988479 1.8158850226928898e-05 2660
1779321989155 1.806807866868381e-05 2680
1779321989720 1.7977307110438728e-05 2700
1779321990237 1.7886535552193648e-05 2720
1779321990767 1.7795763993948564e-05 2740
1779321996220 1.770499243570348e-05 2760
1779321996767 1.7614220877458397e-05 2780
1779321997413 1.7523449319213314e-05 2800
1779321998038 1.743267776096823e-05 2820
1779321998624 1.7341906202723147e-05 2840
1779321999171 1.7251134644478063e-05 2860
1779321999870 1.7160363086232983e-05 2880
1779322000551 1.7069591527987897e-05 2900
1779322001140 1.6978819969742813e-05 2920
1779322001734 1.688804841149773e-05 2940
1779322002318 1.679727685325265e-05 2960
1779322002983 1.6706505295007566e-05 2980
1779322003550 1.661573373676248e-05 3000
1779322009195 1.65249621785174e-05 3020
1779322009780 1.6434190620272316e-05 3040
1779322010333 1.6343419062027232e-05 3060
1779322010871 1.625264750378215e-05 3080
1779322011394 1.6161875945537065e-05 3100
1779322011895 1.607110438729198e-05 3120
1779322012422 1.5980332829046898e-05 3140
1779322013004 1.5889561270801815e-05 3160
1779322013565 1.5798789712556735e-05 3180
1779322014203 1.570801815431165e-05 3200
1779322014756 1.5617246596066564e-05 3220
1779322015316 1.552647503782148e-05 3240
1779322020615 1.54357034795764e-05 3260
1779322021225 1.5344931921331317e-05 3280
1779322021762 1.5254160363086232e-05 3300
1779322022323 1.5163388804841152e-05 3320
1779322022901 1.5072617246596067e-05 3340
1779322023490 1.4981845688350983e-05 3360
1779322023968 1.4891074130105902e-05 3380
1779322024577 1.4800302571860816e-05 3400
1779322025063 1.4709531013615735e-05 3420
1779322025587 1.4618759455370651e-05 3440
1779322026088 1.4527987897125568e-05 3460
1779322026599 1.4437216338880484e-05 3480
1779322027142 1.43464447806354e-05 3500
1779322032697 1.4255673222390317e-05 3520
1779322033243 1.4164901664145235e-05 3540
1779322033808 1.407413010590015e-05 3560
1779322034371 1.3983358547655068e-05 3580
1779322034937 1.3892586989409985e-05 3600
1779322035463 1.3801815431164902e-05 3620
1779322035986 1.371104387291982e-05 3640
1779322036561 1.3620272314674735e-05 3660
1779322037104 1.3529500756429653e-05 3680
1779322037631 1.343872919818457e-05 3700
1779322038183 1.3347957639939486e-05 3720
1779322038699 1.3257186081694402e-05 3740
1779322043960 1.316641452344932e-05 3760
1779322044486 1.3075642965204235e-05 3780
1779322044982 1.2984871406959154e-05 3800
1779322045480 1.289409984871407e-05 3820
1779322045970 1.2803328290468987e-05 3840
1779322046497 1.2712556732223903e-05 3860
1779322046985 1.262178517397882e-05 3880
1779322047413 1.2531013615733736e-05 3900
1779322047875 1.2440242057488654e-05 3920
1779322048407 1.2349470499243571e-05 3940
1779322048942 1.2258698940998488e-05 3960
1779322049489 1.2167927382753404e-05 3980
1779322050080 1.207715582450832e-05 4000
1779322055666 1.1986384266263239e-05 4020
1779322056249 1.1895612708018154e-05 4040
1779322056873 1.1804841149773072e-05 4060
1779322057524 1.1714069591527988e-05 4080
1779322058143 1.1623298033282905e-05 4100
1779322058801 1.1532526475037821e-05 4120
1779322059377 1.1441754916792738e-05 4140
1779322059984 1.1350983358547654e-05 4160
1779322060612 1.1260211800302573e-05 4180
1779322061220 1.1169440242057488e-05 4200
1779322061786 1.1078668683812406e-05 4220
1779322062365 1.0987897125567324e-05 4240
1779322067832 1.0897125567322239e-05 4260
1779322068423 1.0806354009077157e-05 4280
1779322069092 1.0715582450832072e-05 4300
1779322069797 1.062481089258699e-05 4320
1779322070384 1.0534039334341907e-05 4340
1779322070910 1.0443267776096823e-05 4360
1779322071604 1.035249621785174e-05 4380
1779322072216 1.0261724659606658e-05 4400
1779322072821 1.0170953101361573e-05 4420
1779322073449 1.0080181543116491e-05 4440
1779322074018 9.989409984871406e-06 4460
1779322074529 9.898638426626324e-06 4480
1779322075041 9.80786686838124e-06 4500
1779322080216 9.717095310136157e-06 4520
1779322080795 9.626323751891075e-06 4540
1779322081306 9.535552193645992e-06 4560
1779322081829 9.444780635400908e-06 4580
1779322082342 9.354009077155825e-06 4600
1779322082926 9.263237518910741e-06 4620
1779322083490 9.172465960665658e-06 4640
1779322084116 9.081694402420576e-06 4660
1779322084672 8.990922844175491e-06 4680
1779322085272 8.900151285930409e-06 4700
1779322085824 8.809379727685326e-06 4720
1779322086402 8.718608169440242e-06 4740
1779322091343 8.627836611195159e-06 4760
1779322091919 8.537065052950075e-06 4780
1779322092522 8.446293494704992e-06 4800
1779322093171 8.360060514372164e-06 4820
1779322093767 8.26928895612708e-06 4840
1779322094352 8.178517397881997e-06 4860
1779322094923 8.087745839636915e-06 4880
1779322095519 7.99697428139183e-06 4900
1779322096080 7.906202723146748e-06 4920
1779322096607 7.815431164901665e-06 4940
1779322097147 7.724659606656581e-06 4960
1779322097682 7.633888048411498e-06 4980
1779322098242 7.543116490166415e-06 5000
1779322104276 7.4523449319213315e-06 5020
1779322104942 7.361573373676249e-06 5040
1779322105566 7.2708018154311654e-06 5060
1779322106139 7.180030257186082e-06 5080
1779322106719 7.0892586989409985e-06 5100
1779322107318 6.998487140695916e-06 5120
1779322107875 6.907715582450832e-06 5140
1779322108415 6.816944024205749e-06 5160
1779322109009 6.726172465960665e-06 5180
1779322109559 6.635400907715583e-06 5200
1779322110095 6.544629349470499e-06 5220
1779322110674 6.453857791225416e-06 5240
1779322115782 6.363086232980332e-06 5260
1779322116388 6.27231467473525e-06 5280
1779322116984 6.181543116490166e-06 5300
1779322117605 6.090771558245084e-06 5320
1779322118201 6e-06 5340
1779322118789 5.9092284417549175e-06 5360
1779322119260 5.818456883509834e-06 5380
1779322119826 5.7276853252647506e-06 5400
1779322120365 5.636913767019667e-06 5420
1779322120948 5.5461422087745845e-06 5440
1779322121594 5.455370650529501e-06 5460
1779322122235 5.3645990922844175e-06 5480
1779322122805 5.273827534039334e-06 5500
1779322128362 5.183055975794251e-06 5520
1779322128918 5.092284417549168e-06 5540
1779322129453 5.0015128593040845e-06 5560
1779322129991 4.910741301059001e-06 5580
1779322130494 4.819969742813918e-06 5600
1779322131129 4.729198184568836e-06 5620
1779322131724 4.638426626323752e-06 5640
1779322132226 4.547655068078669e-06 5660
1779322132744 4.456883509833586e-06 5680
1779322133259 4.366111951588503e-06 5700
1779322133843 4.275340393343419e-06 5720
1779322134403 4.184568835098336e-06 5740
1779322139873 4.093797276853253e-06 5760
1779322140466 4.00302571860817e-06 5780
1779322141078 3.912254160363086e-06 5800
1779322141635 3.821482602118003e-06 5820
1779322142161 3.7307110438729196e-06 5840
1779322142709 3.639939485627837e-06 5860
1779322143239 3.5491679273827535e-06 5880
1779322143749 3.4583963691376704e-06 5900
1779322144253 3.367624810892587e-06 5920
1779322144758 3.276853252647504e-06 5940
1779322145250 3.1860816944024204e-06 5960
1779322145785 3.0953101361573374e-06 5980
1779322146265 3.004538577912254e-06 6000
1779322151484 2.9137670196671713e-06 6020
1779322152149 2.822995461422088e-06 6040
1779322152879 2.7322239031770048e-06 6060
1779322153593 2.6414523449319213e-06 6080
1779322154172 2.5506807866868382e-06 6100
1779322154724 2.4599092284417547e-06 6120
1779322155322 2.3691376701966717e-06 6140
1779322155900 2.2783661119515886e-06 6160
1779322156527 2.1875945537065056e-06 6180
1779322157194 2.096822995461422e-06 6200
1779322157754 2.006051437216339e-06 6220
1779322158302 1.9152798789712556e-06 6240
1779322163294 1.8245083207261725e-06 6260
1779322163901 1.7337367624810895e-06 6280
1779322164499 1.6429652042360062e-06 6300
1779322165084 1.552193645990923e-06 6320
1779322165706 1.4614220877458397e-06 6340
1779322166304 1.3706505295007566e-06 6360
1779322166905 1.2798789712556734e-06 6380
1779322167503 1.1891074130105901e-06 6400
1779322168127 1.0983358547655068e-06 6420
1779322168693 1.0075642965204238e-06 6440
1779322169284 9.167927382753404e-07 6460
1779322169848 8.260211800302572e-07 6480
1779322170454 7.35249621785174e-07 6500
1779322175803 6.444780635400908e-07 6520
1779322176397 5.537065052950076e-07 6540
1779322176979 4.6293494704992436e-07 6560
1779322177557 3.7216338880484115e-07 6580
1779322178154 2.8139183055975794e-07 6600
1779322178751 1.9062027231467473e-07 6620
1779322179345 9.984871406959153e-08 6640
1779322179970 9.07715582450832e-09 6660
