1778709397721 0.019474196689386564 20
1778709398619 0.03894839337877313 40
1778709399516 0.05842259006815969 60
1778709400424 0.07789678675754626 80
1778709401332 0.09737098344693282 100
1778709402239 0.11684518013631938 120
1778709403137 0.13631937682570594 140
1778709404043 0.15579357351509251 160
1778709404950 0.17526777020447906 180
1778709405852 0.19474196689386564 200
1778709406791 0.21421616358325218 220
1778709407756 0.23369036027263876 240
1778709415766 0.24342745861733203 250
1778709417534 0.25316455696202533 260
1778709418439 0.2726387536514119 280
1778709419345 0.2921129503407984 300
1778709420254 0.31158714703018503 320
1778709421163 0.3310613437195716 340
1778709422061 0.3505355404089581 360
1778709422970 0.37000973709834467 380
1778709423876 0.3894839337877313 400
1778709424780 0.4089581304771178 420
1778709425686 0.42843232716650437 440
1778709426593 0.44790652385589097 460
1778709427497 0.4673807205452775 480
1778709428402 0.48685491723466406 500
1778709435958 0.48685491723466406 500
1778709438204 0.5063291139240507 520
1778709439108 0.5258033106134372 540
1778709440013 0.5452775073028238 560
1778709440920 0.5647517039922103 580
1778709441825 0.5842259006815969 600
1778709442731 0.6037000973709834 620
1778709443635 0.6231742940603701 640
1778709444539 0.6426484907497566 660
1778709445444 0.6621226874391432 680
1778709446348 0.6815968841285297 700
1778709447252 0.7010710808179162 720
1778709448157 0.7205452775073028 740
1778709456155 0.7302823758519961 750
1778709457960 0.7400194741966893 760
1778709458864 0.759493670886076 780
1778709459765 0.7789678675754625 800
1778709460667 0.7984420642648491 820
1778709461569 0.8179162609542356 840
1778709462472 0.8373904576436222 860
1778709463379 0.8568646543330087 880
1778709464285 0.8763388510223953 900
1778709465188 0.8958130477117819 920
1778709466092 0.9152872444011685 940
1778709466994 0.934761441090555 960
1778709467896 0.9542356377799416 980
1778709468800 0.9737098344693281 1000
1778709476323 0.9737098344693281 1000
1778709478608 0.9931840311587147 1020
1778709479498 1.0126582278481013 1040
1778709480402 1.0321324245374879 1060
1778709481305 1.0516066212268744 1080
1778709482207 1.071080817916261 1100
1778709483110 1.0905550146056475 1120
1778709484012 1.110029211295034 1140
1778709484914 1.1295034079844206 1160
1778709485821 1.1489776046738072 1180
1778709486722 1.1684518013631937 1200
1778709487627 1.1879259980525803 1220
1778709488531 1.2074001947419668 1240
1778709496500 1.2171372930866602 1250
1778709498269 1.2268743914313536 1260
1778709499170 1.24634858812074 1280
1778709500073 1.2658227848101267 1300
1778709500977 1.2852969814995132 1320
1778709501882 1.3047711781888998 1340
1778709502786 1.3242453748782863 1360
1778709503690 1.3437195715676729 1380
1778709504592 1.3631937682570594 1400
1778709505493 1.382667964946446 1420
1778709506396 1.4021421616358325 1440
1778709507298 1.421616358325219 1460
1778709508201 1.4410905550146056 1480
1778709509103 1.4605647517039921 1500
1778709516646 1.4605647517039921 1500
1778709518732 1.480038948393379 1520
1778709519636 1.4995131450827652 1540
1778709520538 1.518987341772152 1560
1778709521441 1.5384615384615383 1580
1778709522343 1.557935735150925 1600
1778709523244 1.5774099318403116 1620
1778709524150 1.5968841285296982 1640
1778709525055 1.6163583252190847 1660
1778709525956 1.6358325219084713 1680
1778709526861 1.6553067185978578 1700
1778709527762 1.6747809152872444 1720
1778709528666 1.694255111976631 1740
1778709536676 1.7039922103213243 1750
1778709538595 1.7137293086660175 1760
1778709539496 1.7332035053554042 1780
1778709540398 1.7526777020447906 1800
1778709541301 1.7721518987341773 1820
1778709542203 1.7916260954235637 1840
1778709543106 1.8111002921129504 1860
1778709544009 1.8305744888023368 1880
1778709544911 1.8500486854917235 1900
1778709545812 1.86952288218111 1920
1778709546712 1.8889970788704966 1940
1778709547619 1.9084712755598832 1960
1778709548524 1.9279454722492697 1980
1778709549427 1.9474196689386563 2000
1778709556998 1.9474196689386563 2000
1778709559089 1.9668938656280428 2020
1778709559996 1.9863680623174296 2040
1778709560890 2.005842259006816 2060
1778709561793 2.0253164556962027 2080
1778709562698 2.044790652385589 2100
1778709563599 2.0642648490749758 2120
1778709564501 2.083739045764362 2140
1778709565404 2.103213242453749 2160
1778709566307 2.122687439143135 2180
1778709567211 2.142161635832522 2200
1778709568115 2.1616358325219083 2220
1778709569018 2.181110029211295 2240
1778709577042 2.190847127555988 2250
1778709579000 2.2005842259006814 2260
1778709579906 2.220058422590068 2280
1778709580810 2.239532619279455 2300
1778709581714 2.2590068159688412 2320
1778709582619 2.278481012658228 2340
1778709583524 2.2979552093476143 2360
1778709584427 2.317429406037001 2380
1778709585330 2.3369036027263874 2400
1778709586237 2.356377799415774 2420
1778709587140 2.3758519961051605 2440
1778709588054 2.3953261927945473 2460
1778709588995 2.4148003894839336 2480
1778709589955 2.4342745861733204 2500
1778709597519 2.4342745861733204 2500
1778709599774 2.453748782862707 2520
1778709600679 2.4732229795520935 2540
1778709601584 2.49269717624148 2560
1778709602489 2.5121713729308666 2580
1778709603392 2.5316455696202533 2600
1778709604295 2.5511197663096397 2620
1778709605199 2.5705939629990264 2640
1778709606102 2.5900681596884128 2660
1778709607008 2.6095423563777995 2680
1778709607911 2.629016553067186 2700
1778709608814 2.6484907497565726 2720
1778709609717 2.667964946445959 2740
1778709617704 2.6777020447906525 2750
1778709619317 2.6874391431353457 2760
1778709620221 2.706913339824732 2780
1778709621127 2.726387536514119 2800
1778709622030 2.7458617332035056 2820
1778709622935 2.765335929892892 2840
1778709623839 2.7848101265822782 2860
1778709624742 2.804284323271665 2880
1778709625649 2.8237585199610518 2900
1778709626553 2.843232716650438 2920
1778709627459 2.862706913339825 2940
1778709628364 2.882181110029211 2960
1778709629271 2.901655306718598 2980
1778709630177 2.9211295034079843 3000
1778709637724 2.9211295034079843 3000
1778709640132 2.940603700097371 3020
1778709641035 2.960077896786758 3040
1778709641939 2.979552093476144 3060
1778709642842 2.9990262901655305 3080
1778709643731 3.0185004868549172 3100
1778709644636 3.037974683544304 3120
1778709645544 3.0574488802336903 3140
1778709646447 3.076923076923077 3160
1778709647350 3.0963972736124634 3180
1778709648253 3.11587147030185 3200
1778709649157 3.1353456669912365 3220
1778709650064 3.1548198636806233 3240
1778709658046 3.1645569620253164 3250
1778709659879 3.1742940603700096 3260
1778709660785 3.1937682570593964 3280
1778709661690 3.2132424537487827 3300
1778709662597 3.2327166504381695 3320
1778709663504 3.252190847127556 3340
1778709664409 3.2716650438169426 3360
1778709665314 3.291139240506329 3380
1778709666220 3.3106134371957157 3400
1778709667126 3.3300876338851024 3420
1778709668029 3.3495618305744888 3440
1778709668934 3.3690360272638755 3460
1778709669838 3.388510223953262 3480
1778709670741 3.4079844206426486 3500
1778709678291 3.4079844206426486 3500
1778709680516 3.427458617332035 3520
1778709681419 3.4469328140214217 3540
1778709682322 3.466407010710808 3560
1778709683225 3.485881207400195 3580
1778709684118 3.505355404089581 3600
1778709685022 3.524829600778968 3620
1778709685924 3.5443037974683547 3640
1778709686829 3.563777994157741 3660
1778709687734 3.5832521908471273 3680
1778709688638 3.602726387536514 3700
1778709689544 3.622200584225901 3720
1778709690447 3.641674780915287 3740
1778709698440 3.651411879259981 3750
1778709700083 3.661148977604674 3760
1778709700987 3.6806231742940603 3780
1778709701893 3.700097370983447 3800
1778709702799 3.7195715676728334 3820
1778709703703 3.73904576436222 3840
1778709704607 3.7585199610516065 3860
1778709705510 3.7779941577409932 3880
1778709706412 3.7974683544303796 3900
1778709707315 3.8169425511197663 3920
1778709708222 3.836416747809153 3940
1778709709131 3.8558909444985394 3960
1778709710036 3.8753651411879257 3980
1778709710938 3.8948393378773125 4000
1778709718495 3.8948393378773125 4000
1778709720726 3.9143135345666993 4020
1778709721631 3.9337877312560856 4040
1778709722533 3.9532619279454724 4060
1778709723438 3.9727361246348587 4080
1778709724341 3.9922103213242455 4100
1778709725235 4.011684518013632 4120
1778709726137 4.031158714703018 4140
1778709727041 4.050632911392405 4160
1778709727943 4.070107108081792 4180
1778709728848 4.089581304771178 4200
1778709729751 4.109055501460565 4220
1778709730657 4.1285296981499515 4240
1778709738664 4.138266796494644 4250
1778709740490 4.148003894839338 4260
1778709741397 4.167478091528724 4280
1778709742301 4.186952288218111 4300
1778709743203 4.206426484907498 4320
1778709744107 4.225900681596884 4340
1778709745010 4.24537487828627 4360
1778709745916 4.264849074975658 4380
1778709746821 4.284323271665044 4400
1778709747727 4.30379746835443 4420
1778709748631 4.3232716650438165 4440
1778709749535 4.342745861733204 4460
1778709750440 4.36222005842259 4480
1778709751344 4.381694255111976 4500
1778709758901 4.381694255111976 4500
1778709761282 4.401168451801363 4520
1778709762192 4.42064264849075 4540
1778709763101 4.440116845180136 4560
1778709764005 4.459591041869523 4580
1778709764908 4.47906523855891 4600
1778709765810 4.498539435248296 4620
1778709766714 4.5180136319376825 4640
1778709767617 4.537487828627069 4660
1778709768519 4.556962025316456 4680
1778709769425 4.576436222005842 4700
1778709770357 4.595910418695229 4720
1778709771321 4.615384615384615 4740
1778709779368 4.625121713729309 4750
1778709781011 4.634858812074002 4760
1778709781913 4.6543330087633885 4780
1778709782817 4.673807205452775 4800
1778709783722 4.693281402142162 4820
1778709784628 4.712755598831548 4840
1778709785534 4.732229795520935 4860
1778709786439 4.751703992210321 4880
1778709787342 4.771178188899708 4900
1778709788237 4.790652385589095 4920
1778709789142 4.810126582278481 4940
1778709790046 4.829600778967867 4960
1778709790951 4.849074975657254 4980
1778709791855 4.868549172346641 5000
1778709799426 4.868549172346641 5000
1778709801693 4.888023369036027 5020
1778709802597 4.907497565725414 5040
1778709803500 4.926971762414801 5060
1778709804404 4.946445959104187 5080
1778709805308 4.965920155793573 5100
1778709806213 4.98539435248296 5120
1778709808305 5.0 5135
1778709816079 5.0 5135
1778709826991 5.0 5135
1778709838569 5.0 0
