1778709397721 1.0901 20
1778709398619 1.0297 40
1778709399516 0.9856 60
1778709400424 0.9893 80
1778709401332 0.9294 100
1778709402239 0.945 120
1778709403137 0.8978 140
1778709404043 0.9057 160
1778709404950 0.8198 180
1778709405852 0.8216 200
1778709406791 0.6936 220
1778709407756 0.7202 240
1778709417534 0.5819 260
1778709418439 0.5822 280
1778709419345 0.6193 300
1778709420254 0.5895 320
1778709421163 0.5444 340
1778709422061 0.5328 360
1778709422970 0.501 380
1778709423876 0.4206 400
1778709424780 0.4413 420
1778709425686 0.4474 440
1778709426593 0.438 460
1778709427497 0.4622 480
1778709428402 0.4221 500
1778709438204 0.4074 520
1778709439108 0.4092 540
1778709440013 0.3677 560
1778709440920 0.395 580
1778709441825 0.4122 600
1778709442731 0.3944 620
1778709443635 0.3988 640
1778709444539 0.3454 660
1778709445444 0.4049 680
1778709446348 0.3864 700
1778709447252 0.3828 720
1778709448157 0.4123 740
1778709457960 0.3281 760
1778709458864 0.3189 780
1778709459765 0.3573 800
1778709460667 0.3631 820
1778709461569 0.3628 840
1778709462472 0.4049 860
1778709463379 0.3283 880
1778709464285 0.3783 900
1778709465188 0.3728 920
1778709466092 0.3233 940
1778709466994 0.3268 960
1778709467896 0.3208 980
1778709468800 0.3176 1000
1778709478608 0.3355 1020
1778709479498 0.3737 1040
1778709480402 0.2401 1060
1778709481305 0.2376 1080
1778709482207 0.2594 1100
1778709483110 0.3048 1120
1778709484012 0.2805 1140
1778709484914 0.252 1160
1778709485821 0.3111 1180
1778709486722 0.2916 1200
1778709487627 0.2401 1220
1778709488531 0.2534 1240
1778709498269 0.2794 1260
1778709499170 0.3382 1280
1778709500073 0.2521 1300
1778709500977 0.2614 1320
1778709501882 0.3204 1340
1778709502786 0.3029 1360
1778709503690 0.2731 1380
1778709504592 0.2856 1400
1778709505493 0.2883 1420
1778709506396 0.2671 1440
1778709507298 0.2635 1460
1778709508201 0.2768 1480
1778709509103 0.2691 1500
1778709518732 0.2894 1520
1778709519636 0.2852 1540
1778709520538 0.2938 1560
1778709521441 0.2507 1580
1778709522343 0.2942 1600
1778709523244 0.2545 1620
1778709524150 0.2602 1640
1778709525055 0.2579 1660
1778709525956 0.3126 1680
1778709526861 0.2355 1700
1778709527762 0.2874 1720
1778709528666 0.2454 1740
1778709538595 0.2996 1760
1778709539496 0.2576 1780
1778709540398 0.2411 1800
1778709541301 0.2646 1820
1778709542203 0.1974 1840
1778709543106 0.2782 1860
1778709544009 0.2802 1880
1778709544911 0.2363 1900
1778709545812 0.2743 1920
1778709546712 0.271 1940
1778709547619 0.2891 1960
1778709548524 0.2303 1980
1778709549427 0.2871 2000
1778709559089 0.2654 2020
1778709559996 0.2575 2040
1778709560890 0.2447 2060
1778709561793 0.2062 2080
1778709562698 0.1729 2100
1778709563599 0.2041 2120
1778709564501 0.2394 2140
1778709565404 0.1674 2160
1778709566307 0.1879 2180
1778709567211 0.2008 2200
1778709568115 0.1866 2220
1778709569018 0.2049 2240
1778709579000 0.2297 2260
1778709579906 0.2081 2280
1778709580810 0.1666 2300
1778709581714 0.1647 2320
1778709582619 0.2483 2340
1778709583524 0.168 2360
1778709584427 0.2085 2380
1778709585330 0.1754 2400
1778709586237 0.2033 2420
1778709587140 0.1754 2440
1778709588054 0.2044 2460
1778709588995 0.2262 2480
1778709589955 0.1641 2500
1778709599774 0.1987 2520
1778709600679 0.1854 2540
1778709601584 0.169 2560
1778709602489 0.1613 2580
1778709603392 0.186 2600
1778709604295 0.2594 2620
1778709605199 0.2167 2640
1778709606102 0.2166 2660
1778709607008 0.1918 2680
1778709607911 0.1819 2700
1778709608814 0.1535 2720
1778709609717 0.172 2740
1778709619317 0.1897 2760
1778709620221 0.1597 2780
1778709621127 0.1676 2800
1778709622030 0.2033 2820
1778709622935 0.1731 2840
1778709623839 0.1582 2860
1778709624742 0.1599 2880
1778709625649 0.2145 2900
1778709626553 0.1884 2920
1778709627459 0.1434 2940
1778709628364 0.1668 2960
1778709629271 0.1973 2980
1778709630177 0.1772 3000
1778709640132 0.1979 3020
1778709641035 0.185 3040
1778709641939 0.1824 3060
1778709642842 0.1642 3080
1778709643731 0.1675 3100
1778709644636 0.1378 3120
1778709645544 0.1224 3140
1778709646447 0.1105 3160
1778709647350 0.148 3180
1778709648253 0.1273 3200
1778709649157 0.1588 3220
1778709650064 0.1562 3240
1778709659879 0.1544 3260
1778709660785 0.1063 3280
1778709661690 0.126 3300
1778709662597 0.155 3320
1778709663504 0.1423 3340
1778709664409 0.1167 3360
1778709665314 0.1286 3380
1778709666220 0.1786 3400
1778709667126 0.1339 3420
1778709668029 0.1779 3440
1778709668934 0.1147 3460
1778709669838 0.1355 3480
1778709670741 0.1525 3500
1778709680516 0.1565 3520
1778709681419 0.1437 3540
1778709682322 0.0889 3560
1778709683225 0.1413 3580
1778709684118 0.0906 3600
1778709685022 0.1354 3620
1778709685924 0.1196 3640
1778709686829 0.1114 3660
1778709687734 0.113 3680
1778709688638 0.1199 3700
1778709689544 0.1403 3720
1778709690447 0.1111 3740
1778709700083 0.1093 3760
1778709700987 0.1413 3780
1778709701893 0.1527 3800
1778709702799 0.1224 3820
1778709703703 0.1103 3840
1778709704607 0.1258 3860
1778709705510 0.1101 3880
1778709706412 0.1531 3900
1778709707315 0.1076 3920
1778709708222 0.1114 3940
1778709709131 0.1108 3960
1778709710036 0.1165 3980
1778709710938 0.1594 4000
1778709720726 0.1394 4020
1778709721631 0.1975 4040
1778709722533 0.1781 4060
1778709723438 0.1109 4080
1778709724341 0.1501 4100
1778709725235 0.1349 4120
1778709726137 0.0959 4140
1778709727041 0.1332 4160
1778709727943 0.0604 4180
1778709728848 0.0931 4200
1778709729751 0.0879 4220
1778709730657 0.1356 4240
1778709740490 0.1345 4260
1778709741397 0.0893 4280
1778709742301 0.0945 4300
1778709743203 0.0824 4320
1778709744107 0.071 4340
1778709745010 0.1164 4360
1778709745916 0.1182 4380
1778709746821 0.1224 4400
1778709747727 0.0904 4420
1778709748631 0.0927 4440
1778709749535 0.1411 4460
1778709750440 0.0779 4480
1778709751344 0.1012 4500
1778709761282 0.0995 4520
1778709762192 0.1115 4540
1778709763101 0.0988 4560
1778709764005 0.1307 4580
1778709764908 0.1397 4600
1778709765810 0.0809 4620
1778709766714 0.1145 4640
1778709767617 0.1271 4660
1778709768519 0.1152 4680
1778709769425 0.0737 4700
1778709770357 0.0797 4720
1778709771321 0.1518 4740
1778709781011 0.0844 4760
1778709781913 0.0658 4780
1778709782817 0.1087 4800
1778709783722 0.0685 4820
1778709784628 0.0611 4840
1778709785534 0.0751 4860
1778709786439 0.0575 4880
1778709787342 0.0783 4900
1778709788237 0.0511 4920
1778709789142 0.1132 4940
1778709790046 0.1067 4960
1778709790951 0.0801 4980
1778709791855 0.1102 5000
1778709801693 0.0576 5020
1778709802597 0.0937 5040
1778709803500 0.0778 5060
1778709804404 0.1031 5080
1778709805308 0.1152 5100
1778709806213 0.1095 5120
