1777462831174 0.1092896174863388 20
1777462833157 0.2185792349726776 40
1777462835155 0.32786885245901637 60
1777462837177 0.4371584699453552 80
1777462839206 0.546448087431694 100
1777462841240 0.6557377049180327 120
1777462843266 0.7650273224043715 140
1777462845299 0.8743169398907104 160
1777462847325 0.9836065573770492 180
1777462849337 1.092896174863388 200
1777462851365 1.2021857923497268 220
1777462853398 1.3114754098360657 240
1777462854871 1.366120218579235 250
1777462857541 1.4207650273224044 260
1777462859563 1.530054644808743 280
1777462861584 1.639344262295082 300
1777462863614 1.748633879781421 320
1777462865649 1.8579234972677594 340
1777462867665 1.9672131147540983 360
1777462869666 2.0765027322404372 380
1777462871702 2.185792349726776 400
1777462873696 2.2950819672131146 420
1777462875726 2.4043715846994536 440
1777462877751 2.5136612021857925 460
1777462879778 2.6229508196721314 480
1777462881796 2.73224043715847 500
1777462882257 2.73224043715847 500
1777462887922 2.841530054644809 520
1777462889952 2.9508196721311473 540
1777462891963 3.060109289617486 560
1777462893988 3.169398907103825 580
1777462896020 3.278688524590164 600
1777462898044 3.387978142076503 620
1777462900070 3.4972677595628414 640
1777462902105 3.6065573770491803 660
1777462904130 3.7158469945355193 680
1777462906150 3.8251366120218577 700
1777462908164 3.9344262295081966 720
1777462910173 4.043715846994536 740
1777462911646 4.098360655737705 750
1777462914690 4.1530054644808745 760
1777462916718 4.262295081967213 780
1777462918746 4.371584699453552 800
1777462920759 4.48087431693989 820
1777462922789 4.590163934426229 840
1777462924812 4.699453551912568 860
1777462926842 4.808743169398907 880
1777462928871 4.918032786885246 900
1777462930882 5.027322404371585 920
1777462932919 5.136612021857924 940
1777462934944 5.245901639344262 960
1777462936977 5.355191256830601 980
1777462939002 5.46448087431694 1000
1777462939473 5.46448087431694 1000
1777462943403 5.573770491803279 1020
1777462945430 5.683060109289618 1040
1777462947464 5.7923497267759565 1060
1777462949498 5.901639344262295 1080
1777462951495 6.0109289617486334 1100
1777462953517 6.120218579234972 1120
1777462955546 6.229508196721311 1140
1777462957559 6.33879781420765 1160
1777462959584 6.448087431693989 1180
1777462961587 6.557377049180328 1200
1777462963624 6.666666666666667 1220
1777462965650 6.775956284153006 1240
1777462967126 6.830601092896175 1250
1777462979633 6.885245901639344 1260
1777462981620 6.994535519125683 1280
1777462983609 7.103825136612022 1300
1777462985620 7.213114754098361 1320
1777462987638 7.3224043715847 1340
1777462989656 7.4316939890710385 1360
1777462991677 7.540983606557377 1380
1777462993701 7.6502732240437155 1400
1777462995722 7.759562841530054 1420
1777462997740 7.868852459016393 1440
1777462999769 7.978142076502732 1460
1777463001764 8.087431693989071 1480
1777463003780 8.19672131147541 1500
1777463005033 8.19672131147541 1500
1777463008738 8.306010928961749 1520
1777463010741 8.415300546448087 1540
1777463012763 8.524590163934427 1560
1777463014778 8.633879781420765 1580
1777463016788 8.743169398907105 1600
1777463018822 8.852459016393443 1620
1777463020849 8.96174863387978 1640
1777463022854 9.07103825136612 1660
1777463024885 9.180327868852459 1680
1777463026912 9.289617486338798 1700
1777463028942 9.398907103825136 1720
1777463030964 9.508196721311476 1740
1777463032429 9.562841530054644 1750
1777463036998 9.617486338797814 1760
1777463039009 9.726775956284152 1780
1777463041029 9.836065573770492 1800
1777463043041 9.94535519125683 1820
1777463050356 10.0 1830
1777463051255 10.0 1830
1777463051824 10.0 1830
1777463052355 10.0 0
