1777462831174 1.5031739473342896 20
1777462833157 2.202397584915161 40
1777462835155 1.3993133306503296 60
1777462837177 1.4259395599365234 80
1777462839206 2.113217353820801 100
1777462841240 7.860866546630859 120
1777462843266 6.154692649841309 140
1777462845299 4.254998683929443 160
1777462847325 4.285136699676514 180
1777462849337 8.062207221984863 200
1777462851365 4.30193567276001 220
1777462853398 6.6773552894592285 240
1777462857541 12.150060653686523 260
1777462859563 6.80572509765625 280
1777462861584 4.273350715637207 300
1777462863614 5.4987711906433105 320
1777462865649 5.8371477127075195 340
1777462867665 12.79287338256836 360
1777462869666 8.394061088562012 380
1777462871702 5.871128082275391 400
1777462873696 6.85684871673584 420
1777462875726 14.41052532196045 440
1777462877751 8.661710739135742 460
1777462879778 9.229338645935059 480
1777462881796 9.695611953735352 500
1777462887922 9.878215789794922 520
1777462889952 7.545372486114502 540
1777462891963 9.71026611328125 560
1777462893988 18.219533920288086 580
1777462896020 6.048781871795654 600
1777462898044 6.496277332305908 620
1777462900070 13.183624267578125 640
1777462902105 12.209138870239258 660
1777462904130 9.112622261047363 680
1777462906150 7.188589096069336 700
1777462908164 5.480688095092773 720
1777462910173 6.001654148101807 740
1777462914690 39.52064514160156 760
1777462916718 7.006532669067383 780
1777462918746 11.778547286987305 800
1777462920759 7.126302242279053 820
1777462922789 1.4658403396606445 840
1777462924812 0.25457650423049927 860
1777462926842 0.8656763434410095 880
1777462928871 8.674674034118652 900
1777462930882 18.736648559570312 920
1777462932919 0.24109618365764618 940
1777462934944 3.875356435775757 960
1777462936977 3.67287540435791 980
1777462939002 5.033294677734375 1000
1777462943403 13.191681861877441 1020
1777462945430 1.499624490737915 1040
1777462947464 0.8884350657463074 1060
1777462949498 4.017195224761963 1080
1777462951495 0.5840528011322021 1100
1777462953517 10.560161590576172 1120
1777462955546 2.6596648693084717 1140
1777462957559 12.02592658996582 1160
1777462959584 0.6711903214454651 1180
1777462961587 0.7325161099433899 1200
1777462963624 0.08039680123329163 1220
1777462965650 0.25071802735328674 1240
1777462979633 0.1085493415594101 1260
1777462981620 30.095043182373047 1280
1777462983609 1.5535821914672852 1300
1777462985620 0.061280880123376846 1320
1777462987638 13.986997604370117 1340
1777462989656 1.785475254058838 1360
1777462991677 0.062377430498600006 1380
1777462993701 1.580458164215088 1400
1777462995722 0.20439791679382324 1420
1777462997740 0.07524897158145905 1440
1777462999769 0.06985313445329666 1460
1777463001764 18.29509162902832 1480
1777463003780 0.068705715239048 1500
1777463008738 3.9553442001342773 1520
1777463010741 0.22489669919013977 1540
1777463012763 0.038740124553442 1560
1777463014778 1.0176676511764526 1580
1777463016788 0.053612470626831055 1600
1777463018822 0.059156663715839386 1620
1777463020849 0.039234708994627 1640
1777463022854 0.0347367562353611 1660
1777463024885 0.05227081477642059 1680
1777463026912 0.0397578664124012 1700
1777463028942 0.04462152346968651 1720
1777463030964 0.04395382106304169 1740
1777463036998 0.03913121297955513 1760
1777463039009 31.447240829467773 1780
1777463041029 0.06111776456236839 1800
1777463043041 4.693344593048096 1820
