1777290601802 3.035741090774536 20
1777290607293 3.307689666748047 40
1777290612794 2.5062079429626465 60
1777290618293 5.186493396759033 80
1777290623800 5.152395725250244 100
1777290629328 3.6195127964019775 120
1777290634836 9.460712432861328 140
1777290640347 7.5258989334106445 160
1777290645865 4.08135461807251 180
1777290651378 8.089868545532227 200
1777290656895 5.077998638153076 220
1777290662419 4.7050604820251465 240
1777290669333 13.973299980163574 260
1777290674862 11.651562690734863 280
1777290680390 8.356518745422363 300
1777290685918 7.752782344818115 320
1777290691451 4.824734210968018 340
1777290696991 3.2830159664154053 360
1777290702538 6.858179569244385 380
1777290708082 12.354414939880371 400
1777290713628 8.2908296585083 420
1777290719175 4.010635852813721 440
1777290724720 4.552923202514648 460
1777290730271 8.618917465209961 480
1777290735827 4.714946269989014 500
1777290775888 3.699629545211792 520
1777290781436 11.012085914611816 540
1777290786843 2.375718355178833 560
1777290792397 2.242659091949463 580
1777290797952 4.485859394073486 600
1777290803519 10.559438705444336 620
1777290809085 18.312328338623047 640
1777290814654 7.192838191986084 660
1777290820226 6.993565082550049 680
1777290825808 6.443566799163818 700
1777290831384 5.443902492523193 720
1777290836958 0.9154253602027893 740
1777290843873 18.715049743652344 760
1777290849454 1.6630626916885376 780
1777290855042 0.21568454802036285 800
1777290860625 5.748673439025879 820
1777290866076 0.31549933552742004 840
1777290871666 14.632315635681152 860
1777290877259 0.7218673229217529 880
1777290882844 1.5267890691757202 900
1777290888427 0.6441841125488281 920
1777290894018 0.6004632115364075 940
1777290899601 9.172796249389648 960
1777290905201 1.1818431615829468 980
1777290910795 0.11618622392416 1000
1777290953726 0.9310478568077087 1020
1777290959272 41.46358871459961 1040
1777290964832 0.5906986594200134 1060
1777290970396 8.074640274047852 1080
1777290975948 3.183182954788208 1100
1777290981518 8.883810043334961 1120
1777290987087 0.09083257615566254 1140
1777290992660 0.07747729867696762 1160
1777290998225 12.467462539672852 1180
1777291003792 1.1830209493637085 1200
1777291009380 0.1564944088459015 1220
1777291014951 0.13278181850910187 1240
1777291021889 0.23920691013336182 1260
1777291027480 0.16415810585021973 1280
1777291033062 0.13478828966617584 1300
1777291038650 0.06771577149629593 1320
1777291044240 0.9661163687705994 1340
1777291049839 0.12552936375141144 1360
1777291055430 0.4144338071346283 1380
1777291061025 2.1889519691467285 1400
1777291066622 0.26122957468032837 1420
1777291072216 0.3765750527381897 1440
1777291077797 51.09160232543945 1460
1777291083390 0.11169426143169403 1480
1777291088976 5.424059867858887 1500
1777291132138 0.14642681181430817 1520
1777291137682 0.027095723897218704 1540
1777291143093 0.07021460682153702 1560
1777291148640 0.03360552340745926 1580
1777291154198 0.07838830351829529 1600
1777291159764 0.11980298161506653 1620
1777291165329 1.2808762788772583 1640
1777291170890 0.03310125693678856 1660
1777291176457 8.228139877319336 1680
1777291182015 0.04852274805307388 1700
1777291187579 0.0388883613049984 1720
1777291193143 0.08398663252592087 1740
1777291200041 0.06368544697761536 1760
1777291205596 72.67708587646484 1780
1777291211154 0.05069373548030853 1800
1777291216717 0.046900682151317596 1820
1777291222279 0.0379643477499485 1840
1777291227844 0.025678683072328568 1860
1777291233409 0.08224450051784515 1880
1777291238986 0.04421388730406761 1900
1777291244554 0.026883764192461967 1920
1777291250128 0.03044840879738331 1940
1777291255704 0.0372421033680439 1960
1777291261296 0.04171518236398697 1980
1777291266891 0.030455300584435463 2000
1777291310838 1.2429008483886719 2020
1777291316403 0.03886966407299042 2040
1777291321978 0.031996604055166245 2060
1777291327537 0.03262137621641159 2080
1777291333098 0.06709820032119751 2100
1777291338663 0.04801582172513008 2120
1777291344225 0.033929064869880676 2140
1777291349800 0.025650136172771454 2160
1777291355374 0.0236497912555933 2180
1777291360921 0.024989191442728043 2200
1777291366480 0.02828480675816536 2220
1777291372047 0.03107541799545288 2240
1777291378963 0.025017796084284782 2260
1777291384530 0.02007787488400936 2280
1777291390095 0.01684666983783245 2300
1777291395661 0.017396066337823868 2320
1777291401230 0.02667933702468872 2340
1777291406803 0.03298059105873108 2360
1777291412378 0.03658633306622505 2380
1777291417960 0.03336571902036667 2400
1777291423538 0.021389104425907135 2420
1777291429116 0.018560068681836128 2440
1777291434693 0.01927138678729534 2460
1777291440278 0.01977151446044445 2480
1777291445859 0.031055370345711708 2500
1777291487524 0.04060685634613037 2520
1777291493076 0.03888406231999397 2540
1777291498623 0.039382509887218475 2560
1777291504178 0.03588983789086342 2580
1777291509735 1.2486228942871094 2600
1777291515293 0.0467124804854393 2620
1777291520855 0.029011644423007965 2640
1777291526428 0.02378970943391323 2660
1777291531998 0.024993866682052612 2680
1777291537573 0.022610612213611603 2700
1777291543142 0.020380835980176926 2720
1777291548703 0.02464381791651249 2740
1777291555628 0.031645916402339935 2760
1777291561211 1.3214061260223389 2780
1777291566788 0.03453904390335083 2800
1777291572358 0.026504764333367348 2820
1777291577928 0.024682674556970596 2840
1777291583508 0.020107395946979523 2860
1777291589083 0.017433365806937218 2880
1777291594658 3.138554096221924 2900
1777291600223 0.05173730105161667 2920
1777291605817 0.0402630977332592 2940
1777291611406 0.01991737261414528 2960
1777291616984 0.015891773626208305 2980
1777291622556 0.014909896068274975 3000
1777291664283 1.4993650913238525 3020
1777291670076 0.024227268993854523 3040
1777291675619 0.019135018810629845 3060
1777291681156 0.08164194226264954 3080
1777291686701 0.018579144030809402 3100
1777291692253 0.01269653532654047 3120
1777291697803 0.07838162034749985 3140
1777291703365 0.012393376789987087 3160
1777291708923 4.800596237182617 3180
1777291714477 0.01178866159170866 3200
1777291720039 0.011210759170353413 3220
1777291725592 0.01252866629511118 3240
1777291732484 0.010491276159882545 3260
1777291738035 0.010344221256673336 3280
1777291743583 0.01311318576335907 3300
1777291749143 0.00885008741170168 3320
1777291754698 0.007872823625802994 3340
1777291760250 0.009877587668597698 3360
1777291765810 0.008237864822149277 3380
1777291771376 0.008409673348069191 3400
1777291776933 0.008185979910194874 3420
1777291782505 0.024605317041277885 3440
1777291788067 0.008708690293133259 3460
1777291793637 0.00735051091760397 3480
1777291799207 0.008428307250142097 3500
1777291838865 0.007541636936366558 3520
1777291844403 0.008422649465501308 3540
1777291849948 0.007478255312889814 3560
1777291855500 0.007615178357809782 3580
1777291861043 0.007251756731420755 3600
1777291866591 0.0075598894618451595 3620
1777291872143 0.006291738245636225 3640
