1777290601802 1.5616438356164385e-06 20
1777290607293 3.2054794520547946e-06 40
1777290612794 4.8493150684931505e-06 60
1777290618293 6.493150684931507e-06 80
1777290623800 8.136986301369862e-06 100
1777290629328 9.780821917808219e-06 120
1777290634836 1.1424657534246575e-05 140
1777290640347 1.3068493150684931e-05 160
1777290645865 1.4712328767123288e-05 180
1777290651378 1.6356164383561644e-05 200
1777290656895 1.8e-05 220
1777290662419 1.9643835616438357e-05 240
1777290669333 2.1287671232876713e-05 260
1777290674862 2.293150684931507e-05 280
1777290680390 2.4575342465753426e-05 300
1777290685918 2.621917808219178e-05 320
1777290691451 2.7863013698630135e-05 340
1777290696991 2.950684931506849e-05 360
1777290702538 2.987214611872146e-05 380
1777290708082 2.9689497716894977e-05 400
1777290713628 2.950684931506849e-05 420
1777290719175 2.932420091324201e-05 440
1777290724720 2.9141552511415523e-05 460
1777290730271 2.895890410958904e-05 480
1777290735827 2.8776255707762558e-05 500
1777290775888 2.8593607305936072e-05 520
1777290781436 2.841095890410959e-05 540
1777290786843 2.823744292237443e-05 560
1777290792397 2.8054794520547945e-05 580
1777290797952 2.7872146118721462e-05 600
1777290803519 2.7689497716894976e-05 620
1777290809085 2.7506849315068494e-05 640
1777290814654 2.7324200913242008e-05 660
1777290820226 2.7141552511415525e-05 680
1777290825808 2.695890410958904e-05 700
1777290831384 2.6776255707762557e-05 720
1777290836958 2.6593607305936074e-05 740
1777290843873 2.641095890410959e-05 760
1777290849454 2.6228310502283106e-05 780
1777290855042 2.604566210045662e-05 800
1777290860625 2.5863013698630137e-05 820
1777290866076 2.568949771689498e-05 840
1777290871666 2.5506849315068493e-05 860
1777290877259 2.532420091324201e-05 880
1777290882844 2.5141552511415524e-05 900
1777290888427 2.495890410958904e-05 920
1777290894018 2.477625570776256e-05 940
1777290899601 2.4593607305936073e-05 960
1777290905201 2.441095890410959e-05 980
1777290910795 2.4228310502283105e-05 1000
1777290953726 2.4045662100456622e-05 1020
1777290959272 2.3863013698630136e-05 1040
1777290964832 2.3680365296803654e-05 1060
1777290970396 2.3497716894977168e-05 1080
1777290975948 2.3315068493150685e-05 1100
1777290981518 2.3132420091324203e-05 1120
1777290987087 2.2949771689497717e-05 1140
1777290992660 2.2767123287671234e-05 1160
1777290998225 2.2584474885844748e-05 1180
1777291003792 2.2401826484018266e-05 1200
1777291009380 2.221917808219178e-05 1220
1777291014951 2.2036529680365297e-05 1240
1777291021889 2.1853881278538815e-05 1260
1777291027480 2.167123287671233e-05 1280
1777291033062 2.1488584474885846e-05 1300
1777291038650 2.130593607305936e-05 1320
1777291044240 2.1123287671232878e-05 1340
1777291049839 2.0940639269406392e-05 1360
1777291055430 2.075799086757991e-05 1380
1777291061025 2.0575342465753423e-05 1400
1777291066622 2.039269406392694e-05 1420
1777291072216 2.021004566210046e-05 1440
1777291077797 2.0027397260273972e-05 1460
1777291083390 1.984474885844749e-05 1480
1777291088976 1.9662100456621004e-05 1500
1777291132138 1.947945205479452e-05 1520
1777291137682 1.9296803652968036e-05 1540
1777291143093 1.9123287671232877e-05 1560
1777291148640 1.8940639269406394e-05 1580
1777291154198 1.8757990867579908e-05 1600
1777291159764 1.8575342465753426e-05 1620
1777291165329 1.839269406392694e-05 1640
1777291170890 1.8210045662100457e-05 1660
1777291176457 1.8027397260273975e-05 1680
1777291182015 1.784474885844749e-05 1700
1777291187579 1.7662100456621006e-05 1720
1777291193143 1.747945205479452e-05 1740
1777291200041 1.7296803652968038e-05 1760
1777291205596 1.7114155251141552e-05 1780
1777291211154 1.693150684931507e-05 1800
1777291216717 1.6748858447488587e-05 1820
1777291222279 1.65662100456621e-05 1840
1777291227844 1.638356164383562e-05 1860
1777291233409 1.6200913242009132e-05 1880
1777291238986 1.601826484018265e-05 1900
1777291244554 1.5835616438356164e-05 1920
1777291250128 1.565296803652968e-05 1940
1777291255704 1.5470319634703196e-05 1960
1777291261296 1.5287671232876713e-05 1980
1777291266891 1.5105022831050229e-05 2000
1777291310838 1.4922374429223745e-05 2020
1777291316403 1.473972602739726e-05 2040
1777291321978 1.4557077625570778e-05 2060
1777291327537 1.4374429223744294e-05 2080
1777291333098 1.419178082191781e-05 2100
1777291338663 1.4009132420091325e-05 2120
1777291344225 1.3826484018264841e-05 2140
1777291349800 1.3643835616438357e-05 2160
1777291355374 1.3461187214611872e-05 2180
1777291360921 1.327853881278539e-05 2200
1777291366480 1.3095890410958906e-05 2220
1777291372047 1.2913242009132421e-05 2240
1777291378963 1.2730593607305937e-05 2260
1777291384530 1.2547945205479453e-05 2280
1777291390095 1.2365296803652969e-05 2300
1777291395661 1.2182648401826485e-05 2320
1777291401230 1.2e-05 2340
1777291406803 1.1817351598173518e-05 2360
1777291412378 1.1634703196347034e-05 2380
1777291417960 1.145205479452055e-05 2400
1777291423538 1.1269406392694065e-05 2420
1777291429116 1.1086757990867581e-05 2440
1777291434693 1.0904109589041097e-05 2460
1777291440278 1.0721461187214612e-05 2480
1777291445859 1.0538812785388128e-05 2500
1777291487524 1.0356164383561646e-05 2520
1777291493076 1.0173515981735161e-05 2540
1777291498623 9.990867579908677e-06 2560
1777291504178 9.808219178082193e-06 2580
1777291509735 9.625570776255709e-06 2600
1777291515293 9.442922374429225e-06 2620
1777291520855 9.26027397260274e-06 2640
1777291526428 9.077625570776256e-06 2660
1777291531998 8.894977168949772e-06 2680
1777291537573 8.712328767123288e-06 2700
1777291543142 8.529680365296803e-06 2720
1777291548703 8.34703196347032e-06 2740
1777291555628 8.164383561643835e-06 2760
1777291561211 7.98173515981735e-06 2780
1777291566788 7.799086757990866e-06 2800
1777291572358 7.616438356164383e-06 2820
1777291577928 7.4337899543379e-06 2840
1777291583508 7.2511415525114155e-06 2860
1777291589083 7.068493150684932e-06 2880
1777291594658 6.885844748858448e-06 2900
1777291600223 6.703196347031964e-06 2920
1777291605817 6.5205479452054794e-06 2940
1777291611406 6.337899543378996e-06 2960
1777291616984 6.155251141552512e-06 2980
1777291622556 5.972602739726028e-06 3000
1777291664283 5.789954337899543e-06 3020
1777291670076 5.60730593607306e-06 3040
1777291675619 5.424657534246576e-06 3060
1777291681156 5.2420091324200915e-06 3080
1777291686701 5.059360730593607e-06 3100
1777291692253 4.876712328767124e-06 3120
1777291697803 4.69406392694064e-06 3140
1777291703365 4.5114155251141555e-06 3160
1777291708923 4.328767123287671e-06 3180
1777291714477 4.146118721461188e-06 3200
1777291720039 3.963470319634704e-06 3220
1777291725592 3.7808219178082194e-06 3240
1777291732484 3.598173515981735e-06 3260
1777291738035 3.415525114155251e-06 3280
1777291743583 3.232876712328767e-06 3300
1777291749143 3.050228310502283e-06 3320
1777291754698 2.867579908675799e-06 3340
1777291760250 2.684931506849315e-06 3360
1777291765810 2.502283105022831e-06 3380
1777291771376 2.319634703196347e-06 3400
1777291776933 2.136986301369863e-06 3420
1777291782505 1.954337899543379e-06 3440
1777291788067 1.771689497716895e-06 3460
1777291793637 1.589041095890411e-06 3480
1777291799207 1.406392694063927e-06 3500
1777291838865 1.223744292237443e-06 3520
1777291844403 1.041095890410959e-06 3540
1777291849948 8.58447488584475e-07 3560
1777291855500 6.75799086757991e-07 3580
1777291861043 4.931506849315068e-07 3600
1777291866591 3.105022831050229e-07 3620
1777291872143 1.278538812785388e-07 3640
