1777290601802 0.6995 20
1777290607293 0.6963 40
1777290612794 0.6931 60
1777290618293 0.6944 80
1777290623800 0.6953 100
1777290629328 0.6619 120
1777290634836 0.5949 140
1777290640347 0.4922 160
1777290645865 0.4268 180
1777290651378 0.4814 200
1777290656895 0.4266 220
1777290662419 0.4214 240
1777290669333 0.3816 260
1777290674862 0.5085 280
1777290680390 0.4765 300
1777290685918 0.4588 320
1777290691451 0.5302 340
1777290696991 0.5387 360
1777290702538 0.4177 380
1777290708082 0.4174 400
1777290713628 0.3229 420
1777290719175 0.3878 440
1777290724720 0.351 460
1777290730271 0.3581 480
1777290735827 0.4126 500
1777290775888 0.4053 520
1777290781436 0.3411 540
1777290786843 0.3523 560
1777290792397 0.3373 580
1777290797952 0.3104 600
1777290803519 0.3917 620
1777290809085 0.3383 640
1777290814654 0.3738 660
1777290820226 0.3085 680
1777290825808 0.3126 700
1777290831384 0.3701 720
1777290836958 0.2567 740
1777290843873 0.0871 760
1777290849454 0.2229 780
1777290855042 0.1978 800
1777290860625 0.174 820
1777290866076 0.2329 840
1777290871666 0.3643 860
1777290877259 0.2049 880
1777290882844 0.1785 900
1777290888427 0.1942 920
1777290894018 0.1452 940
1777290899601 0.2702 960
1777290905201 0.1224 980
1777290910795 0.1694 1000
1777290953726 0.1806 1020
1777290959272 0.1378 1040
1777290964832 0.3053 1060
1777290970396 0.1265 1080
1777290975948 0.1573 1100
1777290981518 0.0771 1120
1777290987087 0.0601 1140
1777290992660 0.1048 1160
1777290998225 0.1344 1180
1777291003792 0.0715 1200
1777291009380 0.0799 1220
1777291014951 0.1012 1240
1777291021889 0.1586 1260
1777291027480 0.0673 1280
1777291033062 0.0477 1300
1777291038650 0.1435 1320
1777291044240 0.0792 1340
1777291049839 0.0797 1360
1777291055430 0.1731 1380
1777291061025 0.1387 1400
1777291066622 0.0901 1420
1777291072216 0.1058 1440
1777291077797 0.0901 1460
1777291083390 0.0929 1480
1777291088976 0.0195 1500
1777291132138 0.0211 1520
1777291137682 0.0023 1540
1777291143093 0.069 1560
1777291148640 0.0649 1580
1777291154198 0.0585 1600
1777291159764 0.0184 1620
1777291165329 0.0169 1640
1777291170890 0.1272 1660
1777291176457 0.0167 1680
1777291182015 0.0418 1700
1777291187579 0.0712 1720
1777291193143 0.0573 1740
1777291200041 0.0036 1760
1777291205596 0.0439 1780
1777291211154 0.064 1800
1777291216717 0.0204 1820
1777291222279 0.0342 1840
1777291227844 0.0019 1860
1777291233409 0.0617 1880
1777291238986 0.0066 1900
1777291244554 0.0132 1920
1777291250128 0.0182 1940
1777291255704 0.0443 1960
1777291261296 0.0229 1980
1777291266891 0.002 2000
1777291310838 0.0227 2020
1777291316403 0.0292 2040
1777291321978 0.0022 2060
1777291327537 0.0228 2080
1777291333098 0.0517 2100
1777291338663 0.0207 2120
1777291344225 0.0022 2140
1777291349800 0.0293 2160
1777291355374 0.0297 2180
1777291360921 0.0234 2200
1777291366480 0.0221 2220
1777291372047 0.0218 2240
1777291378963 0.0016 2260
1777291384530 0.0014 2280
1777291390095 0.001 2300
1777291395661 0.023 2320
1777291401230 0.0439 2340
1777291406803 0.0019 2360
1777291412378 0.0212 2380
1777291417960 0.0018 2400
1777291423538 0.0015 2420
1777291429116 0.0012 2440
1777291434693 0.0233 2460
1777291440278 0.0014 2480
1777291445859 0.0438 2500
1777291487524 0.0221 2520
1777291493076 0.0209 2540
1777291498623 0.0022 2560
1777291504178 0.0206 2580
1777291509735 0.0422 2600
1777291515293 0.0023 2620
1777291520855 0.0019 2640
1777291526428 0.0014 2660
1777291531998 0.0217 2680
1777291537573 0.0015 2700
1777291543142 0.0012 2720
1777291548703 0.0213 2740
1777291555628 0.0228 2760
1777291561211 0.0204 2780
1777291566788 0.0018 2800
1777291572358 0.0211 2820
1777291577928 0.0015 2840
1777291583508 0.0012 2860
1777291589083 0.001 2880
1777291594658 0.0608 2900
1777291600223 0.0015 2920
1777291605817 0.0186 2940
1777291611406 0.0016 2960
1777291616984 0.001 2980
1777291622556 0.0009 3000
1777291664283 0.0172 3020
1777291670076 0.001 3040
1777291675619 0.0009 3060
1777291681156 0.0157 3080
1777291686701 0.0012 3100
1777291692253 0.0117 3120
1777291697803 0.0204 3140
1777291703365 0.0074 3160
1777291708923 0.0162 3180
1777291714477 0.0008 3200
1777291720039 0.0006 3220
1777291725592 0.0161 3240
1777291732484 0.0005 3260
1777291738035 0.0006 3280
1777291743583 0.0005 3300
1777291749143 0.0006 3320
1777291754698 0.0004 3340
1777291760250 0.0044 3360
1777291765810 0.0014 3380
1777291771376 0.0004 3400
1777291776933 0.002 3420
1777291782505 0.0004 3440
1777291788067 0.0016 3460
1777291793637 0.0004 3480
1777291799207 0.0013 3500
1777291838865 0.0017 3520
1777291844403 0.0004 3540
1777291849948 0.0004 3560
1777291855500 0.0004 3580
1777291861043 0.001 3600
1777291866591 0.0004 3620
1777291872143 0.0004 3640
