1778852080329 0.015015015015015015 20
1778852083324 0.03003003003003003 40
1778852086310 0.04504504504504504 60
1778852089295 0.06006006006006006 80
1778852092279 0.07507507507507508 100
1778852095273 0.09009009009009009 120
1778852098256 0.10510510510510511 140
1778852101235 0.12012012012012012 160
1778852104240 0.13513513513513514 180
1778852107230 0.15015015015015015 200
1778852110211 0.16516516516516516 220
1778852113212 0.18018018018018017 240
1778852125599 0.18768768768768768 250
1778852129141 0.19519519519519518 260
1778852132124 0.21021021021021022 280
1778852135116 0.22522522522522523 300
1778852138115 0.24024024024024024 320
1778852141113 0.2552552552552553 340
1778852144109 0.2702702702702703 360
1778852147106 0.2852852852852853 380
1778852150096 0.3003003003003003 400
1778852153084 0.3153153153153153 420
1778852156070 0.3303303303303303 440
1778852159051 0.34534534534534533 460
1778852162047 0.36036036036036034 480
1778852165042 0.37537537537537535 500
1778852175928 0.37537537537537535 500
1778852180767 0.39039039039039036 520
1778852183767 0.40540540540540543 540
1778852186763 0.42042042042042044 560
1778852189761 0.43543543543543545 580
1778852192761 0.45045045045045046 600
1778852195759 0.46546546546546547 620
1778852198770 0.4804804804804805 640
1778852201776 0.4954954954954955 660
1778852204765 0.5105105105105106 680
1778852207763 0.5255255255255256 700
1778852210750 0.5405405405405406 720
1778852213731 0.5555555555555556 740
1778852226115 0.5630630630630631 750
1778852229376 0.5705705705705706 760
1778852232369 0.5855855855855856 780
1778852235365 0.6006006006006006 800
1778852238362 0.6156156156156156 820
1778852241368 0.6306306306306306 840
1778852244362 0.6456456456456456 860
1778852247355 0.6606606606606606 880
1778852250358 0.6756756756756757 900
1778852253351 0.6906906906906907 920
1778852256339 0.7057057057057057 940
1778852259330 0.7207207207207207 960
1778852262336 0.7357357357357357 980
1778852265343 0.7507507507507507 1000
1778852276267 0.7507507507507507 1000
1778852277853 0.7507507507507507 1000
1778852290154 0.7507507507507507 1000
1778852303581 0.7507507507507507 1000
1778852305065 0.7507507507507507 0
