1779074845902 1.6575560569763184 20
1779074852666 1.8129974603652954 40
1779074859480 1.3449441194534302 60
1779074866272 1.3473937511444092 80
1779074873046 0.9150806069374084 100
1779074879834 2.840341091156006 120
1779074886607 0.8199762105941772 140
1779074893391 0.5950260162353516 160
1779074900179 0.632586658000946 180
1779074906992 0.6450424790382385 200
1779074913732 1.3888866901397705 220
1779074920518 2.9227445125579834 240
1779074933943 0.6723290085792542 260
1779074940724 0.7395421266555786 280
1779074947499 3.572504758834839 300
1779074954367 0.6857403516769409 320
1779074960972 0.4072732627391815 340
1779074967565 2.288745403289795 360
1779074974191 1.7722820043563843 380
1779074980800 0.8227686285972595 400
1779074987381 0.42455223202705383 420
1779074994011 1.700117826461792 440
1779075000537 0.47252464294433594 460
1779075007117 0.4907245934009552 480
1779075013709 1.144547939300537 500
1779075026845 13.341060638427734 520
1779075033464 2.9139211177825928 540
1779075040035 2.1069791316986084 560
1779075045472 2.5590898990631104 580
1779075051946 4.775339126586914 600
1779075059077 3.439588785171509 620
1779075065892 1.6817774772644043 640
1779075072700 2.573559284210205 660
1779075079483 2.8740696907043457 680
1779075086269 4.897096157073975 700
1779075093075 1.993625283241272 720
1779075099868 1.7762516736984253 740
1779075112992 2.468047857284546 760
1779075119766 2.070923328399658 780
1779075126568 3.173001766204834 800
1779075133352 2.157979726791382 820
1779075140174 2.448556423187256 840
1779075146979 2.8185153007507324 860
1779075153773 2.184546947479248 880
1779075160578 3.974963903427124 900
1779075167290 1.7152906656265259 920
1779075174266 3.604468584060669 940
1779075181069 1.5059375762939453 960
1779075187867 2.361612558364868 980
1779075194667 4.75714635848999 1000
1779075207888 5.633293151855469 1020
1779075214685 3.5398144721984863 1040
1779075221461 4.763972759246826 1060
1779075228261 3.097895860671997 1080
1779075235070 2.2229583263397217 1100
1779075241880 2.14245867729187 1120
1779075248670 4.672423839569092 1140
1779075255462 4.281967639923096 1160
1779075262255 2.683016777038574 1180
1779075269055 2.0060155391693115 1200
1779075275854 3.4768295288085938 1220
1779075282647 3.716944932937622 1240
1779075296102 2.763935089111328 1260
1779075302918 1.8343945741653442 1280
1779075309726 3.241532564163208 1300
1779075316536 2.067183256149292 1320
1779075323334 3.8095951080322266 1340
1779075330131 2.279724359512329 1360
1779075336836 3.006704330444336 1380
1779075343617 2.0713086128234863 1400
1779075350403 2.85980224609375 1420
1779075357192 2.157503128051758 1440
1779075363963 1.894524097442627 1460
1779075370774 3.5013515949249268 1480
1779075377579 2.683168888092041 1500
1779075390616 3.5230581760406494 1520
1779075397402 2.1835780143737793 1540
1779075404179 4.11525297164917 1560
1779075411189 2.0698812007904053 1580
1779075417977 2.7428085803985596 1600
1779075424760 4.7217698097229 1620
1779075431563 2.830367088317871 1640
1779075438357 2.263293504714966 1660
1779075445167 2.321396827697754 1680
1779075451952 4.30714225769043 1700
1779075458743 2.4984138011932373 1720
1779075465527 2.591304063796997 1740
1779075478832 2.162436008453369 1760
1779075485413 4.214056491851807 1780
1779075492005 3.5468034744262695 1800
1779075498604 2.1037135124206543 1820
1779075505122 3.26412296295166 1840
1779075511721 2.3280773162841797 1860
1779075518519 3.616091251373291 1880
1779075525108 2.784329891204834 1900
1779075531691 2.9881532192230225 1920
1779075538301 2.6924381256103516 1940
1779075544894 2.913033962249756 1960
1779075551480 2.506408929824829 1980
1779075558035 2.6521666049957275 2000
1779075570782 2.607381820678711 2020
1779075577024 4.006069660186768 2040
1779075583083 2.5064659118652344 2060
1779075589853 3.9458465576171875 2080
1779075596648 3.116412401199341 2100
1779075603431 2.895313262939453 2120
1779075610246 3.2514595985412598 2140
1779075617039 2.85888934135437 2160
1779075623814 2.392692804336548 2180
1779075630878 3.3681800365448 2200
1779075637661 3.1105599403381348 2220
1779075644472 3.4296045303344727 2240
1779075657456 2.675713062286377 2260
1779075664185 6.72490119934082 2280
