1779074845902 1.1400000000000001e-05 20
1779074852666 2.3400000000000003e-05 40
1779074859480 2.9878923766816145e-05 60
1779074866272 2.960986547085202e-05 80
1779074873046 2.9340807174887893e-05 100
1779074879834 2.9071748878923768e-05 120
1779074886607 2.8802690582959642e-05 140
1779074893391 2.8533632286995516e-05 160
1779074900179 2.826457399103139e-05 180
1779074906992 2.7995515695067265e-05 200
1779074913732 2.772645739910314e-05 220
1779074920518 2.7457399103139014e-05 240
1779074933943 2.7188340807174888e-05 260
1779074940724 2.6919282511210763e-05 280
1779074947499 2.665022421524664e-05 300
1779074954367 2.638116591928251e-05 320
1779074960972 2.6112107623318386e-05 340
1779074967565 2.584304932735426e-05 360
1779074974191 2.5573991031390135e-05 380
1779074980800 2.5304932735426012e-05 400
1779074987381 2.5035874439461883e-05 420
1779074994011 2.4766816143497758e-05 440
1779075000537 2.4497757847533632e-05 460
1779075007117 2.422869955156951e-05 480
1779075013709 2.395964125560538e-05 500
1779075026845 2.3690582959641255e-05 520
1779075033464 2.342152466367713e-05 540
1779075040035 2.3152466367713007e-05 560
1779075045472 2.288340807174888e-05 580
1779075051946 2.2614349775784753e-05 600
1779075059077 2.2345291479820627e-05 620
1779075065892 2.20762331838565e-05 640
1779075072700 2.180717488789238e-05 660
1779075079483 2.1538116591928253e-05 680
1779075086269 2.1269058295964124e-05 700
1779075093075 2.1e-05 720
1779075099868 2.0730941704035877e-05 740
1779075112992 2.046188340807175e-05 760
1779075119766 2.0192825112107622e-05 780
1779075126568 1.9923766816143496e-05 800
1779075133352 1.9654708520179374e-05 820
1779075140174 1.938565022421525e-05 840
1779075146979 1.9116591928251123e-05 860
1779075153773 1.8847533632286994e-05 880
1779075160578 1.8578475336322868e-05 900
1779075167290 1.8309417040358746e-05 920
1779075174266 1.804035874439462e-05 940
1779075181069 1.7771300448430495e-05 960
1779075187867 1.7502242152466366e-05 980
1779075194667 1.7233183856502243e-05 1000
1779075207888 1.6964125560538118e-05 1020
1779075214685 1.6695067264573992e-05 1040
1779075221461 1.6426008968609863e-05 1060
1779075228261 1.615695067264574e-05 1080
1779075235070 1.5887892376681615e-05 1100
1779075241880 1.561883408071749e-05 1120
1779075248670 1.5349775784753364e-05 1140
1779075255462 1.508071748878924e-05 1160
1779075262255 1.4811659192825113e-05 1180
1779075269055 1.4542600896860987e-05 1200
1779075275854 1.427354260089686e-05 1220
1779075282647 1.4004484304932736e-05 1240
1779075296102 1.373542600896861e-05 1260
1779075302918 1.3466367713004485e-05 1280
1779075309726 1.3197309417040359e-05 1300
1779075316536 1.2928251121076233e-05 1320
1779075323334 1.2659192825112108e-05 1340
1779075330131 1.2390134529147982e-05 1360
1779075336836 1.2121076233183856e-05 1380
1779075343617 1.1852017937219733e-05 1400
1779075350403 1.1582959641255605e-05 1420
1779075357192 1.1313901345291481e-05 1440
1779075363963 1.1044843049327354e-05 1460
1779075370774 1.077578475336323e-05 1480
1779075377579 1.0506726457399103e-05 1500
1779075390616 1.0237668161434977e-05 1520
1779075397402 9.968609865470853e-06 1540
1779075404179 9.699551569506726e-06 1560
1779075411189 9.430493273542602e-06 1580
1779075417977 9.161434977578475e-06 1600
1779075424760 8.89237668161435e-06 1620
1779075431563 8.623318385650223e-06 1640
1779075438357 8.3542600896861e-06 1660
1779075445167 8.085201793721974e-06 1680
1779075451952 7.816143497757848e-06 1700
1779075458743 7.547085201793722e-06 1720
1779075465527 7.278026905829596e-06 1740
1779075478832 7.008968609865471e-06 1760
1779075485413 6.739910313901346e-06 1780
1779075492005 6.47085201793722e-06 1800
1779075498604 6.201793721973094e-06 1820
1779075505122 5.932735426008969e-06 1840
1779075511721 5.663677130044843e-06 1860
1779075518519 5.3946188340807175e-06 1880
1779075525108 5.125560538116593e-06 1900
1779075531691 4.856502242152467e-06 1920
1779075538301 4.587443946188341e-06 1940
1779075544894 4.318385650224215e-06 1960
1779075551480 4.049327354260089e-06 1980
1779075558035 3.780269058295964e-06 2000
1779075570782 3.5112107623318385e-06 2020
1779075577024 3.242152466367713e-06 2040
1779075583083 2.9730941704035873e-06 2060
1779075589853 2.704035874439462e-06 2080
1779075596648 2.4349775784753364e-06 2100
1779075603431 2.165919282511211e-06 2120
1779075610246 1.8968609865470854e-06 2140
1779075617039 1.6278026905829598e-06 2160
1779075623814 1.3587443946188341e-06 2180
1779075630878 1.0896860986547085e-06 2200
1779075637661 8.20627802690583e-07 2220
1779075644472 5.515695067264575e-07 2240
1779075657456 2.825112107623319e-07 2260
1779075664185 1.3452914798206278e-08 2280
