1778710975669 0.019474196689386564 20
1778710977767 0.03894839337877313 40
1778710979862 0.05842259006815969 60
1778710981962 0.07789678675754626 80
1778710984059 0.09737098344693282 100
1778710986154 0.11684518013631938 120
1778710988253 0.13631937682570594 140
1778710990356 0.15579357351509251 160
1778710992455 0.17526777020447906 180
1778710994551 0.19474196689386564 200
1778710996652 0.21421616358325218 220
1778710998754 0.23369036027263876 240
1778711005081 0.24342745861733203 250
1778711006578 0.25316455696202533 260
1778711008681 0.2726387536514119 280
1778711010787 0.2921129503407984 300
1778711012891 0.31158714703018503 320
1778711014996 0.3310613437195716 340
1778711017103 0.3505355404089581 360
1778711019204 0.37000973709834467 380
1778711021302 0.3894839337877313 400
1778711023414 0.4089581304771178 420
1778711025514 0.42843232716650437 440
1778711027622 0.44790652385589097 460
1778711029720 0.4673807205452775 480
1778711031821 0.48685491723466406 500
1778711037107 0.48685491723466406 500
1778711039647 0.5063291139240507 520
1778711041748 0.5258033106134372 540
1778711043857 0.5452775073028238 560
1778711045959 0.5647517039922103 580
1778711048079 0.5842259006815969 600
1778711050307 0.6037000973709834 620
1778711052407 0.6231742940603701 640
1778711054510 0.6426484907497566 660
1778711056613 0.6621226874391432 680
1778711058716 0.6815968841285297 700
1778711060818 0.7010710808179162 720
1778711062919 0.7205452775073028 740
1778711069249 0.7302823758519961 750
1778711070740 0.7400194741966893 760
1778711072845 0.759493670886076 780
1778711074957 0.7789678675754625 800
1778711077060 0.7984420642648491 820
1778711079163 0.8179162609542356 840
1778711081265 0.8373904576436222 860
1778711083369 0.8568646543330087 880
1778711085463 0.8763388510223953 900
1778711087565 0.8958130477117819 920
1778711089659 0.9152872444011685 940
1778711091754 0.934761441090555 960
1778711093861 0.9542356377799416 980
1778711095965 0.9737098344693281 1000
1778711101308 0.9737098344693281 1000
1778711103853 0.9931840311587147 1020
1778711105941 1.0126582278481013 1040
1778711108040 1.0321324245374879 1060
1778711110141 1.0516066212268744 1080
1778711112251 1.071080817916261 1100
1778711114360 1.0905550146056475 1120
1778711116462 1.110029211295034 1140
1778711118564 1.1295034079844206 1160
1778711120664 1.1489776046738072 1180
1778711122767 1.1684518013631937 1200
1778711124865 1.1879259980525803 1220
1778711126966 1.2074001947419668 1240
1778711133341 1.2171372930866602 1250
1778711134842 1.2268743914313536 1260
1778711136941 1.24634858812074 1280
1778711139045 1.2658227848101267 1300
1778711141156 1.2852969814995132 1320
1778711143261 1.3047711781888998 1340
1778711145365 1.3242453748782863 1360
1778711147466 1.3437195715676729 1380
1778711149559 1.3631937682570594 1400
1778711151664 1.382667964946446 1420
1778711153771 1.4021421616358325 1440
1778711155874 1.421616358325219 1460
1778711157979 1.4410905550146056 1480
1778711160083 1.4605647517039921 1500
1778711165368 1.4605647517039921 1500
1778711167909 1.480038948393379 1520
1778711170012 1.4995131450827652 1540
1778711172122 1.518987341772152 1560
1778711174233 1.5384615384615383 1580
1778711176338 1.557935735150925 1600
1778711178440 1.5774099318403116 1620
1778711180539 1.5968841285296982 1640
1778711182646 1.6163583252190847 1660
1778711184749 1.6358325219084713 1680
1778711186849 1.6553067185978578 1700
1778711188946 1.6747809152872444 1720
1778711191053 1.694255111976631 1740
1778711197404 1.7039922103213243 1750
1778711198913 1.7137293086660175 1760
1778711201012 1.7332035053554042 1780
1778711203110 1.7526777020447906 1800
1778711205215 1.7721518987341773 1820
1778711207313 1.7916260954235637 1840
1778711209412 1.8111002921129504 1860
1778711211508 1.8305744888023368 1880
1778711213611 1.8500486854917235 1900
1778711215714 1.86952288218111 1920
1778711217821 1.8889970788704966 1940
1778711219928 1.9084712755598832 1960
1778711222033 1.9279454722492697 1980
1778711224129 1.9474196689386563 2000
1778711229413 1.9474196689386563 2000
1778711232062 1.9668938656280428 2020
1778711234164 1.9863680623174296 2040
1778711236248 2.005842259006816 2060
1778711238353 2.0253164556962027 2080
1778711240456 2.044790652385589 2100
1778711242560 2.0642648490749758 2120
1778711244664 2.083739045764362 2140
1778711246762 2.103213242453749 2160
1778711248865 2.122687439143135 2180
1778711250964 2.142161635832522 2200
1778711253071 2.1616358325219083 2220
1778711255172 2.181110029211295 2240
1778711261500 2.190847127555988 2250
1778711262989 2.2005842259006814 2260
1778711265090 2.220058422590068 2280
1778711267190 2.239532619279455 2300
1778711269290 2.2590068159688412 2320
1778711271387 2.278481012658228 2340
1778711273484 2.2979552093476143 2360
1778711275589 2.317429406037001 2380
1778711277693 2.3369036027263874 2400
1778711279792 2.356377799415774 2420
1778711281892 2.3758519961051605 2440
1778711283994 2.3953261927945473 2460
1778711286098 2.4148003894839336 2480
1778711288195 2.4342745861733204 2500
1778711293478 2.4342745861733204 2500
1778711296032 2.453748782862707 2520
1778711298133 2.4732229795520935 2540
1778711300228 2.49269717624148 2560
1778711302333 2.5121713729308666 2580
1778711304431 2.5316455696202533 2600
1778711306526 2.5511197663096397 2620
1778711308627 2.5705939629990264 2640
1778711310730 2.5900681596884128 2660
1778711312830 2.6095423563777995 2680
1778711314925 2.629016553067186 2700
1778711317027 2.6484907497565726 2720
1778711319127 2.667964946445959 2740
1778711325453 2.6777020447906525 2750
1778711326932 2.6874391431353457 2760
1778711329040 2.706913339824732 2780
1778711331138 2.726387536514119 2800
1778711333234 2.7458617332035056 2820
1778711335332 2.765335929892892 2840
1778711337426 2.7848101265822782 2860
1778711339523 2.804284323271665 2880
1778711341622 2.8237585199610518 2900
1778711343725 2.843232716650438 2920
1778711345820 2.862706913339825 2940
1778711347916 2.882181110029211 2960
1778711350012 2.901655306718598 2980
1778711352110 2.9211295034079843 3000
1778711357385 2.9211295034079843 3000
1778711359937 2.940603700097371 3020
1778711362034 2.960077896786758 3040
1778711364133 2.979552093476144 3060
1778711366235 2.9990262901655305 3080
1778711368305 3.0185004868549172 3100
1778711370400 3.037974683544304 3120
1778711372500 3.0574488802336903 3140
1778711374599 3.076923076923077 3160
1778711376695 3.0963972736124634 3180
1778711378792 3.11587147030185 3200
1778711380890 3.1353456669912365 3220
1778711382993 3.1548198636806233 3240
1778711389651 3.1645569620253164 3250
1778711391145 3.1742940603700096 3260
1778711393244 3.1937682570593964 3280
1778711395340 3.2132424537487827 3300
1778711397442 3.2327166504381695 3320
1778711399547 3.252190847127556 3340
1778711401647 3.2716650438169426 3360
1778711403751 3.291139240506329 3380
1778711405850 3.3106134371957157 3400
1778711407954 3.3300876338851024 3420
1778711410055 3.3495618305744888 3440
1778711412207 3.3690360272638755 3460
1778711414379 3.388510223953262 3480
1778711416479 3.4079844206426486 3500
1778711421751 3.4079844206426486 3500
1778711424331 3.427458617332035 3520
1778711426428 3.4469328140214217 3540
1778711428536 3.466407010710808 3560
1778711430639 3.485881207400195 3580
1778711432741 3.505355404089581 3600
1778711434833 3.524829600778968 3620
1778711436927 3.5443037974683547 3640
1778711439023 3.563777994157741 3660
1778711441117 3.5832521908471273 3680
1778711443230 3.602726387536514 3700
1778711445332 3.622200584225901 3720
1778711447423 3.641674780915287 3740
1778711453800 3.651411879259981 3750
1778711455299 3.661148977604674 3760
1778711457401 3.6806231742940603 3780
1778711459507 3.700097370983447 3800
1778711461608 3.7195715676728334 3820
1778711463712 3.73904576436222 3840
1778711465808 3.7585199610516065 3860
1778711467907 3.7779941577409932 3880
1778711470012 3.7974683544303796 3900
1778711472110 3.8169425511197663 3920
1778711474207 3.836416747809153 3940
1778711476307 3.8558909444985394 3960
1778711478409 3.8753651411879257 3980
1778711480510 3.8948393378773125 4000
1778711485787 3.8948393378773125 4000
1778711488317 3.9143135345666993 4020
1778711490419 3.9337877312560856 4040
1778711492515 3.9532619279454724 4060
1778711494617 3.9727361246348587 4080
1778711496703 3.9922103213242455 4100
1778711498783 4.011684518013632 4120
1778711500869 4.031158714703018 4140
1778711502971 4.050632911392405 4160
1778711505074 4.070107108081792 4180
1778711507168 4.089581304771178 4200
1778711509268 4.109055501460565 4220
1778711511368 4.1285296981499515 4240
1778711517699 4.138266796494644 4250
1778711519190 4.148003894839338 4260
1778711521282 4.167478091528724 4280
1778711523374 4.186952288218111 4300
1778711525474 4.206426484907498 4320
1778711527579 4.225900681596884 4340
1778711529687 4.24537487828627 4360
1778711531796 4.264849074975658 4380
1778711533903 4.284323271665044 4400
1778711536010 4.30379746835443 4420
1778711538113 4.3232716650438165 4440
1778711540212 4.342745861733204 4460
1778711542312 4.36222005842259 4480
1778711544412 4.381694255111976 4500
1778711549688 4.381694255111976 4500
1778711552226 4.401168451801363 4520
1778711554325 4.42064264849075 4540
1778711556423 4.440116845180136 4560
1778711558527 4.459591041869523 4580
1778711560618 4.47906523855891 4600
1778711562715 4.498539435248296 4620
1778711564814 4.5180136319376825 4640
1778711566914 4.537487828627069 4660
1778711569017 4.556962025316456 4680
1778711571122 4.576436222005842 4700
1778711573220 4.595910418695229 4720
1778711575316 4.615384615384615 4740
1778711581642 4.625121713729309 4750
1778711583143 4.634858812074002 4760
1778711585245 4.6543330087633885 4780
1778711587343 4.673807205452775 4800
1778711589439 4.693281402142162 4820
1778711591538 4.712755598831548 4840
1778711593649 4.732229795520935 4860
1778711595822 4.751703992210321 4880
1778711597913 4.771178188899708 4900
1778711600005 4.790652385589095 4920
1778711602088 4.810126582278481 4940
1778711604174 4.829600778967867 4960
1778711606266 4.849074975657254 4980
1778711608370 4.868549172346641 5000
1778711613681 4.868549172346641 5000
1778711616225 4.888023369036027 5020
1778711618322 4.907497565725414 5040
1778711620422 4.926971762414801 5060
1778711622519 4.946445959104187 5080
1778711624618 4.965920155793573 5100
1778711626715 4.98539435248296 5120
1778711628721 5.0 5135
1778711634016 5.0 5135
1778711640491 5.0 5135
1778711647308 5.0 0
