1778922945414 11.820033073425293 20
1778922950948 39.40938186645508 40
1778922956482 32.48798370361328 60
1778922962016 36.21238708496094 80
1778922967549 19.65370750427246 100
1778922973083 23.489795684814453 120
1778922978616 13.719789505004883 140
1778922984150 24.116004943847656 160
1778922989683 18.57976531982422 180
1778922995217 13.871773719787598 200
1778923000751 10.657837867736816 220
1778923006285 19.57741928100586 240
1778923025109 7.999058723449707 260
1778923030648 13.006875038146973 280
1778923036185 9.142769813537598 300
1778923041721 12.448657035827637 320
1778923047256 11.106637001037598 340
1778923052792 6.549083709716797 360
1778923058329 16.837915420532227 380
1778923063864 11.769499778747559 400
1778923069399 20.635313034057617 420
1778923074934 11.104705810546875 440
1778923080470 10.015631675720215 460
1778923086005 5.938539981842041 480
1778923091541 6.41525936126709 500
1778923110926 10.878835678100586 520
1778923116451 23.580442428588867 540
1778923121977 14.930160522460938 560
1778923127501 6.257623672485352 580
1778923133026 4.520358085632324 600
1778923138555 7.290672302246094 620
1778923144089 14.687652587890625 640
1778923149624 4.159746170043945 660
1778923155158 12.868335723876953 680
1778923160693 9.119214057922363 700
1778923166227 5.559826850891113 720
1778923171762 17.50142478942871 740
1778923191146 10.572161674499512 760
1778923196678 10.617561340332031 780
1778923202203 13.016717910766602 800
1778923207728 6.604864597320557 820
1778923213253 28.380374908447266 840
1778923218778 11.201252937316895 860
1778923224302 30.76702308654785 880
1778923229828 11.340938568115234 900
1778923235260 5.790210247039795 920
1778923240792 7.502009868621826 940
1778923246327 13.28569507598877 960
1778923251862 16.250730514526367 980
1778923257397 7.274054050445557 1000
1778923276771 21.13850212097168 1020
1778923282302 8.543133735656738 1040
1778923287827 22.02465057373047 1060
1778923293353 15.304697036743164 1080
1778923298878 18.076873779296875 1100
1778923304403 19.991365432739258 1120
1778923309929 16.53957748413086 1140
1778923315455 8.636771202087402 1160
1778923320980 13.281063079833984 1180
1778923326506 9.984424591064453 1200
1778923332031 17.69425392150879 1220
1778923337557 19.104900360107422 1240
1778923356369 13.791825294494629 1260
1778923361905 19.729007720947266 1280
1778923367447 15.349618911743164 1300
1778923372982 24.380123138427734 1320
1778923378517 15.573493957519531 1340
1778923384052 15.771750450134277 1360
1778923389587 10.419856071472168 1380
1778923395122 17.2139835357666 1400
1778923400657 15.511209487915039 1420
1778923406191 22.80440330505371 1440
1778923411726 22.821714401245117 1460
1778923417262 24.328493118286133 1480
1778923422797 10.8392915725708 1500
1778923442172 14.415063858032227 1520
1778923447703 48.613555908203125 1540
1778923453237 22.957365036010742 1560
1778923458773 28.12084197998047 1580
1778923464308 23.94886589050293 1600
1778923469843 17.44037628173828 1620
1778923475379 18.610864639282227 1640
1778923480915 28.168811798095703 1660
1778923486449 35.366127014160156 1680
1778923491985 24.330032348632812 1700
1778923497520 26.262971878051758 1720
1778923503057 19.934499740600586 1740
1778923522465 20.926923751831055 1760
1778923528005 58.211368560791016 1780
1778923533541 17.594186782836914 1800
1778923539076 9.305094718933105 1820
1778923544517 24.337963104248047 1840
1778923550053 20.085491180419922 1860
1778923555589 14.604676246643066 1880
1778923561124 12.317792892456055 1900
1778923566661 49.19276428222656 1920
1778923572197 22.62375259399414 1940
1778923577733 21.9455509185791 1960
1778923583269 15.477802276611328 1980
1778923588807 13.991602897644043 2000
1778923608182 19.740751266479492 2020
1778923613714 12.461548805236816 2040
1778923619239 15.781089782714844 2060
1778923624764 19.17160415649414 2080
1778923630290 22.360445022583008 2100
1778923635821 9.653976440429688 2120
1778923641357 25.489694595336914 2140
1778923646891 15.372986793518066 2160
1778923652428 18.833913803100586 2180
1778923657963 16.530607223510742 2200
1778923663498 30.35991096496582 2220
1778923669148 14.649605751037598 2240
1778923688551 18.41533660888672 2260
1778923694089 38.153926849365234 2280
1778923699621 28.35230827331543 2300
1778923705153 13.99837875366211 2320
1778923710685 23.131750106811523 2340
1778923716217 10.307173728942871 2360
1778923721749 13.46377944946289 2380
1778923727283 15.40640926361084 2400
1778923732815 19.85108184814453 2420
1778923738347 15.341961860656738 2440
1778923743879 12.409624099731445 2460
1778923749411 13.067463874816895 2480
1778923754943 23.2381591796875 2500
1778923774322 17.151269912719727 2520
1778923779862 11.616135597229004 2540
1778923785396 12.58984375 2560
1778923790931 19.19198226928711 2580
1778923796465 23.27863883972168 2600
1778923802000 31.48438835144043 2620
1778923807536 15.589740753173828 2640
1778923813070 19.253116607666016 2660
1778923818605 14.195987701416016 2680
1778923824140 19.65894889831543 2700
1778923829675 18.219636917114258 2720
1778923835115 30.329133987426758 2740
1778923854527 18.223756790161133 2760
1778923860068 23.980072021484375 2780
1778923865603 20.365215301513672 2800
1778923871138 23.617368698120117 2820
1778923876672 22.00142478942871 2840
1778923882207 22.921829223632812 2860
1778923887742 17.752172470092773 2880
1778923893276 16.8164119720459 2900
1778923898812 12.757555961608887 2920
1778923904347 21.659414291381836 2940
1778923909881 16.99714469909668 2960
1778923915415 47.611419677734375 2980
1778923920949 28.129566192626953 3000
1778923940322 21.077539443969727 3020
1778923945859 17.436031341552734 3040
1778923951392 42.91276550292969 3060
1778923956923 20.908096313476562 3080
1778923962454 41.01411056518555 3100
1778923967985 9.892617225646973 3120
1778923973517 18.238754272460938 3140
1778923979048 20.609020233154297 3160
1778923984580 19.96561622619629 3180
1778923990112 18.116491317749023 3200
1778923995644 25.078636169433594 3220
1778924001176 20.291248321533203 3240
1778924020563 39.9079475402832 3260
1778924026101 20.108993530273438 3280
1778924031636 27.91437339782715 3300
1778924037170 31.531517028808594 3320
1778924042704 19.463924407958984 3340
1778924048237 24.0596866607666 3360
1778924053772 16.253345489501953 3380
1778924059306 23.58704376220703 3400
1778924064840 13.171753883361816 3420
1778924070374 21.064790725708008 3440
1778924075909 32.591915130615234 3460
1778924081443 31.77413558959961 3480
1778924086978 27.132230758666992 3500
1778924106355 42.40499496459961 3520
1778924111894 19.498332977294922 3540
1778924117429 43.95698165893555 3560
1778924122964 22.872854232788086 3580
1778924128499 27.8702335357666 3600
1778924134034 33.37346649169922 3620
1778924139569 27.495649337768555 3640
1778924145010 15.968932151794434 3660
1778924150545 18.650665283203125 3680
1778924156080 45.235191345214844 3700
1778924161615 25.681182861328125 3720
1778924167150 21.195598602294922 3740
1778924186541 27.274112701416016 3760
1778924192077 20.873031616210938 3780
1778924197611 18.17881965637207 3800
1778924203145 29.461118698120117 3820
1778924208680 21.90585708618164 3840
1778924214214 17.13937759399414 3860
1778924219748 29.80954933166504 3880
1778924225283 27.69757843017578 3900
1778924230818 49.67862319946289 3920
1778924236352 17.203615188598633 3940
1778924241886 22.439552307128906 3960
1778924247421 23.093795776367188 3980
1778924252955 30.616491317749023 4000
1778924272325 40.05994415283203 4020
1778924277856 34.628623962402344 4040
1778924283381 40.507774353027344 4060
1778924288906 32.53188705444336 4080
1778924294446 19.07819366455078 4100
1778924300013 19.654294967651367 4120
1778924305548 17.98031997680664 4140
1778924311084 39.09701156616211 4160
1778924316619 18.230379104614258 4180
1778924322155 22.6319637298584 4200
1778924327690 27.0701904296875 4220
1778924333225 27.993579864501953 4240
1778924352638 26.736047744750977 4260
1778924358169 22.162681579589844 4280
1778924363696 29.516817092895508 4300
1778924369222 22.03179931640625 4320
1778924374749 26.856571197509766 4340
1778924380275 43.8808479309082 4360
1778924385802 40.21903991699219 4380
1778924391328 42.59113693237305 4400
1778924396853 22.0974178314209 4420
1778924402379 21.972318649291992 4440
1778924408021 28.947114944458008 4460
1778924413547 38.984249114990234 4480
1778924419073 28.998682022094727 4500
1778924438458 35.628692626953125 4520
1778924443996 28.0374698638916 4540
