1776945700089 0.0037537537537537537 20
1776945701728 0.0075075075075075074 40
1776945703362 0.01126126126126126 60
1776945705007 0.015015015015015015 80
1776945706645 0.01876876876876877 100
1776945708291 0.02252252252252252 120
1776945709930 0.026276276276276277 140
1776945711573 0.03003003003003003 160
1776945713203 0.033783783783783786 180
1776945714908 0.03753753753753754 200
1776945716536 0.04129129129129129 220
1776945718171 0.04504504504504504 240
1776945729034 0.04692192192192192 250
1776945729862 0.048798798798798795 260
1776945731502 0.052552552552552555 280
1776945733140 0.05630630630630631 300
1776945734771 0.06006006006006006 320
1776945736417 0.06381381381381382 340
1776945738087 0.06756756756756757 360
1776945739732 0.07132132132132132 380
1776945741376 0.07507507507507508 400
1776945743023 0.07882882882882883 420
1776945744663 0.08258258258258258 440
1776945746318 0.08633633633633633 460
1776945747966 0.09009009009009009 480
1776945749607 0.09384384384384384 500
1776945759154 0.09384384384384384 500
1776945762501 0.09759759759759759 520
1776945764170 0.10135135135135136 540
1776945765805 0.10510510510510511 560
1776945767445 0.10885885885885886 580
1776945769089 0.11261261261261261 600
1776945770736 0.11636636636636637 620
1776945772369 0.12012012012012012 640
1776945774023 0.12387387387387387 660
1776945775663 0.12762762762762764 680
1776945777303 0.1313813813813814 700
1776945778985 0.13513513513513514 720
1776945780622 0.1388888888888889 740
1776945790935 0.14076576576576577 750
1776945791760 0.14264264264264265 760
1776945793400 0.1463963963963964 780
1776945795055 0.15015015015015015 800
1776945796693 0.1539039039039039 820
1776945798341 0.15765765765765766 840
1776945799985 0.1614114114114114 860
1776945801620 0.16516516516516516 880
1776945803271 0.16891891891891891 900
1776945804908 0.17267267267267267 920
1776945806552 0.17642642642642642 940
1776945808197 0.18018018018018017 960
1776945809847 0.18393393393393392 980
1776945811485 0.18768768768768768 1000
1776945821029 0.18768768768768768 1000
1776945822843 0.18768768768768768 1000
1776945832703 0.18768768768768768 1000
1776945844955 0.18768768768768768 1000
1776945845515 0.18768768768768768 0
