1776945700089 0.6792 20
1776945701728 0.7007 40
1776945703362 0.7193 60
1776945705007 0.7175 80
1776945706645 0.7088 100
1776945708291 0.6889 120
1776945709930 0.7201 140
1776945711573 0.7154 160
1776945713203 0.7411 180
1776945714908 0.6885 200
1776945716536 0.7275 220
1776945718171 0.6924 240
1776945729862 0.7064 260
1776945731502 0.6977 280
1776945733140 0.6904 300
1776945734771 0.7028 320
1776945736417 0.6952 340
1776945738087 0.6927 360
1776945739732 0.6977 380
1776945741376 0.6958 400
1776945743023 0.695 420
1776945744663 0.6934 440
1776945746318 0.6913 460
1776945747966 0.6978 480
1776945749607 0.6927 500
1776945762501 0.7075 520
1776945764170 0.6959 540
1776945765805 0.6914 560
1776945767445 0.6923 580
1776945769089 0.6818 600
1776945770736 0.703 620
1776945772369 0.6927 640
1776945774023 0.7008 660
1776945775663 0.6963 680
1776945777303 0.6976 700
1776945778985 0.6938 720
1776945780622 0.6926 740
1776945791760 0.6962 760
1776945793400 0.6935 780
1776945795055 0.6952 800
1776945796693 0.6955 820
1776945798341 0.6919 840
1776945799985 0.6948 860
1776945801620 0.6916 880
1776945803271 0.6977 900
1776945804908 0.6913 920
1776945806552 0.6974 940
1776945808197 0.6934 960
1776945809847 0.693 980
1776945811485 0.6915 1000
