1778184948303 0.017777777777777778 20
1778184953289 0.035555555555555556 40
1778184958262 0.05333333333333334 60
1778184963245 0.07111111111111111 80
1778184968219 0.08888888888888889 100
1778184973221 0.10666666666666667 120
1778184978193 0.12444444444444444 140
1778184983163 0.14222222222222222 160
1778184988139 0.16 180
1778184993114 0.17777777777777778 200
1778184998076 0.19555555555555557 220
1778185003060 0.21333333333333335 240
1778185029200 0.2222222222222222 250
1778185032778 0.2311111111111111 260
1778185037739 0.24888888888888888 280
1778185042730 0.26666666666666666 300
1778185047879 0.28444444444444444 320
1778185052845 0.3022222222222222 340
1778185057825 0.32 360
1778185062800 0.3377777777777778 380
1778185067797 0.35555555555555557 400
1778185072759 0.37333333333333335 420
1778185077743 0.39111111111111113 440
1778185082708 0.4088888888888889 460
1778185087685 0.4266666666666667 480
1778185092654 0.4444444444444444 500
1778185110639 0.4444444444444444 500
1778185116650 0.4622222222222222 520
1778185121629 0.48 540
1778185126596 0.49777777777777776 560
1778185131568 0.5155555555555555 580
1778185136556 0.5333333333333333 600
1778185141546 0.5511111111111111 620
1778185146521 0.5688888888888889 640
1778185151499 0.5866666666666667 660
1778185156482 0.6044444444444445 680
1778185161442 0.6222222222222222 700
1778185166597 0.64 720
1778185171579 0.6577777777777778 740
1778185192198 0.6666666666666666 750
1778185195881 0.6755555555555556 760
1778185200859 0.6933333333333334 780
1778185205840 0.7111111111111111 800
1778185210819 0.7288888888888889 820
1778185215810 0.7466666666666667 840
1778185220790 0.7644444444444445 860
1778185225779 0.7822222222222223 880
1778185230753 0.8 900
1778185235730 0.8177777777777778 920
1778185240709 0.8355555555555556 940
1778185245683 0.8533333333333334 960
1778185250655 0.8711111111111111 980
1778185255643 0.8888888888888888 1000
1778185274302 0.8888888888888888 1000
1778185280501 0.9066666666666666 1020
1778185285485 0.9244444444444444 1040
1778185290700 0.9422222222222222 1060
1778185295677 0.96 1080
1778185300647 0.9777777777777777 1100
1778185305630 0.9955555555555555 1120
1778185310607 1.0133333333333334 1140
1778185315583 1.031111111111111 1160
1778185320577 1.048888888888889 1180
1778185325572 1.0666666666666667 1200
1778185330561 1.0844444444444445 1220
1778185335536 1.1022222222222222 1240
1778185355823 1.1111111111111112 1250
1778185359527 1.12 1260
1778185364516 1.1377777777777778 1280
1778185369491 1.1555555555555554 1300
1778185374466 1.1733333333333333 1320
1778185379450 1.1911111111111112 1340
1778185384425 1.208888888888889 1360
1778185389628 1.2266666666666666 1380
1778185394598 1.2444444444444445 1400
1778185399566 1.2622222222222224 1420
1778185404537 1.28 1440
1778185409514 1.2977777777777777 1460
1778185414523 1.3155555555555556 1480
1778185419509 1.3333333333333333 1500
1778185437380 1.3333333333333333 1500
1778185443558 1.3511111111111112 1520
1778185448535 1.3688888888888888 1540
1778185453519 1.3866666666666667 1560
1778185458495 1.4044444444444444 1580
1778185463480 1.4222222222222223 1600
1778185468479 1.44 1620
1778185473447 1.4577777777777778 1640
1778185478427 1.4755555555555555 1660
1778185483418 1.4933333333333334 1680
1778185488643 1.511111111111111 1700
1778185493628 1.528888888888889 1720
1778185498614 1.5466666666666666 1740
1778185519253 1.5555555555555556 1750
1778185522982 1.5644444444444443 1760
1778185527958 1.5822222222222222 1780
1778185532940 1.6 1800
1778185537902 1.6177777777777778 1820
1778185542879 1.6355555555555554 1840
1778185547843 1.6533333333333333 1860
1778185552810 1.6711111111111112 1880
1778185557778 1.6888888888888889 1900
1778185562762 1.7066666666666666 1920
1778185567740 1.7244444444444444 1940
1778185572709 1.7422222222222223 1960
1778185577684 1.76 1980
1778185582663 1.7777777777777777 2000
1778185600366 1.7777777777777777 2000
1778185606551 1.7955555555555556 2020
1778185611708 1.8133333333333335 2040
1778185616687 1.8311111111111111 2060
1778185621654 1.8488888888888888 2080
1778185626633 1.8666666666666667 2100
1778185631594 1.8844444444444446 2120
1778185636577 1.9022222222222223 2140
1778185641539 1.92 2160
1778185646501 1.9377777777777778 2180
1778185651487 1.9555555555555557 2200
1778185656465 1.9733333333333334 2220
1778185661439 1.991111111111111 2240
1778185681850 2.0 2250
1778185685578 2.008888888888889 2260
1778185690550 2.026666666666667 2280
1778185695516 2.0444444444444443 2300
1778185700489 2.062222222222222 2320
1778185705458 2.08 2340
1778185710435 2.097777777777778 2360
1778185715404 2.1155555555555554 2380
1778185720380 2.1333333333333333 2400
1778185725381 2.151111111111111 2420
1778185730362 2.168888888888889 2440
1778185735340 2.1866666666666665 2460
1778185740498 2.2044444444444444 2480
1778185745473 2.2222222222222223 2500
1778185763271 2.2222222222222223 2500
1778185769480 2.24 2520
1778185774463 2.2577777777777777 2540
1778185779422 2.2755555555555556 2560
1778185784406 2.2933333333333334 2580
1778185789379 2.311111111111111 2600
1778185794346 2.328888888888889 2620
1778185799303 2.3466666666666667 2640
1778185804282 2.3644444444444446 2660
1778185809259 2.3822222222222225 2680
1778185814253 2.4 2700
1778185819237 2.417777777777778 2720
1778185824224 2.4355555555555557 2740
1778185844517 2.4444444444444446 2750
1778185848250 2.453333333333333 2760
1778185853234 2.471111111111111 2780
1778185858221 2.488888888888889 2800
1778185863206 2.506666666666667 2820
1778185868184 2.5244444444444447 2840
1778185873142 2.542222222222222 2860
1778185878120 2.56 2880
1778185883082 2.5777777777777775 2900
1778185888059 2.5955555555555554 2920
1778185893042 2.6133333333333333 2940
1778185898017 2.631111111111111 2960
1778185903027 2.648888888888889 2980
1778185908002 2.6666666666666665 3000
1778185925812 2.6666666666666665 3000
1778185932175 2.6844444444444444 3020
1778185937162 2.7022222222222223 3040
1778185942145 2.7199999999999998 3060
1778185947144 2.7377777777777776 3080
1778185952136 2.7555555555555555 3100
1778185957109 2.7733333333333334 3120
1778185962095 2.7911111111111113 3140
1778185967063 2.8088888888888888 3160
1778185972029 2.8266666666666667 3180
1778185976999 2.8444444444444446 3200
1778185981962 2.862222222222222 3220
1778185986939 2.88 3240
1778186007261 2.888888888888889 3250
1778186010993 2.897777777777778 3260
1778186015976 2.9155555555555557 3280
1778186020951 2.9333333333333336 3300
1778186025937 2.951111111111111 3320
1778186030910 2.968888888888889 3340
1778186035908 2.986666666666667 3360
1778186040890 3.0044444444444443 3380
1778186045864 3.022222222222222 3400
1778186050841 3.04 3420
1778186055817 3.057777777777778 3440
1778186060808 3.0755555555555554 3460
1778186065780 3.0933333333333333 3480
1778186070758 3.111111111111111 3500
1778186088524 3.111111111111111 3500
1778186094731 3.128888888888889 3520
1778186099699 3.1466666666666665 3540
1778186104693 3.1644444444444444 3560
1778186109673 3.1822222222222223 3580
1778186114826 3.2 3600
1778186119791 3.2177777777777776 3620
1778186124766 3.2355555555555555 3640
1778186129749 3.2533333333333334 3660
1778186134714 3.2711111111111113 3680
1778186139673 3.2888888888888888 3700
1778186144649 3.3066666666666666 3720
1778186149627 3.3244444444444445 3740
1778186169904 3.3333333333333335 3750
1778186173632 3.3422222222222224 3760
1778186178612 3.36 3780
1778186183597 3.3777777777777778 3800
1778186188582 3.3955555555555557 3820
1778186193551 3.413333333333333 3840
1778186198543 3.431111111111111 3860
1778186203525 3.448888888888889 3880
1778186208491 3.466666666666667 3900
1778186213457 3.4844444444444447 3920
1778186218436 3.502222222222222 3940
1778186223413 3.52 3960
1778186228389 3.537777777777778 3980
1778186233375 3.5555555555555554 4000
1778186251249 3.5555555555555554 4000
1778186257489 3.5733333333333333 4020
1778186262457 3.591111111111111 4040
1778186267428 3.608888888888889 4060
1778186272418 3.626666666666667 4080
1778186277391 3.6444444444444444 4100
1778186282364 3.6622222222222223 4120
1778186287343 3.68 4140
1778186292495 3.6977777777777776 4160
1778186297464 3.7155555555555555 4180
1778186302449 3.7333333333333334 4200
1778186307435 3.7511111111111113 4220
1778186312398 3.7688888888888887 4240
1778186332613 3.7777777777777777 4250
1778186336337 3.7866666666666666 4260
1778186341309 3.8044444444444445 4280
1778186346297 3.822222222222222 4300
1778186351274 3.84 4320
1778186356264 3.8577777777777778 4340
1778186361248 3.8755555555555556 4360
1778186366229 3.8933333333333335 4380
1778186371223 3.911111111111111 4400
1778186376198 3.928888888888889 4420
1778186381176 3.9466666666666668 4440
1778186386157 3.964444444444444 4460
1778186391135 3.982222222222222 4480
1778186396110 4.0 4500
1778186413923 4.0 4500
1778186420126 4.017777777777778 4520
1778186425110 4.035555555555556 4540
1778186430086 4.053333333333334 4560
1778186435067 4.071111111111111 4580
1778186440052 4.088888888888889 4600
1778186445039 4.1066666666666665 4620
1778186450017 4.124444444444444 4640
1778186454982 4.142222222222222 4660
1778186459984 4.16 4680
1778186464965 4.177777777777778 4700
1778186469947 4.195555555555556 4720
1778186474931 4.213333333333333 4740
1778186495475 4.222222222222222 4750
1778186499190 4.231111111111111 4760
1778186504166 4.248888888888889 4780
1778186509130 4.266666666666667 4800
1778186514110 4.2844444444444445 4820
1778186519088 4.302222222222222 4840
1778186524075 4.32 4860
1778186529042 4.337777777777778 4880
1778186534011 4.355555555555555 4900
1778186538994 4.373333333333333 4920
1778186543967 4.391111111111111 4940
1778186548960 4.408888888888889 4960
1778186553933 4.426666666666667 4980
1778186558911 4.444444444444445 5000
1778186576797 4.444444444444445 5000
1778186583013 4.4622222222222225 5020
1778186588000 4.48 5040
1778186592992 4.497777777777777 5060
1778186597963 4.515555555555555 5080
1778186602957 4.533333333333333 5100
1778186607932 4.551111111111111 5120
1778186612914 4.568888888888889 5140
1778186617894 4.586666666666667 5160
1778186622885 4.604444444444445 5180
1778186627857 4.622222222222222 5200
1778186632831 4.64 5220
1778186637984 4.657777777777778 5240
1778186658221 4.666666666666667 5250
1778186661939 4.6755555555555555 5260
1778186666910 4.693333333333333 5280
1778186671892 4.711111111111111 5300
1778186676867 4.728888888888889 5320
1778186681861 4.746666666666667 5340
1778186686833 4.764444444444445 5360
1778186691811 4.782222222222222 5380
1778186696786 4.8 5400
1778186701767 4.817777777777778 5420
1778186706748 4.835555555555556 5440
1778186711725 4.8533333333333335 5460
1778186716698 4.871111111111111 5480
1778186721690 4.888888888888889 5500
1778186739484 4.888888888888889 5500
1778186745721 4.906666666666666 5520
1778186750703 4.924444444444444 5540
1778186755669 4.942222222222222 5560
1778186760632 4.96 5580
1778186765614 4.977777777777778 5600
1778186770587 4.995555555555556 5620
1778186775570 5.013333333333334 5640
1778186780536 5.0311111111111115 5660
1778186785526 5.0488888888888885 5680
1778186790498 5.066666666666666 5700
1778186795484 5.084444444444444 5720
1778186800455 5.102222222222222 5740
1778186820745 5.111111111111111 5750
1778186824451 5.12 5760
1778186829413 5.137777777777778 5780
1778186834562 5.155555555555556 5800
1778186839566 5.173333333333334 5820
1778186844559 5.191111111111111 5840
1778186849546 5.208888888888889 5860
1778186854508 5.226666666666667 5880
1778186859485 5.2444444444444445 5900
1778186864457 5.262222222222222 5920
1778186869429 5.28 5940
1778186874431 5.297777777777778 5960
1778186879419 5.315555555555555 5980
1778186884397 5.333333333333333 6000
1778186902309 5.333333333333333 6000
1778186908522 5.351111111111111 6020
1778186913499 5.368888888888889 6040
1778186918482 5.386666666666667 6060
1778186923459 5.404444444444445 6080
1778186928439 5.4222222222222225 6100
1778186933414 5.44 6120
1778186938382 5.457777777777777 6140
1778186943359 5.475555555555555 6160
1778186948333 5.493333333333333 6180
1778186953302 5.511111111111111 6200
1778186958270 5.528888888888889 6220
1778186963430 5.546666666666667 6240
1778186983628 5.555555555555555 6250
1778186987351 5.564444444444445 6260
1778186992328 5.582222222222223 6280
1778186997305 5.6 6300
1778187002282 5.6177777777777775 6320
1778187007246 5.635555555555555 6340
1778187012216 5.653333333333333 6360
1778187017211 5.671111111111111 6380
1778187022187 5.688888888888889 6400
1778187027184 5.706666666666667 6420
1778187032160 5.724444444444444 6440
1778187037144 5.742222222222222 6460
1778187042115 5.76 6480
1778187047098 5.777777777777778 6500
1778187064940 5.777777777777778 6500
1778187071175 5.795555555555556 6520
1778187076146 5.8133333333333335 6540
1778187081137 5.831111111111111 6560
1778187086103 5.848888888888889 6580
1778187091087 5.866666666666667 6600
1778187096056 5.884444444444444 6620
1778187101031 5.902222222222222 6640
1778187106015 5.92 6660
1778187110992 5.937777777777778 6680
1778187115968 5.955555555555556 6700
1778187120959 5.973333333333334 6720
1778187125943 5.9911111111111115 6740
1778187146447 6.0 6750
1778187150158 6.0088888888888885 6760
1778187155130 6.026666666666666 6780
1778187160115 6.044444444444444 6800
1778187165091 6.062222222222222 6820
1778187170058 6.08 6840
1778187175048 6.097777777777778 6860
1778187180027 6.115555555555556 6880
1778187185018 6.133333333333334 6900
1778187189999 6.151111111111111 6920
1778187194965 6.168888888888889 6940
1778187199939 6.1866666666666665 6960
1778187204919 6.204444444444444 6980
1778187209900 6.222222222222222 7000
1778187227684 6.222222222222222 7000
1778187233915 6.24 7020
1778187238901 6.257777777777778 7040
1778187243891 6.275555555555556 7060
1778187248874 6.293333333333333 7080
1778187253849 6.311111111111111 7100
1778187258815 6.328888888888889 7120
1778187263786 6.346666666666667 7140
1778187268758 6.364444444444445 7160
1778187273753 6.3822222222222225 7180
1778187278731 6.4 7200
1778187283694 6.417777777777777 7220
1778187288666 6.435555555555555 7240
1778187309002 6.444444444444445 7250
1778187312724 6.453333333333333 7260
1778187317692 6.471111111111111 7280
1778187322671 6.488888888888889 7300
1778187327664 6.506666666666667 7320
1778187332646 6.524444444444445 7340
1778187337634 6.542222222222223 7360
1778187342799 6.5600000000000005 7380
1778187347760 6.5777777777777775 7400
1778187352754 6.595555555555555 7420
1778187357755 6.613333333333333 7440
1778187362731 6.631111111111111 7460
1778187367713 6.648888888888889 7480
1778187372686 6.666666666666667 7500
1778187390564 6.666666666666667 7500
1778187396795 6.684444444444445 7520
1778187401776 6.702222222222222 7540
1778187406755 6.72 7560
1778187411712 6.737777777777778 7580
1778187416705 6.7555555555555555 7600
1778187421683 6.773333333333333 7620
1778187426656 6.791111111111111 7640
1778187431629 6.808888888888889 7660
1778187436611 6.826666666666666 7680
1778187441587 6.844444444444444 7700
1778187446552 6.862222222222222 7720
1778187451543 6.88 7740
1778187471838 6.888888888888889 7750
1778187475737 6.897777777777778 7760
1778187480717 6.915555555555556 7780
1778187485695 6.933333333333334 7800
1778187490667 6.9511111111111115 7820
1778187495639 6.968888888888889 7840
1778187500798 6.986666666666666 7860
1778187505773 7.004444444444444 7880
1778187510756 7.022222222222222 7900
1778187515746 7.04 7920
1778187520735 7.057777777777778 7940
1778187525716 7.075555555555556 7960
1778187530693 7.093333333333334 7980
1778187535674 7.111111111111111 8000
1778187553442 7.111111111111111 8000
1778187559541 7.128888888888889 8020
1778187564519 7.1466666666666665 8040
1778187569490 7.164444444444444 8060
1778187574470 7.182222222222222 8080
1778187579455 7.2 8100
1778187584431 7.217777777777778 8120
1778187589396 7.235555555555556 8140
1778187594381 7.253333333333333 8160
1778187599351 7.271111111111111 8180
1778187604323 7.288888888888889 8200
1778187609309 7.306666666666667 8220
1778187614290 7.3244444444444445 8240
1778187634522 7.333333333333333 8250
1778187638281 7.342222222222222 8260
1778187643501 7.36 8280
1778187648475 7.377777777777778 8300
1778187653463 7.395555555555555 8320
1778187658437 7.413333333333333 8340
1778187663400 7.431111111111111 8360
1778187668376 7.448888888888889 8380
1778187673348 7.466666666666667 8400
1778187678301 7.484444444444445 8420
1778187683281 7.502222222222223 8440
1778187688248 7.52 8460
1778187693207 7.5377777777777775 8480
1778187698202 7.555555555555555 8500
1778187716021 7.555555555555555 8500
1778187722283 7.573333333333333 8520
1778187727276 7.591111111111111 8540
1778187732486 7.608888888888889 8560
1778187737455 7.626666666666667 8580
1778187742440 7.644444444444445 8600
1778187747416 7.662222222222223 8620
1778187752385 7.68 8640
1778187757384 7.697777777777778 8660
1778187762350 7.7155555555555555 8680
1778187767325 7.733333333333333 8700
1778187772300 7.751111111111111 8720
1778187777249 7.768888888888889 8740
1778187797453 7.777777777777778 8750
1778187801201 7.786666666666667 8760
1778187806189 7.804444444444444 8780
1778187811171 7.822222222222222 8800
1778187816155 7.84 8820
1778187821121 7.857777777777778 8840
1778187826320 7.875555555555556 8860
1778187831303 7.8933333333333335 8880
1778187836283 7.911111111111111 8900
1778187841292 7.928888888888888 8920
1778187846274 7.946666666666666 8940
1778187851244 7.964444444444444 8960
1778187856221 7.982222222222222 8980
1778187861197 8.0 9000
1778187879126 8.0 9000
1778187885348 8.017777777777777 9020
1778187890323 8.035555555555556 9040
1778187895302 8.053333333333333 9060
1778187900272 8.071111111111112 9080
1778187905259 8.088888888888889 9100
1778187910227 8.106666666666667 9120
1778187915195 8.124444444444444 9140
1778187920182 8.142222222222221 9160
1778187925156 8.16 9180
1778187930128 8.177777777777777 9200
1778187935103 8.195555555555556 9220
1778187940092 8.213333333333333 9240
1778187960375 8.222222222222221 9250
1778187964112 8.231111111111112 9260
1778187969318 8.248888888888889 9280
1778187974300 8.266666666666667 9300
1778187979267 8.284444444444444 9320
1778187984236 8.302222222222222 9340
1778187989208 8.32 9360
1778187994187 8.337777777777777 9380
1778187999167 8.355555555555556 9400
1778188004158 8.373333333333333 9420
1778188009117 8.391111111111112 9440
1778188014094 8.408888888888889 9460
1778188019102 8.426666666666666 9480
1778188024072 8.444444444444445 9500
1778188041879 8.444444444444445 9500
1778188048122 8.462222222222222 9520
1778188053081 8.48 9540
1778188058065 8.497777777777777 9560
1778188063299 8.515555555555556 9580
1778188068280 8.533333333333333 9600
1778188073273 8.551111111111112 9620
1778188078263 8.568888888888889 9640
1778188083216 8.586666666666666 9660
1778188088196 8.604444444444445 9680
1778188093185 8.622222222222222 9700
1778188098148 8.64 9720
1778188103146 8.657777777777778 9740
1778188123540 8.666666666666666 9750
1778188127449 8.675555555555556 9760
1778188132435 8.693333333333333 9780
1778188137418 8.71111111111111 9800
1778188142396 8.72888888888889 9820
1778188147373 8.746666666666666 9840
1778188152349 8.764444444444445 9860
1778188157549 8.782222222222222 9880
1778188162528 8.8 9900
1778188167505 8.817777777777778 9920
1778188172479 8.835555555555555 9940
1778188177460 8.853333333333333 9960
1778188182429 8.87111111111111 9980
1778188187423 8.88888888888889 10000
1778188205185 8.88888888888889 10000
1778188211265 8.906666666666666 10020
1778188216245 8.924444444444445 10040
1778188221214 8.942222222222222 10060
1778188226194 8.96 10080
1778188231163 8.977777777777778 10100
1778188236143 8.995555555555555 10120
1778188241121 9.013333333333334 10140
1778188246083 9.03111111111111 10160
1778188251068 9.04888888888889 10180
1778188256280 9.066666666666666 10200
1778188261255 9.084444444444445 10220
1778188266229 9.102222222222222 10240
1778188286565 9.11111111111111 10250
1778188290286 9.12 10260
1778188295254 9.137777777777778 10280
1778188300231 9.155555555555555 10300
1778188305215 9.173333333333334 10320
1778188310192 9.19111111111111 10340
1778188315153 9.20888888888889 10360
1778188320115 9.226666666666667 10380
1778188325097 9.244444444444444 10400
1778188330071 9.262222222222222 10420
1778188335044 9.28 10440
1778188340042 9.297777777777778 10460
1778188345028 9.315555555555555 10480
1778188350016 9.333333333333334 10500
1778188367863 9.333333333333334 10500
1778188374077 9.351111111111111 10520
1778188379054 9.36888888888889 10540
1778188384035 9.386666666666667 10560
1778188389192 9.404444444444444 10580
1778188394164 9.422222222222222 10600
1778188399146 9.44 10620
1778188404111 9.457777777777778 10640
1778188409090 9.475555555555555 10660
1778188414076 9.493333333333334 10680
1778188419080 9.511111111111111 10700
1778188424054 9.528888888888888 10720
1778188429028 9.546666666666667 10740
1778188449342 9.555555555555555 10750
1778188453066 9.564444444444444 10760
1778188458042 9.582222222222223 10780
1778188463030 9.6 10800
1778188467994 9.617777777777778 10820
1778188472976 9.635555555555555 10840
1778188477946 9.653333333333332 10860
1778188482913 9.671111111111111 10880
1778188487903 9.688888888888888 10900
1778188492897 9.706666666666667 10920
1778188497860 9.724444444444444 10940
1778188502879 9.742222222222223 10960
1778188507849 9.76 10980
1778188512830 9.777777777777779 11000
1778188530591 9.777777777777779 11000
1778188536823 9.795555555555556 11020
1778188541816 9.813333333333333 11040
1778188546789 9.831111111111111 11060
1778188551762 9.848888888888888 11080
1778188556921 9.866666666666667 11100
1778188561894 9.884444444444444 11120
1778188566884 9.902222222222223 11140
1778188571858 9.92 11160
1778188576829 9.937777777777779 11180
1778188581814 9.955555555555556 11200
1778188586788 9.973333333333333 11220
1778188591760 9.991111111111111 11240
1778188612049 10.0 11250
1778188613354 10.0 11250
1778188631154 10.0 11250
1778188676070 10.0 11250
1778188676545 10.0 0
