1778184948303 1.1400000000000001e-05 20
1778184953289 2.3400000000000003e-05 40
1778184958262 2.9975892857142858e-05 60
1778184963245 2.9922321428571428e-05 80
1778184968219 2.986875e-05 100
1778184973221 2.981517857142857e-05 120
1778184978193 2.9761607142857144e-05 140
1778184983163 2.9708035714285717e-05 160
1778184988139 2.9654464285714286e-05 180
1778184993114 2.960089285714286e-05 200
1778184998076 2.954732142857143e-05 220
1778185003060 2.9493750000000002e-05 240
1778185032778 2.944017857142857e-05 260
1778185037739 2.9386607142857145e-05 280
1778185042730 2.9333035714285718e-05 300
1778185047879 2.9279464285714287e-05 320
1778185052845 2.9225892857142857e-05 340
1778185057825 2.9172321428571427e-05 360
1778185062800 2.911875e-05 380
1778185067797 2.9065178571428573e-05 400
1778185072759 2.9011607142857142e-05 420
1778185077743 2.8958035714285715e-05 440
1778185082708 2.8904464285714285e-05 460
1778185087685 2.8850892857142858e-05 480
1778185092654 2.8797321428571428e-05 500
1778185116650 2.874375e-05 520
1778185121629 2.8690178571428574e-05 540
1778185126596 2.8636607142857143e-05 560
1778185131568 2.8583035714285716e-05 580
1778185136556 2.8529464285714286e-05 600
1778185141546 2.847589285714286e-05 620
1778185146521 2.8422321428571432e-05 640
1778185151499 2.8368750000000002e-05 660
1778185156482 2.8315178571428575e-05 680
1778185161442 2.826160714285714e-05 700
1778185166597 2.8208035714285714e-05 720
1778185171579 2.8154464285714284e-05 740
1778185195881 2.8100892857142857e-05 760
1778185200859 2.804732142857143e-05 780
1778185205840 2.799375e-05 800
1778185210819 2.7940178571428572e-05 820
1778185215810 2.7886607142857142e-05 840
1778185220790 2.7833035714285715e-05 860
1778185225779 2.7779464285714288e-05 880
1778185230753 2.7725892857142858e-05 900
1778185235730 2.767232142857143e-05 920
1778185240709 2.761875e-05 940
1778185245683 2.7565178571428574e-05 960
1778185250655 2.7511607142857143e-05 980
1778185255643 2.7458035714285716e-05 1000
1778185280501 2.740446428571429e-05 1020
1778185285485 2.7350892857142855e-05 1040
1778185290700 2.729732142857143e-05 1060
1778185295677 2.7243749999999998e-05 1080
1778185300647 2.719017857142857e-05 1100
1778185305630 2.7136607142857144e-05 1120
1778185310607 2.7083035714285714e-05 1140
1778185315583 2.7029464285714287e-05 1160
1778185320577 2.6975892857142857e-05 1180
1778185325572 2.692232142857143e-05 1200
1778185330561 2.686875e-05 1220
1778185335536 2.6815178571428572e-05 1240
1778185359527 2.6761607142857145e-05 1260
1778185364516 2.6708035714285715e-05 1280
1778185369491 2.6654464285714288e-05 1300
1778185374466 2.6600892857142858e-05 1320
1778185379450 2.654732142857143e-05 1340
1778185384425 2.6493750000000004e-05 1360
1778185389628 2.6440178571428573e-05 1380
1778185394598 2.6386607142857143e-05 1400
1778185399566 2.6333035714285713e-05 1420
1778185404537 2.6279464285714286e-05 1440
1778185409514 2.6225892857142855e-05 1460
1778185414523 2.6172321428571428e-05 1480
1778185419509 2.611875e-05 1500
1778185443558 2.606517857142857e-05 1520
1778185448535 2.6011607142857144e-05 1540
1778185453519 2.5958035714285714e-05 1560
1778185458495 2.5904464285714287e-05 1580
1778185463480 2.585089285714286e-05 1600
1778185468479 2.579732142857143e-05 1620
1778185473447 2.5743750000000002e-05 1640
1778185478427 2.5690178571428572e-05 1660
1778185483418 2.5636607142857145e-05 1680
1778185488643 2.5583035714285715e-05 1700
1778185493628 2.5529464285714288e-05 1720
1778185498614 2.5475892857142857e-05 1740
1778185522982 2.5422321428571427e-05 1760
1778185527958 2.536875e-05 1780
1778185532940 2.531517857142857e-05 1800
1778185537902 2.5261607142857143e-05 1820
1778185542879 2.5208035714285716e-05 1840
1778185547843 2.5154464285714285e-05 1860
1778185552810 2.510089285714286e-05 1880
1778185557778 2.5047321428571428e-05 1900
1778185562762 2.499375e-05 1920
1778185567740 2.4940178571428574e-05 1940
1778185572709 2.4886607142857144e-05 1960
1778185577684 2.4833035714285717e-05 1980
1778185582663 2.4779464285714286e-05 2000
1778185606551 2.472589285714286e-05 2020
1778185611708 2.467232142857143e-05 2040
1778185616687 2.4618750000000002e-05 2060
1778185621654 2.4565178571428575e-05 2080
1778185626633 2.451160714285714e-05 2100
1778185631594 2.4458035714285714e-05 2120
1778185636577 2.4404464285714284e-05 2140
1778185641539 2.4350892857142857e-05 2160
1778185646501 2.429732142857143e-05 2180
1778185651487 2.424375e-05 2200
1778185656465 2.4190178571428573e-05 2220
1778185661439 2.4136607142857142e-05 2240
1778185685578 2.4083035714285715e-05 2260
1778185690550 2.4029464285714285e-05 2280
1778185695516 2.3975892857142858e-05 2300
1778185700489 2.392232142857143e-05 2320
1778185705458 2.386875e-05 2340
1778185710435 2.3815178571428574e-05 2360
1778185715404 2.3761607142857143e-05 2380
1778185720380 2.3708035714285717e-05 2400
1778185725381 2.365446428571429e-05 2420
1778185730362 2.3600892857142856e-05 2440
1778185735340 2.354732142857143e-05 2460
1778185740498 2.349375e-05 2480
1778185745473 2.344017857142857e-05 2500
1778185769480 2.338660714285714e-05 2520
1778185774463 2.3333035714285714e-05 2540
1778185779422 2.3279464285714287e-05 2560
1778185784406 2.3225892857142857e-05 2580
1778185789379 2.317232142857143e-05 2600
1778185794346 2.311875e-05 2620
1778185799303 2.3065178571428573e-05 2640
1778185804282 2.3011607142857146e-05 2660
1778185809259 2.2958035714285715e-05 2680
1778185814253 2.2904464285714288e-05 2700
1778185819237 2.2850892857142858e-05 2720
1778185824224 2.279732142857143e-05 2740
1778185848250 2.274375e-05 2760
1778185853234 2.2690178571428574e-05 2780
1778185858221 2.2636607142857143e-05 2800
1778185863206 2.2583035714285713e-05 2820
1778185868184 2.2529464285714286e-05 2840
1778185873142 2.2475892857142856e-05 2860
1778185878120 2.242232142857143e-05 2880
1778185883082 2.236875e-05 2900
1778185888059 2.231517857142857e-05 2920
1778185893042 2.2261607142857144e-05 2940
1778185898017 2.2208035714285714e-05 2960
1778185903027 2.2154464285714287e-05 2980
1778185908002 2.2100892857142857e-05 3000
1778185932175 2.204732142857143e-05 3020
1778185937162 2.1993750000000003e-05 3040
1778185942145 2.1940178571428572e-05 3060
1778185947144 2.1886607142857145e-05 3080
1778185952136 2.1833035714285715e-05 3100
1778185957109 2.1779464285714288e-05 3120
1778185962095 2.1725892857142858e-05 3140
1778185967063 2.1672321428571427e-05 3160
1778185972029 2.161875e-05 3180
1778185976999 2.156517857142857e-05 3200
1778185981962 2.1511607142857143e-05 3220
1778185986939 2.1458035714285713e-05 3240
1778186010993 2.1404464285714286e-05 3260
1778186015976 2.135089285714286e-05 3280
1778186020951 2.129732142857143e-05 3300
1778186025937 2.124375e-05 3320
1778186030910 2.119017857142857e-05 3340
1778186035908 2.1136607142857144e-05 3360
1778186040890 2.1083035714285717e-05 3380
1778186045864 2.1029464285714287e-05 3400
1778186050841 2.097589285714286e-05 3420
1778186055817 2.092232142857143e-05 3440
1778186060808 2.0868750000000002e-05 3460
1778186065780 2.0815178571428572e-05 3480
1778186070758 2.0761607142857142e-05 3500
1778186094731 2.0708035714285715e-05 3520
1778186099699 2.0654464285714284e-05 3540
1778186104693 2.0600892857142857e-05 3560
1778186109673 2.0547321428571427e-05 3580
1778186114826 2.049375e-05 3600
1778186119791 2.0440178571428573e-05 3620
1778186124766 2.0386607142857143e-05 3640
1778186129749 2.0333035714285716e-05 3660
1778186134714 2.0279464285714285e-05 3680
1778186139673 2.022589285714286e-05 3700
1778186144649 2.0172321428571428e-05 3720
1778186149627 2.011875e-05 3740
1778186173632 2.0065178571428574e-05 3760
1778186178612 2.0011607142857144e-05 3780
1778186183597 1.9958035714285717e-05 3800
1778186188582 1.9904464285714286e-05 3820
1778186193551 1.9850892857142856e-05 3840
1778186198543 1.979732142857143e-05 3860
1778186203525 1.974375e-05 3880
1778186208491 1.9690178571428572e-05 3900
1778186213457 1.963660714285714e-05 3920
1778186218436 1.9583035714285714e-05 3940
1778186223413 1.9529464285714284e-05 3960
1778186228389 1.9475892857142857e-05 3980
1778186233375 1.942232142857143e-05 4000
1778186257489 1.936875e-05 4020
1778186262457 1.9315178571428573e-05 4040
1778186267428 1.9261607142857143e-05 4060
1778186272418 1.9208035714285716e-05 4080
1778186277391 1.915446428571429e-05 4100
1778186282364 1.9100892857142858e-05 4120
1778186287343 1.904732142857143e-05 4140
1778186292495 1.899375e-05 4160
1778186297464 1.8940178571428574e-05 4180
1778186302449 1.888660714285714e-05 4200
1778186307435 1.8833035714285713e-05 4220
1778186312398 1.8779464285714286e-05 4240
1778186336337 1.8725892857142856e-05 4260
1778186341309 1.867232142857143e-05 4280
1778186346297 1.861875e-05 4300
1778186351274 1.856517857142857e-05 4320
1778186356264 1.8511607142857145e-05 4340
1778186361248 1.8458035714285714e-05 4360
1778186366229 1.8404464285714287e-05 4380
1778186371223 1.8350892857142857e-05 4400
1778186376198 1.829732142857143e-05 4420
1778186381176 1.824375e-05 4440
1778186386157 1.8190178571428573e-05 4460
1778186391135 1.8136607142857146e-05 4480
1778186396110 1.8083035714285715e-05 4500
1778186420126 1.802946428571429e-05 4520
1778186425110 1.7975892857142855e-05 4540
1778186430086 1.7922321428571428e-05 4560
1778186435067 1.786875e-05 4580
1778186440052 1.781517857142857e-05 4600
1778186445039 1.7761607142857143e-05 4620
1778186450017 1.7708035714285713e-05 4640
1778186454982 1.7654464285714286e-05 4660
1778186459984 1.760089285714286e-05 4680
1778186464965 1.754732142857143e-05 4700
1778186469947 1.7493750000000002e-05 4720
1778186474931 1.744017857142857e-05 4740
1778186499190 1.7386607142857144e-05 4760
1778186504166 1.7333035714285714e-05 4780
1778186509130 1.7279464285714287e-05 4800
1778186514110 1.722589285714286e-05 4820
1778186519088 1.717232142857143e-05 4840
1778186524075 1.7118750000000003e-05 4860
1778186529042 1.7065178571428572e-05 4880
1778186534011 1.7011607142857142e-05 4900
1778186538994 1.6958035714285715e-05 4920
1778186543967 1.6904464285714285e-05 4940
1778186548960 1.6850892857142858e-05 4960
1778186553933 1.6797321428571427e-05 4980
1778186558911 1.674375e-05 5000
1778186583013 1.669017857142857e-05 5020
1778186588000 1.6636607142857143e-05 5040
1778186592992 1.6583035714285716e-05 5060
1778186597963 1.6529464285714286e-05 5080
1778186602957 1.647589285714286e-05 5100
1778186607932 1.642232142857143e-05 5120
1778186612914 1.636875e-05 5140
1778186617894 1.6315178571428574e-05 5160
1778186622885 1.6261607142857144e-05 5180
1778186627857 1.6208035714285717e-05 5200
1778186632831 1.6154464285714287e-05 5220
1778186637984 1.6100892857142856e-05 5240
1778186661939 1.6047321428571426e-05 5260
1778186666910 1.599375e-05 5280
1778186671892 1.5940178571428572e-05 5300
1778186676867 1.5886607142857142e-05 5320
1778186681861 1.5833035714285715e-05 5340
1778186686833 1.5779464285714284e-05 5360
1778186691811 1.5725892857142858e-05 5380
1778186696786 1.567232142857143e-05 5400
1778186701767 1.561875e-05 5420
1778186706748 1.5565178571428573e-05 5440
1778186711725 1.5511607142857143e-05 5460
1778186716698 1.5458035714285716e-05 5480
1778186721690 1.5404464285714286e-05 5500
1778186745721 1.535089285714286e-05 5520
1778186750703 1.529732142857143e-05 5540
1778186755669 1.5243750000000001e-05 5560
1778186760632 1.5190178571428574e-05 5580
1778186765614 1.5136607142857142e-05 5600
1778186770587 1.5083035714285714e-05 5620
1778186775570 1.5029464285714285e-05 5640
1778186780536 1.4975892857142858e-05 5660
1778186785526 1.4922321428571428e-05 5680
1778186790498 1.486875e-05 5700
1778186795484 1.4815178571428572e-05 5720
1778186800455 1.4761607142857143e-05 5740
1778186824451 1.4708035714285715e-05 5760
1778186829413 1.4654464285714286e-05 5780
1778186834562 1.4600892857142857e-05 5800
1778186839566 1.454732142857143e-05 5820
1778186844559 1.4493750000000002e-05 5840
1778186849546 1.4440178571428571e-05 5860
1778186854508 1.4386607142857143e-05 5880
1778186859485 1.4333035714285714e-05 5900
1778186864457 1.4279464285714285e-05 5920
1778186869429 1.4225892857142858e-05 5940
1778186874431 1.417232142857143e-05 5960
1778186879419 1.4118750000000001e-05 5980
1778186884397 1.4065178571428572e-05 6000
1778186908522 1.4011607142857142e-05 6020
1778186913499 1.3958035714285713e-05 6040
1778186918482 1.3904464285714286e-05 6060
1778186923459 1.3850892857142858e-05 6080
1778186928439 1.3797321428571429e-05 6100
1778186933414 1.374375e-05 6120
1778186938382 1.3690178571428572e-05 6140
1778186943359 1.3636607142857143e-05 6160
1778186948333 1.3583035714285716e-05 6180
1778186953302 1.3529464285714286e-05 6200
1778186958270 1.3475892857142857e-05 6220
1778186963430 1.3422321428571428e-05 6240
1778186987351 1.336875e-05 6260
1778186992328 1.3315178571428571e-05 6280
1778186997305 1.3261607142857144e-05 6300
1778187002282 1.3208035714285715e-05 6320
1778187007246 1.3154464285714287e-05 6340
1778187012216 1.3100892857142858e-05 6360
1778187017211 1.3047321428571428e-05 6380
1778187022187 1.2993749999999999e-05 6400
1778187027184 1.2940178571428572e-05 6420
1778187032160 1.2886607142857143e-05 6440
1778187037144 1.2833035714285715e-05 6460
1778187042115 1.2779464285714286e-05 6480
1778187047098 1.2725892857142857e-05 6500
1778187071175 1.2672321428571429e-05 6520
1778187076146 1.2618750000000002e-05 6540
1778187081137 1.2565178571428571e-05 6560
1778187086103 1.2511607142857143e-05 6580
1778187091087 1.2458035714285714e-05 6600
1778187096056 1.2404464285714285e-05 6620
1778187101031 1.2350892857142857e-05 6640
1778187106015 1.229732142857143e-05 6660
1778187110992 1.2243750000000001e-05 6680
1778187115968 1.2190178571428572e-05 6700
1778187120959 1.2136607142857142e-05 6720
1778187125943 1.2083035714285713e-05 6740
1778187150158 1.2029464285714285e-05 6760
1778187155130 1.1975892857142858e-05 6780
1778187160115 1.192232142857143e-05 6800
1778187165091 1.186875e-05 6820
1778187170058 1.1815178571428572e-05 6840
1778187175048 1.1761607142857143e-05 6860
1778187180027 1.1708035714285715e-05 6880
1778187185018 1.1654464285714286e-05 6900
1778187189999 1.1600892857142857e-05 6920
1778187194965 1.1547321428571429e-05 6940
1778187199939 1.149375e-05 6960
1778187204919 1.1440178571428571e-05 6980
1778187209900 1.1386607142857143e-05 7000
1778187233915 1.1333035714285716e-05 7020
1778187238901 1.1279464285714287e-05 7040
1778187243891 1.1225892857142858e-05 7060
1778187248874 1.1172321428571428e-05 7080
1778187253849 1.111875e-05 7100
1778187258815 1.106517857142857e-05 7120
1778187263786 1.1011607142857144e-05 7140
1778187268758 1.0958035714285715e-05 7160
1778187273753 1.0904464285714286e-05 7180
1778187278731 1.0850892857142858e-05 7200
1778187283694 1.0797321428571429e-05 7220
1778187288666 1.074375e-05 7240
1778187312724 1.0690178571428572e-05 7260
1778187317692 1.0636607142857143e-05 7280
1778187322671 1.0583035714285714e-05 7300
1778187327664 1.0529464285714286e-05 7320
1778187332646 1.0475892857142857e-05 7340
1778187337634 1.0422321428571428e-05 7360
1778187342799 1.0368750000000001e-05 7380
1778187347760 1.0315178571428573e-05 7400
1778187352754 1.0261607142857142e-05 7420
1778187357755 1.0208035714285714e-05 7440
1778187362731 1.0154464285714285e-05 7460
1778187367713 1.0100892857142858e-05 7480
1778187372686 1.004732142857143e-05 7500
1778187396795 9.99375e-06 7520
1778187401776 9.940178571428572e-06 7540
1778187406755 9.886607142857143e-06 7560
1778187411712 9.833035714285715e-06 7580
1778187416705 9.779464285714286e-06 7600
1778187421683 9.725892857142857e-06 7620
1778187426656 9.672321428571429e-06 7640
1778187431629 9.61875e-06 7660
1778187436611 9.565178571428571e-06 7680
1778187441587 9.511607142857143e-06 7700
1778187446552 9.458035714285716e-06 7720
1778187451543 9.404464285714287e-06 7740
1778187475737 9.350892857142858e-06 7760
1778187480717 9.297321428571428e-06 7780
1778187485695 9.24375e-06 7800
1778187490667 9.19017857142857e-06 7820
1778187495639 9.136607142857144e-06 7840
1778187500798 9.083035714285715e-06 7860
1778187505773 9.029464285714286e-06 7880
1778187510756 8.975892857142858e-06 7900
1778187515746 8.922321428571429e-06 7920
1778187520735 8.86875e-06 7940
1778187525716 8.815178571428572e-06 7960
1778187530693 8.761607142857143e-06 7980
1778187535674 8.708035714285714e-06 8000
1778187559541 8.654464285714286e-06 8020
1778187564519 8.600892857142857e-06 8040
1778187569490 8.547321428571428e-06 8060
1778187574470 8.493750000000001e-06 8080
1778187579455 8.440178571428573e-06 8100
1778187584431 8.386607142857142e-06 8120
1778187589396 8.333035714285714e-06 8140
1778187594381 8.279464285714285e-06 8160
1778187599351 8.225892857142856e-06 8180
1778187604323 8.17232142857143e-06 8200
1778187609309 8.11875e-06 8220
1778187614290 8.065178571428572e-06 8240
1778187638281 8.011607142857144e-06 8260
1778187643501 7.958035714285715e-06 8280
1778187648475 7.904464285714284e-06 8300
1778187653463 7.850892857142858e-06 8320
1778187658437 7.797321428571429e-06 8340
1778187663400 7.74375e-06 8360
1778187668376 7.690178571428572e-06 8380
1778187673348 7.636607142857143e-06 8400
1778187678301 7.583035714285715e-06 8420
1778187683281 7.529464285714286e-06 8440
1778187688248 7.475892857142857e-06 8460
1778187693207 7.422321428571429e-06 8480
1778187698202 7.36875e-06 8500
1778187722283 7.315178571428571e-06 8520
1778187727276 7.261607142857143e-06 8540
1778187732486 7.208035714285714e-06 8560
1778187737455 7.154464285714286e-06 8580
1778187742440 7.100892857142857e-06 8600
1778187747416 7.047321428571428e-06 8620
1778187752385 6.99375e-06 8640
1778187757384 6.940178571428572e-06 8660
1778187762350 6.886607142857143e-06 8680
1778187767325 6.833035714285714e-06 8700
1778187772300 6.779464285714286e-06 8720
1778187777249 6.725892857142857e-06 8740
1778187801201 6.672321428571429e-06 8760
1778187806189 6.61875e-06 8780
1778187811171 6.565178571428571e-06 8800
1778187816155 6.511607142857143e-06 8820
1778187821121 6.458035714285715e-06 8840
1778187826320 6.404464285714286e-06 8860
1778187831303 6.3508928571428575e-06 8880
1778187836283 6.297321428571429e-06 8900
1778187841292 6.24375e-06 8920
1778187846274 6.190178571428572e-06 8940
1778187851244 6.136607142857143e-06 8960
1778187856221 6.083035714285714e-06 8980
1778187861197 6.029464285714286e-06 9000
1778187885348 5.975892857142858e-06 9020
1778187890323 5.922321428571428e-06 9040
1778187895302 5.86875e-06 9060
1778187900272 5.815178571428572e-06 9080
1778187905259 5.761607142857143e-06 9100
1778187910227 5.708035714285715e-06 9120
1778187915195 5.654464285714286e-06 9140
1778187920182 5.600892857142857e-06 9160
1778187925156 5.547321428571429e-06 9180
1778187930128 5.4937500000000006e-06 9200
1778187935103 5.440178571428571e-06 9220
1778187940092 5.386607142857143e-06 9240
1778187964112 5.3330357142857146e-06 9260
1778187969318 5.279464285714286e-06 9280
1778187974300 5.225892857142857e-06 9300
1778187979267 5.1723214285714286e-06 9320
1778187984236 5.11875e-06 9340
1778187989208 5.065178571428572e-06 9360
1778187994187 5.0116071428571434e-06 9380
1778187999167 4.958035714285714e-06 9400
1778188004158 4.904464285714286e-06 9420
1778188009117 4.8508928571428574e-06 9440
1778188014094 4.797321428571429e-06 9460
1778188019102 4.74375e-06 9480
1778188024072 4.6901785714285714e-06 9500
1778188048122 4.636607142857143e-06 9520
1778188053081 4.583035714285715e-06 9540
1778188058065 4.529464285714286e-06 9560
1778188063299 4.475892857142857e-06 9580
1778188068280 4.422321428571429e-06 9600
1778188073273 4.36875e-06 9620
1778188078263 4.315178571428572e-06 9640
1778188083216 4.261607142857143e-06 9660
1778188088196 4.208035714285714e-06 9680
1778188093185 4.154464285714286e-06 9700
1778188098148 4.100892857142858e-06 9720
1778188103146 4.047321428571428e-06 9740
1778188127449 3.99375e-06 9760
1778188132435 3.940178571428572e-06 9780
1778188137418 3.886607142857143e-06 9800
1778188142396 3.8330357142857145e-06 9820
1778188147373 3.7794642857142854e-06 9840
1778188152349 3.725892857142857e-06 9860
1778188157549 3.672321428571429e-06 9880
1778188162528 3.61875e-06 9900
1778188167505 3.5651785714285716e-06 9920
1778188172479 3.511607142857143e-06 9940
1778188177460 3.4580357142857143e-06 9960
1778188182429 3.4044642857142856e-06 9980
1778188187423 3.3508928571428574e-06 10000
1778188211265 3.2973214285714287e-06 10020
1778188216245 3.24375e-06 10040
1778188221214 3.190178571428572e-06 10060
1778188226194 3.1366071428571427e-06 10080
1778188231163 3.0830357142857145e-06 10100
1778188236143 3.029464285714286e-06 10120
1778188241121 2.975892857142857e-06 10140
1778188246083 2.9223214285714285e-06 10160
1778188251068 2.8687500000000003e-06 10180
1778188256280 2.815178571428571e-06 10200
1778188261255 2.761607142857143e-06 10220
1778188266229 2.7080357142857147e-06 10240
1778188290286 2.6544642857142856e-06 10260
1778188295254 2.6008928571428574e-06 10280
1778188300231 2.5473214285714287e-06 10300
1778188305215 2.49375e-06 10320
1778188310192 2.4401785714285714e-06 10340
1778188315153 2.386607142857143e-06 10360
1778188320115 2.333035714285714e-06 10380
1778188325097 2.279464285714286e-06 10400
1778188330071 2.225892857142857e-06 10420
1778188335044 2.1723214285714285e-06 10440
1778188340042 2.11875e-06 10460
1778188345028 2.0651785714285716e-06 10480
1778188350016 2.011607142857143e-06 10500
1778188374077 1.9580357142857143e-06 10520
1778188379054 1.9044642857142858e-06 10540
1778188384035 1.8508928571428571e-06 10560
1778188389192 1.7973214285714285e-06 10580
1778188394164 1.74375e-06 10600
1778188399146 1.6901785714285716e-06 10620
1778188404111 1.636607142857143e-06 10640
1778188409090 1.5830357142857145e-06 10660
1778188414076 1.5294642857142858e-06 10680
1778188419080 1.4758928571428571e-06 10700
1778188424054 1.4223214285714287e-06 10720
1778188429028 1.36875e-06 10740
1778188453066 1.3151785714285714e-06 10760
1778188458042 1.261607142857143e-06 10780
1778188463030 1.2080357142857142e-06 10800
1778188467994 1.1544642857142858e-06 10820
1778188472976 1.1008928571428573e-06 10840
1778188477946 1.0473214285714287e-06 10860
1778188482913 9.9375e-07 10880
1778188487903 9.401785714285715e-07 10900
1778188492897 8.866071428571429e-07 10920
1778188497860 8.330357142857143e-07 10940
1778188502879 7.794642857142857e-07 10960
1778188507849 7.258928571428571e-07 10980
1778188512830 6.723214285714287e-07 11000
1778188536823 6.1875e-07 11020
1778188541816 5.651785714285714e-07 11040
1778188546789 5.116071428571429e-07 11060
1778188551762 4.580357142857143e-07 11080
1778188556921 4.044642857142857e-07 11100
1778188561894 3.5089285714285716e-07 11120
1778188566884 2.9732142857142855e-07 11140
1778188571858 2.4375e-07 11160
1778188576829 1.901785714285714e-07 11180
1778188581814 1.3660714285714285e-07 11200
1778188586788 8.303571428571428e-08 11220
1778188591760 2.946428571428572e-08 11240
