1776266361307 1.0676028728485107 50
1776266412404 1.0031641721725464 100
1776266464688 0.5888129472732544 150
1776266517551 1.7996973991394043 200
1776266570853 2.6220881938934326 250
1776266624614 0.6613117456436157 300
1776266678944 1.2827857732772827 350
1776266733598 2.9024765491485596 400
1776266788303 0.6086776852607727 450
1776266843065 0.7942692041397095 500
1776266897893 0.4948544204235077 550
1776266952734 1.066597580909729 600
1776267007561 0.5340235829353333 650
1776267062389 0.7688481211662292 700
1776267168197 2.0943498611450195 750
1776267222191 0.9816567897796631 800
1776267276548 1.5224308967590332 850
1776267330920 1.4344651699066162 900
1776267385304 0.6957365274429321 950
1776267439650 1.005948543548584 1000
1776267494127 1.342505693435669 1050
1776267548477 0.49468767642974854 1100
1776267602879 0.44183018803596497 1150
1776267657427 2.912837028503418 1200
1776267712068 0.4992002248764038 1250
1776267766758 2.0320756435394287 1300
1776267821502 0.5829991102218628 1350
1776267876233 1.3813104629516602 1400
1776267931036 0.651716947555542 1450
1776268036946 1.2734426259994507 1500
1776268090847 0.47346481680870056 1550
1776268145068 0.5810712575912476 1600
1776268199506 0.4981083273887634 1650
1776268254221 1.4976600408554077 1700
1776268308947 0.859208345413208 1750
1776268363720 0.545025646686554 1800
1776268418666 0.5658703446388245 1850
1776268473504 2.028988838195801 1900
1776268528318 0.5009535551071167 1950
1776268583092 2.034705877304077 2000
1776268637961 1.1142891645431519 2050
1776268692733 1.2206169366836548 2100
1776268747497 0.630291223526001 2150
1776268802263 0.47610265016555786 2200
