1779085265374 1.533077359199524 20
1779085270372 1.1820690631866455 40
1779085275369 0.7390188574790955 60
1779085280331 1.9865913391113281 80
1779085285281 1.2886629104614258 100
1779085290261 2.4120357036590576 120
1779085295211 1.5610575675964355 140
1779085300150 0.6571192741394043 160
1779085305107 0.559377908706665 180
1779085310128 1.1046841144561768 200
1779085315143 1.828249454498291 220
1779085320131 3.1382646560668945 240
1779085331005 1.1413938999176025 260
1779085335969 0.6428291201591492 280
1779085340943 2.900320053100586 300
1779085345939 2.2087249755859375 320
1779085350940 0.8407570719718933 340
1779085355984 2.8622231483459473 360
1779085360985 2.563563346862793 380
1779085365969 2.192422389984131 400
1779085370959 0.7182636857032776 420
1779085375968 2.441486120223999 440
1779085380958 0.6272547841072083 460
1779085385974 0.9621050953865051 480
1779085390981 1.9810965061187744 500
1779085402165 2.663357973098755 520
1779085407157 0.7964679002761841 540
1779085412120 1.325812578201294 560
1779085417079 1.211144208908081 580
1779085422093 0.7892679572105408 600
1779085427130 0.7536413669586182 620
1779085432130 0.6643540263175964 640
1779085437147 1.2478886842727661 660
1779085442170 0.968592643737793 680
1779085447180 0.8194693326950073 700
1779085452194 1.7716861963272095 720
1779085457179 0.6235182285308838 740
1779085468032 0.7409976720809937 760
1779085473019 0.9597927927970886 780
1779085478032 1.1651331186294556 800
1779085483058 1.4361741542816162 820
1779085488048 2.121244430541992 840
1779085493069 1.3924890756607056 860
1779085498078 0.7698917984962463 880
1779085503096 1.5831596851348877 900
1779085508062 1.082476019859314 920
1779085513005 1.8532253503799438 940
1779085518029 0.6350848078727722 960
1779085523318 1.5684840679168701 980
1779085528293 0.8339983224868774 1000
1779085539091 4.314446449279785 1020
1779085544043 3.074881076812744 1040
1779085549000 3.2053167819976807 1060
1779085553933 0.6193289756774902 1080
1779085558950 2.3485336303710938 1100
1779085563941 1.587958812713623 1120
1779085568790 1.072951316833496 1140
1779085573734 2.9744222164154053 1160
1779085578659 0.7149144411087036 1180
1779085583558 4.971771240234375 1200
1779085588463 0.796697735786438 1220
1779085593381 0.700695276260376 1240
1779085604257 1.6160037517547607 1260
1779085609168 0.6346368193626404 1280
1779085614113 1.3769457340240479 1300
1779085619039 2.2863428592681885 1320
1779085623941 2.4824938774108887 1340
1779085628877 3.818418502807617 1360
1779085634104 0.8953514099121094 1380
1779085639005 0.5443838834762573 1400
1779085643890 0.5821106433868408 1420
1779085648800 1.4830505847930908 1440
1779085653713 1.4750709533691406 1460
1779085657556 2.216918468475342 1480
1779085662368 0.49995356798171997 1500
1779085673001 4.701812744140625 1520
1779085677978 0.6707845330238342 1540
1779085682988 2.914821147918701 1560
1779085687989 0.9649487733840942 1580
1779085692959 1.8357062339782715 1600
1779085697995 0.8805492520332336 1620
1779085703004 1.880494475364685 1640
1779085707998 1.417734980583191 1660
1779085713078 2.1312644481658936 1680
1779085718155 1.8388619422912598 1700
1779085723190 0.5832738876342773 1720
1779085728202 1.0511724948883057 1740
1779085738962 3.485645055770874 1760
1779085743933 3.9600982666015625 1780
1779085748972 2.7282402515411377 1800
1779085754226 1.0108146667480469 1820
1779085759179 0.6947376132011414 1840
1779085764128 0.8027305603027344 1860
1779085769100 0.7247257828712463 1880
1779085774035 1.2007477283477783 1900
1779085778978 0.668279767036438 1920
1779085783949 1.4267735481262207 1940
1779085789004 4.7526726722717285 1960
1779085794017 0.8599025011062622 1980
1779085798960 1.1920394897460938 2000
1779085809774 1.5283102989196777 2020
1779085814724 3.360196828842163 2040
1779085819780 0.7121022343635559 2060
1779085824806 0.807302713394165 2080
1779085829849 1.2567944526672363 2100
1779085834868 3.0572855472564697 2120
1779085839930 1.6166939735412598 2140
1779085844950 1.1241028308868408 2160
1779085849996 1.2067945003509521 2180
1779085855018 1.4414418935775757 2200
1779085860037 1.5679333209991455 2220
1779085865057 3.415619373321533 2240
1779085876363 3.3232572078704834 2260
1779085881352 3.9991846084594727 2280
