1778300107732 0.03003003003003003 20
1778300111448 0.06006006006006006 40
1778300115167 0.09009009009009009 60
1778300118885 0.12012012012012012 80
1778300122604 0.15015015015015015 100
1778300126320 0.18018018018018017 120
1778300130039 0.21021021021021022 140
1778300133755 0.24024024024024024 160
1778300137469 0.2702702702702703 180
1778300141186 0.3003003003003003 200
1778300144905 0.3303303303303303 220
1778300148621 0.36036036036036034 240
1778300154013 0.37537537537537535 250
1778300157097 0.39039039039039036 260
1778300160822 0.42042042042042044 280
1778300164541 0.45045045045045046 300
1778300168259 0.4804804804804805 320
1778300171978 0.5105105105105106 340
1778300175699 0.5405405405405406 360
1778300179418 0.5705705705705706 380
1778300183139 0.6006006006006006 400
1778300186860 0.6306306306306306 420
1778300190579 0.6606606606606606 440
1778300194303 0.6906906906906907 460
1778300198200 0.7207207207207207 480
1778300201918 0.7507507507507507 500
1778300205438 0.7507507507507507 500
1778300210195 0.7807807807807807 520
1778300213913 0.8108108108108109 540
1778300217632 0.8408408408408409 560
1778300221351 0.8708708708708709 580
1778300225066 0.9009009009009009 600
1778300228785 0.9309309309309309 620
1778300232501 0.960960960960961 640
1778300236218 0.990990990990991 660
1778300239936 1.021021021021021 680
1778300243656 1.0510510510510511 700
1778300247376 1.0810810810810811 720
1778300251092 1.1111111111111112 740
1778300256464 1.1261261261261262 750
1778300259696 1.1411411411411412 760
1778300263412 1.1711711711711712 780
1778300267128 1.2012012012012012 800
1778300270844 1.2312312312312312 820
1778300274745 1.2612612612612613 840
1778300278463 1.2912912912912913 860
1778300282183 1.3213213213213213 880
1778300285899 1.3513513513513513 900
1778300289611 1.3813813813813813 920
1778300293327 1.4114114114114114 940
1778300297042 1.4414414414414414 960
1778300300758 1.4714714714714714 980
1778300304474 1.5015015015015014 1000
1778300308004 1.5015015015015014 1000
1778300312944 1.5315315315315314 1020
1778300316663 1.5615615615615615 1040
1778300320382 1.5915915915915915 1060
1778300324095 1.6216216216216215 1080
1778300327810 1.6516516516516515 1100
1778300331529 1.6816816816816815 1120
1778300335252 1.7117117117117115 1140
1778300338972 1.7417417417417418 1160
1778300342686 1.7717717717717718 1180
1778300346403 1.8018018018018018 1200
1778300350117 1.8318318318318318 1220
1778300353833 1.8618618618618619 1240
1778300359206 1.8768768768768769 1250
1778300362273 1.8918918918918919 1260
1778300365989 1.921921921921922 1280
1778300369709 1.951951951951952 1300
1778300373431 1.981981981981982 1320
1778300377385 2.012012012012012 1340
1778300381105 2.042042042042042 1360
1778300384822 2.0720720720720722 1380
1778300388541 2.1021021021021022 1400
1778300392260 2.1321321321321323 1420
1778300395978 2.1621621621621623 1440
1778300399697 2.1921921921921923 1460
1778300403411 2.2222222222222223 1480
1778300407133 2.2522522522522523 1500
1778300410663 2.2522522522522523 1500
1778300415614 2.2822822822822824 1520
1778300419338 2.3123123123123124 1540
1778300423057 2.3423423423423424 1560
1778300426773 2.3723723723723724 1580
1778300430492 2.4024024024024024 1600
1778300434208 2.4324324324324325 1620
1778300437926 2.4624624624624625 1640
1778300441823 2.4924924924924925 1660
1778300445547 2.5225225225225225 1680
1778300449262 2.5525525525525525 1700
1778300452977 2.5825825825825826 1720
1778300456693 2.6126126126126126 1740
1778300462068 2.6276276276276276 1750
1778300464941 2.6426426426426426 1760
1778300468662 2.6726726726726726 1780
1778300472378 2.7027027027027026 1800
1778300476093 2.7327327327327327 1820
1778300479807 2.7627627627627627 1840
1778300483524 2.7927927927927927 1860
1778300487240 2.8228228228228227 1880
1778300490958 2.8528528528528527 1900
1778300494672 2.8828828828828827 1920
1778300498388 2.9129129129129128 1940
1778300502109 2.942942942942943 1960
1778300505824 2.972972972972973 1980
1778300509540 3.003003003003003 2000
1778300513059 3.003003003003003 2000
1778300517962 3.033033033033033 2020
1778300521685 3.063063063063063 2040
1778300525399 3.093093093093093 2060
1778300529111 3.123123123123123 2080
1778300532834 3.153153153153153 2100
1778300536554 3.1831831831831834 2120
1778300540275 3.2132132132132134 2140
1778300543997 3.2432432432432434 2160
1778300547717 3.2732732732732734 2180
1778300551434 3.3033033033033035 2200
1778300555152 3.3333333333333335 2220
1778300558866 3.3633633633633635 2240
1778300564237 3.3783783783783785 2250
1778300567275 3.3933933933933935 2260
1778300570990 3.4234234234234235 2280
1778300574705 3.4534534534534536 2300
1778300578423 3.4834834834834836 2320
1778300582320 3.5135135135135136 2340
1778300586037 3.5435435435435436 2360
1778300589755 3.5735735735735736 2380
1778300593485 3.6036036036036037 2400
1778300597204 3.6336336336336337 2420
1778300600923 3.6636636636636637 2440
1778300604642 3.6936936936936937 2460
1778300608361 3.7237237237237237 2480
1778300612082 3.7537537537537538 2500
1778300615605 3.7537537537537538 2500
1778300620507 3.7837837837837838 2520
1778300624229 3.813813813813814 2540
1778300627944 3.843843843843844 2560
1778300631657 3.873873873873874 2580
1778300635372 3.903903903903904 2600
1778300639085 3.933933933933934 2620
1778300642804 3.963963963963964 2640
1778300646518 3.993993993993994 2660
1778300648497 4.0 2664
1778300652233 4.0 2664
1778300656707 4.0 2664
1778300657296 4.0 0
