1778300107732 1.1400000000000001e-05 20
1778300111448 2.3400000000000003e-05 40
1778300115167 2.9896710022953328e-05 60
1778300118885 2.966717674062739e-05 80
1778300122604 2.9437643458301456e-05 100
1778300126320 2.9208110175975516e-05 120
1778300130039 2.897857689364958e-05 140
1778300133755 2.874904361132364e-05 160
1778300137469 2.8519510328997704e-05 180
1778300141186 2.828997704667177e-05 200
1778300144905 2.8060443764345832e-05 220
1778300148621 2.7830910482019893e-05 240
1778300157097 2.7601377199693957e-05 260
1778300160822 2.7371843917368017e-05 280
1778300164541 2.714231063504208e-05 300
1778300168259 2.6912777352716145e-05 320
1778300171978 2.668324407039021e-05 340
1778300175699 2.6453710788064273e-05 360
1778300179418 2.622417750573833e-05 380
1778300183139 2.5994644223412394e-05 400
1778300186860 2.5765110941086458e-05 420
1778300190579 2.5535577658760522e-05 440
1778300194303 2.5306044376434586e-05 460
1778300198200 2.5076511094108647e-05 480
1778300201918 2.4846977811782707e-05 500
1778300210195 2.461744452945677e-05 520
1778300213913 2.4387911247130835e-05 540
1778300217632 2.41583779648049e-05 560
1778300221351 2.392884468247896e-05 580
1778300225066 2.3699311400153023e-05 600
1778300228785 2.3469778117827084e-05 620
1778300232501 2.3240244835501148e-05 640
1778300236218 2.3010711553175212e-05 660
1778300239936 2.2781178270849272e-05 680
1778300243656 2.2551644988523336e-05 700
1778300247376 2.23221117061974e-05 720
1778300251092 2.209257842387146e-05 740
1778300259696 2.1863045141545525e-05 760
1778300263412 2.1633511859219585e-05 780
1778300267128 2.140397857689365e-05 800
1778300270844 2.1174445294567713e-05 820
1778300274745 2.0944912012241777e-05 840
1778300278463 2.0715378729915838e-05 860
1778300282183 2.04858454475899e-05 880
1778300285899 2.0256312165263962e-05 900
1778300289611 2.0026778882938026e-05 920
1778300293327 1.979724560061209e-05 940
1778300297042 1.9567712318286154e-05 960
1778300300758 1.9338179035960218e-05 980
1778300304474 1.9108645753634275e-05 1000
1778300312944 1.887911247130834e-05 1020
1778300316663 1.8649579188982403e-05 1040
1778300320382 1.8420045906656467e-05 1060
1778300324095 1.819051262433053e-05 1080
1778300327810 1.796097934200459e-05 1100
1778300331529 1.7731446059678652e-05 1120
1778300335252 1.7501912777352716e-05 1140
1778300338972 1.727237949502678e-05 1160
1778300342686 1.7042846212700844e-05 1180
1778300346403 1.6813312930374904e-05 1200
1778300350117 1.6583779648048968e-05 1220
1778300353833 1.635424636572303e-05 1240
1778300362273 1.6124713083397093e-05 1260
1778300365989 1.5895179801071156e-05 1280
1778300369709 1.5665646518745217e-05 1300
1778300373431 1.543611323641928e-05 1320
1778300377385 1.5206579954093343e-05 1340
1778300381105 1.4977046671767407e-05 1360
1778300384822 1.474751338944147e-05 1380
1778300388541 1.4517980107115532e-05 1400
1778300392260 1.4288446824789596e-05 1420
1778300395978 1.4058913542463658e-05 1440
1778300399697 1.382938026013772e-05 1460
1778300403411 1.3599846977811782e-05 1480
1778300407133 1.3370313695485846e-05 1500
1778300415614 1.3140780413159908e-05 1520
1778300419338 1.291124713083397e-05 1540
1778300423057 1.2681713848508035e-05 1560
1778300426773 1.2452180566182097e-05 1580
1778300430492 1.2222647283856159e-05 1600
1778300434208 1.1993114001530223e-05 1620
1778300437926 1.1763580719204284e-05 1640
1778300441823 1.1534047436878347e-05 1660
1778300445547 1.1304514154552411e-05 1680
1778300449262 1.1074980872226474e-05 1700
1778300452977 1.0845447589900536e-05 1720
1778300456693 1.0615914307574598e-05 1740
1778300464941 1.0386381025248662e-05 1760
1778300468662 1.0156847742922724e-05 1780
1778300472378 9.927314460596787e-06 1800
1778300476093 9.69778117827085e-06 1820
1778300479807 9.468247895944911e-06 1840
1778300483524 9.238714613618975e-06 1860
1778300487240 9.009181331293039e-06 1880
1778300490958 8.7796480489671e-06 1900
1778300494672 8.550114766641163e-06 1920
1778300498388 8.320581484315227e-06 1940
1778300502109 8.091048201989288e-06 1960
1778300505824 7.861514919663352e-06 1980
1778300509540 7.631981637337414e-06 2000
1778300517962 7.402448355011477e-06 2020
1778300521685 7.172915072685539e-06 2040
1778300525399 6.943381790359602e-06 2060
1778300529111 6.7138485080336655e-06 2080
1778300532834 6.484315225707728e-06 2100
1778300536554 6.254781943381791e-06 2120
1778300540275 6.025248661055853e-06 2140
1778300543997 5.795715378729916e-06 2160
1778300547717 5.566182096403979e-06 2180
1778300551434 5.3366488140780415e-06 2200
1778300555152 5.107115531752104e-06 2220
1778300558866 4.877582249426167e-06 2240
1778300567275 4.64804896710023e-06 2260
1778300570990 4.418515684774292e-06 2280
1778300574705 4.188982402448355e-06 2300
1778300578423 3.9594491201224175e-06 2320
1778300582320 3.7299158377964806e-06 2340
1778300586037 3.5003825554705436e-06 2360
1778300589755 3.270849273144606e-06 2380
1778300593485 3.041315990818669e-06 2400
1778300597204 2.8117827084927316e-06 2420
1778300600923 2.582249426166794e-06 2440
1778300604642 2.352716143840857e-06 2460
1778300608361 2.1231828615149196e-06 2480
1778300612082 1.8936495791889825e-06 2500
1778300620507 1.6641162968630452e-06 2520
1778300624229 1.4345830145371078e-06 2540
1778300627944 1.2050497322111707e-06 2560
1778300631657 9.755164498852334e-07 2580
1778300635372 7.459831675592961e-07 2600
1778300639085 5.164498852333589e-07 2620
1778300642804 2.8691660290742157e-07 2640
1778300646518 5.738332058148432e-08 2660
