1778300107732 0.6952 20
1778300111448 0.6752 40
1778300115167 0.6095 60
1778300118885 0.5186 80
1778300122604 0.5185 100
1778300126320 0.4604 120
1778300130039 0.4638 140
1778300133755 0.4446 160
1778300137469 0.4408 180
1778300141186 0.4048 200
1778300144905 0.4234 220
1778300148621 0.4091 240
1778300157097 0.4083 260
1778300160822 0.4029 280
1778300164541 0.3836 300
1778300168259 0.4224 320
1778300171978 0.4009 340
1778300175699 0.4029 360
1778300179418 0.4194 380
1778300183139 0.3868 400
1778300186860 0.4031 420
1778300190579 0.3883 440
1778300194303 0.4375 460
1778300198200 0.3897 480
1778300201918 0.4145 500
1778300210195 0.4499 520
1778300213913 0.4185 540
1778300217632 0.4028 560
1778300221351 0.4037 580
1778300225066 0.4072 600
1778300228785 0.3857 620
1778300232501 0.4224 640
1778300236218 0.4 660
1778300239936 0.3755 680
1778300243656 0.35 700
1778300247376 0.328 720
1778300251092 0.3212 740
1778300259696 0.3659 760
1778300263412 0.376 780
1778300267128 0.3566 800
1778300270844 0.3468 820
1778300274745 0.3215 840
1778300278463 0.3569 860
1778300282183 0.3446 880
1778300285899 0.3373 900
1778300289611 0.3164 920
1778300293327 0.339 940
1778300297042 0.3557 960
1778300300758 0.3309 980
1778300304474 0.3334 1000
1778300312944 0.3557 1020
1778300316663 0.3354 1040
1778300320382 0.3128 1060
1778300324095 0.339 1080
1778300327810 0.3248 1100
1778300331529 0.3484 1120
1778300335252 0.3283 1140
1778300338972 0.3683 1160
1778300342686 0.3226 1180
1778300346403 0.34 1200
1778300350117 0.3194 1220
1778300353833 0.3547 1240
1778300362273 0.31 1260
1778300365989 0.3328 1280
1778300369709 0.3388 1300
1778300373431 0.3249 1320
1778300377385 0.3283 1340
1778300381105 0.2635 1360
1778300384822 0.2695 1380
1778300388541 0.262 1400
1778300392260 0.2642 1420
1778300395978 0.3015 1440
1778300399697 0.3017 1460
1778300403411 0.24 1480
1778300407133 0.2641 1500
1778300415614 0.24 1520
1778300419338 0.2415 1540
1778300423057 0.3024 1560
1778300426773 0.2742 1580
1778300430492 0.2568 1600
1778300434208 0.2711 1620
1778300437926 0.2355 1640
1778300441823 0.2608 1660
1778300445547 0.2694 1680
1778300449262 0.2492 1700
1778300452977 0.2728 1720
1778300456693 0.2514 1740
1778300464941 0.2761 1760
1778300468662 0.2658 1780
1778300472378 0.2581 1800
1778300476093 0.2647 1820
1778300479807 0.2751 1840
1778300483524 0.2651 1860
1778300487240 0.2692 1880
1778300490958 0.2678 1900
1778300494672 0.2681 1920
1778300498388 0.2676 1940
1778300502109 0.2422 1960
1778300505824 0.2445 1980
1778300509540 0.2665 2000
1778300517962 0.2324 2020
1778300521685 0.1994 2040
1778300525399 0.1909 2060
1778300529111 0.2077 2080
1778300532834 0.199 2100
1778300536554 0.2024 2120
1778300540275 0.1908 2140
1778300543997 0.1783 2160
1778300547717 0.2049 2180
1778300551434 0.2115 2200
1778300555152 0.1908 2220
1778300558866 0.2024 2240
1778300567275 0.1874 2260
1778300570990 0.1923 2280
1778300574705 0.2055 2300
1778300578423 0.1981 2320
1778300582320 0.1984 2340
1778300586037 0.2099 2360
1778300589755 0.2077 2380
1778300593485 0.2316 2400
1778300597204 0.1848 2420
1778300600923 0.2103 2440
1778300604642 0.2072 2460
1778300608361 0.1956 2480
1778300612082 0.2176 2500
1778300620507 0.2046 2520
1778300624229 0.192 2540
1778300627944 0.1841 2560
1778300631657 0.1898 2580
1778300635372 0.1704 2600
1778300639085 0.1888 2620
1778300642804 0.1923 2640
1778300646518 0.1914 2660
