1779319208240 0.1092896174863388 20
1779319209124 0.2185792349726776 40
1779319210144 0.32786885245901637 60
1779319211137 0.4371584699453552 80
1779319212055 0.546448087431694 100
1779319213050 0.6557377049180327 120
1779319214006 0.7650273224043715 140
1779319214944 0.8743169398907104 160
1779319215962 0.9836065573770492 180
1779319216955 1.092896174863388 200
1779319217970 1.2021857923497268 220
1779319218955 1.3114754098360657 240
1779319219858 1.366120218579235 250
1779319222112 1.4207650273224044 260
1779319223136 1.530054644808743 280
1779319224100 1.639344262295082 300
1779319225160 1.748633879781421 320
1779319226190 1.8579234972677594 340
1779319227189 1.9672131147540983 360
1779319228174 2.0765027322404372 380
1779319229112 2.185792349726776 400
1779319230038 2.2950819672131146 420
1779319230947 2.4043715846994536 440
1779319231887 2.5136612021857925 460
1779319232807 2.6229508196721314 480
1779319233766 2.73224043715847 500
1779319234228 2.73224043715847 500
1779319237020 2.841530054644809 520
1779319237977 2.9508196721311473 540
1779319238939 3.060109289617486 560
1779319239884 3.169398907103825 580
1779319240888 3.278688524590164 600
1779319241931 3.387978142076503 620
1779319242923 3.4972677595628414 640
1779319243906 3.6065573770491803 660
1779319244900 3.7158469945355193 680
1779319245850 3.8251366120218577 700
1779319246797 3.9344262295081966 720
1779319247804 4.043715846994536 740
1779319248748 4.098360655737705 750
1779319251342 4.1530054644808745 760
1779319252304 4.262295081967213 780
1779319253196 4.371584699453552 800
1779319254096 4.48087431693989 820
1779319255030 4.590163934426229 840
1779319255888 4.699453551912568 860
1779319256802 4.808743169398907 880
1779319257771 4.918032786885246 900
1779319258740 5.027322404371585 920
1779319259699 5.136612021857924 940
1779319260700 5.245901639344262 960
1779319261692 5.355191256830601 980
1779319262715 5.46448087431694 1000
1779319263147 5.46448087431694 1000
1779319266268 5.573770491803279 1020
1779319267222 5.683060109289618 1040
1779319268260 5.7923497267759565 1060
1779319269226 5.901639344262295 1080
1779319270262 6.0109289617486334 1100
1779319271243 6.120218579234972 1120
1779319272274 6.229508196721311 1140
1779319273244 6.33879781420765 1160
1779319274127 6.448087431693989 1180
1779319275006 6.557377049180328 1200
1779319275840 6.666666666666667 1220
1779319276752 6.775956284153006 1240
1779319277653 6.830601092896175 1250
1779319280450 6.885245901639344 1260
1779319281426 6.994535519125683 1280
1779319282407 7.103825136612022 1300
1779319283325 7.213114754098361 1320
1779319284272 7.3224043715847 1340
1779319285294 7.4316939890710385 1360
1779319286319 7.540983606557377 1380
1779319287398 7.6502732240437155 1400
1779319288383 7.759562841530054 1420
1779319289397 7.868852459016393 1440
1779319290423 7.978142076502732 1460
1779319291358 8.087431693989071 1480
1779319292366 8.19672131147541 1500
1779319292832 8.19672131147541 1500
1779319296014 8.306010928961749 1520
1779319297027 8.415300546448087 1540
1779319297986 8.524590163934427 1560
1779319298838 8.633879781420765 1580
1779319299651 8.743169398907105 1600
1779319300538 8.852459016393443 1620
1779319301441 8.96174863387978 1640
1779319302309 9.07103825136612 1660
1779319303201 9.180327868852459 1680
1779319304154 9.289617486338798 1700
1779319305065 9.398907103825136 1720
1779319305997 9.508196721311476 1740
1779319306884 9.562841530054644 1750
1779319309527 9.617486338797814 1760
1779319310528 9.726775956284152 1780
1779319311443 9.836065573770492 1800
1779319312394 9.94535519125683 1820
1779319315534 10.0 1830
1779319316297 10.0 1830
1779319316737 10.0 1830
1779319318212 10.0 0
