1779319208240 2.2937090396881104 20
1779319209124 1.8326051235198975 40
1779319210144 3.949085235595703 60
1779319211137 1.2815744876861572 80
1779319212055 1.137930154800415 100
1779319213050 3.968902826309204 120
1779319214006 1.5094932317733765 140
1779319214944 1.4256999492645264 160
1779319215962 1.2533570528030396 180
1779319216955 3.861271858215332 200
1779319217970 2.151317596435547 220
1779319218955 1.4258633852005005 240
1779319222112 6.340122222900391 260
1779319223136 4.119462966918945 280
1779319224100 2.9116411209106445 300
1779319225160 2.184311866760254 320
1779319226190 0.9668930172920227 340
1779319227189 1.035664439201355 360
1779319228174 2.772244930267334 380
1779319229112 1.6596744060516357 400
1779319230038 0.9538013339042664 420
1779319230947 0.80902099609375 440
1779319231887 0.9504526257514954 460
1779319232807 1.4370474815368652 480
1779319233766 2.834972620010376 500
1779319237020 2.9738848209381104 520
1779319237977 1.4127438068389893 540
1779319238939 1.5858523845672607 560
1779319239884 0.8999009132385254 580
1779319240888 0.5953869223594666 600
1779319241931 1.8078539371490479 620
1779319242923 1.3878543376922607 640
1779319243906 1.0243481397628784 660
1779319244900 3.063185214996338 680
1779319245850 1.4308384656906128 700
1779319246797 2.068422317504883 720
1779319247804 1.3092215061187744 740
1779319251342 2.6748032569885254 760
1779319252304 3.2136659622192383 780
1779319253196 4.6075239181518555 800
1779319254096 2.11055850982666 820
1779319255030 1.7856158018112183 840
1779319255888 4.240025997161865 860
1779319256802 1.0098716020584106 880
1779319257771 1.0326663255691528 900
1779319258740 0.6987204551696777 920
1779319259699 0.9899193048477173 940
1779319260700 1.3190410137176514 960
1779319261692 1.5756100416183472 980
1779319262715 2.1734201908111572 1000
1779319266268 1.7010207176208496 1020
1779319267222 2.3055121898651123 1040
1779319268260 1.782793641090393 1060
1779319269226 2.60322904586792 1080
1779319270262 1.2684199810028076 1100
1779319271243 1.4635473489761353 1120
1779319272274 0.8018057346343994 1140
1779319273244 1.6702847480773926 1160
1779319274127 2.5177390575408936 1180
1779319275006 1.9314334392547607 1200
1779319275840 0.9531792402267456 1220
1779319276752 0.9053001403808594 1240
1779319280450 1.9231843948364258 1260
1779319281426 2.7649807929992676 1280
1779319282407 0.8098105788230896 1300
1779319283325 2.5385236740112305 1320
1779319284272 1.4931817054748535 1340
1779319285294 0.7394558191299438 1360
1779319286319 0.5800259709358215 1380
1779319287398 1.0924030542373657 1400
1779319288383 1.1823630332946777 1420
1779319289397 1.4868385791778564 1440
1779319290423 1.198543906211853 1460
1779319291358 0.6078199744224548 1480
1779319292366 0.6450282335281372 1500
1779319296014 0.8262625932693481 1520
1779319297027 1.258519172668457 1540
1779319297986 0.9745612144470215 1560
1779319298838 1.940349817276001 1580
1779319299651 0.5370922088623047 1600
1779319300538 1.9809647798538208 1620
1779319301441 1.264674186706543 1640
1779319302309 1.8140615224838257 1660
1779319303201 1.0693072080612183 1680
1779319304154 1.4630974531173706 1700
1779319305065 0.5022196173667908 1720
1779319305997 1.9327290058135986 1740
1779319309527 1.7224712371826172 1760
1779319310528 0.8615655899047852 1780
1779319311443 0.6832755208015442 1800
1779319312394 3.596161365509033 1820
