1779319208240 1.1400000000000001e-05 20
1779319209124 2.3400000000000003e-05 40
1779319210144 2.9848314606741574e-05 60
1779319211137 2.9511235955056183e-05 80
1779319212055 2.9174157303370788e-05 100
1779319213050 2.8837078651685393e-05 120
1779319214006 2.8499999999999998e-05 140
1779319214944 2.816292134831461e-05 160
1779319215962 2.7825842696629215e-05 180
1779319216955 2.748876404494382e-05 200
1779319217970 2.7151685393258426e-05 220
1779319218955 2.6814606741573034e-05 240
1779319222112 2.6477528089887643e-05 260
1779319223136 2.6140449438202248e-05 280
1779319224100 2.5803370786516853e-05 300
1779319225160 2.5466292134831462e-05 320
1779319226190 2.5129213483146067e-05 340
1779319227189 2.4792134831460676e-05 360
1779319228174 2.445505617977528e-05 380
1779319229112 2.411797752808989e-05 400
1779319230038 2.3780898876404495e-05 420
1779319230947 2.34438202247191e-05 440
1779319231887 2.310674157303371e-05 460
1779319232807 2.2769662921348317e-05 480
1779319233766 2.2432584269662922e-05 500
1779319237020 2.2095505617977528e-05 520
1779319237977 2.1758426966292133e-05 540
1779319238939 2.1421348314606745e-05 560
1779319239884 2.108426966292135e-05 580
1779319240888 2.0747191011235955e-05 600
1779319241931 2.041011235955056e-05 620
1779319242923 2.007303370786517e-05 640
1779319243906 1.9735955056179778e-05 660
1779319244900 1.9398876404494383e-05 680
1779319245850 1.9061797752808988e-05 700
1779319246797 1.8724719101123597e-05 720
1779319247804 1.8387640449438202e-05 740
1779319251342 1.805056179775281e-05 760
1779319252304 1.7713483146067416e-05 780
1779319253196 1.7376404494382024e-05 800
1779319254096 1.703932584269663e-05 820
1779319255030 1.6702247191011235e-05 840
1779319255888 1.6365168539325843e-05 860
1779319256802 1.6028089887640452e-05 880
1779319257771 1.5691011235955057e-05 900
1779319258740 1.5353932584269662e-05 920
1779319259699 1.501685393258427e-05 940
1779319260700 1.4679775280898876e-05 960
1779319261692 1.4342696629213485e-05 980
1779319262715 1.400561797752809e-05 1000
1779319266268 1.3668539325842697e-05 1020
1779319267222 1.3331460674157304e-05 1040
1779319268260 1.299438202247191e-05 1060
1779319269226 1.2657303370786518e-05 1080
1779319270262 1.2320224719101125e-05 1100
1779319271243 1.1983146067415731e-05 1120
1779319272274 1.1646067415730338e-05 1140
1779319273244 1.1308988764044944e-05 1160
1779319274127 1.0971910112359552e-05 1180
1779319275006 1.0634831460674157e-05 1200
1779319275840 1.0297752808988764e-05 1220
1779319276752 9.960674157303371e-06 1240
1779319280450 9.623595505617976e-06 1260
1779319281426 9.286516853932585e-06 1280
1779319282407 8.94943820224719e-06 1300
1779319283325 8.612359550561799e-06 1320
1779319284272 8.275280898876404e-06 1340
1779319285294 7.938202247191011e-06 1360
1779319286319 7.601123595505618e-06 1380
1779319287398 7.264044943820225e-06 1400
1779319288383 6.926966292134832e-06 1420
1779319289397 6.5898876404494385e-06 1440
1779319290423 6.252808988764045e-06 1460
1779319291358 5.915730337078652e-06 1480
1779319292366 5.578651685393258e-06 1500
1779319296014 5.241573033707865e-06 1520
1779319297027 4.904494382022472e-06 1540
1779319297986 4.567415730337079e-06 1560
1779319298838 4.230337078651686e-06 1580
1779319299651 3.893258426966292e-06 1600
1779319300538 3.5561797752808994e-06 1620
1779319301441 3.219101123595506e-06 1640
1779319302309 2.8820224719101123e-06 1660
1779319303201 2.544943820224719e-06 1680
1779319304154 2.2078651685393257e-06 1700
1779319305065 1.8707865168539326e-06 1720
1779319305997 1.5337078651685393e-06 1740
1779319309527 1.1966292134831462e-06 1760
1779319310528 8.595505617977528e-07 1780
1779319311443 5.224719101123595e-07 1800
1779319312394 1.853932584269663e-07 1820
