1779319208240 0.6991 20
1779319209124 0.7018 40
1779319210144 0.7027 60
1779319211137 0.7032 80
1779319212055 0.7034 100
1779319213050 0.7005 120
1779319214006 0.6957 140
1779319214944 0.7069 160
1779319215962 0.7055 180
1779319216955 0.6946 200
1779319217970 0.7048 220
1779319218955 0.7024 240
1779319222112 0.7045 260
1779319223136 0.6987 280
1779319224100 0.696 300
1779319225160 0.7045 320
1779319226190 0.6973 340
1779319227189 0.6979 360
1779319228174 0.694 380
1779319229112 0.7045 400
1779319230038 0.7029 420
1779319230947 0.6994 440
1779319231887 0.697 460
1779319232807 0.6891 480
1779319233766 0.6967 500
1779319237020 0.7052 520
1779319237977 0.7015 540
1779319238939 0.6964 560
1779319239884 0.7006 580
1779319240888 0.7 600
1779319241931 0.7006 620
1779319242923 0.6959 640
1779319243906 0.6982 660
1779319244900 0.6981 680
1779319245850 0.6965 700
1779319246797 0.6952 720
1779319247804 0.6944 740
1779319251342 0.7023 760
1779319252304 0.6954 780
1779319253196 0.6989 800
1779319254096 0.694 820
1779319255030 0.6971 840
1779319255888 0.6939 860
1779319256802 0.6935 880
1779319257771 0.6957 900
1779319258740 0.6919 920
1779319259699 0.6974 940
1779319260700 0.6963 960
1779319261692 0.6916 980
1779319262715 0.6969 1000
1779319266268 0.6975 1020
1779319267222 0.6966 1040
1779319268260 0.6908 1060
1779319269226 0.6962 1080
1779319270262 0.6986 1100
1779319271243 0.6941 1120
1779319272274 0.695 1140
1779319273244 0.6963 1160
1779319274127 0.6934 1180
1779319275006 0.7 1200
1779319275840 0.6968 1220
1779319276752 0.6966 1240
1779319280450 0.6963 1260
1779319281426 0.6935 1280
1779319282407 0.6965 1300
1779319283325 0.6933 1320
1779319284272 0.6953 1340
1779319285294 0.697 1360
1779319286319 0.6934 1380
1779319287398 0.6981 1400
1779319288383 0.6914 1420
1779319289397 0.6949 1440
1779319290423 0.6969 1460
1779319291358 0.7007 1480
1779319292366 0.6988 1500
1779319296014 0.6937 1520
1779319297027 0.6966 1540
1779319297986 0.6936 1560
1779319298838 0.6988 1580
1779319299651 0.6969 1600
1779319300538 0.6911 1620
1779319301441 0.693 1640
1779319302309 0.6966 1660
1779319303201 0.6971 1680
1779319304154 0.6945 1700
1779319305065 0.691 1720
1779319305997 0.6942 1740
1779319309527 0.6969 1760
1779319310528 0.697 1780
1779319311443 0.6952 1800
1779319312394 0.6955 1820
