1776121205992 0.016891891891891893 50
1776121226992 0.033783783783783786 100
1776121248059 0.05067567567567568 150
1776121269136 0.06756756756756757 200
1776121290222 0.08445945945945946 250
1776121311309 0.10135135135135136 300
1776121332422 0.11824324324324324 350
1776121353522 0.13513513513513514 400
1776121374646 0.15202702702702703 450
1776121395781 0.16891891891891891 500
1776121416911 0.1858108108108108 550
1776121438030 0.20270270270270271 600
1776121459039 0.2195945945945946 650
1776121480135 0.23648648648648649 700
1776121501230 0.2533783783783784 750
1776121522357 0.2702702702702703 800
1776121543491 0.28716216216216217 850
1776121564639 0.30405405405405406 900
1776121585803 0.32094594594594594 950
1776121606974 0.33783783783783783 1000
1776121628119 0.3547297297297297 1050
1776121649238 0.3716216216216216 1100
1776121670372 0.3885135135135135 1150
1776121691548 0.40540540540540543 1200
1776121712744 0.4222972972972973 1250
1776121733951 0.4391891891891892 1300
1776121755190 0.4560810810810811 1350
1776121776441 0.47297297297297297 1400
1776121797669 0.48986486486486486 1450
1776121818891 0.5067567567567568 1500
1776121840093 0.5236486486486487 1550
1776121861296 0.5405405405405406 1600
1776121882509 0.5574324324324325 1650
1776121903723 0.5743243243243243 1700
1776121924941 0.5912162162162162 1750
1776121946175 0.6081081081081081 1800
1776121967385 0.625 1850
1776121988603 0.6418918918918919 1900
1776122009727 0.6587837837837838 1950
1776122030845 0.6756756756756757 2000
1776122051926 0.6925675675675675 2050
1776122072945 0.7094594594594594 2100
1776122093938 0.7263513513513513 2150
1776122114774 0.7432432432432432 2200
1776122135687 0.7601351351351351 2250
1776122156616 0.777027027027027 2300
1776122177543 0.793918918918919 2350
1776122198479 0.8108108108108109 2400
1776122219423 0.8277027027027027 2450
1776122240378 0.8445945945945946 2500
1776122261302 0.8614864864864865 2550
1776122282238 0.8783783783783784 2600
1776122303214 0.8952702702702703 2650
1776122324202 0.9121621621621622 2700
1776122345191 0.9290540540540541 2750
1776122366180 0.9459459459459459 2800
1776122387172 0.9628378378378378 2850
1776122408195 0.9797297297297297 2900
1776122429225 0.9966216216216216 2950
1776122465415 1.0 2960
1776122487337 1.0135135135135136 3000
1776122508461 1.0304054054054055 3050
1776122529585 1.0472972972972974 3100
1776122550700 1.0641891891891893 3150
1776122571801 1.0810810810810811 3200
1776122592829 1.097972972972973 3250
1776122613820 1.114864864864865 3300
1776122634856 1.1317567567567568 3350
1776122656061 1.1486486486486487 3400
1776122677128 1.1655405405405406 3450
1776122698198 1.1824324324324325 3500
1776122719271 1.1993243243243243 3550
1776122740345 1.2162162162162162 3600
1776122761416 1.2331081081081081 3650
1776122782416 1.25 3700
1776122803403 1.2668918918918919 3750
1776122824440 1.2837837837837838 3800
1776122845473 1.3006756756756757 3850
1776122866482 1.3175675675675675 3900
1776122888152 1.3344594594594594 3950
1776122909882 1.3513513513513513 4000
1776122932332 1.3682432432432432 4050
1776122954982 1.385135135135135 4100
1776122977357 1.402027027027027 4150
1776122999992 1.4189189189189189 4200
1776123022242 1.4358108108108107 4250
1776123044224 1.4527027027027026 4300
1776123066375 1.4695945945945945 4350
1776123088573 1.4864864864864864 4400
1776123111127 1.5033783783783785 4450
1776123131960 1.5202702702702702 4500
1776123152802 1.5371621621621623 4550
1776123173629 1.554054054054054 4600
1776123194462 1.570945945945946 4650
1776123215287 1.5878378378378377 4700
1776123236116 1.6047297297297298 4750
1776123256948 1.6216216216216215 4800
1776123277782 1.6385135135135136 4850
1776123298618 1.6554054054054053 4900
1776123319451 1.6722972972972974 4950
1776123340277 1.689189189189189 5000
1776123361430 1.7060810810810811 5050
1776123382618 1.722972972972973 5100
1776123404557 1.739864864864865 5150
1776123426377 1.7567567567567568 5200
1776123448195 1.7736486486486487 5250
1776123470036 1.7905405405405406 5300
1776123490938 1.8074324324324325 5350
1776123511824 1.8243243243243243 5400
1776123532700 1.8412162162162162 5450
1776123553592 1.8581081081081081 5500
1776123574470 1.875 5550
1776123595352 1.8918918918918919 5600
1776123616231 1.9087837837837838 5650
1776123637110 1.9256756756756757 5700
1776123658006 1.9425675675675675 5750
1776123678891 1.9594594594594594 5800
1776123699765 1.9763513513513513 5850
1776123720635 1.9932432432432432 5900
1776123760529 2.0 5920
1776123778866 2.010135135135135 5950
1776123798995 2.027027027027027 6000
1776123819126 2.043918918918919 6050
1776123839260 2.060810810810811 6100
1776123859196 2.0777027027027026 6150
1776123879243 2.0945945945945947 6200
1776123899296 2.1114864864864864 6250
1776123919352 2.1283783783783785 6300
1776123939502 2.14527027027027 6350
1776123960653 2.1621621621621623 6400
1776123982175 2.179054054054054 6450
1776124003924 2.195945945945946 6500
1776124025095 2.2128378378378377 6550
1776124046050 2.22972972972973 6600
1776124066539 2.2466216216216215 6650
1776124087416 2.2635135135135136 6700
1776124109421 2.2804054054054053 6750
1776124131847 2.2972972972972974 6800
1776124154262 2.314189189189189 6850
1776124177402 2.331081081081081 6900
1776124199708 2.347972972972973 6950
1776124222018 2.364864864864865 7000
1776124244309 2.3817567567567566 7050
1776124266611 2.3986486486486487 7100
1776124288911 2.4155405405405403 7150
1776124311240 2.4324324324324325 7200
1776124332845 2.4493243243243246 7250
1776124354504 2.4662162162162162 7300
1776124375696 2.483108108108108 7350
1776124396904 2.5 7400
1776124418273 2.516891891891892 7450
1776124438843 2.5337837837837838 7500
1776124459413 2.5506756756756754 7550
1776124479911 2.5675675675675675 7600
1776124500091 2.5844594594594597 7650
1776124520236 2.6013513513513513 7700
1776124540375 2.618243243243243 7750
1776124560513 2.635135135135135 7800
1776124580716 2.652027027027027 7850
1776124601244 2.668918918918919 7900
1776124621741 2.685810810810811 7950
1776124642231 2.7027027027027026 8000
1776124662725 2.7195945945945947 8050
1776124683216 2.7364864864864864 8100
1776124703580 2.7533783783783785 8150
1776124724822 2.77027027027027 8200
1776124745868 2.7871621621621623 8250
1776124766969 2.804054054054054 8300
1776124788015 2.820945945945946 8350
1776124809130 2.8378378378378377 8400
1776124830283 2.85472972972973 8450
1776124851454 2.8716216216216215 8500
1776124872655 2.8885135135135136 8550
1776124893865 2.9054054054054053 8600
1776124915095 2.9222972972972974 8650
1776124936324 2.939189189189189 8700
1776124957592 2.956081081081081 8750
1776124978863 2.972972972972973 8800
1776125000136 2.989864864864865 8850
1776125044678 3.0 8880
1776125049517 3.0 8880
1776125081551 3.0 8880
1776125113639 3.0 8880
1776125115443 3.0 0
