1776121205992 8.355756759643555 50
1776121226992 3.4812064170837402 100
1776121248059 2.0561363697052 150
1776121269136 2.1926987171173096 200
1776121290222 9.675969123840332 250
1776121311309 3.080484628677368 300
1776121332422 1.989660620689392 350
1776121353522 5.854058265686035 400
1776121374646 3.725543737411499 450
1776121395781 3.5549843311309814 500
1776121416911 1.1653889417648315 550
1776121438030 1.738799810409546 600
1776121459039 3.9342453479766846 650
1776121480135 0.21299655735492706 700
1776121501230 8.123124122619629 750
1776121522357 4.138291358947754 800
1776121543491 1.2050484418869019 850
1776121564639 3.014183282852173 900
1776121585803 5.407879829406738 950
1776121606974 3.1602609157562256 1000
1776121628119 2.7733471393585205 1050
1776121649238 5.25769567489624 1100
1776121670372 1.301345705986023 1150
1776121691548 0.7953424453735352 1200
1776121712744 5.114842891693115 1250
1776121733951 9.417142868041992 1300
1776121755190 3.4874091148376465 1350
1776121776441 4.154494285583496 1400
1776121797669 1.2588258981704712 1450
1776121818891 3.501483678817749 1500
1776121840093 2.393671751022339 1550
1776121861296 5.021781921386719 1600
1776121882509 3.480306625366211 1650
1776121903723 1.9995062351226807 1700
1776121924941 3.2936465740203857 1750
1776121946175 3.60117769241333 1800
1776121967385 0.3116987943649292 1850
1776121988603 5.705204010009766 1900
1776122009727 4.972475051879883 1950
1776122030845 1.0690585374832153 2000
1776122051926 8.890732765197754 2050
1776122072945 5.338576793670654 2100
1776122093938 1.312233805656433 2150
1776122114774 1.95462965965271 2200
1776122135687 3.4065020084381104 2250
1776122156616 2.8648602962493896 2300
1776122177543 4.9325737953186035 2350
1776122198479 0.8994894623756409 2400
1776122219423 5.296081066131592 2450
1776122240378 3.9620625972747803 2500
1776122261302 1.5087589025497437 2550
1776122282238 6.925015926361084 2600
1776122303214 0.6094971299171448 2650
1776122324202 2.1440184116363525 2700
1776122345191 1.6262531280517578 2750
1776122366180 0.1544976681470871 2800
1776122387172 4.133866310119629 2850
1776122408195 3.2780842781066895 2900
1776122429225 1.2441422939300537 2950
1776122487337 2.4613664150238037 3000
1776122508461 0.2537270784378052 3050
1776122529585 0.1451576203107834 3100
1776122550700 0.6331329345703125 3150
1776122571801 0.5239673852920532 3200
1776122592829 0.30069977045059204 3250
1776122613820 6.660083293914795 3300
1776122634856 0.4310714602470398 3350
1776122656061 0.2635468542575836 3400
1776122677128 1.343034029006958 3450
1776122698198 3.3661370277404785 3500
1776122719271 3.732281446456909 3550
1776122740345 0.2106800377368927 3600
1776122761416 4.623789310455322 3650
1776122782416 5.581733226776123 3700
1776122803403 0.3861170709133148 3750
1776122824440 0.8569238781929016 3800
1776122845473 0.21455106139183044 3850
1776122866482 1.1659401655197144 3900
1776122888152 0.09537520259618759 3950
1776122909882 3.7423439025878906 4000
1776122932332 0.11993901431560516 4050
1776122954982 3.1131999492645264 4100
1776122977357 0.025714950636029243 4150
1776122999992 0.28648316860198975 4200
1776123022242 2.5052058696746826 4250
1776123044224 0.5980802178382874 4300
1776123066375 0.290960431098938 4350
1776123088573 0.4195786118507385 4400
1776123111127 0.233833909034729 4450
1776123131960 0.5821316838264465 4500
1776123152802 0.08155898004770279 4550
1776123173629 4.583306789398193 4600
1776123194462 26.060964584350586 4650
1776123215287 7.059150218963623 4700
1776123236116 0.3256177306175232 4750
1776123256948 3.3219451904296875 4800
1776123277782 2.440319776535034 4850
1776123298618 2.1161372661590576 4900
1776123319451 13.603590965270996 4950
1776123340277 13.533476829528809 5000
1776123361430 2.526721477508545 5050
1776123382618 0.3888667821884155 5100
1776123404557 3.2199912071228027 5150
1776123426377 3.6300456523895264 5200
1776123448195 0.08261676877737045 5250
1776123470036 5.230868339538574 5300
1776123490938 6.1048197746276855 5350
1776123511824 0.22371971607208252 5400
1776123532700 0.2667955756187439 5450
1776123553592 12.364958763122559 5500
1776123574470 6.711313724517822 5550
1776123595352 0.8834894895553589 5600
1776123616231 17.879222869873047 5650
1776123637110 6.717073440551758 5700
1776123658006 4.5371503829956055 5750
1776123678891 5.395322799682617 5800
1776123699765 3.6268038749694824 5850
1776123720635 0.17397913336753845 5900
1776123778866 0.019477758556604385 5950
1776123798995 0.05353911966085434 6000
1776123819126 3.8577492237091064 6050
1776123839260 0.021745512261986732 6100
1776123859196 0.10104209929704666 6150
1776123879243 0.019460592418909073 6200
1776123899296 0.012336798943579197 6250
1776123919352 0.03155453875660896 6300
1776123939502 0.018414992839097977 6350
1776123960653 0.006283125374466181 6400
1776123982175 13.194622993469238 6450
1776124003924 7.954064846038818 6500
1776124025095 0.054289210587739944 6550
1776124046050 0.04154486581683159 6600
1776124066539 0.005663201678544283 6650
1776124087416 0.009587984532117844 6700
1776124109421 0.15918080508708954 6750
1776124131847 0.004497835412621498 6800
1776124154262 0.008744440972805023 6850
1776124177402 0.012359135784208775 6900
1776124199708 0.016466941684484482 6950
1776124222018 0.0075186737813055515 7000
1776124244309 0.007266378030180931 7050
1776124266611 0.0030849261675029993 7100
1776124288911 0.011762751266360283 7150
1776124311240 0.019077910110354424 7200
1776124332845 0.009407229721546173 7250
1776124354504 0.033137377351522446 7300
1776124375696 0.003619203343987465 7350
1776124396904 3.1593925952911377 7400
1776124418273 10.052465438842773 7450
1776124438843 0.020730527117848396 7500
1776124459413 0.015273526310920715 7550
1776124479911 0.1138950064778328 7600
1776124500091 0.05125841125845909 7650
1776124520236 0.0032953403424471617 7700
1776124540375 0.013084648177027702 7750
1776124560513 0.005038694012910128 7800
1776124580716 22.150390625 7850
1776124601244 0.14739356935024261 7900
1776124621741 0.023908404633402824 7950
1776124642231 0.0069658043794333935 8000
1776124662725 0.01499490812420845 8050
1776124683216 0.021081695333123207 8100
1776124703580 0.006691343616694212 8150
1776124724822 0.020702606067061424 8200
1776124745868 0.09387722611427307 8250
1776124766969 0.012320036999881268 8300
1776124788015 0.03331232815980911 8350
1776124809130 0.012904427014291286 8400
1776124830283 0.0025136051699519157 8450
1776124851454 0.010312629863619804 8500
1776124872655 0.027741119265556335 8550
1776124893865 0.007040251512080431 8600
1776124915095 0.008426600135862827 8650
1776124936324 0.10742665082216263 8700
1776124957592 2.4969401359558105 8750
1776124978863 0.02818368189036846 8800
1776125000136 0.012063244357705116 8850
