1776121205992 1.988963963963964e-05 50
1776121226992 1.977702702702703e-05 100
1776121248059 1.9664414414414416e-05 150
1776121269136 1.9551801801801805e-05 200
1776121290222 1.943918918918919e-05 250
1776121311309 1.9326576576576577e-05 300
1776121332422 1.9213963963963967e-05 350
1776121353522 1.9101351351351353e-05 400
1776121374646 1.8988738738738742e-05 450
1776121395781 1.8876126126126128e-05 500
1776121416911 1.8763513513513517e-05 550
1776121438030 1.8650900900900903e-05 600
1776121459039 1.8540540540540542e-05 650
1776121480135 1.842792792792793e-05 700
1776121501230 1.8315315315315318e-05 750
1776121522357 1.8202702702702704e-05 800
1776121543491 1.809009009009009e-05 850
1776121564639 1.797747747747748e-05 900
1776121585803 1.7864864864864865e-05 950
1776121606974 1.7752252252252254e-05 1000
1776121628119 1.763963963963964e-05 1050
1776121649238 1.752702702702703e-05 1100
1776121670372 1.7414414414414416e-05 1150
1776121691548 1.73018018018018e-05 1200
1776121712744 1.718918918918919e-05 1250
1776121733951 1.7076576576576577e-05 1300
1776121755190 1.6963963963963966e-05 1350
1776121776441 1.6851351351351352e-05 1400
1776121797669 1.673873873873874e-05 1450
1776121818891 1.6626126126126127e-05 1500
1776121840093 1.6513513513513513e-05 1550
1776121861296 1.6400900900900903e-05 1600
1776121882509 1.628828828828829e-05 1650
1776121903723 1.6175675675675678e-05 1700
1776121924941 1.6063063063063064e-05 1750
1776121946175 1.5950450450450453e-05 1800
1776121967385 1.583783783783784e-05 1850
1776121988603 1.5725225225225225e-05 1900
1776122009727 1.5612612612612615e-05 1950
1776122030845 1.55e-05 2000
1776122051926 1.538738738738739e-05 2050
1776122072945 1.5274774774774776e-05 2100
1776122093938 1.5162162162162164e-05 2150
1776122114774 1.5051801801801803e-05 2200
1776122135687 1.4939189189189189e-05 2250
1776122156616 1.4826576576576576e-05 2300
1776122177543 1.4713963963963964e-05 2350
1776122198479 1.4601351351351352e-05 2400
1776122219423 1.448873873873874e-05 2450
1776122240378 1.4376126126126127e-05 2500
1776122261302 1.4263513513513515e-05 2550
1776122282238 1.41509009009009e-05 2600
1776122303214 1.4038288288288288e-05 2650
1776122324202 1.3925675675675676e-05 2700
1776122345191 1.3813063063063064e-05 2750
1776122366180 1.3700450450450451e-05 2800
1776122387172 1.3587837837837839e-05 2850
1776122408195 1.3475225225225227e-05 2900
1776122429225 1.3362612612612613e-05 2950
1776122487337 1.325e-05 3000
1776122508461 1.3137387387387388e-05 3050
1776122529585 1.3024774774774776e-05 3100
1776122550700 1.2912162162162163e-05 3150
1776122571801 1.279954954954955e-05 3200
1776122592829 1.2686936936936938e-05 3250
1776122613820 1.2574324324324324e-05 3300
1776122634856 1.2461711711711712e-05 3350
1776122656061 1.23490990990991e-05 3400
1776122677128 1.2236486486486487e-05 3450
1776122698198 1.2123873873873875e-05 3500
1776122719271 1.2011261261261263e-05 3550
1776122740345 1.189864864864865e-05 3600
1776122761416 1.1786036036036036e-05 3650
1776122782416 1.1673423423423424e-05 3700
1776122803403 1.1560810810810812e-05 3750
1776122824440 1.14481981981982e-05 3800
1776122845473 1.1335585585585587e-05 3850
1776122866482 1.1222972972972975e-05 3900
1776122888152 1.1110360360360362e-05 3950
1776122909882 1.0997747747747748e-05 4000
1776122932332 1.0885135135135136e-05 4050
1776122954982 1.0772522522522524e-05 4100
1776122977357 1.0659909909909911e-05 4150
1776122999992 1.0547297297297299e-05 4200
1776123022242 1.0434684684684687e-05 4250
1776123044224 1.0322072072072074e-05 4300
1776123066375 1.020945945945946e-05 4350
1776123088573 1.0096846846846848e-05 4400
1776123111127 9.984234234234235e-06 4450
1776123131960 9.871621621621621e-06 4500
1776123152802 9.759009009009009e-06 4550
1776123173629 9.646396396396397e-06 4600
1776123194462 9.533783783783784e-06 4650
1776123215287 9.421171171171172e-06 4700
1776123236116 9.30855855855856e-06 4750
1776123256948 9.195945945945947e-06 4800
1776123277782 9.083333333333333e-06 4850
1776123298618 8.970720720720721e-06 4900
1776123319451 8.858108108108109e-06 4950
1776123340277 8.745495495495496e-06 5000
1776123361430 8.632882882882884e-06 5050
1776123382618 8.520270270270272e-06 5100
1776123404557 8.40765765765766e-06 5150
1776123426377 8.295045045045045e-06 5200
1776123448195 8.182432432432433e-06 5250
1776123470036 8.06981981981982e-06 5300
1776123490938 7.957207207207208e-06 5350
1776123511824 7.844594594594596e-06 5400
1776123532700 7.731981981981984e-06 5450
1776123553592 7.61936936936937e-06 5500
1776123574470 7.506756756756758e-06 5550
1776123595352 7.394144144144146e-06 5600
1776123616231 7.281531531531532e-06 5650
1776123637110 7.168918918918919e-06 5700
1776123658006 7.056306306306306e-06 5750
1776123678891 6.943693693693694e-06 5800
1776123699765 6.831081081081081e-06 5850
1776123720635 6.718468468468469e-06 5900
1776123778866 6.605855855855856e-06 5950
1776123798995 6.4932432432432435e-06 6000
1776123819126 6.380630630630631e-06 6050
1776123839260 6.268018018018018e-06 6100
1776123859196 6.157657657657659e-06 6150
1776123879243 6.045045045045046e-06 6200
1776123899296 5.932432432432433e-06 6250
1776123919352 5.819819819819821e-06 6300
1776123939502 5.7072072072072086e-06 6350
1776123960653 5.5945945945945945e-06 6400
1776123982175 5.481981981981982e-06 6450
1776124003924 5.369369369369369e-06 6500
1776124025095 5.256756756756757e-06 6550
1776124046050 5.144144144144144e-06 6600
1776124066539 5.031531531531532e-06 6650
1776124087416 4.91891891891892e-06 6700
1776124109421 4.8063063063063064e-06 6750
1776124131847 4.693693693693694e-06 6800
1776124154262 4.581081081081081e-06 6850
1776124177402 4.4684684684684686e-06 6900
1776124199708 4.355855855855856e-06 6950
1776124222018 4.243243243243244e-06 7000
1776124244309 4.130630630630631e-06 7050
1776124266611 4.018018018018018e-06 7100
1776124288911 3.905405405405406e-06 7150
1776124311240 3.7927927927927932e-06 7200
1776124332845 3.6801801801801805e-06 7250
1776124354504 3.567567567567568e-06 7300
1776124375696 3.4549549549549553e-06 7350
1776124396904 3.342342342342342e-06 7400
1776124418273 3.22972972972973e-06 7450
1776124438843 3.117117117117117e-06 7500
1776124459413 3.0045045045045047e-06 7550
1776124479911 2.891891891891892e-06 7600
1776124500091 2.7792792792792796e-06 7650
1776124520236 2.666666666666667e-06 7700
1776124540375 2.554054054054054e-06 7750
1776124560513 2.4414414414414417e-06 7800
1776124580716 2.328828828828829e-06 7850
1776124601244 2.2162162162162166e-06 7900
1776124621741 2.103603603603604e-06 7950
1776124642231 1.990990990990991e-06 8000
1776124662725 1.8783783783783785e-06 8050
1776124683216 1.765765765765766e-06 8100
1776124703580 1.6554054054054055e-06 8150
1776124724822 1.542792792792793e-06 8200
1776124745868 1.4301801801801804e-06 8250
1776124766969 1.3175675675675676e-06 8300
1776124788015 1.204954954954955e-06 8350
1776124809130 1.0923423423423423e-06 8400
1776124830283 9.797297297297298e-07 8450
1776124851454 8.671171171171172e-07 8500
1776124872655 7.545045045045046e-07 8550
1776124893865 6.418918918918919e-07 8600
1776124915095 5.292792792792793e-07 8650
1776124936324 4.1666666666666667e-07 8700
1776124957592 3.040540540540541e-07 8750
1776124978863 1.9144144144144145e-07 8800
1776125000136 7.882882882882883e-08 8850
