1778299580132 38.47470474243164 20
1778299583848 2.689028263092041 40
1778299587566 8.930154800415039 60
1778299591284 4.216994285583496 80
1778299594999 4.8069748878479 100
1778299598713 10.646781921386719 120
1778299602429 15.355905532836914 140
1778299606142 2.949723243713379 160
1778299609855 8.433338165283203 180
1778299613570 9.831191062927246 200
1778299617287 8.510388374328613 220
1778299621004 12.628710746765137 240
1778299629488 10.246180534362793 260
1778299633204 6.6960577964782715 280
1778299636916 21.11328125 300
1778299640629 6.58795166015625 320
1778299644345 3.3829855918884277 340
1778299648060 2.9566729068756104 360
1778299651774 81.99649047851562 380
1778299655486 3.9679884910583496 400
1778299659204 13.04887580871582 420
1778299662917 2.0080738067626953 440
1778299666875 3.00520396232605 460
1778299670589 4.046505928039551 480
1778299674302 5.552836894989014 500
1778299682754 2.548419237136841 520
1778299686472 3.5699427127838135 540
1778299690188 2.8066248893737793 560
1778299693903 4.225036144256592 580
1778299697617 2.269509792327881 600
1778299701331 4.316764831542969 620
1778299705047 1.9460340738296509 640
1778299708768 2.215717077255249 660
1778299712480 3.0694587230682373 680
1778299716202 3.184243679046631 700
1778299719919 3.4729928970336914 720
1778299723637 2.1009652614593506 740
1778299732267 2.80644154548645 760
1778299735984 2.407548427581787 780
1778299739699 1.8519905805587769 800
1778299743419 25.254043579101562 820
1778299747132 3.1533567905426025 840
1778299750848 2.967271327972412 860
1778299754565 4.307587623596191 880
1778299758280 2.013439416885376 900
1778299761997 3.0183658599853516 920
1778299765712 2.6967933177948 940
1778299769431 2.978639602661133 960
1778299773143 3.0843117237091064 980
1778299776861 6.655120849609375 1000
1778299785129 2.103339910507202 1020
1778299788848 3.5400476455688477 1040
1778299792746 4.448530197143555 1060
1778299796460 4.5539631843566895 1080
1778299800176 11.51941204071045 1100
1778299803890 3.436443567276001 1120
1778299807605 2.8218367099761963 1140
1778299811326 2.9931397438049316 1160
1778299815040 6.643829822540283 1180
1778299818758 3.0387372970581055 1200
1778299822469 11.799254417419434 1220
1778299826181 3.232884168624878 1240
1778299834783 2.1869494915008545 1260
1778299838498 1.450803279876709 1280
1778299842213 2.678316116333008 1300
1778299845929 2.627427339553833 1320
1778299849643 6.035650730133057 1340
1778299853359 4.492619037628174 1360
1778299857076 2.8721837997436523 1380
1778299860789 2.7571680545806885 1400
1778299864502 4.230292320251465 1420
1778299868214 2.380065679550171 1440
1778299871928 3.492994546890259 1460
1778299875641 18.782384872436523 1480
1778299879530 2.7036325931549072 1500
1778299887828 4.828907489776611 1520
1778299891541 3.352792739868164 1540
1778299895256 3.2350614070892334 1560
1778299898969 5.003878593444824 1580
1778299902685 3.058206558227539 1600
1778299906398 3.430753707885742 1620
1778299910112 3.606471538543701 1640
1778299913827 3.938361406326294 1660
1778299917542 3.939586639404297 1680
1778299921257 14.309099197387695 1700
1778299924972 4.461012840270996 1720
1778299928690 4.562643051147461 1740
1778299937113 3.09387469291687 1760
1778299940829 3.913203477859497 1780
1778299944542 4.919392108917236 1800
1778299948258 4.847288131713867 1820
1778299951972 3.398707628250122 1840
1778299955687 4.470166206359863 1860
1778299959400 3.763106346130371 1880
1778299963112 3.5562996864318848 1900
1778299966822 3.840871572494507 1920
1778299970536 2.7089805603027344 1940
1778299974248 12.68169116973877 1960
1778299977959 2.864732027053833 1980
1778299981675 6.593571186065674 2000
1778299990129 2.9130537509918213 2020
1778299993843 3.2885565757751465 2040
1778299997808 5.353076934814453 2060
1778300001526 4.962498188018799 2080
1778300005239 3.7615902423858643 2100
1778300008960 4.260634899139404 2120
1778300012677 4.2448201179504395 2140
1778300016391 3.3974902629852295 2160
1778300020107 2.864835023880005 2180
1778300023824 4.436434745788574 2200
1778300027543 4.515414714813232 2220
1778300031259 3.775355339050293 2240
1778300039692 2.886601686477661 2260
1778300043409 2.6978023052215576 2280
1778300047131 60.50406265258789 2300
1778300050845 4.674298286437988 2320
1778300054557 3.5160140991210938 2340
1778300058447 5.732205390930176 2360
1778300062161 5.115968227386475 2380
1778300065880 3.8447134494781494 2400
1778300069598 6.031401634216309 2420
1778300073313 3.75363826751709 2440
1778300077026 23.514162063598633 2460
1778300080743 3.846057176589966 2480
1778300084461 4.436017990112305 2500
