1778299580132 0.6942 20
1778299583848 0.6656 40
1778299587566 0.6186 60
1778299591284 0.548 80
1778299594999 0.5083 100
1778299598713 0.4887 120
1778299602429 0.4596 140
1778299606142 0.4287 160
1778299609855 0.4983 180
1778299613570 0.4798 200
1778299617287 0.4739 220
1778299621004 0.47 240
1778299629488 0.4559 260
1778299633204 0.4607 280
1778299636916 0.48 300
1778299640629 0.4479 320
1778299644345 0.4499 340
1778299648060 0.4443 360
1778299651774 0.459 380
1778299655486 0.463 400
1778299659204 0.4446 420
1778299662917 0.4071 440
1778299666875 0.4125 460
1778299670589 0.4062 480
1778299674302 0.4034 500
1778299682754 0.4078 520
1778299686472 0.43 540
1778299690188 0.4251 560
1778299693903 0.4348 580
1778299697617 0.4327 600
1778299701331 0.4064 620
1778299705047 0.4439 640
1778299708768 0.4161 660
1778299712480 0.3825 680
1778299716202 0.3789 700
1778299719919 0.3491 720
1778299723637 0.4332 740
1778299732267 0.3343 760
1778299735984 0.3884 780
1778299739699 0.3685 800
1778299743419 0.3982 820
1778299747132 0.3794 840
1778299750848 0.3649 860
1778299754565 0.3605 880
1778299758280 0.3836 900
1778299761997 0.3951 920
1778299765712 0.4021 940
1778299769431 0.3592 960
1778299773143 0.3598 980
1778299776861 0.3865 1000
1778299785129 0.3579 1020
1778299788848 0.3616 1040
1778299792746 0.3877 1060
1778299796460 0.3797 1080
1778299800176 0.406 1100
1778299803890 0.3905 1120
1778299807605 0.3566 1140
1778299811326 0.3854 1160
1778299815040 0.3613 1180
1778299818758 0.3393 1200
1778299822469 0.3565 1220
1778299826181 0.3817 1240
1778299834783 0.3718 1260
1778299838498 0.3372 1280
1778299842213 0.3477 1300
1778299845929 0.3671 1320
1778299849643 0.3507 1340
1778299853359 0.3065 1360
1778299857076 0.2942 1380
1778299860789 0.3162 1400
1778299864502 0.3133 1420
1778299868214 0.3206 1440
1778299871928 0.2807 1460
1778299875641 0.2865 1480
1778299879530 0.3266 1500
1778299887828 0.326 1520
1778299891541 0.2955 1540
1778299895256 0.2991 1560
1778299898969 0.2848 1580
1778299902685 0.2768 1600
1778299906398 0.2998 1620
1778299910112 0.3058 1640
1778299913827 0.275 1660
1778299917542 0.2859 1680
1778299921257 0.2806 1700
1778299924972 0.2891 1720
1778299928690 0.2677 1740
1778299937113 0.3235 1760
1778299940829 0.3081 1780
1778299944542 0.3104 1800
1778299948258 0.2642 1820
1778299951972 0.2821 1840
1778299955687 0.3111 1860
1778299959400 0.3142 1880
1778299963112 0.2869 1900
1778299966822 0.2882 1920
1778299970536 0.2919 1940
1778299974248 0.3009 1960
1778299977959 0.2755 1980
1778299981675 0.2973 2000
1778299990129 0.2323 2020
1778299993843 0.2267 2040
1778299997808 0.2386 2060
1778300001526 0.2356 2080
1778300005239 0.226 2100
1778300008960 0.2472 2120
1778300012677 0.242 2140
1778300016391 0.2217 2160
1778300020107 0.2317 2180
1778300023824 0.2501 2200
1778300027543 0.2388 2220
1778300031259 0.2384 2240
1778300039692 0.2424 2260
1778300043409 0.2143 2280
1778300047131 0.2108 2300
1778300050845 0.2258 2320
1778300054557 0.2116 2340
1778300058447 0.2294 2360
1778300062161 0.2446 2380
1778300065880 0.2178 2400
1778300069598 0.2359 2420
1778300073313 0.204 2440
1778300077026 0.2314 2460
1778300080743 0.2129 2480
1778300084461 0.2294 2500
