1778758380680 0.028050490883590462 20
1778758381877 0.056100981767180924 40
1778758383075 0.08415147265077139 60
1778758384278 0.11220196353436185 80
1778758385481 0.1402524544179523 100
1778758386685 0.16830294530154277 120
1778758387889 0.19635343618513323 140
1778758389092 0.2244039270687237 160
1778758390295 0.25245441795231416 180
1778758391502 0.2805049088359046 200
1778758392706 0.3085553997194951 220
1778758393913 0.33660589060308554 240
1778758400844 0.3506311360448808 250
1778758402738 0.364656381486676 260
1778758403942 0.39270687237026647 280
1778758405147 0.42075736325385693 300
1778758406353 0.4488078541374474 320
1778758407551 0.47685834502103785 340
1778758408752 0.5049088359046283 360
1778758409956 0.5329593267882188 380
1778758411161 0.5610098176718092 400
1778758412366 0.5890603085553997 420
1778758413571 0.6171107994389902 440
1778758414777 0.6451612903225806 460
1778758415982 0.6732117812061711 480
1778758417185 0.7012622720897616 500
1778758423505 0.7012622720897616 500
1778758426005 0.729312762973352 520
1778758427207 0.7573632538569425 540
1778758428406 0.7854137447405329 560
1778758429611 0.8134642356241234 580
1778758430815 0.8415147265077139 600
1778758432019 0.8695652173913043 620
1778758433220 0.8976157082748948 640
1778758434424 0.9256661991584852 660
1778758435628 0.9537166900420757 680
1778758436833 0.9817671809256662 700
1778758438019 1.0098176718092566 720
1778758439224 1.0378681626928472 740
1778758446168 1.0518934081346423 750
1778758448101 1.0659186535764376 760
1778758449302 1.0939691444600281 780
1778758450501 1.1220196353436185 800
1778758451707 1.150070126227209 820
1778758452914 1.1781206171107994 840
1778758454115 1.20617110799439 860
1778758455313 1.2342215988779803 880
1778758456516 1.262272089761571 900
1778758457722 1.2903225806451613 920
1778758458927 1.3183730715287518 940
1778758460134 1.3464235624123422 960
1778758461334 1.3744740532959328 980
1778758462536 1.402524544179523 1000
1778758468858 1.402524544179523 1000
1778758471369 1.4305750350631137 1020
1778758472571 1.458625525946704 1040
1778758473776 1.4866760168302946 1060
1778758474985 1.514726507713885 1080
1778758476189 1.5427769985974753 1100
1778758477395 1.5708274894810659 1120
1778758478601 1.5988779803646564 1140
1778758479801 1.6269284712482468 1160
1778758481003 1.6549789621318372 1180
1778758482208 1.6830294530154277 1200
1778758483415 1.7110799438990183 1220
1778758484621 1.7391304347826086 1240
1778758491574 1.753155680224404 1250
1778758493328 1.767180925666199 1260
1778758494533 1.7952314165497896 1280
1778758495738 1.8232819074333801 1300
1778758496947 1.8513323983169705 1320
1778758498153 1.8793828892005608 1340
1778758499357 1.9074333800841514 1360
1778758500563 1.935483870967742 1380
1778758501770 1.9635343618513323 1400
1778758502977 1.9915848527349227 1420
1778758504178 2.0196353436185133 1440
1778758505384 2.047685834502104 1460
1778758506585 2.0757363253856944 1480
1778758507792 2.1037868162692845 1500
1778758514130 2.1037868162692845 1500
1778758516653 2.131837307152875 1520
1778758517858 2.1598877980364657 1540
1778758519064 2.1879382889200563 1560
1778758520268 2.2159887798036464 1580
1778758521474 2.244039270687237 1600
1778758522669 2.2720897615708275 1620
1778758523874 2.300140252454418 1640
1778758525081 2.3281907433380082 1660
1778758526288 2.356241234221599 1680
1778758527494 2.3842917251051894 1700
1778758528700 2.41234221598878 1720
1778758529907 2.44039270687237 1740
1778758536852 2.4544179523141656 1750
1778758538779 2.4684431977559607 1760
1778758539978 2.4964936886395512 1780
1778758541177 2.524544179523142 1800
1778758542380 2.552594670406732 1820
1778758543580 2.5806451612903225 1840
1778758544782 2.608695652173913 1860
1778758545988 2.6367461430575037 1880
1778758547194 2.6647966339410942 1900
1778758548402 2.6928471248246844 1920
1778758549604 2.720897615708275 1940
1778758550802 2.7489481065918655 1960
1778758552000 2.7769985974754556 1980
1778758553201 2.805049088359046 2000
1778758559534 2.805049088359046 2000
1778758562210 2.833099579242637 2020
1778758563416 2.8611500701262274 2040
1778758564621 2.889200561009818 2060
1778758565828 2.917251051893408 2080
1778758567035 2.9453015427769986 2100
1778758568241 2.973352033660589 2120
1778758569446 3.0014025245441793 2140
1778758570649 3.02945301542777 2160
1778758571855 3.0575035063113605 2180
1778758573061 3.085553997194951 2200
1778758574268 3.113604488078541 2220
1778758575473 3.1416549789621318 2240
1778758582391 3.1556802244039273 2250
1778758584153 3.1697054698457223 2260
1778758585359 3.197755960729313 2280
1778758586567 3.225806451612903 2300
1778758587774 3.2538569424964936 2320
1778758588981 3.281907433380084 2340
1778758590187 3.3099579242636747 2360
1778758591395 3.3380084151472653 2380
1778758592601 3.3660589060308554 2400
1778758593808 3.394109396914446 2420
1778758595015 3.4221598877980366 2440
1778758596221 3.4502103786816267 2460
1778758597432 3.4782608695652173 2480
1778758598640 3.506311360448808 2500
1778758604974 3.506311360448808 2500
1778758607504 3.5343618513323984 2520
1778758608710 3.562412342215989 2540
1778758609920 3.590462833099579 2560
1778758611127 3.6185133239831697 2580
1778758612333 3.6465638148667603 2600
1778758613541 3.6746143057503504 2620
1778758614747 3.702664796633941 2640
1778758615954 3.7307152875175316 2660
1778758617162 3.758765778401122 2680
1778758618368 3.7868162692847127 2700
1778758619575 3.814866760168303 2720
1778758620781 3.8429172510518934 2740
1778758627729 3.8569424964936885 2750
1778758629647 3.870967741935484 2760
1778758630854 3.899018232819074 2780
1778758632062 3.9270687237026647 2800
1778758633262 3.9551192145862553 2820
1778758634463 3.983169705469846 2840
1778758635664 4.011220196353436 2860
1778758636871 4.0392706872370265 2880
1778758638079 4.067321178120617 2900
1778758639287 4.095371669004208 2920
1778758640495 4.123422159887798 2940
1778758641696 4.151472650771389 2960
1778758642900 4.179523141654979 2980
1778758644102 4.207573632538569 3000
1778758650442 4.207573632538569 3000
1778758652984 4.23562412342216 3020
1778758654182 4.26367461430575 3040
1778758655384 4.291725105189341 3060
1778758656580 4.319775596072931 3080
1778758657787 4.3478260869565215 3100
1778758658988 4.3758765778401125 3120
1778758660196 4.403927068723703 3140
1778758661403 4.431977559607293 3160
1778758662611 4.460028050490884 3180
1778758663817 4.488078541374474 3200
1778758665022 4.516129032258064 3220
1778758666227 4.544179523141655 3240
1778758673158 4.55820476858345 3250
1778758675052 4.572230014025245 3260
1778758676260 4.600280504908836 3280
1778758677467 4.628330995792426 3300
1778758678675 4.6563814866760165 3320
1778758679881 4.6844319775596075 3340
1778758681087 4.712482468443198 3360
1778758682292 4.740532959326789 3380
1778758683494 4.768583450210379 3400
1778758684698 4.796633941093969 3420
1778758685897 4.82468443197756 3440
1778758687096 4.85273492286115 3460
1778758688296 4.88078541374474 3480
1778758689503 4.908835904628331 3500
1778758695834 4.908835904628331 3500
1778758698372 4.936886395511921 3520
1778758699575 4.9649368863955115 3540
1778758700782 4.9929873772791025 3560
1778758702476 5.0 3565
1778758709004 5.0 3565
1778758718311 5.0 3565
1778758728235 5.0 0
