1778758380680 1.1400000000000001e-05 20
1778758381877 2.3400000000000003e-05 40
1778758383075 2.9923186344238974e-05 60
1778758384278 2.97524893314367e-05 80
1778758385481 2.9581792318634425e-05 100
1778758386685 2.941109530583215e-05 120
1778758387889 2.9240398293029872e-05 140
1778758389092 2.9069701280227596e-05 160
1778758390295 2.8899004267425323e-05 180
1778758391502 2.8728307254623044e-05 200
1778758392706 2.8557610241820767e-05 220
1778758393913 2.838691322901849e-05 240
1778758402738 2.821621621621622e-05 260
1778758403942 2.8045519203413942e-05 280
1778758405147 2.7874822190611666e-05 300
1778758406353 2.770412517780939e-05 320
1778758407551 2.7533428165007113e-05 340
1778758408752 2.7362731152204837e-05 360
1778758409956 2.719203413940256e-05 380
1778758411161 2.7021337126600285e-05 400
1778758412366 2.685064011379801e-05 420
1778758413571 2.6679943100995732e-05 440
1778758414777 2.650924608819346e-05 460
1778758415982 2.6338549075391183e-05 480
1778758417185 2.6167852062588904e-05 500
1778758426005 2.5997155049786627e-05 520
1778758427207 2.5826458036984355e-05 540
1778758428406 2.565576102418208e-05 560
1778758429611 2.5485064011379802e-05 580
1778758430815 2.5314366998577526e-05 600
1778758432019 2.514366998577525e-05 620
1778758433220 2.4972972972972973e-05 640
1778758434424 2.4802275960170697e-05 660
1778758435628 2.463157894736842e-05 680
1778758436833 2.4460881934566145e-05 700
1778758438019 2.4298719772403985e-05 720
1778758439224 2.412802275960171e-05 740
1778758448101 2.3957325746799432e-05 760
1778758449302 2.3786628733997153e-05 780
1778758450501 2.361593172119488e-05 800
1778758451707 2.3445234708392604e-05 820
1778758452914 2.3274537695590327e-05 840
1778758454115 2.310384068278805e-05 860
1778758455313 2.2933143669985775e-05 880
1778758456516 2.2762446657183502e-05 900
1778758457722 2.2591749644381226e-05 920
1778758458927 2.2421052631578946e-05 940
1778758460134 2.225035561877667e-05 960
1778758461334 2.2079658605974397e-05 980
1778758462536 2.190896159317212e-05 1000
1778758471369 2.1738264580369845e-05 1020
1778758472571 2.156756756756757e-05 1040
1778758473776 2.1396870554765292e-05 1060
1778758474985 2.1226173541963016e-05 1080
1778758476189 2.105547652916074e-05 1100
1778758477395 2.0884779516358464e-05 1120
1778758478601 2.0714082503556187e-05 1140
1778758479801 2.054338549075391e-05 1160
1778758481003 2.037268847795164e-05 1180
1778758482208 2.0201991465149362e-05 1200
1778758483415 2.0031294452347086e-05 1220
1778758484621 1.9860597439544806e-05 1240
1778758493328 1.968990042674253e-05 1260
1778758494533 1.9519203413940257e-05 1280
1778758495738 1.934850640113798e-05 1300
1778758496947 1.9177809388335705e-05 1320
1778758498153 1.900711237553343e-05 1340
1778758499357 1.8836415362731156e-05 1360
1778758500563 1.8665718349928876e-05 1380
1778758501770 1.84950213371266e-05 1400
1778758502977 1.8324324324324324e-05 1420
1778758504178 1.8153627311522047e-05 1440
1778758505384 1.7982930298719775e-05 1460
1778758506585 1.7812233285917498e-05 1480
1778758507792 1.7641536273115222e-05 1500
1778758516653 1.7470839260312942e-05 1520
1778758517858 1.7300142247510666e-05 1540
1778758519064 1.7129445234708393e-05 1560
1778758520268 1.6958748221906117e-05 1580
1778758521474 1.678805120910384e-05 1600
1778758522669 1.662588904694168e-05 1620
1778758523874 1.6455192034139405e-05 1640
1778758525081 1.6284495021337125e-05 1660
1778758526288 1.611379800853485e-05 1680
1778758527494 1.5943100995732573e-05 1700
1778758528700 1.57724039829303e-05 1720
1778758529907 1.5601706970128024e-05 1740
1778758538779 1.5431009957325747e-05 1760
1778758539978 1.526031294452347e-05 1780
1778758541177 1.5089615931721197e-05 1800
1778758542380 1.491891891891892e-05 1820
1778758543580 1.4748221906116644e-05 1840
1778758544782 1.4577524893314366e-05 1860
1778758545988 1.4406827880512092e-05 1880
1778758547194 1.4236130867709816e-05 1900
1778758548402 1.406543385490754e-05 1920
1778758549604 1.3894736842105263e-05 1940
1778758550802 1.3724039829302987e-05 1960
1778758552000 1.3553342816500712e-05 1980
1778758553201 1.3382645803698434e-05 2000
1778758562210 1.321194879089616e-05 2020
1778758563416 1.3041251778093884e-05 2040
1778758564621 1.2870554765291609e-05 2060
1778758565828 1.2699857752489331e-05 2080
1778758567035 1.2529160739687055e-05 2100
1778758568241 1.235846372688478e-05 2120
1778758569446 1.2187766714082504e-05 2140
1778758570649 1.2017069701280228e-05 2160
1778758571855 1.1846372688477952e-05 2180
1778758573061 1.1675675675675677e-05 2200
1778758574268 1.15049786628734e-05 2220
1778758575473 1.1334281650071123e-05 2240
1778758584153 1.1163584637268848e-05 2260
1778758585359 1.0992887624466572e-05 2280
1778758586567 1.0822190611664296e-05 2300
1778758587774 1.065149359886202e-05 2320
1778758588981 1.0480796586059745e-05 2340
1778758590187 1.0310099573257469e-05 2360
1778758591395 1.0139402560455191e-05 2380
1778758592601 9.968705547652917e-06 2400
1778758593808 9.79800853485064e-06 2420
1778758595015 9.627311522048364e-06 2440
1778758596221 9.456614509246088e-06 2460
1778758597432 9.285917496443813e-06 2480
1778758598640 9.115220483641537e-06 2500
1778758607504 8.94452347083926e-06 2520
1778758608710 8.773826458036985e-06 2540
1778758609920 8.603129445234708e-06 2560
1778758611127 8.432432432432434e-06 2580
1778758612333 8.261735419630156e-06 2600
1778758613541 8.091038406827881e-06 2620
1778758614747 7.920341394025605e-06 2640
1778758615954 7.749644381223327e-06 2660
1778758617162 7.578947368421053e-06 2680
1778758618368 7.408250355618777e-06 2700
1778758619575 7.2375533428165e-06 2720
1778758620781 7.066856330014225e-06 2740
1778758629647 6.896159317211949e-06 2760
1778758630854 6.725462304409673e-06 2780
1778758632062 6.554765291607397e-06 2800
1778758633262 6.384068278805122e-06 2820
1778758634463 6.2133712660028454e-06 2840
1778758635664 6.042674253200569e-06 2860
1778758636871 5.871977240398293e-06 2880
1778758638079 5.701280227596017e-06 2900
1778758639287 5.530583214793741e-06 2920
1778758640495 5.359886201991465e-06 2940
1778758641696 5.18918918918919e-06 2960
1778758642900 5.0184921763869135e-06 2980
1778758644102 4.847795163584637e-06 3000
1778758652984 4.677098150782361e-06 3020
1778758654182 4.506401137980086e-06 3040
1778758655384 4.3357041251778095e-06 3060
1778758656580 4.173541963015647e-06 3080
1778758657787 4.002844950213372e-06 3100
1778758658988 3.8321479374110954e-06 3120
1778758660196 3.6614509246088196e-06 3140
1778758661403 3.490753911806544e-06 3160
1778758662611 3.320056899004267e-06 3180
1778758663817 3.1493598862019914e-06 3200
1778758665022 2.9786628733997155e-06 3220
1778758666227 2.8079658605974397e-06 3240
1778758675052 2.6372688477951635e-06 3260
1778758676260 2.4665718349928877e-06 3280
1778758677467 2.295874822190612e-06 3300
1778758678675 2.1251778093883357e-06 3320
1778758679881 1.95448079658606e-06 3340
1778758681087 1.7837837837837838e-06 3360
1778758682292 1.6130867709815078e-06 3380
1778758683494 1.4423897581792318e-06 3400
1778758684698 1.271692745376956e-06 3420
1778758685897 1.10099573257468e-06 3440
1778758687096 9.30298719772404e-07 3460
1778758688296 7.596017069701281e-07 3480
1778758689503 5.889046941678521e-07 3500
1778758698372 4.182076813655761e-07 3520
1778758699575 2.4751066856330016e-07 3540
1778758700782 7.681365576102418e-08 3560
