1778875495769 3.8e-05 20
1778875513256 7.800000000000001e-05 40
1778875530742 9.982300884955753e-05 60
1778875548227 9.942969518190758e-05 80
1778875565715 9.903638151425762e-05 100
1778875583202 9.864306784660767e-05 120
1778875600690 9.824975417895772e-05 140
1778875618177 9.785644051130776e-05 160
1778875635665 9.746312684365782e-05 180
1778875653153 9.706981317600787e-05 200
1778875670641 9.667649950835792e-05 220
1778875688129 9.628318584070796e-05 240
1778875755730 9.588987217305802e-05 260
1778875773228 9.549655850540807e-05 280
1778875790724 9.510324483775811e-05 300
1778875808217 9.470993117010817e-05 320
1778875825713 9.431661750245822e-05 340
1778875843208 9.392330383480827e-05 360
1778875860703 9.352999016715831e-05 380
1778875878198 9.313667649950836e-05 400
1778875895693 9.274336283185842e-05 420
1778875913189 9.235004916420847e-05 440
1778875930683 9.195673549655851e-05 460
1778875948178 9.156342182890856e-05 480
1778875965675 9.11701081612586e-05 500
1778876033317 9.077679449360865e-05 520
1778876050809 9.038348082595871e-05 540
1778876068304 8.999016715830876e-05 560
1778876085798 8.95968534906588e-05 580
1778876103289 8.920353982300885e-05 600
1778876120783 8.88102261553589e-05 620
1778876138277 8.841691248770894e-05 640
1778876155768 8.8023598820059e-05 660
1778876173259 8.763028515240905e-05 680
1778876190751 8.72369714847591e-05 700
1778876208243 8.684365781710914e-05 720
1778876225733 8.645034414945919e-05 740
1778876293280 8.605703048180925e-05 760
1778876310765 8.56637168141593e-05 780
1778876328245 8.527040314650934e-05 800
1778876345725 8.48770894788594e-05 820
1778876363205 8.448377581120945e-05 840
1778876380684 8.40904621435595e-05 860
1778876398164 8.369714847590954e-05 880
1778876415645 8.33038348082596e-05 900
1778876433124 8.291052114060965e-05 920
1778876450603 8.25172074729597e-05 940
1778876468083 8.212389380530974e-05 960
1778876485563 8.173058013765979e-05 980
1778876503043 8.133726647000983e-05 1000
1778876570643 8.094395280235989e-05 1020
1778876587637 8.055063913470994e-05 1040
1778876605126 8.015732546705999e-05 1060
1778876622616 7.976401179941003e-05 1080
1778876640107 7.937069813176008e-05 1100
1778876657596 7.897738446411012e-05 1120
1778876675085 7.858407079646018e-05 1140
1778876692576 7.819075712881023e-05 1160
1778876710066 7.779744346116028e-05 1180
1778876727556 7.740412979351032e-05 1200
1778876745045 7.701081612586037e-05 1220
1778876762534 7.661750245821042e-05 1240
1778876830140 7.622418879056048e-05 1260
1778876847633 7.583087512291052e-05 1280
1778876865125 7.543756145526057e-05 1300
1778876882619 7.504424778761062e-05 1320
1778876900109 7.465093411996068e-05 1340
1778876917602 7.425762045231072e-05 1360
1778876935091 7.386430678466078e-05 1380
1778876952582 7.347099311701083e-05 1400
1778876970076 7.307767944936087e-05 1420
1778876987564 7.268436578171092e-05 1440
1778877005053 7.229105211406097e-05 1460
1778877022546 7.189773844641101e-05 1480
1778877040038 7.150442477876107e-05 1500
1778877107337 7.111111111111112e-05 1520
1778877124824 7.071779744346117e-05 1540
1778877142312 7.032448377581121e-05 1560
1778877159800 6.993117010816126e-05 1580
1778877177288 6.95378564405113e-05 1600
1778877194777 6.914454277286137e-05 1620
1778877212268 6.875122910521141e-05 1640
1778877229761 6.835791543756146e-05 1660
1778877247255 6.79646017699115e-05 1680
1778877264743 6.757128810226155e-05 1700
1778877282232 6.71779744346116e-05 1720
1778877299722 6.678466076696166e-05 1740
1778877367567 6.63913470993117e-05 1760
1778877385058 6.599803343166175e-05 1780
1778877402547 6.56047197640118e-05 1800
1778877420036 6.521140609636184e-05 1820
1778877437526 6.48180924287119e-05 1840
1778877455014 6.442477876106195e-05 1860
1778877472502 6.4031465093412e-05 1880
1778877489990 6.363815142576206e-05 1900
1778877507478 6.32448377581121e-05 1920
1778877524970 6.285152409046215e-05 1940
1778877542459 6.24582104228122e-05 1960
1778877559948 6.206489675516225e-05 1980
1778877577437 6.16715830875123e-05 2000
1778877645074 6.127826941986235e-05 2020
1778877662562 6.0884955752212394e-05 2040
1778877679555 6.049164208456244e-05 2060
1778877697043 6.0098328416912487e-05 2080
1778877714531 5.9705014749262546e-05 2100
1778877732017 5.931170108161259e-05 2120
1778877749509 5.891838741396264e-05 2140
1778877766996 5.8525073746312686e-05 2160
1778877784482 5.813176007866273e-05 2180
1778877801968 5.773844641101278e-05 2200
1778877819454 5.734513274336284e-05 2220
1778877836947 5.6951819075712885e-05 2240
1778877904314 5.655850540806293e-05 2260
1778877921799 5.6165191740412984e-05 2280
1778877939284 5.577187807276303e-05 2300
1778877956767 5.537856440511308e-05 2320
1778877974248 5.498525073746314e-05 2340
1778877991733 5.459193706981318e-05 2360
1778878009216 5.419862340216323e-05 2380
1778878026705 5.3805309734513276e-05 2400
1778878044190 5.341199606686332e-05 2420
1778878061673 5.301868239921337e-05 2440
1778878079156 5.262536873156343e-05 2460
1778878096646 5.2232055063913475e-05 2480
1778878114129 5.183874139626352e-05 2500
1778878181898 5.144542772861357e-05 2520
1778878199368 5.105211406096362e-05 2540
1778878216837 5.065880039331367e-05 2560
1778878234306 5.026548672566372e-05 2580
1778878251773 4.987217305801377e-05 2600
1778878269242 4.947885939036382e-05 2620
1778878286710 4.908554572271387e-05 2640
1778878304180 4.869223205506391e-05 2660
1778878321649 4.8298918387413966e-05 2680
1778878339119 4.790560471976401e-05 2700
1778878356590 4.751229105211406e-05 2720
1778878374059 4.711897738446411e-05 2740
1778878441379 4.672566371681416e-05 2760
1778878458855 4.6332350049164205e-05 2780
1778878476326 4.593903638151426e-05 2800
1778878493798 4.554572271386431e-05 2820
1778878511270 4.515240904621436e-05 2840
1778878528742 4.475909537856441e-05 2860
1778878546213 4.436578171091446e-05 2880
1778878563683 4.3972468043264504e-05 2900
1778878581152 4.357915437561456e-05 2920
1778878598622 4.31858407079646e-05 2940
1778878616093 4.279252704031465e-05 2960
1778878633562 4.23992133726647e-05 2980
1778878651033 4.200589970501475e-05 3000
1778878718569 4.1612586037364795e-05 3020
1778878736038 4.121927236971485e-05 3040
1778878753506 4.0825958702064895e-05 3060
1778878770975 4.043264503441495e-05 3080
1778878787952 4.0039331366765e-05 3100
1778878805420 3.964601769911505e-05 3120
1778878822889 3.9252704031465094e-05 3140
1778878840357 3.885939036381515e-05 3160
1778878857824 3.8466076696165194e-05 3180
1778878875294 3.807276302851524e-05 3200
1778878892765 3.767944936086529e-05 3220
1778878910236 3.728613569321534e-05 3240
1778878977777 3.6892822025565386e-05 3260
1778878995260 3.649950835791544e-05 3280
1778879012743 3.6106194690265486e-05 3300
1778879030225 3.571288102261553e-05 3320
1778879047706 3.5319567354965585e-05 3340
1778879065186 3.492625368731564e-05 3360
1778879082667 3.4532940019665685e-05 3380
1778879100148 3.413962635201574e-05 3400
1778879117630 3.3746312684365784e-05 3420
1778879135110 3.335299901671583e-05 3440
1778879152592 3.2959685349065884e-05 3460
1778879170074 3.256637168141593e-05 3480
1778879187555 3.2173058013765977e-05 3500
1778879255332 3.177974434611603e-05 3520
1778879272813 3.1386430678466076e-05 3540
1778879290294 3.099311701081612e-05 3560
1778879307775 3.0599803343166176e-05 3580
1778879325255 3.0206489675516225e-05 3600
1778879342736 2.9813176007866272e-05 3620
1778879360216 2.9419862340216325e-05 3640
1778879377694 2.902654867256637e-05 3660
1778879395174 2.863323500491642e-05 3680
1778879412654 2.8239921337266474e-05 3700
1778879430133 2.784660766961652e-05 3720
1778879447612 2.7453294001966567e-05 3740
1778879514998 2.705998033431662e-05 3760
1778879532491 2.6666666666666667e-05 3780
1778879549981 2.6273352999016716e-05 3800
1778879567470 2.5880039331366766e-05 3820
1778879584961 2.5486725663716816e-05 3840
1778879602452 2.5093411996066862e-05 3860
1778879619942 2.4700098328416912e-05 3880
1778879637432 2.4306784660766962e-05 3900
1778879654921 2.391347099311701e-05 3920
1778879672411 2.352015732546706e-05 3940
1778879689902 2.312684365781711e-05 3960
1778879707393 2.273352999016716e-05 3980
1778879724884 2.2340216322517207e-05 4000
1778879792494 2.1946902654867257e-05 4020
1778879809977 2.1553588987217307e-05 4040
1778879827459 2.1160275319567353e-05 4060
1778879844940 2.0766961651917406e-05 4080
1778879862422 2.0373647984267456e-05 4100
1778879879435 1.9980334316617503e-05 4120
1778879896916 1.9587020648967552e-05 4140
1778879914396 1.9193706981317602e-05 4160
1778879931877 1.880039331366765e-05 4180
1778879949356 1.84070796460177e-05 4200
1778879966834 1.801376597836775e-05 4220
1778879984313 1.7620452310717798e-05 4240
1778880051839 1.7227138643067848e-05 4260
1778880069320 1.6833824975417897e-05 4280
1778880086799 1.6440511307767944e-05 4300
1778880104279 1.6047197640117994e-05 4320
1778880121759 1.5653883972468043e-05 4340
1778880139258 1.5260570304818093e-05 4360
1778880156767 1.4867256637168143e-05 4380
1778880174246 1.4473942969518193e-05 4400
1778880191723 1.4080629301868239e-05 4420
1778880209202 1.3687315634218289e-05 4440
1778880226682 1.329400196656834e-05 4460
1778880244161 1.2900688298918387e-05 4480
1778880261640 1.2507374631268436e-05 4500
1778880329244 1.2114060963618486e-05 4520
1778880346734 1.1720747295968536e-05 4540
1778880364224 1.1327433628318584e-05 4560
1778880381715 1.0934119960668634e-05 4580
1778880399334 1.0540806293018684e-05 4600
1778880416825 1.0147492625368732e-05 4620
1778880434315 9.75417895771878e-06 4640
1778880451803 9.360865290068831e-06 4660
1778880469289 8.96755162241888e-06 4680
1778880486776 8.574237954768927e-06 4700
1778880504266 8.180924287118979e-06 4720
1778880521752 7.787610619469027e-06 4740
1778880589400 7.394296951819076e-06 4760
1778880606893 7.000983284169126e-06 4780
1778880624381 6.607669616519175e-06 4800
1778880641869 6.2143559488692235e-06 4820
1778880659357 5.8210422812192725e-06 4840
1778880676847 5.427728613569321e-06 4860
1778880694335 5.034414945919371e-06 4880
1778880711822 4.64110127826942e-06 4900
1778880729310 4.247787610619469e-06 4920
1778880746800 3.854473942969519e-06 4940
1778880764288 3.4611602753195673e-06 4960
1778880781777 3.0678466076696167e-06 4980
1778880799266 2.6745329400196656e-06 5000
1778880866831 2.281219272369715e-06 5020
1778880884301 1.887905604719764e-06 5040
1778880901769 1.4945919370698132e-06 5060
1778880919237 1.1012782694198624e-06 5080
1778880936709 7.079646017699115e-07 5100
1778880954178 3.146509341199607e-07 5120
