1778875495769 4.384649658203125 20
1778875513256 4.341925048828125 40
1778875530742 3.885700988769531 60
1778875548227 3.4709636688232424 80
1778875565715 3.538511276245117 100
1778875583202 3.557674789428711 120
1778875600690 3.402267837524414 140
1778875618177 3.3747848510742187 160
1778875635665 3.1991598129272463 180
1778875653153 2.7725336074829103 200
1778875670641 2.8710250854492188 220
1778875688129 2.6690893173217773 240
1778875755730 2.8741737365722657 260
1778875773228 2.7568002700805665 280
1778875790724 2.506997489929199 300
1778875808217 2.685947227478027 320
1778875825713 2.3178836822509767 340
1778875843208 1.9525640487670899 360
1778875860703 1.975699234008789 380
1778875878198 1.9451438903808593 400
1778875895693 1.963798713684082 420
1778875913189 1.7047353744506837 440
1778875930683 1.755717658996582 460
1778875948178 1.4675159454345703 480
1778875965675 1.6061023712158202 500
1778876033317 1.634659194946289 520
1778876050809 1.6548074722290038 540
1778876068304 1.5912240982055663 560
1778876085798 1.2759992599487304 580
1778876103289 1.361062717437744 600
1778876120783 1.4007074356079101 620
1778876138277 1.4746567726135253 640
1778876155768 1.299390697479248 660
1778876173259 1.1475448608398438 680
1778876190751 1.4328131675720215 700
1778876208243 1.3814302444458009 720
1778876225733 1.1368788719177245 740
1778876293280 1.5872624397277832 760
1778876310765 1.3980035781860352 780
1778876328245 1.3260589599609376 800
1778876345725 1.2632633209228517 820
1778876363205 1.0239703178405761 840
1778876380684 1.3709335327148438 860
1778876398164 1.349550724029541 880
1778876415645 1.3218856811523438 900
1778876433124 1.21485595703125 920
1778876450603 1.1609411239624023 940
1778876468083 1.2429505348205567 960
1778876485563 1.0006705284118653 980
1778876503043 1.1592726707458496 1000
1778876570643 1.2571253776550293 1020
1778876587637 1.0695013999938965 1040
1778876605126 1.062474822998047 1060
1778876622616 1.0483808517456055 1080
1778876640107 0.9740013122558594 1100
1778876657596 1.1336312294006348 1120
1778876675085 0.854725456237793 1140
1778876692576 1.067542266845703 1160
1778876710066 1.0610342979431153 1180
1778876727556 1.021481418609619 1200
1778876745045 0.8248466491699219 1220
1778876762534 1.051704502105713 1240
1778876830140 1.1610635757446288 1260
1778876847633 0.9780449867248535 1280
1778876865125 0.9310969352722168 1300
1778876882619 0.8957725524902344 1320
1778876900109 0.701896858215332 1340
1778876917602 0.9654172897338867 1360
1778876935091 1.044575023651123 1380
1778876952582 0.9745967864990235 1400
1778876970076 0.8316274642944336 1420
1778876987564 0.9439151763916016 1440
1778877005053 0.9070783615112304 1460
1778877022546 1.0387985229492187 1480
1778877040038 0.9782720565795898 1500
1778877107337 1.037480068206787 1520
1778877124824 0.8633573532104493 1540
1778877142312 0.682175874710083 1560
1778877159800 1.0208404541015625 1580
1778877177288 0.9203423500061035 1600
1778877194777 1.0444878578186034 1620
1778877212268 0.9261890411376953 1640
1778877229761 0.9984375 1660
1778877247255 0.7452522277832031 1680
1778877264743 0.8140283584594726 1700
1778877282232 1.0167373657226562 1720
1778877299722 1.0393577575683595 1740
1778877367567 0.8012006759643555 1760
1778877385058 0.930430793762207 1780
1778877402547 0.8598476409912109 1800
1778877420036 0.8525050163269043 1820
1778877437526 1.0033417701721192 1840
1778877455014 0.9320706367492676 1860
1778877472502 0.8557223320007324 1880
1778877489990 0.9923027038574219 1900
1778877507478 0.935447883605957 1920
1778877524970 0.8300775527954102 1940
1778877542459 0.7257946014404297 1960
1778877559948 0.8892910957336426 1980
1778877577437 0.7257781505584717 2000
1778877645074 0.867918586730957 2020
1778877662562 0.6502685070037841 2040
1778877679555 0.6795288562774658 2060
1778877697043 0.8757435798645019 2080
1778877714531 0.62607421875 2100
1778877732017 0.7451946258544921 2120
1778877749509 0.8053932189941406 2140
1778877766996 0.6579629421234131 2160
1778877784482 0.9591575622558594 2180
1778877801968 0.6425015449523925 2200
1778877819454 0.8070391654968262 2220
1778877836947 0.5691382408142089 2240
1778877904314 0.5926097393035888 2260
1778877921799 0.9209385871887207 2280
1778877939284 0.6350174427032471 2300
1778877956767 0.6824715614318848 2320
1778877974248 0.7806681632995606 2340
1778877991733 0.6811576843261719 2360
1778878009216 0.6998077392578125 2380
1778878026705 0.8843412399291992 2400
1778878044190 0.6622966766357422 2420
1778878061673 0.7071375370025634 2440
1778878079156 0.7397720813751221 2460
1778878096646 0.5814291954040527 2480
1778878114129 0.7169049263000489 2500
1778878181898 0.7491565704345703 2520
1778878199368 0.6259046077728272 2540
1778878216837 0.9357318878173828 2560
1778878234306 0.7788159847259521 2580
1778878251773 0.6836687088012695 2600
1778878269242 0.728797435760498 2620
1778878286710 0.7093675136566162 2640
1778878304180 0.847926139831543 2660
1778878321649 0.6305157661437988 2680
1778878339119 0.9299967765808106 2700
1778878356590 0.8019986152648926 2720
1778878374059 0.8619520187377929 2740
1778878441379 0.7640503883361817 2760
1778878458855 0.733808946609497 2780
1778878476326 0.9246311187744141 2800
1778878493798 0.8848261833190918 2820
1778878511270 0.842884635925293 2840
1778878528742 0.6609935760498047 2860
1778878546213 0.7001253128051758 2880
1778878563683 0.6878277778625488 2900
1778878581152 0.809359073638916 2920
1778878598622 0.7693768501281738 2940
1778878616093 0.598336935043335 2960
1778878633562 0.5229485511779786 2980
1778878651033 0.8724765777587891 3000
1778878718569 0.5557044982910156 3020
1778878736038 0.6780528068542481 3040
1778878753506 0.750417947769165 3060
1778878770975 0.7341221332550049 3080
1778878787952 0.6033392906188965 3100
1778878805420 0.6063785076141357 3120
1778878822889 0.5724037170410157 3140
1778878840357 0.7289463996887207 3160
1778878857824 0.6705055713653565 3180
1778878875294 0.8081498146057129 3200
1778878892765 0.6030750274658203 3220
1778878910236 0.8223535537719726 3240
1778878977777 0.4214761734008789 3260
1778878995260 0.7287168502807617 3280
1778879012743 0.6362078666687012 3300
1778879030225 0.6437800407409668 3320
1778879047706 0.7722732067108155 3340
1778879065186 0.785350751876831 3360
1778879082667 0.6221175193786621 3380
1778879100148 0.6443008422851563 3400
1778879117630 0.4839756488800049 3420
1778879135110 0.6569344520568847 3440
1778879152592 0.7770670890808106 3460
1778879170074 0.6118035316467285 3480
1778879187555 0.617534589767456 3500
1778879255332 0.5775109767913819 3520
1778879272813 0.6007866382598877 3540
1778879290294 0.5664358139038086 3560
1778879307775 0.6541581153869629 3580
1778879325255 0.5483756542205811 3600
1778879342736 0.6437297344207764 3620
1778879360216 0.45942373275756837 3640
1778879377694 0.5558024883270264 3660
1778879395174 0.5646818161010743 3680
1778879412654 0.596494197845459 3700
1778879430133 0.5545525074005127 3720
1778879447612 0.5932269096374512 3740
1778879514998 0.7466097354888916 3760
1778879532491 0.6897932052612304 3780
1778879549981 0.6348174571990967 3800
1778879567470 0.4651480197906494 3820
1778879584961 0.6608640670776367 3840
1778879602452 0.570108699798584 3860
1778879619942 0.5761411190032959 3880
1778879637432 0.6783675670623779 3900
1778879654921 0.6652888298034668 3920
1778879672411 0.6635974407196045 3940
1778879689902 0.4773120880126953 3960
1778879707393 0.7310483932495118 3980
1778879724884 0.7255876064300537 4000
1778879792494 0.5501534461975097 4020
1778879809977 0.554294204711914 4040
1778879827459 0.6578461647033691 4060
1778879844940 0.5759603023529053 4080
1778879862422 0.6710310935974121 4100
1778879879435 0.5733321666717529 4120
1778879896916 0.494231128692627 4140
1778879914396 0.6801416873931885 4160
1778879931877 0.4847846984863281 4180
1778879949356 0.3893007278442383 4200
1778879966834 0.49976506233215334 4220
1778879984313 0.4162004470825195 4240
1778880051839 0.4997998237609863 4260
1778880069320 0.5006302833557129 4280
1778880086799 0.6436460971832275 4300
1778880104279 0.5853655338287354 4320
1778880121759 0.7217900276184082 4340
1778880139258 0.528776216506958 4360
1778880156767 0.6019013881683349 4380
1778880174246 0.4836899280548096 4400
1778880191723 0.4486210823059082 4420
1778880209202 0.41256093978881836 4440
1778880226682 0.5968340873718262 4460
1778880244161 0.6228523254394531 4480
1778880261640 0.554379940032959 4500
1778880329244 0.3721332550048828 4520
1778880346734 0.6926484107971191 4540
1778880364224 0.5757300853729248 4560
1778880381715 0.45274600982666013 4580
1778880399334 0.5846389770507813 4600
1778880416825 0.48703842163085936 4620
1778880434315 0.4672388553619385 4640
1778880451803 0.44319653511047363 4660
1778880469289 0.6684703826904297 4680
1778880486776 0.5662263870239258 4700
1778880504266 0.5199680328369141 4720
1778880521752 0.399336051940918 4740
1778880589400 0.5979012966156005 4760
1778880606893 0.4426138877868652 4780
1778880624381 0.6281218528747559 4800
1778880641869 0.5373144149780273 4820
1778880659357 0.7343285560607911 4840
1778880676847 0.565128231048584 4860
1778880694335 0.502475643157959 4880
1778880711822 0.4452561378479004 4900
1778880729310 0.5398484230041504 4920
1778880746800 0.5201537132263183 4940
1778880764288 0.5497286796569825 4960
1778880781777 0.44005413055419923 4980
1778880799266 0.4623887538909912 5000
1778880866831 0.64805006980896 5020
1778880884301 0.36941506862640383 5040
1778880901769 0.49597830772399903 5060
1778880919237 0.35730078220367434 5080
1778880936709 0.5130679130554199 5100
1778880954178 0.34595704078674316 5120
