1779076371708 0.056100981767180924 20
1779076392352 0.11220196353436185 40
1779076413012 0.16830294530154277 60
1779076433655 0.2244039270687237 80
1779076454348 0.2805049088359046 100
1779076475029 0.33660589060308554 120
1779076495711 0.39270687237026647 140
1779076516431 0.4488078541374474 160
1779076537015 0.5049088359046283 180
1779076556898 0.5610098176718092 200
1779076576924 0.6171107994389902 220
1779076596820 0.6732117812061711 240
1779076620110 0.7012622720897616 250
1779076630054 0.729312762973352 260
1779076650752 0.7854137447405329 280
1779076671438 0.8415147265077139 300
1779076692336 0.8976157082748948 320
1779076713053 0.9537166900420757 340
1779076733121 1.008415147265077 360
1779076753761 1.064516129032258 380
1779076774443 1.120617110799439 400
1779076795112 1.1767180925666199 420
1779076815801 1.2328190743338008 440
1779076836482 1.2889200561009817 460
1779076857364 1.3450210378681626 480
1779076878043 1.4011220196353436 500
1779076891812 1.4011220196353436 500
1779076913649 1.4572230014025245 520
1779076934347 1.5133239831697054 540
1779076955035 1.5694249649368865 560
1779076975699 1.6255259467040672 580
1779076996413 1.6816269284712484 600
1779077017111 1.737727910238429 620
1779077038041 1.7938288920056102 640
1779077058763 1.849929873772791 660
1779077079100 1.906030855539972 680
1779077098992 1.9621318373071528 700
1779077118317 2.016830294530154 720
1779077138241 2.0729312762973353 740
1779077161674 2.100981767180926 750
1779077171485 2.129032258064516 760
1779077192416 2.185133239831697 780
1779077213105 2.241234221598878 800
1779077233813 2.297335203366059 820
1779077254494 2.3534361851332397 840
1779077275187 2.409537166900421 860
1779077295868 2.4656381486676016 880
1779077316521 2.5217391304347827 900
1779077337207 2.5778401122019634 920
1779077357890 2.6339410939691446 940
1779077378847 2.6900420757363253 960
1779077399506 2.7461430575035064 980
1779077420218 2.802244039270687 1000
1779077434015 2.802244039270687 1000
1779077455788 2.8583450210378682 1020
1779077476472 2.914446002805049 1040
1779077497190 2.97054698457223 1060
1779077517254 3.0252454417952315 1080
1779077538179 3.081346423562412 1100
1779077558873 3.1374474053295933 1120
1779077579595 3.193548387096774 1140
1779077600255 3.249649368863955 1160
1779077620715 3.305750350631136 1180
1779077640655 3.361851332398317 1200
1779077660550 3.4179523141654977 1220
1779077680425 3.474053295932679 1240
1779077703823 3.5021037868162694 1250
1779077713991 3.53015427769986 1260
1779077734485 3.5862552594670407 1280
1779077755164 3.6423562412342214 1300
1779077775863 3.6984572230014026 1320
1779077796566 3.7545582047685837 1340
1779077817270 3.8106591865357644 1360
1779077837962 3.866760168302945 1380
1779077858654 3.9228611500701263 1400
1779077879332 3.9789621318373074 1420
1779077899653 4.033660589060308 1440
1779077920353 4.0897615708274895 1460
1779077941030 4.145862552594671 1480
1779077961372 4.201963534361852 1500
1779077974775 4.201963534361852 1500
1779077995838 4.258064516129032 1520
1779078015701 4.314165497896213 1540
1779078035669 4.370266479663394 1560
1779078053843 4.426367461430575 1580
1779078073116 4.482468443197756 1600
1779078093059 4.538569424964937 1620
1779078112938 4.594670406732118 1640
1779078132821 4.650771388499299 1660
1779078152695 4.706872370266479 1680
1779078172590 4.762973352033661 1700
1779078192502 4.819074333800842 1720
1779078212428 4.875175315568022 1740
1779078235945 4.903225806451613 1750
1779078247032 4.931276297335203 1760
1779078266947 4.987377279102384 1780
1779078272125 5.0 1785
1779078285573 5.0 1785
1779078302022 5.0 1785
1779078318663 5.0 0
