1779076371708 0.7421704530715942 20
1779076392352 5.200039863586426 40
1779076413012 1.745063304901123 60
1779076433655 3.0752713680267334 80
1779076454348 0.6738696694374084 100
1779076475029 0.4513435959815979 120
1779076495711 1.0967503786087036 140
1779076516431 0.4498485326766968 160
1779076537015 0.5895063281059265 180
1779076556898 1.9474107027053833 200
1779076576924 2.4549994468688965 220
1779076596820 8.080362319946289 240
1779076630054 3.902236223220825 260
1779076650752 2.5420169830322266 280
1779076671438 3.8800220489501953 300
1779076692336 1.6630334854125977 320
1779076713053 0.9024631977081299 340
1779076733121 1.6973484754562378 360
1779076753761 11.615947723388672 380
1779076774443 3.4252164363861084 400
1779076795112 4.076694011688232 420
1779076815801 1.2491124868392944 440
1779076836482 1.7085657119750977 460
1779076857364 1.2396702766418457 480
1779076878043 1.018520474433899 500
1779076913649 3.4482529163360596 520
1779076934347 2.0126895904541016 540
1779076955035 10.129901885986328 560
1779076975699 1.178542137145996 580
1779076996413 1.7479368448257446 600
1779077017111 1.3726778030395508 620
1779077038041 1.9779704809188843 640
1779077058763 2.822396993637085 660
1779077079100 2.997572660446167 680
1779077098992 2.0168650150299072 700
1779077118317 10.204574584960938 720
1779077138241 3.5795671939849854 740
1779077171485 2.2732155323028564 760
1779077192416 5.066446304321289 780
1779077213105 5.575778007507324 800
1779077233813 1.592366337776184 820
1779077254494 2.1258578300476074 840
1779077275187 2.56705641746521 860
1779077295868 4.084094047546387 880
1779077316521 3.697175979614258 900
1779077337207 2.0485050678253174 920
1779077357890 1.7228729724884033 940
1779077378847 4.098354816436768 960
1779077399506 2.6264803409576416 980
1779077420218 2.6399383544921875 1000
1779077455788 3.2106478214263916 1020
1779077476472 2.9905877113342285 1040
1779077497190 3.5175817012786865 1060
1779077517254 2.1469078063964844 1080
1779077538179 7.910406112670898 1100
1779077558873 2.5410780906677246 1120
1779077579595 3.065321922302246 1140
1779077600255 2.5646615028381348 1160
1779077620715 6.2337493896484375 1180
1779077640655 3.1526589393615723 1200
1779077660550 3.5450994968414307 1220
1779077680425 7.41653299331665 1240
1779077713991 8.451192855834961 1260
1779077734485 4.592309951782227 1280
1779077755164 4.5601677894592285 1300
1779077775863 3.3162717819213867 1320
1779077796566 8.41629695892334 1340
1779077817270 3.1891210079193115 1360
1779077837962 6.04857063293457 1380
1779077858654 2.672802686691284 1400
1779077879332 2.2803335189819336 1420
1779077899653 5.840652942657471 1440
1779077920353 5.37034273147583 1460
1779077941030 5.0351786613464355 1480
1779077961372 4.394647598266602 1500
1779077995838 3.934993267059326 1520
1779078015701 3.3248791694641113 1540
1779078035669 4.738170146942139 1560
1779078053843 2.8654565811157227 1580
1779078073116 2.689814329147339 1600
1779078093059 6.485716819763184 1620
1779078112938 7.9046173095703125 1640
1779078132821 2.1974453926086426 1660
1779078152695 3.031571626663208 1680
1779078172590 3.2135612964630127 1700
1779078192502 4.827291965484619 1720
1779078212428 5.1081438064575195 1740
1779078247032 2.5700154304504395 1760
1779078266947 3.311718463897705 1780
