1779076371708 0.6954 20
1779076392352 0.705 40
1779076413012 0.7006 60
1779076433655 0.7054 80
1779076454348 0.6942 100
1779076475029 0.6918 120
1779076495711 0.6942 140
1779076516431 0.6935 160
1779076537015 0.684 180
1779076556898 0.686 200
1779076576924 0.6732 220
1779076596820 0.6829 240
1779076630054 0.6913 260
1779076650752 0.7051 280
1779076671438 0.6859 300
1779076692336 0.6752 320
1779076713053 0.6762 340
1779076733121 0.6779 360
1779076753761 0.6737 380
1779076774443 0.6756 400
1779076795112 0.6616 420
1779076815801 0.6712 440
1779076836482 0.674 460
1779076857364 0.6752 480
1779076878043 0.6912 500
1779076913649 0.6788 520
1779076934347 0.6744 540
1779076955035 0.6756 560
1779076975699 0.6619 580
1779076996413 0.6717 600
1779077017111 0.6625 620
1779077038041 0.6636 640
1779077058763 0.6873 660
1779077079100 0.68 680
1779077098992 0.6536 700
1779077118317 0.6496 720
1779077138241 0.6729 740
1779077171485 0.6655 760
1779077192416 0.6803 780
1779077213105 0.6481 800
1779077233813 0.657 820
1779077254494 0.6461 840
1779077275187 0.6542 860
1779077295868 0.6464 880
1779077316521 0.6446 900
1779077337207 0.6488 920
1779077357890 0.6426 940
1779077378847 0.6507 960
1779077399506 0.6483 980
1779077420218 0.6287 1000
1779077455788 0.6216 1020
1779077476472 0.6338 1040
1779077497190 0.6458 1060
1779077517254 0.6277 1080
1779077538179 0.637 1100
1779077558873 0.6124 1120
1779077579595 0.6336 1140
1779077600255 0.6192 1160
1779077620715 0.6263 1180
1779077640655 0.623 1200
1779077660550 0.6144 1220
1779077680425 0.6103 1240
1779077713991 0.6033 1260
1779077734485 0.6253 1280
1779077755164 0.6147 1300
1779077775863 0.6339 1320
1779077796566 0.6267 1340
1779077817270 0.6316 1360
1779077837962 0.6259 1380
1779077858654 0.6325 1400
1779077879332 0.6128 1420
1779077899653 0.6007 1440
1779077920353 0.6357 1460
1779077941030 0.5934 1480
1779077961372 0.5835 1500
1779077995838 0.5874 1520
1779078015701 0.6161 1540
1779078035669 0.5936 1560
1779078053843 0.588 1580
1779078073116 0.602 1600
1779078093059 0.6053 1620
1779078112938 0.5862 1640
1779078132821 0.6192 1660
1779078152695 0.609 1680
1779078172590 0.5914 1700
1779078192502 0.6036 1720
1779078212428 0.6266 1740
1779078247032 0.6078 1760
1779078266947 0.587 1780
