1779353937717 7.044882774353027 20
1779353941644 40.74399185180664 40
1779353945553 11.953187942504883 60
1779353949470 30.360776901245117 80
1779353953390 23.862667083740234 100
1779353957311 10.35930347442627 120
1779353961263 50.96161651611328 140
1779353965184 45.34725570678711 160
1779353969141 8.603809356689453 180
1779353973080 5.194137096405029 200
1779353977049 14.57421588897705 220
1779353981027 25.617267608642578 240
1779354002420 15.023158073425293 260
1779354006336 5.142182350158691 280
1779354010261 5.20894193649292 300
1779354014174 23.918498992919922 320
1779354018104 5.6635518074035645 340
1779354022019 7.083127021789551 360
1779354025961 7.626511096954346 380
1779354029901 14.249591827392578 400
1779354033822 15.929887771606445 420
1779354037775 8.803037643432617 440
1779354041699 10.692028999328613 460
1779354045659 3.5401601791381836 480
1779354049626 8.49769115447998 500
1779354068936 15.742782592773438 520
1779354072861 12.209234237670898 540
1779354076815 9.450521469116211 560
1779354080742 19.480350494384766 580
1779354084711 5.672558784484863 600
1779354088634 11.582771301269531 620
1779354092601 12.501733779907227 640
1779354096548 13.84847640991211 660
1779354100459 12.452707290649414 680
1779354104384 18.563220977783203 700
1779354108316 7.332850933074951 720
1779354112235 5.506263256072998 740
1779354132601 3.869779348373413 760
1779354136516 12.31268310546875 780
1779354140460 4.308329105377197 800
1779354144432 5.832546710968018 820
1779354148351 27.704376220703125 840
1779354152346 15.662811279296875 860
1779354156299 2.7372779846191406 880
1779354160273 34.41438293457031 900
1779354164218 13.876248359680176 920
1779354168177 39.784828186035156 940
1779354172129 12.69184398651123 960
1779354176346 7.126485347747803 980
1779354180282 7.8959784507751465 1000
1779354200257 11.070456504821777 1020
1779354204203 7.903416156768799 1040
1779354208134 17.718650817871094 1060
1779354212093 10.660263061523438 1080
1779354216024 8.838661193847656 1100
1779354219964 37.531585693359375 1120
1779354223908 5.989092826843262 1140
1779354227842 18.464162826538086 1160
1779354231777 25.936107635498047 1180
1779354235706 5.219201564788818 1200
1779354239682 5.988320827484131 1220
1779354243627 10.95336627960205 1240
1779354264191 9.729881286621094 1260
1779354268129 3.965635061264038 1280
1779354272069 6.5177459716796875 1300
1779354275987 11.312756538391113 1320
1779354280182 14.779393196105957 1340
1779354284123 9.363669395446777 1360
1779354288061 10.378985404968262 1380
1779354291990 8.48138427734375 1400
1779354295927 16.991649627685547 1420
1779354299869 16.47598648071289 1440
1779354303815 57.05889129638672 1460
1779354307761 7.083522796630859 1480
1779354311759 8.097383499145508 1500
1779354331301 6.7463788986206055 1520
1779354335301 19.9691104888916 1540
1779354339287 6.038819789886475 1560
1779354343297 5.195725440979004 1580
1779354347283 2.9072446823120117 1600
1779354351269 9.699756622314453 1620
1779354355266 17.56418800354004 1640
1779354359258 12.249637603759766 1660
1779354363245 7.529927730560303 1680
1779354367237 3.6112732887268066 1700
1779354371222 15.456933975219727 1720
1779354375197 8.7520112991333 1740
1779354395645 19.965259552001953 1760
1779354399682 14.874975204467773 1780
1779354403715 17.248979568481445 1800
1779354407724 8.613118171691895 1820
1779354411730 10.145161628723145 1840
1779354415776 15.229233741760254 1860
1779354419775 9.074470520019531 1880
1779354423789 6.484493255615234 1900
1779354427957 6.80099630355835 1920
1779354431937 11.682158470153809 1940
1779354435946 11.896522521972656 1960
1779354439936 11.502058029174805 1980
1779354443932 35.372032165527344 2000
1779354464413 12.900073051452637 2020
1779354468423 6.6995110511779785 2040
1779354472527 14.576379776000977 2060
1779354476919 16.059316635131836 2080
1779354480970 4.668391704559326 2100
1779354484956 23.908123016357422 2120
1779354488976 7.976023197174072 2140
1779354492947 6.008670330047607 2160
1779354496935 40.204795837402344 2180
1779354500931 8.007814407348633 2200
1779354504907 14.16362190246582 2220
1779354508882 10.333486557006836 2240
1779354529373 7.829676151275635 2260
1779354533367 21.794984817504883 2280
1779354537348 22.422170639038086 2300
1779354541413 59.093528747558594 2320
1779354545466 4.004239559173584 2340
1779354549469 33.21437072753906 2360
1779354553895 46.3922119140625 2380
1779354557902 14.311153411865234 2400
1779354561896 7.375640869140625 2420
1779354565914 6.872715950012207 2440
1779354569933 15.733458518981934 2460
1779354573948 28.440467834472656 2480
1779354577917 10.055211067199707 2500
1779354598343 7.993613243103027 2520
1779354602334 19.965246200561523 2540
1779354606382 21.044601440429688 2560
1779354610379 19.807987213134766 2580
1779354614387 24.87806510925293 2600
1779354618410 12.817669868469238 2620
1779354622430 16.893945693969727 2640
1779354626476 13.629437446594238 2660
1779354630495 12.501317977905273 2680
1779354634513 37.19521713256836 2700
1779354638574 13.460716247558594 2720
1779354642610 24.097454071044922 2740
1779354664003 11.645398139953613 2760
1779354667975 11.646357536315918 2780
1779354671955 16.230976104736328 2800
1779354675942 15.339938163757324 2820
1779354679898 10.216346740722656 2840
1779354683881 22.97332191467285 2860
1779354687865 33.107669830322266 2880
1779354691828 16.119569778442383 2900
1779354695812 10.861872673034668 2920
1779354699776 13.31039810180664 2940
1779354703985 5.900562286376953 2960
1779354708032 10.960408210754395 2980
1779354712051 11.351612091064453 3000
1779354733764 16.800052642822266 3020
1779354737931 14.556411743164062 3040
1779354741938 14.026147842407227 3060
1779354745980 8.412690162658691 3080
1779354749907 6.995390892028809 3100
1779354753836 13.379658699035645 3120
1779354757775 16.950342178344727 3140
1779354761766 35.73647689819336 3160
1779354765749 17.709009170532227 3180
1779354769768 12.00203800201416 3200
1779354773738 12.892830848693848 3220
1779354777726 15.206865310668945 3240
1779354798193 17.245067596435547 3260
1779354802175 9.070597648620605 3280
1779354806148 11.480149269104004 3300
1779354810130 9.908018112182617 3320
1779354814099 7.192688941955566 3340
1779354818064 24.96910858154297 3360
1779354822056 11.729387283325195 3380
1779354826051 5.621942043304443 3400
1779354830051 28.62019920349121 3420
1779354834050 9.56204605102539 3440
1779354838040 16.573123931884766 3460
1779354842044 14.844470977783203 3480
1779354846057 11.012418746948242 3500
1779354866315 7.642537593841553 3520
1779354870345 12.017779350280762 3540
1779354874340 12.40068244934082 3560
1779354878347 17.718591690063477 3580
1779354882445 16.548322677612305 3600
1779354886504 8.904258728027344 3620
1779354890527 18.201845169067383 3640
1779354894525 22.0059757232666 3660
1779354898571 10.16484260559082 3680
1779354902544 17.746829986572266 3700
1779354906537 23.794572830200195 3720
1779354910494 12.326553344726562 3740
1779354932116 15.393844604492188 3760
1779354936099 16.977628707885742 3780
1779354940087 11.217095375061035 3800
1779354944066 7.5669097900390625 3820
1779354948076 31.84523582458496 3840
1779354952089 26.177940368652344 3860
1779354956066 35.486270904541016 3880
1779354960040 7.2604265213012695 3900
1779354964022 14.085561752319336 3920
1779354967992 10.734929084777832 3940
1779354971965 24.506717681884766 3960
1779354975944 16.9263858795166 3980
1779354979899 14.680445671081543 4000
1779355000493 10.315326690673828 4020
1779355004405 12.477673530578613 4040
1779355008312 17.267911911010742 4060
1779355012274 8.19254207611084 4080
1779355016197 13.383125305175781 4100
1779355020176 13.368311882019043 4120
1779355024214 16.44671058654785 4140
1779355028229 11.915423393249512 4160
1779355032201 15.37736988067627 4180
1779355036194 28.4112606048584 4200
1779355040206 16.87236976623535 4220
1779355044791 15.813003540039062 4240
1779355067181 10.117359161376953 4260
1779355071191 8.01722240447998 4280
1779355075389 15.07431697845459 4300
1779355079468 5.970116138458252 4320
1779355083490 18.758113861083984 4340
1779355087588 9.128484725952148 4360
1779355091514 6.3978352546691895 4380
1779355095489 13.411026954650879 4400
1779355099423 18.373958587646484 4420
1779355103341 9.19237995147705 4440
1779355107328 11.122335433959961 4460
1779355111442 8.961654663085938 4480
1779355115385 11.909444808959961 4500
1779355135015 12.129687309265137 4520
1779355138982 17.74131965637207 4540
1779355142936 11.6962251663208 4560
1779355146901 8.324983596801758 4580
1779355150867 15.806717872619629 4600
1779355154831 17.061437606811523 4620
1779355158820 13.244030952453613 4640
1779355162774 10.753568649291992 4660
1779355166739 13.052313804626465 4680
1779355170684 10.482061386108398 4700
1779355174670 15.382251739501953 4720
1779355178644 12.401531219482422 4740
1779355197631 7.759360313415527 4760
1779355201632 11.730669021606445 4780
1779355205591 6.27297830581665 4800
1779355209553 18.887065887451172 4820
1779355213460 16.406461715698242 4840
1779355217368 14.510071754455566 4860
1779355221287 13.536951065063477 4880
1779355225251 11.316214561462402 4900
1779355229197 9.684357643127441 4920
1779355233509 18.664737701416016 4940
1779355237549 10.762886047363281 4960
1779355241632 8.087872505187988 4980
1779355245743 7.475028991699219 5000
1779355267577 5.052320957183838 5020
1779355271734 21.64619255065918 5040
1779355275762 25.812856674194336 5060
1779355279819 12.142440795898438 5080
1779355284098 6.128528118133545 5100
1779355289015 9.113277435302734 5120
1779355293129 18.964622497558594 5140
1779355297200 15.335238456726074 5160
1779355301397 6.039252281188965 5180
1779355306591 17.11604881286621 5200
1779355311085 6.168080806732178 5220
1779355315749 14.535338401794434 5240
1779355340061 11.546607971191406 5260
1779355344112 78.67955017089844 5280
1779355348292 40.52157211303711 5300
1779355352330 15.196135520935059 5320
1779355356320 5.453394889831543 5340
1779355360572 9.121072769165039 5360
1779355364568 12.850661277770996 5380
1779355369143 15.600729942321777 5400
1779355373158 17.995281219482422 5420
1779355377205 14.365610122680664 5440
1779355381411 13.734015464782715 5460
1779355386728 11.237258911132812 5480
1779355391306 11.83396053314209 5500
1779355413193 9.763038635253906 5520
1779355418348 6.897915840148926 5540
1779355422528 10.793622970581055 5560
1779355427756 5.882201671600342 5580
1779355432619 9.91689682006836 5600
1779355436932 7.131307601928711 5620
1779355441219 13.666186332702637 5640
1779355445367 9.61500072479248 5660
1779355449919 9.845353126525879 5680
1779355454704 10.363916397094727 5700
1779355459116 8.206527709960938 5720
1779355463534 11.379719734191895 5740
1779355486164 13.892195701599121 5760
1779355490440 44.605953216552734 5780
1779355494856 10.979169845581055 5800
1779355499665 21.822702407836914 5820
1779355504324 8.370377540588379 5840
1779355509128 17.380311965942383 5860
1779355513890 14.22939682006836 5880
1779355518345 17.920433044433594 5900
1779355522816 12.403738021850586 5920
1779355527081 25.08289909362793 5940
1779355531575 9.226820945739746 5960
1779355536618 7.693603515625 5980
1779355541068 8.17812442779541 6000
1779355566551 5.917908191680908 6020
1779355571465 26.89499855041504 6040
1779355577136 6.551459789276123 6060
1779355582284 25.317533493041992 6080
1779355587521 8.838377952575684 6100
1779355592840 8.983797073364258 6120
1779355597913 17.563480377197266 6140
1779355603030 9.525792121887207 6160
1779355608101 13.109662055969238 6180
1779355613990 11.213269233703613 6200
1779355619621 17.011642456054688 6220
1779355624789 11.248563766479492 6240
1779355654593 22.161069869995117 6260
1779355660114 27.29694938659668 6280
1779355665564 13.215489387512207 6300
1779355670634 8.551119804382324 6320
1779355675546 14.276259422302246 6340
1779355680765 8.014826774597168 6360
1779355685004 12.235915184020996 6380
1779355689772 5.663477897644043 6400
1779355693863 6.6573333740234375 6420
1779355697866 12.095077514648438 6440
1779355702352 18.351852416992188 6460
1779355707011 10.694936752319336 6480
1779355711022 12.535150527954102 6500
1779355738473 10.418028831481934 6520
1779355744154 6.518890380859375 6540
1779355749680 15.439905166625977 6560
1779355755314 12.178332328796387 6580
1779355760473 10.120862007141113 6600
1779355765442 9.406095504760742 6620
1779355771492 6.379769802093506 6640
1779355776499 8.173359870910645 6660
