1779353937717 3.8e-05 20
1779353941644 7.800000000000001e-05 40
1779353945553 9.986384266263238e-05 60
1779353949470 9.956127080181544e-05 80
1779353953390 9.925869894099849e-05 100
1779353957311 9.895612708018155e-05 120
1779353961263 9.86535552193646e-05 140
1779353965184 9.835098335854766e-05 160
1779353969141 9.804841149773071e-05 180
1779353973080 9.774583963691377e-05 200
1779353977049 9.744326777609682e-05 220
1779353981027 9.714069591527989e-05 240
1779354002420 9.683812405446295e-05 260
1779354006336 9.653555219364599e-05 280
1779354010261 9.623298033282904e-05 300
1779354014174 9.593040847201211e-05 320
1779354018104 9.562783661119517e-05 340
1779354022019 9.532526475037822e-05 360
1779354025961 9.502269288956128e-05 380
1779354029901 9.472012102874433e-05 400
1779354033822 9.441754916792739e-05 420
1779354037775 9.411497730711044e-05 440
1779354041699 9.38124054462935e-05 460
1779354045659 9.350983358547655e-05 480
1779354049626 9.320726172465961e-05 500
1779354068936 9.290468986384266e-05 520
1779354072861 9.260211800302573e-05 540
1779354076815 9.229954614220879e-05 560
1779354080742 9.199697428139183e-05 580
1779354084711 9.169440242057488e-05 600
1779354088634 9.139183055975795e-05 620
1779354092601 9.108925869894101e-05 640
1779354096548 9.078668683812406e-05 660
1779354100459 9.04841149773071e-05 680
1779354104384 9.018154311649017e-05 700
1779354108316 8.987897125567323e-05 720
1779354112235 8.957639939485628e-05 740
1779354132601 8.927382753403934e-05 760
1779354136516 8.897125567322239e-05 780
1779354140460 8.866868381240545e-05 800
1779354144432 8.83661119515885e-05 820
1779354148351 8.806354009077157e-05 840
1779354152346 8.776096822995463e-05 860
1779354156299 8.745839636913767e-05 880
1779354160273 8.715582450832072e-05 900
1779354164218 8.685325264750379e-05 920
1779354168177 8.655068078668685e-05 940
1779354172129 8.62481089258699e-05 960
1779354176346 8.594553706505294e-05 980
1779354180282 8.564296520423601e-05 1000
1779354200257 8.534039334341907e-05 1020
1779354204203 8.503782148260212e-05 1040
1779354208134 8.473524962178518e-05 1060
1779354212093 8.443267776096823e-05 1080
1779354216024 8.413010590015129e-05 1100
1779354219964 8.382753403933434e-05 1120
1779354223908 8.35249621785174e-05 1140
1779354227842 8.322239031770047e-05 1160
1779354231777 8.291981845688351e-05 1180
1779354235706 8.261724659606656e-05 1200
1779354239682 8.231467473524963e-05 1220
1779354243627 8.201210287443269e-05 1240
1779354264191 8.170953101361574e-05 1260
1779354268129 8.140695915279878e-05 1280
1779354272069 8.110438729198185e-05 1300
1779354275987 8.080181543116491e-05 1320
1779354280182 8.049924357034796e-05 1340
1779354284123 8.019667170953102e-05 1360
1779354288061 7.989409984871407e-05 1380
1779354291990 7.959152798789713e-05 1400
1779354295927 7.928895612708018e-05 1420
1779354299869 7.898638426626324e-05 1440
1779354303815 7.86838124054463e-05 1460
1779354307761 7.838124054462935e-05 1480
1779354311759 7.80786686838124e-05 1500
1779354331301 7.777609682299547e-05 1520
1779354335301 7.747352496217853e-05 1540
1779354339287 7.717095310136158e-05 1560
1779354343297 7.686838124054462e-05 1580
1779354347283 7.656580937972769e-05 1600
1779354351269 7.626323751891075e-05 1620
1779354355266 7.59606656580938e-05 1640
1779354359258 7.565809379727686e-05 1660
1779354363245 7.535552193645991e-05 1680
1779354367237 7.505295007564297e-05 1700
1779354371222 7.475037821482602e-05 1720
1779354375197 7.444780635400908e-05 1740
1779354395645 7.414523449319215e-05 1760
1779354399682 7.384266263237519e-05 1780
1779354403715 7.354009077155824e-05 1800
1779354407724 7.323751891074131e-05 1820
1779354411730 7.293494704992437e-05 1840
1779354415776 7.263237518910742e-05 1860
1779354419775 7.232980332829046e-05 1880
1779354423789 7.202723146747353e-05 1900
1779354427957 7.172465960665659e-05 1920
1779354431937 7.142208774583964e-05 1940
1779354435946 7.11195158850227e-05 1960
1779354439936 7.081694402420575e-05 1980
1779354443932 7.051437216338881e-05 2000
1779354464413 7.021180030257186e-05 2020
1779354468423 6.990922844175492e-05 2040
1779354472527 6.960665658093797e-05 2060
1779354476919 6.930408472012103e-05 2080
1779354480970 6.900151285930408e-05 2100
1779354484956 6.869894099848715e-05 2120
1779354488976 6.83963691376702e-05 2140
1779354492947 6.809379727685326e-05 2160
1779354496935 6.77912254160363e-05 2180
1779354500931 6.748865355521937e-05 2200
1779354504907 6.718608169440243e-05 2220
1779354508882 6.688350983358548e-05 2240
1779354529373 6.658093797276854e-05 2260
1779354533367 6.627836611195159e-05 2280
1779354537348 6.597579425113465e-05 2300
1779354541413 6.56732223903177e-05 2320
1779354545466 6.537065052950076e-05 2340
1779354549469 6.506807866868381e-05 2360
1779354553895 6.476550680786687e-05 2380
1779354557902 6.446293494704992e-05 2400
1779354561896 6.416036308623299e-05 2420
1779354565914 6.385779122541605e-05 2440
1779354569933 6.35552193645991e-05 2460
1779354573948 6.325264750378214e-05 2480
1779354577917 6.295007564296521e-05 2500
1779354598343 6.264750378214827e-05 2520
1779354602334 6.234493192133132e-05 2540
1779354606382 6.204236006051438e-05 2560
1779354610379 6.173978819969743e-05 2580
1779354614387 6.143721633888049e-05 2600
1779354618410 6.113464447806354e-05 2620
1779354622430 6.08320726172466e-05 2640
1779354626476 6.052950075642966e-05 2660
1779354630495 6.0226928895612714e-05 2680
1779354634513 5.992435703479576e-05 2700
1779354638574 5.962178517397883e-05 2720
1779354642610 5.931921331316188e-05 2740
1779354664003 5.9016641452344934e-05 2760
1779354667975 5.871406959152799e-05 2780
1779354671955 5.841149773071105e-05 2800
1779354675942 5.8108925869894106e-05 2820
1779354679898 5.7806354009077154e-05 2840
1779354683881 5.750378214826021e-05 2860
1779354687865 5.720121028744327e-05 2880
1779354691828 5.6898638426626326e-05 2900
1779354695812 5.659606656580938e-05 2920
1779354699776 5.6293494704992436e-05 2940
1779354703985 5.59909228441755e-05 2960
1779354708032 5.568835098335855e-05 2980
1779354712051 5.53857791225416e-05 3000
1779354733764 5.508320726172467e-05 3020
1779354737931 5.478063540090772e-05 3040
1779354741938 5.4478063540090774e-05 3060
1779354745980 5.417549167927383e-05 3080
1779354749907 5.387291981845689e-05 3100
1779354753836 5.3570347957639946e-05 3120
1779354757775 5.3267776096822994e-05 3140
1779354761766 5.296520423600605e-05 3160
1779354765749 5.266263237518911e-05 3180
1779354769768 5.2360060514372166e-05 3200
1779354773738 5.205748865355522e-05 3220
1779354777726 5.175491679273827e-05 3240
1779354798193 5.145234493192134e-05 3260
1779354802175 5.114977307110439e-05 3280
1779354806148 5.084720121028744e-05 3300
1779354810130 5.054462934947051e-05 3320
1779354814099 5.024205748865356e-05 3340
1779354818064 4.9939485627836613e-05 3360
1779354822056 4.963691376701967e-05 3380
1779354826051 4.9334341906202724e-05 3400
1779354830051 4.9031770045385785e-05 3420
1779354834050 4.8729198184568834e-05 3440
1779354838040 4.8426626323751896e-05 3460
1779354842044 4.812405446293495e-05 3480
1779354846057 4.7821482602118006e-05 3500
1779354866315 4.751891074130106e-05 3520
1779354870345 4.7216338880484116e-05 3540
1779354874340 4.691376701966717e-05 3560
1779354878347 4.6611195158850226e-05 3580
1779354882445 4.630862329803328e-05 3600
1779354886504 4.600605143721634e-05 3620
1779354890527 4.57034795763994e-05 3640
1779354894525 4.540090771558245e-05 3660
1779354898571 4.509833585476551e-05 3680
1779354902544 4.479576399394856e-05 3700
1779354906537 4.4493192133131625e-05 3720
1779354910494 4.4190620272314673e-05 3740
1779354932116 4.3888048411497735e-05 3760
1779354936099 4.358547655068079e-05 3780
1779354940087 4.3282904689863845e-05 3800
1779354944066 4.29803328290469e-05 3820
1779354948076 4.2677760968229956e-05 3840
1779354952089 4.237518910741301e-05 3860
1779354956066 4.2072617246596066e-05 3880
1779354960040 4.177004538577912e-05 3900
1779354964022 4.146747352496218e-05 3920
1779354967992 4.116490166414524e-05 3940
1779354971965 4.086232980332829e-05 3960
1779354975944 4.055975794251135e-05 3980
1779354979899 4.02571860816944e-05 4000
1779355000493 3.9954614220877465e-05 4020
1779355004405 3.965204236006051e-05 4040
1779355008312 3.9349470499243575e-05 4060
1779355012274 3.904689863842662e-05 4080
1779355016197 3.8744326777609685e-05 4100
1779355020176 3.844175491679274e-05 4120
1779355024214 3.8139183055975795e-05 4140
1779355028229 3.783661119515885e-05 4160
1779355032201 3.7534039334341906e-05 4180
1779355036194 3.723146747352496e-05 4200
1779355040206 3.692889561270802e-05 4220
1779355044791 3.662632375189108e-05 4240
1779355067181 3.632375189107413e-05 4260
1779355071191 3.602118003025719e-05 4280
1779355075389 3.571860816944024e-05 4300
1779355079468 3.5416036308623305e-05 4320
1779355083490 3.511346444780635e-05 4340
1779355087588 3.4810892586989415e-05 4360
1779355091514 3.450832072617246e-05 4380
1779355095489 3.4205748865355525e-05 4400
1779355099423 3.390317700453858e-05 4420
1779355103341 3.3600605143721635e-05 4440
1779355107328 3.329803328290469e-05 4460
1779355111442 3.2995461422087745e-05 4480
1779355115385 3.26928895612708e-05 4500
1779355135015 3.239031770045386e-05 4520
1779355138982 3.208774583963692e-05 4540
1779355142936 3.178517397881997e-05 4560
1779355146901 3.148260211800303e-05 4580
1779355150867 3.118003025718608e-05 4600
1779355154831 3.0877458396369144e-05 4620
1779355158820 3.057488653555219e-05 4640
1779355162774 3.027231467473525e-05 4660
1779355166739 2.9969742813918306e-05 4680
1779355170684 2.9667170953101365e-05 4700
1779355174670 2.9364599092284416e-05 4720
1779355178644 2.9062027231467475e-05 4740
1779355197631 2.875945537065053e-05 4760
1779355201632 2.845688350983359e-05 4780
1779355205591 2.815431164901664e-05 4800
1779355209553 2.78517397881997e-05 4820
1779355213460 2.7549167927382757e-05 4840
1779355217368 2.724659606656581e-05 4860
1779355221287 2.694402420574887e-05 4880
1779355225251 2.6641452344931922e-05 4900
1779355229197 2.633888048411498e-05 4920
1779355233509 2.6036308623298032e-05 4940
1779355237549 2.573373676248109e-05 4960
1779355241632 2.5431164901664146e-05 4980
1779355245743 2.5128593040847204e-05 5000
1779355267577 2.482602118003026e-05 5020
1779355271734 2.4523449319213315e-05 5040
1779355275762 2.422087745839637e-05 5060
1779355279819 2.3918305597579428e-05 5080
1779355284098 2.3615733736762483e-05 5100
1779355289015 2.331316187594554e-05 5120
1779355293129 2.3010590015128593e-05 5140
1779355297200 2.270801815431165e-05 5160
1779355301397 2.2405446293494707e-05 5180
1779355306591 2.2102874432677762e-05 5200
1779355311085 2.1800302571860817e-05 5220
1779355315749 2.1497730711043872e-05 5240
1779355340061 2.1195158850226927e-05 5260
1779355344112 2.0892586989409986e-05 5280
1779355348292 2.0590015128593044e-05 5300
1779355352330 2.02874432677761e-05 5320
1779355356320 1.9984871406959154e-05 5340
1779355360572 1.968229954614221e-05 5360
1779355364568 1.9379727685325268e-05 5380
1779355369143 1.9077155824508323e-05 5400
1779355373158 1.8774583963691378e-05 5420
1779355377205 1.8472012102874433e-05 5440
1779355381411 1.8169440242057488e-05 5460
1779355386728 1.7866868381240547e-05 5480
1779355391306 1.7564296520423602e-05 5500
1779355413193 1.7261724659606657e-05 5520
1779355418348 1.6959152798789712e-05 5540
1779355422528 1.6656580937972767e-05 5560
1779355427756 1.6354009077155826e-05 5580
1779355432619 1.605143721633888e-05 5600
1779355436932 1.574886535552194e-05 5620
1779355441219 1.5446293494704994e-05 5640
1779355445367 1.514372163388805e-05 5660
1779355449919 1.4841149773071106e-05 5680
1779355454704 1.4538577912254161e-05 5700
1779355459116 1.4236006051437218e-05 5720
1779355463534 1.3933434190620273e-05 5740
1779355486164 1.363086232980333e-05 5760
1779355490440 1.3328290468986385e-05 5780
1779355494856 1.302571860816944e-05 5800
1779355499665 1.2723146747352497e-05 5820
1779355504324 1.2420574886535553e-05 5840
1779355509128 1.2118003025718608e-05 5860
1779355513890 1.1815431164901665e-05 5880
1779355518345 1.151285930408472e-05 5900
1779355522816 1.1210287443267777e-05 5920
1779355527081 1.0907715582450832e-05 5940
1779355531575 1.0605143721633887e-05 5960
1779355536618 1.0302571860816944e-05 5980
1779355541068 1e-05 6000
1779355566551 9.697428139183058e-06 6020
1779355571465 9.394856278366113e-06 6040
1779355577136 9.092284417549168e-06 6060
1779355582284 8.789712556732225e-06 6080
1779355587521 8.48714069591528e-06 6100
1779355592840 8.184568835098336e-06 6120
1779355597913 7.881996974281393e-06 6140
1779355603030 7.579425113464449e-06 6160
1779355608101 7.276853252647504e-06 6180
1779355613990 6.97428139183056e-06 6200
1779355619621 6.671709531013616e-06 6220
1779355624789 6.369137670196672e-06 6240
1779355654593 6.066565809379728e-06 6260
1779355660114 5.763993948562784e-06 6280
1779355665564 5.46142208774584e-06 6300
1779355670634 5.158850226928896e-06 6320
1779355675546 4.856278366111952e-06 6340
1779355680765 4.5537065052950075e-06 6360
1779355685004 4.2511346444780634e-06 6380
1779355689772 3.948562783661119e-06 6400
1779355693863 3.6459909228441757e-06 6420
1779355697866 3.3434190620272316e-06 6440
1779355702352 3.0408472012102876e-06 6460
1779355707011 2.7382753403933435e-06 6480
1779355711022 2.4357034795763994e-06 6500
1779355738473 2.1331316187594553e-06 6520
1779355744154 1.8305597579425113e-06 6540
1779355749680 1.5279878971255674e-06 6560
1779355755314 1.2254160363086233e-06 6580
1779355760473 9.228441754916794e-07 6600
1779355765442 6.202723146747353e-07 6620
1779355771492 3.177004538577912e-07 6640
1779355776499 1.51285930408472e-08 6660
