1777680982121 0.9964122176170349 20
1777680986836 2.3184993267059326 40
1777680991924 1.1800612211227417 60
1777680997628 0.9140327572822571 80
1777681003123 0.9620382785797119 100
1777681008873 0.8826979994773865 120
1777681013971 1.0449496507644653 140
1777681019061 1.3175768852233887 160
1777681023977 0.9914939403533936 180
1777681029883 2.2782065868377686 200
1777681035904 0.9313167333602905 220
1777681042015 1.543755292892456 240
1777681051522 1.2818946838378906 260
1777681058120 1.7022219896316528 280
1777681064752 1.3745677471160889 300
1777681070906 1.5519907474517822 320
1777681077217 2.017638921737671 340
1777681083300 2.379492998123169 360
1777681089611 2.3681795597076416 380
1777681095472 1.350489854812622 400
1777681101265 2.0769731998443604 420
1777681107405 2.686378240585327 440
1777681113084 2.4472427368164062 460
1777681119749 1.442010760307312 480
1777681125814 1.6238933801651 500
1777681135370 2.7364351749420166 520
1777681141837 1.3316558599472046 540
1777681149801 1.3668525218963623 560
1777681157349 1.917594075202942 580
1777681164659 3.5337250232696533 600
1777681172352 2.3334457874298096 620
1777681179206 1.676457166671753 640
1777681186077 2.7540013790130615 660
1777681192875 3.1819891929626465 680
