1777680982121 0.698 20
1777680986836 0.6962 40
1777680991924 0.6969 60
1777680997628 0.6832 80
1777681003123 0.6805 100
1777681008873 0.6741 120
1777681013971 0.6686 140
1777681019061 0.6634 160
1777681023977 0.6508 180
1777681029883 0.6303 200
1777681035904 0.6004 220
1777681042015 0.5939 240
1777681051522 0.5665 260
1777681058120 0.5426 280
1777681064752 0.5184 300
1777681070906 0.4976 320
1777681077217 0.4775 340
1777681083300 0.4213 360
1777681089611 0.3948 380
1777681095472 0.4198 400
1777681101265 0.3917 420
1777681107405 0.405 440
1777681113084 0.3797 460
1777681119749 0.3953 480
1777681125814 0.3431 500
1777681135370 0.4014 520
1777681141837 0.3717 540
1777681149801 0.304 560
1777681157349 0.2874 580
1777681164659 0.3363 600
1777681172352 0.3574 620
1777681179206 0.3419 640
1777681186077 0.3533 660
1777681192875 0.3052 680
