1778287797205 0.03003003003003003 20
1778287800086 0.06006006006006006 40
1778287802982 0.09009009009009009 60
1778287805881 0.12012012012012012 80
1778287808776 0.15015015015015015 100
1778287811676 0.18018018018018017 120
1778287814570 0.21021021021021022 140
1778287817469 0.24024024024024024 160
1778287820366 0.2702702702702703 180
1778287823264 0.3003003003003003 200
1778287826161 0.3303303303303303 220
1778287829058 0.36036036036036034 240
1778287831003 0.37537537537537535 250
1778287833808 0.39039039039039036 260
1778287836706 0.42042042042042044 280
1778287839614 0.45045045045045046 300
1778287842514 0.4804804804804805 320
1778287845422 0.5105105105105106 340
1778287848324 0.5405405405405406 360
1778287851234 0.5705705705705706 380
1778287854130 0.6006006006006006 400
1778287857038 0.6306306306306306 420
1778287859936 0.6606606606606606 440
1778287862845 0.6906906906906907 460
1778287865743 0.7207207207207207 480
1778287868647 0.7507507507507507 500
1778287869197 0.7507507507507507 500
1778287873168 0.7807807807807807 520
1778287876068 0.8108108108108109 540
1778287878964 0.8408408408408409 560
1778287881864 0.8708708708708709 580
1778287884757 0.9009009009009009 600
1778287887656 0.9309309309309309 620
1778287890553 0.960960960960961 640
1778287893456 0.990990990990991 660
1778287896351 1.021021021021021 680
1778287899254 1.0510510510510511 700
1778287902148 1.0810810810810811 720
1778287905045 1.1111111111111112 740
1778287906983 1.1261261261261262 750
1778287909911 1.1411411411411412 760
1778287912810 1.1711711711711712 780
1778287915715 1.2012012012012012 800
1778287918609 1.2312312312312312 820
1778287921517 1.2612612612612613 840
1778287924415 1.2912912912912913 860
1778287927320 1.3213213213213213 880
1778287930215 1.3513513513513513 900
1778287933119 1.3813813813813813 920
1778287936017 1.4114114114114114 940
1778287938923 1.4414414414414414 960
1778287941824 1.4714714714714714 980
1778287944727 1.5015015015015014 1000
1778287945231 1.5015015015015014 1000
1778287949451 1.5315315315315314 1020
1778287952349 1.5615615615615615 1040
1778287955248 1.5915915915915915 1060
1778287958152 1.6216216216216215 1080
1778287961050 1.6516516516516515 1100
1778287963952 1.6816816816816815 1120
1778287966851 1.7117117117117115 1140
1778287969751 1.7417417417417418 1160
1778287972647 1.7717717717717718 1180
1778287975547 1.8018018018018018 1200
1778287978448 1.8318318318318318 1220
1778287981349 1.8618618618618619 1240
1778287983297 1.8768768768768769 1250
1778287986073 1.8918918918918919 1260
1778287988970 1.921921921921922 1280
1778287991874 1.951951951951952 1300
1778287994772 1.981981981981982 1320
1778287997676 2.012012012012012 1340
1778288000576 2.042042042042042 1360
1778288003483 2.0720720720720722 1380
1778288006379 2.1021021021021022 1400
1778288009284 2.1321321321321323 1420
1778288012179 2.1621621621621623 1440
1778288015085 2.1921921921921923 1460
1778288017984 2.2222222222222223 1480
1778288020894 2.2522522522522523 1500
1778288021449 2.2522522522522523 1500
1778288025453 2.2822822822822824 1520
1778288028351 2.3123123123123124 1540
1778288031247 2.3423423423423424 1560
1778288034146 2.3723723723723724 1580
1778288037039 2.4024024024024024 1600
1778288039938 2.4324324324324325 1620
1778288042834 2.4624624624624625 1640
1778288045734 2.4924924924924925 1660
1778288048628 2.5225225225225225 1680
1778288051526 2.5525525525525525 1700
1778288054422 2.5825825825825826 1720
1778288057323 2.6126126126126126 1740
1778288059254 2.6276276276276276 1750
1778288061954 2.6426426426426426 1760
1778288064850 2.6726726726726726 1780
1778288067755 2.7027027027027026 1800
1778288070649 2.7327327327327327 1820
1778288073553 2.7627627627627627 1840
1778288076453 2.7927927927927927 1860
1778288079357 2.8228228228228227 1880
1778288082253 2.8528528528528527 1900
1778288085159 2.8828828828828827 1920
1778288088060 2.9129129129129128 1940
1778288090963 2.942942942942943 1960
1778288093862 2.972972972972973 1980
1778288096768 3.003003003003003 2000
1778288097271 3.003003003003003 2000
1778288101482 3.033033033033033 2020
1778288104382 3.063063063063063 2040
1778288107276 3.093093093093093 2060
1778288110176 3.123123123123123 2080
1778288113070 3.153153153153153 2100
1778288115967 3.1831831831831834 2120
1778288118860 3.2132132132132134 2140
1778288121758 3.2432432432432434 2160
1778288124653 3.2732732732732734 2180
1778288127552 3.3033033033033035 2200
1778288130450 3.3333333333333335 2220
1778288133339 3.3633633633633635 2240
1778288135276 3.3783783783783785 2250
1778288138042 3.3933933933933935 2260
1778288140937 3.4234234234234235 2280
1778288143843 3.4534534534534536 2300
1778288146742 3.4834834834834836 2320
1778288149648 3.5135135135135136 2340
1778288152546 3.5435435435435436 2360
1778288155451 3.5735735735735736 2380
1778288158347 3.6036036036036037 2400
1778288161252 3.6336336336336337 2420
1778288164148 3.6636636636636637 2440
1778288167058 3.6936936936936937 2460
1778288169956 3.7237237237237237 2480
1778288172866 3.7537537537537538 2500
1778288173366 3.7537537537537538 2500
1778288174725 3.7537537537537538 2500
1778288175522 3.7537537537537538 2500
1778288176223 3.7537537537537538 2500
1778288176859 3.7537537537537538 0
