1778287797205 4.494284629821777 20
1778287800086 13.184399604797363 40
1778287802982 3.17407488822937 60
1778287805881 3.3731131553649902 80
1778287808776 2.9776251316070557 100
1778287811676 5.474771499633789 120
1778287814570 8.165834426879883 140
1778287817469 3.6377830505371094 160
1778287820366 4.868156909942627 180
1778287823264 2.1790337562561035 200
1778287826161 3.02704119682312 220
1778287829058 2.615717887878418 240
1778287833808 2.3922815322875977 260
1778287836706 2.654015064239502 280
1778287839614 3.6522881984710693 300
1778287842514 3.4022018909454346 320
1778287845422 3.1042375564575195 340
1778287848324 2.8111207485198975 360
1778287851234 2.3137362003326416 380
1778287854130 1.8520710468292236 400
1778287857038 1.8350390195846558 420
1778287859936 3.2169554233551025 440
1778287862845 2.151348352432251 460
1778287865743 2.8652899265289307 480
1778287868647 2.617227792739868 500
1778287873168 2.4197330474853516 520
1778287876068 1.6620376110076904 540
1778287878964 2.1858537197113037 560
1778287881864 3.3581173419952393 580
1778287884757 1.6863219738006592 600
1778287887656 2.257676601409912 620
1778287890553 1.6724859476089478 640
1778287893456 2.013465404510498 660
1778287896351 3.3695337772369385 680
1778287899254 2.4825260639190674 700
1778287902148 2.3805782794952393 720
1778287905045 2.5789167881011963 740
1778287909911 2.6146082878112793 760
1778287912810 2.223391056060791 780
1778287915715 1.9879717826843262 800
1778287918609 2.0293221473693848 820
1778287921517 1.8009159564971924 840
1778287924415 2.7152962684631348 860
1778287927320 4.164153099060059 880
1778287930215 3.267160415649414 900
1778287933119 2.6755268573760986 920
1778287936017 3.1741087436676025 940
1778287938923 2.037154197692871 960
1778287941824 2.7075703144073486 980
1778287944727 4.48930025100708 1000
1778287949451 2.7378017902374268 1020
1778287952349 3.4813144207000732 1040
1778287955248 3.8701868057250977 1060
1778287958152 2.1759536266326904 1080
1778287961050 2.9982376098632812 1100
1778287963952 4.198472023010254 1120
1778287966851 3.208439350128174 1140
1778287969751 3.0443899631500244 1160
1778287972647 3.5560967922210693 1180
1778287975547 3.226468563079834 1200
1778287978448 2.7696805000305176 1220
1778287981349 5.692382335662842 1240
1778287986073 2.9237754344940186 1260
1778287988970 3.131899356842041 1280
1778287991874 3.0886168479919434 1300
1778287994772 2.779745578765869 1320
1778287997676 3.1958224773406982 1340
1778288000576 3.393577814102173 1360
1778288003483 3.9997270107269287 1380
1778288006379 4.516406059265137 1400
1778288009284 2.328756093978882 1420
1778288012179 3.3964219093322754 1440
1778288015085 3.7089431285858154 1460
1778288017984 2.589899778366089 1480
1778288020894 2.564149856567383 1500
1778288025453 4.446856498718262 1520
1778288028351 2.5392792224884033 1540
1778288031247 5.079201698303223 1560
1778288034146 2.4432263374328613 1580
1778288037039 5.13679313659668 1600
1778288039938 3.9802327156066895 1620
1778288042834 2.5483505725860596 1640
1778288045734 3.178861618041992 1660
1778288048628 3.8818044662475586 1680
1778288051526 2.557492733001709 1700
1778288054422 6.274313926696777 1720
1778288057323 3.505571126937866 1740
1778288061954 3.6282663345336914 1760
1778288064850 2.6117746829986572 1780
1778288067755 3.9289956092834473 1800
1778288070649 4.137567043304443 1820
1778288073553 5.129807472229004 1840
1778288076453 4.690073490142822 1860
1778288079357 2.9095406532287598 1880
1778288082253 4.050774097442627 1900
1778288085159 4.544247627258301 1920
1778288088060 3.3101232051849365 1940
1778288090963 2.331727981567383 1960
1778288093862 3.1216342449188232 1980
1778288096768 3.304114818572998 2000
1778288101482 3.231788396835327 2020
1778288104382 2.679670572280884 2040
1778288107276 4.27362060546875 2060
1778288110176 4.383484363555908 2080
1778288113070 3.5162975788116455 2100
1778288115967 4.158727169036865 2120
1778288118860 2.958617687225342 2140
1778288121758 4.2503485679626465 2160
1778288124653 7.560349941253662 2180
1778288127552 3.7653589248657227 2200
1778288130450 5.049176216125488 2220
1778288133339 6.372837066650391 2240
1778288138042 4.645887851715088 2260
1778288140937 3.799454927444458 2280
1778288143843 4.444008827209473 2300
1778288146742 4.007462024688721 2320
1778288149648 4.87399959564209 2340
1778288152546 5.476687431335449 2360
1778288155451 3.6924991607666016 2380
1778288158347 4.909692764282227 2400
1778288161252 4.205242156982422 2420
1778288164148 3.701453924179077 2440
1778288167058 4.831977367401123 2460
1778288169956 7.4571213722229 2480
1778288172866 5.977325916290283 2500
