1778287797205 1.08e-05 20
1778287800086 2.16e-05 40
1778287802982 2.993114001530222e-05 60
1778287805881 2.970160673297628e-05 80
1778287808776 2.9472073450650345e-05 100
1778287811676 2.9242540168324406e-05 120
1778287814570 2.901300688599847e-05 140
1778287817469 2.8783473603672534e-05 160
1778287820366 2.8553940321346594e-05 180
1778287823264 2.832440703902066e-05 200
1778287826161 2.8094873756694722e-05 220
1778287829058 2.7865340474368786e-05 240
1778287833808 2.7635807192042847e-05 260
1778287836706 2.740627390971691e-05 280
1778287839614 2.717674062739097e-05 300
1778287842514 2.6947207345065035e-05 320
1778287845422 2.67176740627391e-05 340
1778287848324 2.6488140780413163e-05 360
1778287851234 2.6258607498087224e-05 380
1778287854130 2.6029074215761284e-05 400
1778287857038 2.5799540933435348e-05 420
1778287859936 2.5570007651109412e-05 440
1778287862845 2.5340474368783476e-05 460
1778287865743 2.511094108645754e-05 480
1778287868647 2.4881407804131597e-05 500
1778287873168 2.465187452180566e-05 520
1778287876068 2.4422341239479725e-05 540
1778287878964 2.419280795715379e-05 560
1778287881864 2.3963274674827853e-05 580
1778287884757 2.3733741392501913e-05 600
1778287887656 2.3504208110175974e-05 620
1778287890553 2.3274674827850038e-05 640
1778287893456 2.30451415455241e-05 660
1778287896351 2.2815608263198166e-05 680
1778287899254 2.2586074980872226e-05 700
1778287902148 2.235654169854629e-05 720
1778287905045 2.212700841622035e-05 740
1778287909911 2.1897475133894415e-05 760
1778287912810 2.166794185156848e-05 780
1778287915715 2.143840856924254e-05 800
1778287918609 2.1208875286916603e-05 820
1778287921517 2.0979342004590667e-05 840
1778287924415 2.074980872226473e-05 860
1778287927320 2.052027543993879e-05 880
1778287930215 2.0290742157612855e-05 900
1778287933119 2.0061208875286916e-05 920
1778287936017 1.983167559296098e-05 940
1778287938923 1.9602142310635044e-05 960
1778287941824 1.9372609028309108e-05 980
1778287944727 1.9143075745983168e-05 1000
1778287949451 1.891354246365723e-05 1020
1778287952349 1.8684009181331293e-05 1040
1778287955248 1.8454475899005357e-05 1060
1778287958152 1.822494261667942e-05 1080
1778287961050 1.7995409334353485e-05 1100
1778287963952 1.776587605202754e-05 1120
1778287966851 1.7536342769701606e-05 1140
1778287969751 1.730680948737567e-05 1160
1778287972647 1.7077276205049733e-05 1180
1778287975547 1.6847742922723797e-05 1200
1778287978448 1.6618209640397858e-05 1220
1778287981349 1.638867635807192e-05 1240
1778287986073 1.6159143075745982e-05 1260
1778287988970 1.5929609793420046e-05 1280
1778287991874 1.570007651109411e-05 1300
1778287994772 1.547054322876817e-05 1320
1778287997676 1.5241009946442233e-05 1340
1778288000576 1.5011476664116297e-05 1360
1778288003483 1.4781943381790361e-05 1380
1778288006379 1.4552410099464421e-05 1400
1778288009284 1.4322876817138485e-05 1420
1778288012179 1.409334353481255e-05 1440
1778288015085 1.386381025248661e-05 1460
1778288017984 1.3634276970160674e-05 1480
1778288020894 1.3404743687834736e-05 1500
1778288025453 1.3175210405508798e-05 1520
1778288028351 1.2945677123182862e-05 1540
1778288031247 1.2716143840856924e-05 1560
1778288034146 1.2486610558530987e-05 1580
1778288037039 1.2257077276205049e-05 1600
1778288039938 1.2027543993879113e-05 1620
1778288042834 1.1798010711553177e-05 1640
1778288045734 1.1568477429227237e-05 1660
1778288048628 1.1338944146901301e-05 1680
1778288051526 1.1109410864575365e-05 1700
1778288054422 1.0879877582249426e-05 1720
1778288057323 1.065034429992349e-05 1740
1778288061954 1.0420811017597552e-05 1760
1778288064850 1.0191277735271614e-05 1780
1778288067755 9.961744452945678e-06 1800
1778288070649 9.73221117061974e-06 1820
1778288073553 9.502677888293803e-06 1840
1778288076453 9.273144605967865e-06 1860
1778288079357 9.043611323641929e-06 1880
1778288082253 8.814078041315991e-06 1900
1778288085159 8.584544758990053e-06 1920
1778288088060 8.355011476664117e-06 1940
1778288090963 8.12547819433818e-06 1960
1778288093862 7.895944912012242e-06 1980
1778288096768 7.666411629686306e-06 2000
1778288101482 7.436878347360368e-06 2020
1778288104382 7.20734506503443e-06 2040
1778288107276 6.977811782708493e-06 2060
1778288110176 6.748278500382555e-06 2080
1778288113070 6.5187452180566185e-06 2100
1778288115967 6.289211935730682e-06 2120
1778288118860 6.059678653404744e-06 2140
1778288121758 5.830145371078806e-06 2160
1778288124653 5.600612088752869e-06 2180
1778288127552 5.371078806426932e-06 2200
1778288130450 5.1415455241009945e-06 2220
1778288133339 4.923488905891354e-06 2240
1778288138042 4.693955623565417e-06 2260
1778288140937 4.4644223412394795e-06 2280
1778288143843 4.234889058913543e-06 2300
1778288146742 4.005355776587605e-06 2320
1778288149648 3.7758224942616684e-06 2340
1778288152546 3.546289211935731e-06 2360
1778288155451 3.3167559296097937e-06 2380
1778288158347 3.087222647283856e-06 2400
1778288161252 2.857689364957919e-06 2420
1778288164148 2.6281560826319817e-06 2440
1778288167058 2.3986228003060443e-06 2460
1778288169956 2.169089517980107e-06 2480
1778288172866 1.93955623565417e-06 2500
