1777985714054 0.019474196689386564 20
1777985725390 0.03894839337877313 40
1777985736766 0.05842259006815969 60
1777985748190 0.07789678675754626 80
1777985759638 0.09737098344693282 100
1777985771109 0.11684518013631938 120
1777985782599 0.13631937682570594 140
1777985794086 0.15579357351509251 160
1777985805562 0.17526777020447906 180
1777985817045 0.19474196689386564 200
1777985828528 0.21421616358325218 220
1777985840036 0.23369036027263876 240
1777985872966 0.24342745861733203 250
1777985879188 0.25316455696202533 260
1777985890666 0.2726387536514119 280
1777985902157 0.2921129503407984 300
1777985913650 0.31158714703018503 320
1777985925137 0.3310613437195716 340
1777985936652 0.3505355404089581 360
1777985948154 0.37000973709834467 380
1777985959664 0.3894839337877313 400
1777985971174 0.4089581304771178 420
1777985982677 0.42843232716650437 440
1777985994178 0.44790652385589097 460
1777986005677 0.4673807205452775 480
1777986017186 0.48685491723466406 500
1777986044411 0.48685491723466406 500
1777986056415 0.5063291139240507 520
1777986067923 0.5258033106134372 540
1777986079421 0.5452775073028238 560
1777986090939 0.5647517039922103 580
1777986102436 0.5842259006815969 600
1777986113930 0.6037000973709834 620
1777986125431 0.6231742940603701 640
1777986136932 0.6426484907497566 660
1777986148424 0.6621226874391432 680
1777986159926 0.6815968841285297 700
1777986171432 0.7010710808179162 720
1777986182947 0.7205452775073028 740
1777986215910 0.7302823758519961 750
1777986222130 0.7400194741966893 760
1777986233603 0.759493670886076 780
1777986245081 0.7789678675754625 800
1777986256580 0.7984420642648491 820
1777986268078 0.8179162609542356 840
1777986279564 0.8373904576436222 860
1777986291063 0.8568646543330087 880
1777986302558 0.8763388510223953 900
1777986314057 0.8958130477117819 920
1777986325545 0.9152872444011685 940
1777986337023 0.934761441090555 960
1777986348492 0.9542356377799416 980
1777986359956 0.9737098344693281 1000
1777986387175 0.9737098344693281 1000
1777986399164 0.9931840311587147 1020
1777986410345 1.0126582278481013 1040
1777986421819 1.0321324245374879 1060
1777986433298 1.0516066212268744 1080
1777986444783 1.071080817916261 1100
1777986456252 1.0905550146056475 1120
1777986467737 1.110029211295034 1140
1777986479225 1.1295034079844206 1160
1777986490712 1.1489776046738072 1180
1777986502188 1.1684518013631937 1200
1777986513661 1.1879259980525803 1220
1777986525115 1.2074001947419668 1240
1777986558040 1.2171372930866602 1250
1777986564261 1.2268743914313536 1260
1777986575735 1.24634858812074 1280
1777986587220 1.2658227848101267 1300
1777986598711 1.2852969814995132 1320
1777986610205 1.3047711781888998 1340
1777986621678 1.3242453748782863 1360
1777986633142 1.3437195715676729 1380
1777986644612 1.3631937682570594 1400
1777986656081 1.382667964946446 1420
1777986667561 1.4021421616358325 1440
1777986679059 1.421616358325219 1460
1777986690554 1.4410905550146056 1480
1777986702052 1.4605647517039921 1500
1777986729276 1.4605647517039921 1500
1777986741247 1.480038948393379 1520
1777986752710 1.4995131450827652 1540
1777986764174 1.518987341772152 1560
1777986775639 1.5384615384615383 1580
1777986787109 1.557935735150925 1600
1777986798579 1.5774099318403116 1620
1777986810048 1.5968841285296982 1640
1777986821550 1.6163583252190847 1660
1777986833018 1.6358325219084713 1680
1777986844488 1.6553067185978578 1700
1777986855968 1.6747809152872444 1720
1777986867447 1.694255111976631 1740
1777986900406 1.7039922103213243 1750
1777986906647 1.7137293086660175 1760
1777986918118 1.7332035053554042 1780
1777986929605 1.7526777020447906 1800
1777986941074 1.7721518987341773 1820
1777986952540 1.7916260954235637 1840
1777986964014 1.8111002921129504 1860
1777986975473 1.8305744888023368 1880
1777986986968 1.8500486854917235 1900
1777986998457 1.86952288218111 1920
1777987009937 1.8889970788704966 1940
1777987021413 1.9084712755598832 1960
1777987032886 1.9279454722492697 1980
1777987044363 1.9474196689386563 2000
1777987071556 1.9474196689386563 2000
1777987083576 1.9668938656280428 2020
1777987095061 1.9863680623174296 2040
1777987106241 2.005842259006816 2060
1777987117696 2.0253164556962027 2080
1777987129156 2.044790652385589 2100
1777987140606 2.0642648490749758 2120
1777987152063 2.083739045764362 2140
1777987163510 2.103213242453749 2160
1777987174958 2.122687439143135 2180
1777987186421 2.142161635832522 2200
1777987197860 2.1616358325219083 2220
1777987209323 2.181110029211295 2240
1777987242223 2.190847127555988 2250
1777987248423 2.2005842259006814 2260
1777987259884 2.220058422590068 2280
1777987271349 2.239532619279455 2300
1777987282816 2.2590068159688412 2320
1777987294285 2.278481012658228 2340
1777987305754 2.2979552093476143 2360
1777987317222 2.317429406037001 2380
1777987328708 2.3369036027263874 2400
1777987340202 2.356377799415774 2420
1777987351680 2.3758519961051605 2440
1777987363144 2.3953261927945473 2460
1777987374607 2.4148003894839336 2480
1777987386053 2.4342745861733204 2500
1777987413242 2.4342745861733204 2500
1777987425186 2.453748782862707 2520
1777987436656 2.4732229795520935 2540
1777987448111 2.49269717624148 2560
1777987459588 2.5121713729308666 2580
1777987471062 2.5316455696202533 2600
1777987482530 2.5511197663096397 2620
1777987494003 2.5705939629990264 2640
1777987505477 2.5900681596884128 2660
1777987516938 2.6095423563777995 2680
1777987528399 2.629016553067186 2700
1777987539871 2.6484907497565726 2720
1777987551342 2.667964946445959 2740
1777987584268 2.6777020447906525 2750
1777987590638 2.6874391431353457 2760
1777987602089 2.706913339824732 2780
1777987613532 2.726387536514119 2800
1777987624973 2.7458617332035056 2820
1777987636417 2.765335929892892 2840
1777987647883 2.7848101265822782 2860
1777987659331 2.804284323271665 2880
1777987670783 2.8237585199610518 2900
1777987682204 2.843232716650438 2920
1777987693662 2.862706913339825 2940
1777987705121 2.882181110029211 2960
1777987716584 2.901655306718598 2980
1777987728069 2.9211295034079843 3000
1777987755302 2.9211295034079843 3000
1777987767244 2.940603700097371 3020
1777987778694 2.960077896786758 3040
1777987790147 2.979552093476144 3060
1777987801893 2.9990262901655305 3080
1777987813055 3.0185004868549172 3100
1777987824538 3.037974683544304 3120
1777987836014 3.0574488802336903 3140
1777987847498 3.076923076923077 3160
1777987859008 3.0963972736124634 3180
1777987870484 3.11587147030185 3200
1777987881967 3.1353456669912365 3220
1777987893435 3.1548198636806233 3240
1777987926404 3.1645569620253164 3250
1777987926975 3.1645569620253164 3250
1777987954215 3.1645569620253164 3250
1777987988209 3.1645569620253164 3250
1777987988566 3.1645569620253164 0
