1777985714054 1.0379 20
1777985725390 1.0125 40
1777985736766 0.9863 60
1777985748190 0.9504 80
1777985759638 0.9898 100
1777985771109 1.006 120
1777985782599 0.9577 140
1777985794086 0.9645 160
1777985805562 0.8371 180
1777985817045 0.7093 200
1777985828528 0.6174 220
1777985840036 0.4761 240
1777985879188 0.4977 260
1777985890666 0.4395 280
1777985902157 0.3598 300
1777985913650 0.3571 320
1777985925137 0.2684 340
1777985936652 0.2489 360
1777985948154 0.2529 380
1777985959664 0.2684 400
1777985971174 0.2511 420
1777985982677 0.2612 440
1777985994178 0.2501 460
1777986005677 0.1719 480
1777986017186 0.238 500
1777986056415 0.2066 520
1777986067923 0.2331 540
1777986079421 0.2331 560
1777986090939 0.1798 580
1777986102436 0.2018 600
1777986113930 0.1612 620
1777986125431 0.256 640
1777986136932 0.1935 660
1777986148424 0.1957 680
1777986159926 0.2411 700
1777986171432 0.1774 720
1777986182947 0.1605 740
1777986222130 0.2149 760
1777986233603 0.2049 780
1777986245081 0.2141 800
1777986256580 0.2172 820
1777986268078 0.1128 840
1777986279564 0.1631 860
1777986291063 0.2432 880
1777986302558 0.2372 900
1777986314057 0.1626 920
1777986325545 0.1942 940
1777986337023 0.1777 960
1777986348492 0.1328 980
1777986359956 0.1961 1000
1777986399164 0.2077 1020
1777986410345 0.1589 1040
1777986421819 0.1746 1060
1777986433298 0.1923 1080
1777986444783 0.1272 1100
1777986456252 0.1497 1120
1777986467737 0.1285 1140
1777986479225 0.1234 1160
1777986490712 0.1699 1180
1777986502188 0.1667 1200
1777986513661 0.1344 1220
1777986525115 0.1377 1240
1777986564261 0.1376 1260
1777986575735 0.1645 1280
1777986587220 0.1136 1300
1777986598711 0.1248 1320
1777986610205 0.1062 1340
1777986621678 0.1444 1360
1777986633142 0.156 1380
1777986644612 0.1167 1400
1777986656081 0.1243 1420
1777986667561 0.1866 1440
1777986679059 0.1804 1460
1777986690554 0.1773 1480
1777986702052 0.1721 1500
1777986741247 0.1463 1520
1777986752710 0.1522 1540
1777986764174 0.1074 1560
1777986775639 0.1592 1580
1777986787109 0.1529 1600
1777986798579 0.1377 1620
1777986810048 0.1576 1640
1777986821550 0.1757 1660
1777986833018 0.123 1680
1777986844488 0.1774 1700
1777986855968 0.1382 1720
1777986867447 0.1472 1740
1777986906647 0.172 1760
1777986918118 0.1295 1780
1777986929605 0.1615 1800
1777986941074 0.136 1820
1777986952540 0.1856 1840
1777986964014 0.1344 1860
1777986975473 0.1417 1880
1777986986968 0.1597 1900
1777986998457 0.165 1920
1777987009937 0.1767 1940
1777987021413 0.1101 1960
1777987032886 0.1537 1980
1777987044363 0.1123 2000
1777987083576 0.1471 2020
1777987095061 0.1191 2040
1777987106241 0.0816 2060
1777987117696 0.0888 2080
1777987129156 0.0987 2100
1777987140606 0.1234 2120
1777987152063 0.1055 2140
1777987163510 0.0892 2160
1777987174958 0.1185 2180
1777987186421 0.079 2200
1777987197860 0.0769 2220
1777987209323 0.0745 2240
1777987248423 0.0791 2260
1777987259884 0.0954 2280
1777987271349 0.0838 2300
1777987282816 0.0834 2320
1777987294285 0.1266 2340
1777987305754 0.1033 2360
1777987317222 0.1286 2380
1777987328708 0.0995 2400
1777987340202 0.0838 2420
1777987351680 0.0754 2440
1777987363144 0.0882 2460
1777987374607 0.0948 2480
1777987386053 0.1407 2500
1777987425186 0.0991 2520
1777987436656 0.0903 2540
1777987448111 0.1146 2560
1777987459588 0.1302 2580
1777987471062 0.0487 2600
1777987482530 0.0914 2620
1777987494003 0.0957 2640
1777987505477 0.1271 2660
1777987516938 0.101 2680
1777987528399 0.1183 2700
1777987539871 0.0926 2720
1777987551342 0.1459 2740
1777987590638 0.0873 2760
1777987602089 0.0874 2780
1777987613532 0.1096 2800
1777987624973 0.1104 2820
1777987636417 0.1144 2840
1777987647883 0.0895 2860
1777987659331 0.086 2880
1777987670783 0.0885 2900
1777987682204 0.0878 2920
1777987693662 0.1099 2940
1777987705121 0.0774 2960
1777987716584 0.0833 2980
1777987728069 0.1274 3000
1777987767244 0.0742 3020
1777987778694 0.0979 3040
1777987790147 0.0772 3060
1777987801893 0.1126 3080
1777987813055 0.053 3100
1777987824538 0.0326 3120
1777987836014 0.0584 3140
1777987847498 0.0672 3160
1777987859008 0.0745 3180
1777987870484 0.0744 3200
1777987881967 0.0566 3220
1777987893435 0.0614 3240
