1778295799848 4.494284629821777 20
1778295802730 13.184399604797363 40
1778295805636 3.17407488822937 60
1778295808535 3.3731131553649902 80
1778295811439 2.9776251316070557 100
1778295814341 5.474771499633789 120
1778295817245 8.165834426879883 140
1778295820147 3.6377830505371094 160
1778295823051 4.868156909942627 180
1778295825952 2.1790337562561035 200
1778295828856 3.02704119682312 220
1778295831754 2.615717887878418 240
1778295836423 2.3922815322875977 260
1778295839330 2.654015064239502 280
1778295842236 3.6522881984710693 300
1778295845144 3.4022018909454346 320
1778295848041 3.1042375564575195 340
1778295850949 2.8111207485198975 360
1778295853846 2.3137362003326416 380
1778295856753 1.8520710468292236 400
1778295859651 1.8350390195846558 420
1778295862559 3.2169554233551025 440
1778295865457 2.151348352432251 460
1778295868365 2.8652899265289307 480
1778295871262 2.617227792739868 500
1778295875751 2.4197330474853516 520
1778295878652 1.6620376110076904 540
1778295881557 2.1858537197113037 560
1778295884460 3.3581173419952393 580
1778295887363 1.6863219738006592 600
1778295890262 2.257676601409912 620
1778295893167 1.6724859476089478 640
1778295896066 2.013465404510498 660
1778295898968 3.3695337772369385 680
1778295901867 2.4825260639190674 700
1778295904769 2.3805782794952393 720
1778295907669 2.5789167881011963 740
1778295912473 2.6146082878112793 760
1778295915381 2.223391056060791 780
1778295918281 1.9879717826843262 800
1778295921189 2.0293221473693848 820
1778295924091 1.8009159564971924 840
1778295926996 2.7152962684631348 860
1778295929894 4.164153099060059 880
1778295932803 3.267160415649414 900
1778295935702 2.6755268573760986 920
1778295938611 3.1741087436676025 940
1778295941509 2.037154197692871 960
1778295944415 2.7075703144073486 980
1778295947315 4.48930025100708 1000
1778295951982 2.7378017902374268 1020
1778295954883 3.4813144207000732 1040
1778295957787 3.8701868057250977 1060
1778295960690 2.1759536266326904 1080
1778295963597 2.9982376098632812 1100
1778295966497 4.198472023010254 1120
1778295969402 3.208439350128174 1140
1778295972303 3.0443899631500244 1160
1778295975207 3.5560967922210693 1180
1778295978111 3.226468563079834 1200
1778295981015 2.7696805000305176 1220
1778295983913 5.692382335662842 1240
1778295988569 2.9237754344940186 1260
1778295991478 3.131899356842041 1280
1778295994377 3.0886168479919434 1300
1778295997291 2.779745578765869 1320
1778296000192 3.1958224773406982 1340
1778296003102 3.393577814102173 1360
1778296006005 3.9997270107269287 1380
1778296008916 4.516406059265137 1400
1778296011819 2.328756093978882 1420
1778296014726 3.3964219093322754 1440
1778296017626 3.7089431285858154 1460
1778296020539 2.589899778366089 1480
1778296023442 2.564149856567383 1500
1778296027903 4.446856498718262 1520
1778296030805 2.5392792224884033 1540
1778296033709 5.079201698303223 1560
1778296036612 2.4432263374328613 1580
1778296039522 5.13679313659668 1600
1778296042426 3.9802327156066895 1620
1778296045337 2.5483505725860596 1640
1778296048241 3.178861618041992 1660
1778296051143 3.8818044662475586 1680
1778296054041 2.557492733001709 1700
1778296056943 6.274313926696777 1720
1778296059842 3.505571126937866 1740
1778296064500 3.6282663345336914 1760
1778296067405 2.6117746829986572 1780
1778296070308 3.9289956092834473 1800
1778296073216 4.137567043304443 1820
1778296076118 5.129807472229004 1840
1778296079025 4.690073490142822 1860
1778296081923 2.9095406532287598 1880
1778296084830 4.050774097442627 1900
1778296087729 4.544247627258301 1920
1778296090635 3.3101232051849365 1940
1778296093534 2.331727981567383 1960
1778296096440 3.1216342449188232 1980
1778296099340 3.304114818572998 2000
1778296103985 3.231788396835327 2020
1778296106888 2.679670572280884 2040
1778296109791 4.27362060546875 2060
1778296112694 4.383484363555908 2080
1778296115595 3.5162975788116455 2100
1778296118496 4.158727169036865 2120
1778296121400 2.958617687225342 2140
1778296124299 4.2503485679626465 2160
1778296127202 7.560349941253662 2180
1778296130101 3.7653589248657227 2200
1778296133004 5.049176216125488 2220
1778296135892 6.372837066650391 2240
1778296140545 4.645887851715088 2260
1778296143450 3.799454927444458 2280
1778296146347 4.444008827209473 2300
1778296149257 4.007462024688721 2320
1778296152154 4.87399959564209 2340
1778296155064 5.476687431335449 2360
1778296157962 3.6924991607666016 2380
1778296160873 4.909692764282227 2400
1778296163772 4.205242156982422 2420
1778296166679 3.701453924179077 2440
1778296169580 4.831977367401123 2460
1778296172492 7.4571213722229 2480
1778296175393 5.977325916290283 2500
