1778295799848 1.08e-05 20
1778295802730 2.16e-05 40
1778295805636 2.993114001530222e-05 60
1778295808535 2.970160673297628e-05 80
1778295811439 2.9472073450650345e-05 100
1778295814341 2.9242540168324406e-05 120
1778295817245 2.901300688599847e-05 140
1778295820147 2.8783473603672534e-05 160
1778295823051 2.8553940321346594e-05 180
1778295825952 2.832440703902066e-05 200
1778295828856 2.8094873756694722e-05 220
1778295831754 2.7865340474368786e-05 240
1778295836423 2.7635807192042847e-05 260
1778295839330 2.740627390971691e-05 280
1778295842236 2.717674062739097e-05 300
1778295845144 2.6947207345065035e-05 320
1778295848041 2.67176740627391e-05 340
1778295850949 2.6488140780413163e-05 360
1778295853846 2.6258607498087224e-05 380
1778295856753 2.6029074215761284e-05 400
1778295859651 2.5799540933435348e-05 420
1778295862559 2.5570007651109412e-05 440
1778295865457 2.5340474368783476e-05 460
1778295868365 2.511094108645754e-05 480
1778295871262 2.4881407804131597e-05 500
1778295875751 2.465187452180566e-05 520
1778295878652 2.4422341239479725e-05 540
1778295881557 2.419280795715379e-05 560
1778295884460 2.3963274674827853e-05 580
1778295887363 2.3733741392501913e-05 600
1778295890262 2.3504208110175974e-05 620
1778295893167 2.3274674827850038e-05 640
1778295896066 2.30451415455241e-05 660
1778295898968 2.2815608263198166e-05 680
1778295901867 2.2586074980872226e-05 700
1778295904769 2.235654169854629e-05 720
1778295907669 2.212700841622035e-05 740
1778295912473 2.1897475133894415e-05 760
1778295915381 2.166794185156848e-05 780
1778295918281 2.143840856924254e-05 800
1778295921189 2.1208875286916603e-05 820
1778295924091 2.0979342004590667e-05 840
1778295926996 2.074980872226473e-05 860
1778295929894 2.052027543993879e-05 880
1778295932803 2.0290742157612855e-05 900
1778295935702 2.0061208875286916e-05 920
1778295938611 1.983167559296098e-05 940
1778295941509 1.9602142310635044e-05 960
1778295944415 1.9372609028309108e-05 980
1778295947315 1.9143075745983168e-05 1000
1778295951982 1.891354246365723e-05 1020
1778295954883 1.8684009181331293e-05 1040
1778295957787 1.8454475899005357e-05 1060
1778295960690 1.822494261667942e-05 1080
1778295963597 1.7995409334353485e-05 1100
1778295966497 1.776587605202754e-05 1120
1778295969402 1.7536342769701606e-05 1140
1778295972303 1.730680948737567e-05 1160
1778295975207 1.7077276205049733e-05 1180
1778295978111 1.6847742922723797e-05 1200
1778295981015 1.6618209640397858e-05 1220
1778295983913 1.638867635807192e-05 1240
1778295988569 1.6159143075745982e-05 1260
1778295991478 1.5929609793420046e-05 1280
1778295994377 1.570007651109411e-05 1300
1778295997291 1.547054322876817e-05 1320
1778296000192 1.5241009946442233e-05 1340
1778296003102 1.5011476664116297e-05 1360
1778296006005 1.4781943381790361e-05 1380
1778296008916 1.4552410099464421e-05 1400
1778296011819 1.4322876817138485e-05 1420
1778296014726 1.409334353481255e-05 1440
1778296017626 1.386381025248661e-05 1460
1778296020539 1.3634276970160674e-05 1480
1778296023442 1.3404743687834736e-05 1500
1778296027903 1.3175210405508798e-05 1520
1778296030805 1.2945677123182862e-05 1540
1778296033709 1.2716143840856924e-05 1560
1778296036612 1.2486610558530987e-05 1580
1778296039522 1.2257077276205049e-05 1600
1778296042426 1.2027543993879113e-05 1620
1778296045337 1.1798010711553177e-05 1640
1778296048241 1.1568477429227237e-05 1660
1778296051143 1.1338944146901301e-05 1680
1778296054041 1.1109410864575365e-05 1700
1778296056943 1.0879877582249426e-05 1720
1778296059842 1.065034429992349e-05 1740
1778296064500 1.0420811017597552e-05 1760
1778296067405 1.0191277735271614e-05 1780
1778296070308 9.961744452945678e-06 1800
1778296073216 9.73221117061974e-06 1820
1778296076118 9.502677888293803e-06 1840
1778296079025 9.273144605967865e-06 1860
1778296081923 9.043611323641929e-06 1880
1778296084830 8.814078041315991e-06 1900
1778296087729 8.584544758990053e-06 1920
1778296090635 8.355011476664117e-06 1940
1778296093534 8.12547819433818e-06 1960
1778296096440 7.895944912012242e-06 1980
1778296099340 7.666411629686306e-06 2000
1778296103985 7.436878347360368e-06 2020
1778296106888 7.20734506503443e-06 2040
1778296109791 6.977811782708493e-06 2060
1778296112694 6.748278500382555e-06 2080
1778296115595 6.5187452180566185e-06 2100
1778296118496 6.289211935730682e-06 2120
1778296121400 6.059678653404744e-06 2140
1778296124299 5.830145371078806e-06 2160
1778296127202 5.600612088752869e-06 2180
1778296130101 5.371078806426932e-06 2200
1778296133004 5.1415455241009945e-06 2220
1778296135892 4.923488905891354e-06 2240
1778296140545 4.693955623565417e-06 2260
1778296143450 4.4644223412394795e-06 2280
1778296146347 4.234889058913543e-06 2300
1778296149257 4.005355776587605e-06 2320
1778296152154 3.7758224942616684e-06 2340
1778296155064 3.546289211935731e-06 2360
1778296157962 3.3167559296097937e-06 2380
1778296160873 3.087222647283856e-06 2400
1778296163772 2.857689364957919e-06 2420
1778296166679 2.6281560826319817e-06 2440
1778296169580 2.3986228003060443e-06 2460
1778296172492 2.169089517980107e-06 2480
1778296175393 1.93955623565417e-06 2500
