1778295799848 0.695 20
1778295802730 0.6729 40
1778295805636 0.5966 60
1778295808535 0.5078 80
1778295811439 0.52 100
1778295814341 0.4418 120
1778295817245 0.4661 140
1778295820147 0.454 160
1778295823051 0.4571 180
1778295825952 0.4141 200
1778295828856 0.4375 220
1778295831754 0.4193 240
1778295836423 0.4179 260
1778295839330 0.4121 280
1778295842236 0.3846 300
1778295845144 0.4214 320
1778295848041 0.4167 340
1778295850949 0.4168 360
1778295853846 0.4198 380
1778295856753 0.3912 400
1778295859651 0.405 420
1778295862559 0.3903 440
1778295865457 0.44 460
1778295868365 0.3867 480
1778295871262 0.4146 500
1778295875751 0.4376 520
1778295878652 0.4236 540
1778295881557 0.4102 560
1778295884460 0.4066 580
1778295887363 0.4185 600
1778295890262 0.385 620
1778295893167 0.4267 640
1778295896066 0.4055 660
1778295898968 0.3784 680
1778295901867 0.3539 700
1778295904769 0.3276 720
1778295907669 0.3268 740
1778295912473 0.3662 760
1778295915381 0.3674 780
1778295918281 0.3446 800
1778295921189 0.3321 820
1778295924091 0.3184 840
1778295926996 0.3533 860
1778295929894 0.3582 880
1778295932803 0.336 900
1778295935702 0.3201 920
1778295938611 0.3398 940
1778295941509 0.3614 960
1778295944415 0.3283 980
1778295947315 0.3289 1000
1778295951982 0.3471 1020
1778295954883 0.3322 1040
1778295957787 0.297 1060
1778295960690 0.3285 1080
1778295963597 0.3111 1100
1778295966497 0.346 1120
1778295969402 0.3093 1140
1778295972303 0.3626 1160
1778295975207 0.3248 1180
1778295978111 0.3252 1200
1778295981015 0.3113 1220
1778295983913 0.3509 1240
1778295988569 0.2922 1260
1778295991478 0.3277 1280
1778295994377 0.3406 1300
1778295997291 0.3204 1320
1778296000192 0.3228 1340
1778296003102 0.2626 1360
1778296006005 0.2591 1380
1778296008916 0.2411 1400
1778296011819 0.2585 1420
1778296014726 0.2835 1440
1778296017626 0.2942 1460
1778296020539 0.2295 1480
1778296023442 0.253 1500
1778296027903 0.2228 1520
1778296030805 0.2364 1540
1778296033709 0.2851 1560
1778296036612 0.2633 1580
1778296039522 0.2361 1600
1778296042426 0.2626 1620
1778296045337 0.2433 1640
1778296048241 0.2522 1660
1778296051143 0.2571 1680
1778296054041 0.2468 1700
1778296056943 0.265 1720
1778296059842 0.2417 1740
1778296064500 0.2548 1760
1778296067405 0.2613 1780
1778296070308 0.2481 1800
1778296073216 0.254 1820
1778296076118 0.2562 1840
1778296079025 0.2648 1860
1778296081923 0.2571 1880
1778296084830 0.255 1900
1778296087729 0.2748 1920
1778296090635 0.2678 1940
1778296093534 0.2433 1960
1778296096440 0.2481 1980
1778296099340 0.2669 2000
1778296103985 0.2317 2020
1778296106888 0.1925 2040
1778296109791 0.195 2060
1778296112694 0.2002 2080
1778296115595 0.1917 2100
1778296118496 0.1942 2120
1778296121400 0.178 2140
1778296124299 0.1746 2160
1778296127202 0.202 2180
1778296130101 0.2086 2200
1778296133004 0.1664 2220
1778296135892 0.1881 2240
1778296140545 0.1877 2260
1778296143450 0.1908 2280
1778296146347 0.1902 2300
1778296149257 0.1956 2320
1778296152154 0.2064 2340
1778296155064 0.1955 2360
1778296157962 0.1891 2380
1778296160873 0.2065 2400
1778296163772 0.1671 2420
1778296166679 0.1961 2440
1778296169580 0.1872 2460
1778296172492 0.1908 2480
1778296175393 0.2113 2500
