1779080332072 1.1400000000000001e-05 20
1779080336854 2.3400000000000003e-05 40
1779080341613 2.991768292682927e-05 60
1779080346363 2.973475609756098e-05 80
1779080351132 2.9551829268292685e-05 100
1779080355891 2.936890243902439e-05 120
1779080360638 2.9185975609756098e-05 140
1779080365381 2.9003048780487807e-05 160
1779080370119 2.8820121951219514e-05 180
1779080374846 2.863719512195122e-05 200
1779080379575 2.8454268292682926e-05 220
1779080384307 2.8271341463414636e-05 240
1779080396230 2.8088414634146343e-05 260
1779080400991 2.790548780487805e-05 280
1779080405763 2.7722560975609755e-05 300
1779080410519 2.7539634146341465e-05 320
1779080415258 2.735670731707317e-05 340
1779080420033 2.7173780487804878e-05 360
1779080424758 2.6990853658536584e-05 380
1779080429476 2.6807926829268294e-05 400
1779080434479 2.6625e-05 420
1779080439064 2.6442073170731706e-05 440
1779080443742 2.6259146341463413e-05 460
1779080448466 2.6076219512195122e-05 480
1779080453188 2.5893292682926832e-05 500
1779080465219 2.571036585365854e-05 520
1779080469931 2.5527439024390245e-05 540
1779080474643 2.534451219512195e-05 560
1779080479382 2.516158536585366e-05 580
1779080484092 2.4978658536585367e-05 600
1779080488836 2.4795731707317074e-05 620
1779080493535 2.461280487804878e-05 640
1779080498260 2.442987804878049e-05 660
1779080502972 2.4246951219512196e-05 680
1779080507684 2.4064024390243902e-05 700
1779080512441 2.388109756097561e-05 720
1779080517155 2.369817073170732e-05 740
1779080528196 2.3515243902439025e-05 760
1779080532885 2.333231707317073e-05 780
1779080537634 2.3149390243902437e-05 800
1779080542406 2.2966463414634147e-05 820
1779080547148 2.2783536585365854e-05 840
1779080552142 2.260060975609756e-05 860
1779080556891 2.241768292682927e-05 880
1779080561707 2.2234756097560976e-05 900
1779080566517 2.2051829268292686e-05 920
1779080571262 2.1868902439024392e-05 940
1779080576000 2.16859756097561e-05 960
1779080580759 2.1503048780487805e-05 980
1779080585513 2.1320121951219514e-05 1000
1779080597670 2.113719512195122e-05 1020
1779080602419 2.0954268292682927e-05 1040
1779080607203 2.0771341463414633e-05 1060
1779080612017 2.0588414634146343e-05 1080
1779080616803 2.040548780487805e-05 1100
1779080621583 2.0222560975609756e-05 1120
1779080626371 2.0039634146341462e-05 1140
1779080631140 1.9856707317073172e-05 1160
1779080635947 1.9673780487804878e-05 1180
1779080640741 1.9490853658536585e-05 1200
1779080645515 1.930792682926829e-05 1220
1779080650298 1.9125e-05 1240
1779080662271 1.8942073170731707e-05 1260
1779080667041 1.8759146341463413e-05 1280
1779080671821 1.8576219512195123e-05 1300
1779080676901 1.839329268292683e-05 1320
1779080681721 1.821036585365854e-05 1340
1779080686500 1.8027439024390246e-05 1360
1779080691254 1.7844512195121952e-05 1380
1779080696043 1.7661585365853658e-05 1400
1779080700827 1.7478658536585368e-05 1420
1779080705610 1.7295731707317074e-05 1440
1779080710398 1.711280487804878e-05 1460
1779080715182 1.6929878048780487e-05 1480
1779080719985 1.6746951219512197e-05 1500
1779080731986 1.6564024390243903e-05 1520
1779080736757 1.638109756097561e-05 1540
1779080741492 1.6198170731707316e-05 1560
1779080746253 1.6015243902439025e-05 1580
1779080751035 1.5832317073170732e-05 1600
1779080755784 1.5649390243902438e-05 1620
1779080760539 1.5466463414634144e-05 1640
1779080765316 1.5283536585365854e-05 1660
1779080770082 1.510060975609756e-05 1680
1779080774854 1.4917682926829269e-05 1700
1779080779593 1.4734756097560975e-05 1720
1779080784318 1.4551829268292683e-05 1740
1779080796332 1.436890243902439e-05 1760
1779080801064 1.4185975609756097e-05 1780
1779080805808 1.4003048780487805e-05 1800
1779080810570 1.3820121951219513e-05 1820
1779080815374 1.363719512195122e-05 1840
1779080820163 1.3454268292682928e-05 1860
1779080824958 1.3271341463414634e-05 1880
1779080829757 1.3088414634146342e-05 1900
1779080834538 1.2905487804878048e-05 1920
1779080839315 1.2722560975609757e-05 1940
1779080844073 1.2539634146341463e-05 1960
1779080848836 1.2356707317073171e-05 1980
1779080853582 1.2173780487804879e-05 2000
1779080865354 1.1990853658536587e-05 2020
1779080870131 1.1807926829268293e-05 2040
1779080874920 1.1625000000000001e-05 2060
1779080879725 1.1442073170731708e-05 2080
1779080884505 1.1259146341463416e-05 2100
1779080889324 1.1076219512195122e-05 2120
1779080894074 1.0893292682926828e-05 2140
1779080899135 1.0710365853658536e-05 2160
1779080903904 1.0527439024390243e-05 2180
1779080908655 1.034451219512195e-05 2200
1779080913411 1.0161585365853659e-05 2220
1779080918180 9.978658536585367e-06 2240
1779080930336 9.795731707317073e-06 2260
1779080935130 9.612804878048781e-06 2280
1779080939936 9.429878048780488e-06 2300
1779080944714 9.246951219512196e-06 2320
1779080949555 9.064024390243902e-06 2340
1779080954333 8.88109756097561e-06 2360
1779080959004 8.698170731707316e-06 2380
1779080963719 8.515243902439024e-06 2400
1779080968432 8.332317073170732e-06 2420
1779080973135 8.14939024390244e-06 2440
1779080977811 7.966463414634147e-06 2460
1779080982462 7.783536585365855e-06 2480
1779080987081 7.600609756097561e-06 2500
1779080998561 7.417682926829268e-06 2520
1779081003253 7.2347560975609756e-06 2540
1779081007969 7.051829268292683e-06 2560
1779081012625 6.868902439024391e-06 2580
1779081017260 6.685975609756098e-06 2600
1779081021972 6.503048780487805e-06 2620
1779081026686 6.320121951219512e-06 2640
1779081031628 6.1371951219512195e-06 2660
1779081036301 5.954268292682928e-06 2680
1779081040943 5.771341463414635e-06 2700
1779081045606 5.588414634146342e-06 2720
1779081050101 5.405487804878048e-06 2740
1779081060750 5.2225609756097555e-06 2760
1779081065504 5.0396341463414635e-06 2780
1779081070275 4.856707317073171e-06 2800
1779081075093 4.673780487804878e-06 2820
1779081079870 4.490853658536585e-06 2840
1779081084691 4.307926829268292e-06 2860
1779081089509 4.125e-06 2880
1779081094299 3.9420731707317075e-06 2900
1779081099087 3.7591463414634147e-06 2920
1779081103892 3.576219512195122e-06 2940
1779081108673 3.3932926829268295e-06 2960
1779081113463 3.2103658536585367e-06 2980
1779081118307 3.0274390243902443e-06 3000
1779081130575 2.8445121951219515e-06 3020
1779081135333 2.6615853658536587e-06 3040
1779081140102 2.478658536585366e-06 3060
1779081145189 2.295731707317073e-06 3080
1779081149942 2.1128048780487802e-06 3100
1779081154714 1.929878048780488e-06 3120
1779081159484 1.7469512195121952e-06 3140
1779081164277 1.5640243902439024e-06 3160
1779081169021 1.3810975609756098e-06 3180
1779081173745 1.198170731707317e-06 3200
1779081178535 1.0152439024390244e-06 3220
1779081183277 8.323170731707317e-07 3240
1779081195219 6.49390243902439e-07 3260
1779081200003 4.6646341463414636e-07 3280
1779081204785 2.8353658536585366e-07 3300
1779081209559 1.0060975609756098e-07 3320
