1779080332072 0.7099 20
1779080336854 0.7105 40
1779080341613 0.7044 60
1779080346363 0.7043 80
1779080351132 0.6937 100
1779080355891 0.7017 120
1779080360638 0.7016 140
1779080365381 0.6937 160
1779080370119 0.7017 180
1779080374846 0.6997 200
1779080379575 0.6964 220
1779080384307 0.6952 240
1779080396230 0.689 260
1779080400991 0.6896 280
1779080405763 0.6932 300
1779080410519 0.6859 320
1779080415258 0.6888 340
1779080420033 0.6849 360
1779080424758 0.6864 380
1779080429476 0.6873 400
1779080434479 0.6879 420
1779080439064 0.6869 440
1779080443742 0.6878 460
1779080448466 0.6886 480
1779080453188 0.6886 500
1779080465219 0.6846 520
1779080469931 0.686 540
1779080474643 0.6843 560
1779080479382 0.6858 580
1779080484092 0.6855 600
1779080488836 0.6834 620
1779080493535 0.6812 640
1779080498260 0.6872 660
1779080502972 0.6851 680
1779080507684 0.6824 700
1779080512441 0.6843 720
1779080517155 0.679 740
1779080528196 0.6826 760
1779080532885 0.6848 780
1779080537634 0.6833 800
1779080542406 0.6804 820
1779080547148 0.6803 840
1779080552142 0.6904 860
1779080556891 0.6833 880
1779080561707 0.6827 900
1779080566517 0.6835 920
1779080571262 0.6766 940
1779080576000 0.6866 960
1779080580759 0.6833 980
1779080585513 0.6785 1000
1779080597670 0.689 1020
1779080602419 0.6808 1040
1779080607203 0.6888 1060
1779080612017 0.6818 1080
1779080616803 0.6809 1100
1779080621583 0.6865 1120
1779080626371 0.6724 1140
1779080631140 0.6768 1160
1779080635947 0.6842 1180
1779080640741 0.676 1200
1779080645515 0.6696 1220
1779080650298 0.6773 1240
1779080662271 0.6818 1260
1779080667041 0.6802 1280
1779080671821 0.6818 1300
1779080676901 0.682 1320
1779080681721 0.6799 1340
1779080686500 0.6785 1360
1779080691254 0.6771 1380
1779080696043 0.6814 1400
1779080700827 0.6874 1420
1779080705610 0.6821 1440
1779080710398 0.6747 1460
1779080715182 0.6792 1480
1779080719985 0.6863 1500
1779080731986 0.6878 1520
1779080736757 0.68 1540
1779080741492 0.6752 1560
1779080746253 0.6797 1580
1779080751035 0.685 1600
1779080755784 0.6803 1620
1779080760539 0.6739 1640
1779080765316 0.6806 1660
1779080770082 0.6752 1680
1779080774854 0.6803 1700
1779080779593 0.6784 1720
1779080784318 0.6729 1740
1779080796332 0.677 1760
1779080801064 0.6796 1780
1779080805808 0.6688 1800
1779080810570 0.6725 1820
1779080815374 0.6774 1840
1779080820163 0.6759 1860
1779080824958 0.6819 1880
1779080829757 0.6726 1900
1779080834538 0.6716 1920
1779080839315 0.6734 1940
1779080844073 0.6788 1960
1779080848836 0.678 1980
1779080853582 0.6807 2000
1779080865354 0.6798 2020
1779080870131 0.6851 2040
1779080874920 0.6821 2060
1779080879725 0.6793 2080
1779080884505 0.6689 2100
1779080889324 0.675 2120
1779080894074 0.6749 2140
1779080899135 0.6734 2160
1779080903904 0.683 2180
1779080908655 0.6818 2200
1779080913411 0.6765 2220
1779080918180 0.6871 2240
1779080930336 0.6778 2260
1779080935130 0.6847 2280
1779080939936 0.6774 2300
1779080944714 0.6803 2320
1779080949555 0.6798 2340
1779080954333 0.668 2360
1779080959004 0.6781 2380
1779080963719 0.6705 2400
1779080968432 0.6731 2420
1779080973135 0.6764 2440
1779080977811 0.669 2460
1779080982462 0.6684 2480
1779080987081 0.6785 2500
1779080998561 0.6769 2520
1779081003253 0.6742 2540
1779081007969 0.675 2560
1779081012625 0.6748 2580
1779081017260 0.6749 2600
1779081021972 0.676 2620
1779081026686 0.6817 2640
1779081031628 0.682 2660
1779081036301 0.6711 2680
1779081040943 0.6709 2700
1779081045606 0.6759 2720
1779081050101 0.6839 2740
1779081060750 0.684 2760
1779081065504 0.6762 2780
1779081070275 0.6685 2800
1779081075093 0.6682 2820
1779081079870 0.6684 2840
1779081084691 0.6744 2860
1779081089509 0.6838 2880
1779081094299 0.6699 2900
1779081099087 0.6779 2920
1779081103892 0.678 2940
1779081108673 0.669 2960
1779081113463 0.6811 2980
1779081118307 0.6772 3000
1779081130575 0.6725 3020
1779081135333 0.6725 3040
1779081140102 0.6724 3060
1779081145189 0.6768 3080
1779081149942 0.6627 3100
1779081154714 0.6765 3120
1779081159484 0.6706 3140
1779081164277 0.6589 3160
1779081169021 0.6689 3180
1779081173745 0.674 3200
1779081178535 0.67 3220
1779081183277 0.6731 3240
1779081195219 0.676 3260
1779081200003 0.6714 3280
1779081204785 0.671 3300
1779081209559 0.6803 3320
