1779323554291 0.5554755330085754 20
1779323554620 0.4507461190223694 40
1779323554931 0.34990596771240234 60
1779323555316 0.9139503240585327 80
1779323555695 0.8679161667823792 100
1779323556010 0.531907856464386 120
1779323556367 0.5909504890441895 140
1779323556725 0.43209511041641235 160
1779323557059 0.5153374075889587 180
1779323557383 0.6158695220947266 200
1779323557709 0.34934934973716736 220
1779323558027 0.4744638204574585 240
1779323562016 0.49151912331581116 260
1779323562252 0.563988447189331 280
1779323562553 0.330016553401947 300
1779323562849 0.36096081137657166 320
1779323563124 0.4767557382583618 340
1779323563396 0.33705440163612366 360
1779323563642 0.5449988842010498 380
1779323563875 0.3929241895675659 400
1779323564109 0.3858686089515686 420
1779323564364 0.43166258931159973 440
1779323564612 0.5189191102981567 460
1779323564914 0.3593295216560364 480
1779323565190 0.44043198227882385 500
1779323568741 0.4252955913543701 520
1779323569049 0.6133114695549011 540
1779323569339 0.5184938907623291 560
1779323569614 0.3772193193435669 580
1779323569866 0.5123918056488037 600
1779323570132 0.34196871519088745 620
1779323570388 0.42100340127944946 640
1779323570702 0.39821484684944153 660
1779323571033 0.5245000720024109 680
1779323571334 0.34172290563583374 700
1779323571634 0.5036528706550598 720
1779323571935 0.5154967904090881 740
1779323575657 0.845975399017334 760
1779323575971 0.3408004939556122 780
1779323576305 0.6518016457557678 800
1779323576626 0.39804133772850037 820
1779323576913 0.45009303092956543 840
1779323577225 0.5378111600875854 860
1779323577555 0.36006638407707214 880
1779323577877 0.35520637035369873 900
1779323578234 0.49933063983917236 920
1779323578571 0.39886239171028137 940
1779323578892 0.6760081052780151 960
1779323579218 0.5096513628959656 980
1779323579644 0.4221333861351013 1000
1779323583123 0.4580543637275696 1020
1779323583386 0.42509815096855164 1040
1779323583673 0.3713708817958832 1060
1779323583979 0.40087419748306274 1080
1779323584308 0.474720299243927 1100
1779323584620 0.540921151638031 1120
1779323584934 0.3515358567237854 1140
1779323585291 0.5900219678878784 1160
1779323585611 0.38450443744659424 1180
1779323585925 0.3847881853580475 1200
1779323586207 0.375516802072525 1220
1779323586494 0.4478549659252167 1240
1779323590089 0.3448706567287445 1260
1779323590416 0.45404165983200073 1280
1779323590690 0.36942631006240845 1300
1779323590929 0.3578726053237915 1320
1779323591243 0.6331562995910645 1340
1779323591483 0.39258092641830444 1360
1779323591719 0.32938772439956665 1380
1779323591956 0.3848119080066681 1400
1779323592198 0.446424275636673 1420
1779323592463 0.36268383264541626 1440
1779323592774 0.3587075471878052 1460
1779323593073 0.6678714752197266 1480
1779323593360 0.59336918592453 1500
1779323597076 0.6083868741989136 1520
1779323597377 0.5031543970108032 1540
1779323597679 0.47158536314964294 1560
1779323597988 0.4693419635295868 1580
1779323598282 0.5111687183380127 1600
1779323598594 0.39400580525398254 1620
1779323598911 0.38185861706733704 1640
1779323599214 0.35521259903907776 1660
1779323599555 0.31984370946884155 1680
1779323599891 0.3491120934486389 1700
1779323600196 0.31861165165901184 1720
1779323600554 0.47148385643959045 1740
1779323604164 0.3749948740005493 1760
1779323604487 0.6192334890365601 1780
1779323604820 0.3436841070652008 1800
1779323605176 0.5430265665054321 1820
1779323605471 0.5074266195297241 1840
1779323605756 0.3480600416660309 1860
1779323606050 0.3743745982646942 1880
1779323606352 0.36404600739479065 1900
1779323606684 0.38858431577682495 1920
1779323607021 0.36851587891578674 1940
1779323607410 0.5806685090065002 1960
1779323607797 0.3762061595916748 1980
1779323608067 0.3898858428001404 2000
1779323611330 0.7090641260147095 2020
1779323611640 0.507510244846344 2040
1779323611935 0.49501752853393555 2060
1779323612201 0.3292406499385834 2080
1779323612453 0.5656024813652039 2100
1779323612711 0.5242319107055664 2120
1779323612978 0.4690306484699249 2140
1779323613286 0.34321320056915283 2160
1779323613587 0.40581080317497253 2180
1779323613903 0.5713805556297302 2200
1779323614222 0.332377552986145 2220
1779323614534 0.4060588479042053 2240
1779323618122 0.46408551931381226 2260
1779323618435 0.4647594094276428 2280
1779323618730 0.4081605076789856 2300
1779323619025 0.32648977637290955 2320
1779323619382 0.654053270816803 2340
1779323619773 0.3290894329547882 2360
1779323620075 0.354572057723999 2380
1779323620396 0.40896832942962646 2400
1779323620766 0.4963909387588501 2420
1779323621117 0.45184555649757385 2440
1779323621441 0.49203217029571533 2460
1779323621770 0.32133179903030396 2480
1779323622095 0.4327509105205536 2500
1779323625916 0.4049968719482422 2520
1779323626240 0.3347347676753998 2540
1779323626589 0.49907541275024414 2560
1779323626919 0.317050039768219 2580
1779323627220 0.4132337272167206 2600
1779323627578 0.3599434494972229 2620
1779323627907 0.624613881111145 2640
1779323628233 0.6291638016700745 2660
1779323628512 0.518410861492157 2680
1779323628802 0.5494285225868225 2700
1779323629150 0.3459893465042114 2720
1779323629462 0.33882126212120056 2740
1779323633042 0.4662405848503113 2760
1779323633389 0.3657225966453552 2780
1779323633750 0.6368780732154846 2800
1779323634068 0.37865233421325684 2820
1779323634391 0.5081830620765686 2840
1779323634696 0.3018866181373596 2860
1779323635009 0.34446316957473755 2880
1779323635355 0.3462255895137787 2900
1779323635686 0.3446347713470459 2920
1779323636015 0.36453238129615784 2940
1779323636334 0.42873308062553406 2960
1779323636652 0.5831198692321777 2980
1779323636971 0.48064735531806946 3000
1779323640825 0.33992448449134827 3020
1779323641158 0.4125880300998688 3040
1779323641515 0.5413175225257874 3060
1779323641834 0.5320250988006592 3080
1779323642149 0.3644464612007141 3100
1779323642479 0.4759528636932373 3120
1779323642775 0.5892636775970459 3140
1779323643086 0.37691664695739746 3160
1779323643416 0.40704378485679626 3180
1779323643732 0.37058886885643005 3200
1779323644087 0.41692832112312317 3220
1779323644428 0.6621872186660767 3240
1779323648175 0.3787020742893219 3260
1779323648482 0.33431705832481384 3280
1779323648834 0.4905029833316803 3300
1779323649220 0.3980115056037903 3320
1779323649507 0.4362395107746124 3340
1779323649808 0.6626092195510864 3360
1779323650065 0.5133160352706909 3380
1779323650306 0.3438001871109009 3400
1779323650541 0.5711145997047424 3420
1779323650836 0.4418741762638092 3440
1779323651161 0.4669976830482483 3460
1779323651411 0.3593670427799225 3480
1779323651634 0.5258820056915283 3500
1779323655083 0.5575456619262695 3520
1779323655400 0.3607923984527588 3540
1779323655696 0.33661729097366333 3560
1779323656011 0.4033884108066559 3580
1779323656343 0.4862336814403534 3600
1779323656619 0.3295650780200958 3620
1779323656893 0.452272891998291 3640
1779323657140 0.32418110966682434 3660
1779323657413 0.3704558312892914 3680
1779323657746 0.40560203790664673 3700
1779323658054 0.3180067539215088 3720
1779323658346 0.32682618498802185 3740
1779323661851 0.3500579297542572 3760
1779323662146 0.39771509170532227 3780
1779323662426 0.3088834583759308 3800
1779323662674 0.486152708530426 3820
1779323662967 0.33318352699279785 3840
1779323663245 0.7252243757247925 3860
1779323663569 0.5148686170578003 3880
1779323663902 0.3623429238796234 3900
1779323664234 0.6087251901626587 3920
1779323664549 0.3052302598953247 3940
1779323664846 0.5344286561012268 3960
1779323665170 0.4715726971626282 3980
1779323665523 0.36091166734695435 4000
1779323669096 0.5321680307388306 4020
1779323669352 0.35342276096343994 4040
1779323669664 0.4800281524658203 4060
1779323669967 0.36179444193840027 4080
1779323670276 0.4614218771457672 4100
1779323670592 0.5626576542854309 4120
1779323670909 0.47069254517555237 4140
1779323671193 0.46302303671836853 4160
1779323671495 0.37077051401138306 4180
1779323671789 0.8747174739837646 4200
1779323672059 0.3757557272911072 4220
1779323672335 0.5212461948394775 4240
1779323675762 0.47120267152786255 4260
1779323676101 0.3908991813659668 4280
1779323676454 0.4673685133457184 4300
1779323676787 0.38227587938308716 4320
1779323677105 0.3721914291381836 4340
1779323677421 0.4359660744667053 4360
1779323677721 0.628092885017395 4380
1779323678039 0.41359269618988037 4400
1779323678409 0.44075310230255127 4420
1779323678740 0.5827431082725525 4440
1779323679070 0.44019460678100586 4460
1779323679437 0.5811254382133484 4480
1779323679806 0.5688327550888062 4500
1779323683290 0.296103835105896 4520
1779323683623 0.4353909194469452 4540
