1779323554291 1.1400000000000001e-05 20
1779323554620 2.3400000000000003e-05 40
1779323554931 2.9940066592674806e-05 60
1779323555316 2.9806881243063266e-05 80
1779323555695 2.967369589345172e-05 100
1779323556010 2.954051054384018e-05 120
1779323556367 2.9407325194228636e-05 140
1779323556725 2.9274139844617092e-05 160
1779323557059 2.9140954495005548e-05 180
1779323557383 2.9007769145394007e-05 200
1779323557709 2.8874583795782463e-05 220
1779323558027 2.8741398446170922e-05 240
1779323562016 2.8608213096559378e-05 260
1779323562252 2.8475027746947834e-05 280
1779323562553 2.8341842397336293e-05 300
1779323562849 2.820865704772475e-05 320
1779323563124 2.8075471698113208e-05 340
1779323563396 2.7942286348501664e-05 360
1779323563642 2.7809100998890123e-05 380
1779323563875 2.767591564927858e-05 400
1779323564109 2.7542730299667038e-05 420
1779323564364 2.7409544950055494e-05 440
1779323564612 2.7276359600443953e-05 460
1779323564914 2.714317425083241e-05 480
1779323565190 2.7009988901220868e-05 500
1779323568741 2.6876803551609324e-05 520
1779323569049 2.674361820199778e-05 540
1779323569339 2.661043285238624e-05 560
1779323569614 2.6477247502774695e-05 580
1779323569866 2.6344062153163154e-05 600
1779323570132 2.621087680355161e-05 620
1779323570388 2.607769145394007e-05 640
1779323570702 2.5944506104328525e-05 660
1779323571033 2.5811320754716984e-05 680
1779323571334 2.567813540510544e-05 700
1779323571634 2.55449500554939e-05 720
1779323571935 2.5411764705882355e-05 740
1779323575657 2.5278579356270814e-05 760
1779323575971 2.5145394006659266e-05 780
1779323576305 2.5012208657047722e-05 800
1779323576626 2.487902330743618e-05 820
1779323576913 2.4745837957824637e-05 840
1779323577225 2.4612652608213096e-05 860
1779323577555 2.4479467258601552e-05 880
1779323577877 2.434628190899001e-05 900
1779323578234 2.4213096559378467e-05 920
1779323578571 2.4079911209766926e-05 940
1779323578892 2.3946725860155382e-05 960
1779323579218 2.381354051054384e-05 980
1779323579644 2.3680355160932297e-05 1000
1779323583123 2.3547169811320756e-05 1020
1779323583386 2.3413984461709212e-05 1040
1779323583673 2.3280799112097668e-05 1060
1779323583979 2.3147613762486127e-05 1080
1779323584308 2.3014428412874583e-05 1100
1779323584620 2.2881243063263042e-05 1120
1779323584934 2.2748057713651498e-05 1140
1779323585291 2.2614872364039957e-05 1160
1779323585611 2.2481687014428413e-05 1180
1779323585925 2.2348501664816872e-05 1200
1779323586207 2.2215316315205328e-05 1220
1779323586494 2.2082130965593787e-05 1240
1779323590089 2.1948945615982243e-05 1260
1779323590416 2.1815760266370702e-05 1280
1779323590690 2.1682574916759158e-05 1300
1779323590929 2.1549389567147614e-05 1320
1779323591243 2.1416204217536073e-05 1340
1779323591483 2.128301886792453e-05 1360
1779323591719 2.1149833518312988e-05 1380
1779323591956 2.101664816870144e-05 1400
1779323592198 2.08834628190899e-05 1420
1779323592463 2.0750277469478356e-05 1440
1779323592774 2.0617092119866815e-05 1460
1779323593073 2.048390677025527e-05 1480
1779323593360 2.035072142064373e-05 1500
1779323597076 2.0217536071032186e-05 1520
1779323597377 2.0084350721420645e-05 1540
1779323597679 1.99511653718091e-05 1560
1779323597988 1.9817980022197556e-05 1580
1779323598282 1.9684794672586016e-05 1600
1779323598594 1.955160932297447e-05 1620
1779323598911 1.941842397336293e-05 1640
1779323599214 1.9285238623751386e-05 1660
1779323599555 1.9152053274139846e-05 1680
1779323599891 1.90188679245283e-05 1700
1779323600196 1.888568257491676e-05 1720
1779323600554 1.8752497225305216e-05 1740
1779323604164 1.8619311875693676e-05 1760
1779323604487 1.848612652608213e-05 1780
1779323604820 1.835294117647059e-05 1800
1779323605176 1.8219755826859047e-05 1820
1779323605471 1.8086570477247502e-05 1840
1779323605756 1.795338512763596e-05 1860
1779323606050 1.7820199778024417e-05 1880
1779323606352 1.7687014428412877e-05 1900
1779323606684 1.7553829078801332e-05 1920
1779323607021 1.742064372918979e-05 1940
1779323607410 1.7287458379578247e-05 1960
1779323607797 1.7154273029966707e-05 1980
1779323608067 1.7021087680355162e-05 2000
1779323611330 1.6887902330743618e-05 2020
1779323611640 1.6754716981132074e-05 2040
1779323611935 1.6621531631520533e-05 2060
1779323612201 1.648834628190899e-05 2080
1779323612453 1.6355160932297448e-05 2100
1779323612711 1.6221975582685904e-05 2120
1779323612978 1.608879023307436e-05 2140
1779323613286 1.595560488346282e-05 2160
1779323613587 1.5822419533851275e-05 2180
1779323613903 1.5689234184239734e-05 2200
1779323614222 1.555604883462819e-05 2220
1779323614534 1.542286348501665e-05 2240
1779323618122 1.5289678135405105e-05 2260
1779323618435 1.5156492785793564e-05 2280
1779323618730 1.502330743618202e-05 2300
1779323619025 1.4890122086570477e-05 2320
1779323619382 1.4756936736958935e-05 2340
1779323619773 1.4623751387347392e-05 2360
1779323620075 1.449056603773585e-05 2380
1779323620396 1.4357380688124307e-05 2400
1779323620766 1.4224195338512765e-05 2420
1779323621117 1.4091009988901222e-05 2440
1779323621441 1.395782463928968e-05 2460
1779323621770 1.3824639289678136e-05 2480
1779323622095 1.3691453940066592e-05 2500
1779323625916 1.3558268590455049e-05 2520
1779323626240 1.3425083240843507e-05 2540
1779323626589 1.3291897891231964e-05 2560
1779323626919 1.3158712541620422e-05 2580
1779323627220 1.3025527192008879e-05 2600
1779323627578 1.2892341842397337e-05 2620
1779323627907 1.2759156492785794e-05 2640
1779323628233 1.2625971143174252e-05 2660
1779323628512 1.2492785793562709e-05 2680
1779323628802 1.2359600443951167e-05 2700
1779323629150 1.2226415094339624e-05 2720
1779323629462 1.2093229744728082e-05 2740
1779323633042 1.1960044395116537e-05 2760
1779323633389 1.1826859045504995e-05 2780
1779323633750 1.169367369589345e-05 2800
1779323634068 1.1560488346281908e-05 2820
1779323634391 1.1427302996670366e-05 2840
1779323634696 1.1294117647058823e-05 2860
1779323635009 1.116093229744728e-05 2880
1779323635355 1.1027746947835738e-05 2900
1779323635686 1.0894561598224196e-05 2920
1779323636015 1.0761376248612653e-05 2940
1779323636334 1.062819089900111e-05 2960
1779323636652 1.0495005549389568e-05 2980
1779323636971 1.0361820199778026e-05 3000
1779323640825 1.0228634850166482e-05 3020
1779323641158 1.0095449500554939e-05 3040
1779323641515 9.962264150943397e-06 3060
1779323641834 9.829078801331854e-06 3080
1779323642149 9.69589345172031e-06 3100
1779323642479 9.562708102108767e-06 3120
1779323642775 9.429522752497225e-06 3140
1779323643086 9.296337402885682e-06 3160
1779323643416 9.16315205327414e-06 3180
1779323643732 9.029966703662597e-06 3200
1779323644087 8.896781354051055e-06 3220
1779323644428 8.763596004439512e-06 3240
1779323648175 8.63041065482797e-06 3260
1779323648482 8.497225305216426e-06 3280
1779323648834 8.364039955604883e-06 3300
1779323649220 8.23085460599334e-06 3320
1779323649507 8.097669256381798e-06 3340
1779323649808 7.964483906770256e-06 3360
1779323650065 7.831298557158713e-06 3380
1779323650306 7.69811320754717e-06 3400
1779323650541 7.5649278579356274e-06 3420
1779323650836 7.431742508324085e-06 3440
1779323651161 7.2985571587125424e-06 3460
1779323651411 7.165371809100999e-06 3480
1779323651634 7.032186459489456e-06 3500
1779323655083 6.899001109877913e-06 3520
1779323655400 6.765815760266371e-06 3540
1779323655696 6.632630410654828e-06 3560
1779323656011 6.499445061043286e-06 3580
1779323656343 6.366259711431743e-06 3600
1779323656619 6.2330743618202e-06 3620
1779323656893 6.0998890122086574e-06 3640
1779323657140 5.966703662597114e-06 3660
1779323657413 5.833518312985572e-06 3680
1779323657746 5.700332963374029e-06 3700
1779323658054 5.567147613762487e-06 3720
1779323658346 5.433962264150943e-06 3740
1779323661851 5.300776914539401e-06 3760
1779323662146 5.167591564927858e-06 3780
1779323662426 5.034406215316315e-06 3800
1779323662674 4.9012208657047725e-06 3820
1779323662967 4.76803551609323e-06 3840
1779323663245 4.6348501664816875e-06 3860
1779323663569 4.501664816870144e-06 3880
1779323663902 4.368479467258602e-06 3900
1779323664234 4.235294117647059e-06 3920
1779323664549 4.102108768035517e-06 3940
1779323664846 3.968923418423973e-06 3960
1779323665170 3.835738068812431e-06 3980
1779323665523 3.702552719200888e-06 4000
1779323669096 3.5693673695893454e-06 4020
1779323669352 3.4361820199778025e-06 4040
1779323669664 3.30299667036626e-06 4060
1779323669967 3.169811320754717e-06 4080
1779323670276 3.036625971143174e-06 4100
1779323670592 2.9034406215316316e-06 4120
1779323670909 2.770255271920089e-06 4140
1779323671193 2.637069922308546e-06 4160
1779323671495 2.5038845726970033e-06 4180
1779323671789 2.370699223085461e-06 4200
1779323672059 2.2375138734739183e-06 4220
1779323672335 2.104328523862375e-06 4240
1779323675762 1.9711431742508325e-06 4260
1779323676101 1.8379578246392898e-06 4280
1779323676454 1.711431742508324e-06 4300
1779323676787 1.5782463928967814e-06 4320
1779323677105 1.4450610432852385e-06 4340
1779323677421 1.311875693673696e-06 4360
1779323677721 1.1786903440621531e-06 4380
1779323678039 1.0455049944506104e-06 4400
1779323678409 9.123196448390678e-07 4420
1779323678740 7.79134295227525e-07 4440
1779323679070 6.459489456159823e-07 4460
1779323679437 5.127635960044396e-07 4480
1779323679806 3.7957824639289677e-07 4500
1779323683290 2.4639289678135406e-07 4520
1779323683623 1.1320754716981133e-07 4540
