1779323554291 0.6975 20
1779323554620 0.6943 40
1779323554931 0.6957 60
1779323555316 0.696 80
1779323555695 0.693 100
1779323556010 0.694 120
1779323556367 0.691 140
1779323556725 0.6917 160
1779323557059 0.6938 180
1779323557383 0.6909 200
1779323557709 0.693 220
1779323558027 0.6914 240
1779323562016 0.6897 260
1779323562252 0.6918 280
1779323562553 0.6886 300
1779323562849 0.6903 320
1779323563124 0.6893 340
1779323563396 0.6886 360
1779323563642 0.6874 380
1779323563875 0.6899 400
1779323564109 0.6842 420
1779323564364 0.6881 440
1779323564612 0.6888 460
1779323564914 0.6867 480
1779323565190 0.6863 500
1779323568741 0.6872 520
1779323569049 0.6873 540
1779323569339 0.6834 560
1779323569614 0.687 580
1779323569866 0.6842 600
1779323570132 0.6861 620
1779323570388 0.6865 640
1779323570702 0.6841 660
1779323571033 0.6832 680
1779323571334 0.6819 700
1779323571634 0.6824 720
1779323571935 0.6839 740
1779323575657 0.6827 760
1779323575971 0.6801 780
1779323576305 0.6801 800
1779323576626 0.6815 820
1779323576913 0.6847 840
1779323577225 0.6776 860
1779323577555 0.6787 880
1779323577877 0.6811 900
1779323578234 0.6779 920
1779323578571 0.6787 940
1779323578892 0.6826 960
1779323579218 0.6832 980
1779323579644 0.6768 1000
1779323583123 0.6838 1020
1779323583386 0.6814 1040
1779323583673 0.6786 1060
1779323583979 0.6789 1080
1779323584308 0.675 1100
1779323584620 0.6791 1120
1779323584934 0.6742 1140
1779323585291 0.6761 1160
1779323585611 0.6794 1180
1779323585925 0.6737 1200
1779323586207 0.6789 1220
1779323586494 0.6793 1240
1779323590089 0.6759 1260
1779323590416 0.6768 1280
1779323590690 0.6754 1300
1779323590929 0.6728 1320
1779323591243 0.6775 1340
1779323591483 0.6777 1360
1779323591719 0.6787 1380
1779323591956 0.6711 1400
1779323592198 0.6744 1420
1779323592463 0.6765 1440
1779323592774 0.6727 1460
1779323593073 0.6746 1480
1779323593360 0.6744 1500
1779323597076 0.6754 1520
1779323597377 0.674 1540
1779323597679 0.6705 1560
1779323597988 0.6709 1580
1779323598282 0.6729 1600
1779323598594 0.677 1620
1779323598911 0.6698 1640
1779323599214 0.6721 1660
1779323599555 0.6782 1680
1779323599891 0.6746 1700
1779323600196 0.6758 1720
1779323600554 0.6702 1740
1779323604164 0.6748 1760
1779323604487 0.6709 1780
1779323604820 0.6735 1800
1779323605176 0.6713 1820
1779323605471 0.6713 1840
1779323605756 0.6711 1860
1779323606050 0.669 1880
1779323606352 0.6665 1900
1779323606684 0.6666 1920
1779323607021 0.6731 1940
1779323607410 0.673 1960
1779323607797 0.6645 1980
1779323608067 0.6699 2000
1779323611330 0.6699 2020
1779323611640 0.6665 2040
1779323611935 0.6679 2060
1779323612201 0.6694 2080
1779323612453 0.67 2100
1779323612711 0.6733 2120
1779323612978 0.6721 2140
1779323613286 0.6688 2160
1779323613587 0.6712 2180
1779323613903 0.6675 2200
1779323614222 0.6693 2220
1779323614534 0.6706 2240
1779323618122 0.6679 2260
1779323618435 0.6692 2280
1779323618730 0.6659 2300
1779323619025 0.6624 2320
1779323619382 0.6707 2340
1779323619773 0.6676 2360
1779323620075 0.6668 2380
1779323620396 0.6684 2400
1779323620766 0.6678 2420
1779323621117 0.6658 2440
1779323621441 0.6669 2460
1779323621770 0.668 2480
1779323622095 0.6639 2500
1779323625916 0.6706 2520
1779323626240 0.6629 2540
1779323626589 0.6674 2560
1779323626919 0.6666 2580
1779323627220 0.6637 2600
1779323627578 0.6617 2620
1779323627907 0.6736 2640
1779323628233 0.6666 2660
1779323628512 0.668 2680
1779323628802 0.6641 2700
1779323629150 0.6587 2720
1779323629462 0.6666 2740
1779323633042 0.6667 2760
1779323633389 0.661 2780
1779323633750 0.6686 2800
1779323634068 0.67 2820
1779323634391 0.6671 2840
1779323634696 0.666 2860
1779323635009 0.6651 2880
1779323635355 0.6634 2900
1779323635686 0.6661 2920
1779323636015 0.6652 2940
1779323636334 0.6637 2960
1779323636652 0.6658 2980
1779323636971 0.6654 3000
1779323640825 0.6682 3020
1779323641158 0.6619 3040
1779323641515 0.6638 3060
1779323641834 0.662 3080
1779323642149 0.6593 3100
1779323642479 0.6663 3120
1779323642775 0.6609 3140
1779323643086 0.6633 3160
1779323643416 0.6603 3180
1779323643732 0.6612 3200
1779323644087 0.661 3220
1779323644428 0.6528 3240
1779323648175 0.6609 3260
1779323648482 0.6625 3280
1779323648834 0.6577 3300
1779323649220 0.6675 3320
1779323649507 0.6585 3340
1779323649808 0.6652 3360
1779323650065 0.6623 3380
1779323650306 0.6614 3400
1779323650541 0.6657 3420
1779323650836 0.6645 3440
1779323651161 0.6669 3460
1779323651411 0.6673 3480
1779323651634 0.6548 3500
1779323655083 0.6647 3520
1779323655400 0.6646 3540
1779323655696 0.6648 3560
1779323656011 0.6603 3580
1779323656343 0.6633 3600
1779323656619 0.6632 3620
1779323656893 0.6641 3640
1779323657140 0.6582 3660
1779323657413 0.6664 3680
1779323657746 0.6668 3700
1779323658054 0.6616 3720
1779323658346 0.6637 3740
1779323661851 0.6617 3760
1779323662146 0.6537 3780
1779323662426 0.662 3800
1779323662674 0.6588 3820
1779323662967 0.6591 3840
1779323663245 0.6611 3860
1779323663569 0.6626 3880
1779323663902 0.6632 3900
1779323664234 0.6615 3920
1779323664549 0.6582 3940
1779323664846 0.6604 3960
1779323665170 0.6597 3980
1779323665523 0.6593 4000
1779323669096 0.6633 4020
1779323669352 0.6638 4040
1779323669664 0.6627 4060
1779323669967 0.6612 4080
1779323670276 0.6615 4100
1779323670592 0.6639 4120
1779323670909 0.6601 4140
1779323671193 0.6576 4160
1779323671495 0.6598 4180
1779323671789 0.6576 4200
1779323672059 0.6609 4220
1779323672335 0.6565 4240
1779323675762 0.6604 4260
1779323676101 0.6559 4280
1779323676454 0.6629 4300
1779323676787 0.6603 4320
1779323677105 0.6618 4340
1779323677421 0.6612 4360
1779323677721 0.6606 4380
1779323678039 0.6635 4400
1779323678409 0.6566 4420
1779323678740 0.6567 4440
1779323679070 0.6648 4460
1779323679437 0.6597 4480
1779323679806 0.6606 4500
1779323683290 0.6628 4520
1779323683623 0.6642 4540
