1778288642349 3.87931227684021 20
1778288645373 1.7558751106262207 40
1778288648382 2.099705934524536 60
1778288651394 12.785369873046875 80
1778288654412 3.959599733352661 100
1778288657439 4.64952278137207 120
1778288660463 3.3303933143615723 140
1778288663478 3.9893746376037598 160
1778288666487 2.6946682929992676 180
1778288669512 7.763409614562988 200
1778288672533 6.718688011169434 220
1778288675554 8.87607479095459 240
1778288681201 4.084050178527832 260
1778288684225 3.903423309326172 280
1778288687247 4.223628520965576 300
1778288690267 6.683338165283203 320
1778288693287 6.6643805503845215 340
1778288696302 13.965352058410645 360
1778288699321 9.931058883666992 380
1778288702341 11.850770950317383 400
1778288705366 5.194752216339111 420
1778288708389 6.608486175537109 440
1778288711415 8.047368049621582 460
1778288714436 5.988378524780273 480
1778288717456 5.2986626625061035 500
1778288723043 7.8235344886779785 520
1778288726069 4.857325077056885 540
1778288729087 6.93043851852417 560
1778288732110 8.402644157409668 580
1778288735128 6.352880954742432 600
1778288738151 5.084394454956055 620
1778288741169 8.358880043029785 640
1778288744191 6.262820720672607 660
1778288747210 3.9835586547851562 680
1778288750231 7.623819828033447 700
1778288753249 4.9222493171691895 720
1778288756273 4.480014324188232 740
1778288761807 5.010897159576416 760
1778288764832 5.833444118499756 780
1778288767853 4.537937164306641 800
1778288770876 5.7714457511901855 820
1778288773896 8.461503982543945 840
1778288776916 4.29287052154541 860
1778288779935 5.412115097045898 880
1778288782953 7.615489959716797 900
1778288785974 6.126917839050293 920
1778288788993 5.641684532165527 940
1778288792012 4.590275764465332 960
1778288795028 3.2675652503967285 980
1778288798050 3.9588000774383545 1000
1778288803597 6.681473731994629 1020
1778288806619 4.808023452758789 1040
1778288809640 2.984409809112549 1060
1778288812663 3.6313607692718506 1080
1778288815684 7.786818504333496 1100
1778288818713 4.541236877441406 1120
1778288821733 7.316140651702881 1140
1778288824757 6.520115852355957 1160
1778288827773 6.524123668670654 1180
1778288830794 3.2225000858306885 1200
1778288833812 2.640395164489746 1220
1778288836834 5.67906379699707 1240
1778288842417 7.749246597290039 1260
1778288845437 3.1449365615844727 1280
1778288848458 3.503589391708374 1300
1778288851483 3.485750198364258 1320
1778288854506 4.773331642150879 1340
1778288857526 6.1752495765686035 1360
1778288860547 1.2225955724716187 1380
1778288863565 6.639268398284912 1400
1778288866589 5.828451156616211 1420
1778288869607 5.405713081359863 1440
1778288872634 4.192346096038818 1460
1778288875657 4.297247886657715 1480
1778288878682 3.8235790729522705 1500
1778288884243 1.9445654153823853 1520
1778288887271 3.295808792114258 1540
1778288890291 7.260748386383057 1560
1778288893320 4.072437763214111 1580
1778288896342 10.089250564575195 1600
1778288899362 3.9150748252868652 1620
1778288902384 3.063943386077881 1640
1778288905410 3.406977891921997 1660
1778288908433 2.053433418273926 1680
1778288911458 5.468626976013184 1700
1778288914481 1.5885646343231201 1720
1778288917505 6.015358924865723 1740
1778288922914 3.960615873336792 1760
1778288925932 1.220808506011963 1780
1778288928956 8.111823081970215 1800
1778288931974 4.458724021911621 1820
1778288934998 1.4636106491088867 1840
1778288938014 2.640104293823242 1860
1778288941034 3.150057554244995 1880
1778288944053 5.359180450439453 1900
1778288947074 3.4656412601470947 1920
1778288950093 1.5199469327926636 1940
1778288953116 3.1367781162261963 1960
1778288956135 5.912487983703613 1980
1778288959153 2.5381455421447754 2000
1778288964729 4.349003314971924 2020
1778288967753 5.271728992462158 2040
1778288970773 4.617467880249023 2060
1778288973794 4.669696807861328 2080
1778288976814 5.544458389282227 2100
1778288979834 4.435676097869873 2120
1778288982852 0.6288062930107117 2140
1778288985873 5.2330498695373535 2160
1778288988893 0.32124319672584534 2180
1778288991918 1.8661231994628906 2200
1778288994941 4.388312339782715 2220
1778288997962 4.935613632202148 2240
1778289003532 0.5768710374832153 2260
1778289006554 4.941919803619385 2280
1778289009573 5.957729339599609 2300
1778289012591 4.071095943450928 2320
1778289015613 3.931117534637451 2340
1778289018636 2.4680373668670654 2360
1778289021657 3.8539061546325684 2380
1778289024676 5.150887966156006 2400
1778289027697 4.410844802856445 2420
1778289030713 8.405874252319336 2440
1778289033733 2.2830393314361572 2460
1778289036750 3.5347750186920166 2480
1778289039772 2.8738834857940674 2500
1778289045349 2.763775110244751 2520
1778289048369 2.5225670337677 2540
1778289051390 7.353066444396973 2560
