1778288642349 1.08e-05 20
1778288645373 2.2800000000000002e-05 40
1778288648382 2.9916666666666668e-05 60
1778288651394 2.9690476190476193e-05 80
1778288654412 2.945238095238095e-05 100
1778288657439 2.9214285714285715e-05 120
1778288660463 2.8976190476190476e-05 140
1778288663478 2.875e-05 160
1778288666487 2.8523809523809522e-05 180
1778288669512 2.8285714285714287e-05 200
1778288672533 2.8047619047619048e-05 220
1778288675554 2.7809523809523813e-05 240
1778288681201 2.757142857142857e-05 260
1778288684225 2.7333333333333335e-05 280
1778288687247 2.7095238095238096e-05 300
1778288690267 2.685714285714286e-05 320
1778288693287 2.6619047619047618e-05 340
1778288696302 2.6380952380952383e-05 360
1778288699321 2.6142857142857144e-05 380
1778288702341 2.5904761904761908e-05 400
1778288705366 2.5666666666666666e-05 420
1778288708389 2.5428571428571427e-05 440
1778288711415 2.519047619047619e-05 460
1778288714436 2.4952380952380953e-05 480
1778288717456 2.4714285714285714e-05 500
1778288723043 2.4476190476190475e-05 520
1778288726069 2.423809523809524e-05 540
1778288729087 2.4e-05 560
1778288732110 2.3761904761904762e-05 580
1778288735128 2.3523809523809523e-05 600
1778288738151 2.3285714285714287e-05 620
1778288741169 2.304761904761905e-05 640
1778288744191 2.280952380952381e-05 660
1778288747210 2.257142857142857e-05 680
1778288750231 2.2333333333333335e-05 700
1778288753249 2.2095238095238096e-05 720
1778288756273 2.1857142857142857e-05 740
1778288761807 2.161904761904762e-05 760
1778288764832 2.1380952380952383e-05 780
1778288767853 2.1142857142857144e-05 800
1778288770876 2.0904761904761905e-05 820
1778288773896 2.0666666666666666e-05 840
1778288776916 2.042857142857143e-05 860
1778288779935 2.0190476190476192e-05 880
1778288782953 1.9952380952380953e-05 900
1778288785974 1.9714285714285714e-05 920
1778288788993 1.947619047619048e-05 940
1778288792012 1.923809523809524e-05 960
1778288795028 1.9e-05 980
1778288798050 1.8761904761904762e-05 1000
1778288803597 1.8523809523809527e-05 1020
1778288806619 1.8285714285714288e-05 1040
1778288809640 1.804761904761905e-05 1060
1778288812663 1.780952380952381e-05 1080
1778288815684 1.757142857142857e-05 1100
1778288818713 1.7333333333333332e-05 1120
1778288821733 1.7095238095238093e-05 1140
1778288824757 1.6857142857142858e-05 1160
1778288827773 1.661904761904762e-05 1180
1778288830794 1.638095238095238e-05 1200
1778288833812 1.614285714285714e-05 1220
1778288836834 1.5904761904761906e-05 1240
1778288842417 1.5666666666666667e-05 1260
1778288845437 1.5428571428571428e-05 1280
1778288848458 1.519047619047619e-05 1300
1778288851483 1.4952380952380954e-05 1320
1778288854506 1.4714285714285715e-05 1340
1778288857526 1.4476190476190478e-05 1360
1778288860547 1.4238095238095239e-05 1380
1778288863565 1.4e-05 1400
1778288866589 1.3761904761904761e-05 1420
1778288869607 1.3523809523809524e-05 1440
1778288872634 1.3285714285714285e-05 1460
1778288875657 1.3047619047619048e-05 1480
1778288878682 1.2809523809523809e-05 1500
1778288884243 1.2571428571428572e-05 1520
1778288887271 1.2333333333333333e-05 1540
1778288890291 1.2095238095238096e-05 1560
1778288893320 1.1857142857142857e-05 1580
1778288896342 1.161904761904762e-05 1600
1778288899362 1.138095238095238e-05 1620
1778288902384 1.1142857142857143e-05 1640
1778288905410 1.0904761904761905e-05 1660
1778288908433 1.0666666666666667e-05 1680
1778288911458 1.0428571428571428e-05 1700
1778288914481 1.0190476190476191e-05 1720
1778288917505 9.952380952380952e-06 1740
1778288922914 9.714285714285715e-06 1760
1778288925932 9.476190476190476e-06 1780
1778288928956 9.238095238095239e-06 1800
1778288931974 9e-06 1820
1778288934998 8.761904761904763e-06 1840
1778288938014 8.523809523809524e-06 1860
1778288941034 8.285714285714287e-06 1880
1778288944053 8.047619047619048e-06 1900
1778288947074 7.809523809523811e-06 1920
1778288950093 7.571428571428571e-06 1940
1778288953116 7.333333333333333e-06 1960
1778288956135 7.095238095238095e-06 1980
1778288959153 6.857142857142857e-06 2000
1778288964729 6.619047619047619e-06 2020
1778288967753 6.380952380952381e-06 2040
1778288970773 6.142857142857143e-06 2060
1778288973794 5.904761904761905e-06 2080
1778288976814 5.666666666666667e-06 2100
1778288979834 5.428571428571429e-06 2120
1778288982852 5.190476190476191e-06 2140
1778288985873 4.952380952380953e-06 2160
1778288988893 4.714285714285714e-06 2180
1778288991918 4.476190476190476e-06 2200
1778288994941 4.238095238095238e-06 2220
1778288997962 4e-06 2240
1778289003532 3.7619047619047618e-06 2260
1778289006554 3.5238095238095238e-06 2280
1778289009573 3.2857142857142857e-06 2300
1778289012591 3.0476190476190477e-06 2320
1778289015613 2.8095238095238096e-06 2340
1778289018636 2.5714285714285716e-06 2360
1778289021657 2.3333333333333336e-06 2380
1778289024676 2.0952380952380955e-06 2400
1778289027697 1.8571428571428573e-06 2420
1778289030713 1.6190476190476193e-06 2440
1778289033733 1.380952380952381e-06 2460
1778289036750 1.142857142857143e-06 2480
1778289039772 9.047619047619048e-07 2500
1778289045349 6.666666666666667e-07 2520
1778289048369 4.2857142857142857e-07 2540
1778289051390 1.9047619047619048e-07 2560
