1777680304678 0.9940704107284546 20
1777680308769 1.3363292217254639 40
1777680312839 0.9246619343757629 60
1777680316917 1.7443008422851562 80
1777680321003 1.5473220348358154 100
1777680325085 1.7872505187988281 120
1777680329163 1.1773641109466553 140
1777680333244 1.068390130996704 160
1777680337325 1.003839373588562 180
1777680341403 1.6060303449630737 200
1777680345485 1.5278013944625854 220
1777680349574 1.8464553356170654 240
1777680361660 3.313373327255249 260
1777680365744 1.4375990629196167 280
1777680369826 3.0983846187591553 300
1777680373903 1.130570888519287 320
1777680377977 1.7252676486968994 340
1777680382050 1.2108813524246216 360
1777680386132 1.119452953338623 380
1777680390208 2.5383453369140625 400
1777680394290 1.3838081359863281 420
1777680398366 2.1313416957855225 440
1777680402443 1.2500866651535034 460
1777680406522 1.0397526025772095 480
1777680410599 2.4017257690429688 500
1777680422605 1.3243314027786255 520
1777680426683 1.4513089656829834 540
1777680430761 1.482964277267456 560
1777680434837 2.6564550399780273 580
1777680438916 3.990067481994629 600
1777680443005 0.8994989991188049 620
1777680447084 1.1748567819595337 640
1777680451166 1.2357920408248901 660
1777680455250 3.0276803970336914 680
1777680459324 1.234332799911499 700
1777680463399 1.0396019220352173 720
1777680467475 2.9314475059509277 740
1777680479488 2.012155055999756 760
1777680483562 2.3397185802459717 780
1777680487634 2.734429359436035 800
1777680491807 1.4340486526489258 820
1777680496030 1.9185235500335693 840
1777680500243 1.3964799642562866 860
1777680504457 1.3951926231384277 880
1777680508603 1.4187103509902954 900
1777680512731 2.305405855178833 920
1777680516874 0.9252572059631348 940
1777680521007 1.1445561647415161 960
1777680525143 1.2413231134414673 980
1777680529272 2.3113136291503906 1000
1777680541431 1.271394968032837 1020
1777680545582 1.3717329502105713 1040
1777680549721 2.008511781692505 1060
1777680553862 1.2624447345733643 1080
1777680558006 1.7228773832321167 1100
1777680562150 1.3041554689407349 1120
1777680566306 3.1322154998779297 1140
1777680570455 1.6548608541488647 1160
1777680574603 1.1445307731628418 1180
1777680578753 2.087423801422119 1200
1777680582898 0.9964056611061096 1220
1777680587048 2.01404070854187 1240
1777680599222 1.4735665321350098 1260
1777680603336 1.580449104309082 1280
1777680607437 1.7285902500152588 1300
1777680611588 1.685430645942688 1320
1777680615688 2.1755669116973877 1340
1777680619787 1.5230183601379395 1360
1777680623878 1.0034863948822021 1380
1777680628017 1.4576325416564941 1400
1777680632244 1.8617234230041504 1420
1777680636411 2.5239193439483643 1440
1777680640647 1.7690685987472534 1460
1777680644872 2.385873556137085 1480
1777680649053 1.8855170011520386 1500
1777680661487 1.3497503995895386 1520
1777680665680 2.9161555767059326 1540
1777680669910 2.8568575382232666 1560
1777680674090 1.272653579711914 1580
1777680678243 3.139608860015869 1600
1777680682521 1.1773079633712769 1620
1777680686614 1.415001630783081 1640
1777680690707 1.141619324684143 1660
1777680694807 1.1273623704910278 1680
1777680698907 1.3785743713378906 1700
1777680703013 1.0975223779678345 1720
1777680707107 3.4933574199676514 1740
1777680719133 1.18938148021698 1760
1777680723232 1.3703327178955078 1780
1777680727330 4.703178882598877 1800
1777680731429 1.1142373085021973 1820
1777680735454 2.289698600769043 1840
1777680739561 1.7026156187057495 1860
1777680743665 3.3464744091033936 1880
1777680747769 1.3023842573165894 1900
1777680751865 1.1907967329025269 1920
1777680755962 3.4096145629882812 1940
1777680760066 1.438679814338684 1960
1777680764227 2.9143991470336914 1980
1777680768364 1.956255316734314 2000
1777680780435 1.4481024742126465 2020
1777680785114 1.34316086769104 2040
1777680790092 2.646378993988037 2060
1777680794990 1.2566460371017456 2080
1777680799466 1.6313120126724243 2100
1777680803839 1.5177994966506958 2120
1777680808313 3.4749867916107178 2140
1777680812514 1.6740394830703735 2160
1777680816817 1.2414336204528809 2180
1777680821100 1.9971964359283447 2200
1777680825461 2.3492350578308105 2220
1777680829899 1.7380739450454712 2240
1777680842328 1.0267714262008667 2260
1777680846732 1.4662587642669678 2280
1777680850949 1.7766724824905396 2300
1777680855313 2.758699417114258 2320
1777680859756 1.8608397245407104 2340
1777680864501 3.3042311668395996 2360
1777680869381 1.357169508934021 2380
1777680873954 1.709283709526062 2400
1777680878684 1.5136104822158813 2420
1777680883603 2.8889029026031494 2440
1777680888493 2.0321688652038574 2460
1777680893333 1.3354010581970215 2480
1777680898225 3.5232670307159424 2500
1777680910684 1.7328482866287231 2520
1777680914822 1.5674324035644531 2540
1777680918914 2.6049299240112305 2560
1777680923032 2.4664947986602783 2580
1777680927186 1.377789855003357 2600
1777680931320 1.2572476863861084 2620
1777680935665 1.451927900314331 2640
1777680940382 1.3915443420410156 2660
1777680945162 1.0461738109588623 2680
1777680949915 1.0526032447814941 2700
1777680954702 2.3111557960510254 2720
