1779076021839 0.21739130434782608 20
1779076028422 0.43478260869565216 40
1779076034962 0.6521739130434783 60
1779076041589 0.8695652173913043 80
1779076048115 1.0869565217391304 100
1779076054695 1.3043478260869565 120
1779076061302 1.5217391304347827 140
1779076067904 1.7391304347826086 160
1779076074479 1.9565217391304348 180
1779076080987 2.1739130434782608 200
1779076087611 2.391304347826087 220
1779076094193 2.608695652173913 240
1779076098540 2.717391304347826 250
1779076103514 2.8260869565217392 260
1779076110212 3.0434782608695654 280
1779076117013 3.260869565217391 300
1779076123812 3.4782608695652173 320
1779076130843 3.6956521739130435 340
1779076137657 3.9130434782608696 360
1779076144360 4.130434782608695 380
1779076151169 4.3478260869565215 400
1779076157963 4.565217391304348 420
1779076164766 4.782608695652174 440
1779076171467 5.0 460
1779076178254 5.217391304347826 480
1779076185040 5.434782608695652 500
1779076186807 5.434782608695652 500
1779076194713 5.6521739130434785 520
1779076201510 5.869565217391305 540
1779076208215 6.086956521739131 560
1779076215014 6.304347826086957 580
1779076221799 6.521739130434782 600
1779076228591 6.739130434782608 620
1779076235385 6.956521739130435 640
1779076242282 7.173913043478261 660
1779076249055 7.391304347826087 680
1779076255850 7.608695652173913 700
1779076262654 7.826086956521739 720
1779076269340 8.043478260869565 740
1779076274514 8.152173913043478 750
1779076279089 8.26086956521739 760
1779076285885 8.478260869565217 780
1779076292675 8.695652173913043 800
1779076299451 8.91304347826087 820
1779076306142 9.130434782608695 840
1779076312923 9.347826086956522 860
1779076319717 9.565217391304348 880
1779076326480 9.782608695652174 900
1779076333189 10.0 920
1779076334486 10.0 920
1779076336488 10.0 920
1779076338500 10.0 920
1779076341032 10.0 0
