1778712437735 1.1400000000000001e-05 20
1778712439210 2.3400000000000003e-05 40
1778712440681 2.9940066592674806e-05 60
1778712442145 2.9806881243063266e-05 80
1778712443603 2.967369589345172e-05 100
1778712445064 2.954051054384018e-05 120
1778712446522 2.9407325194228636e-05 140
1778712447983 2.9274139844617092e-05 160
1778712449443 2.9140954495005548e-05 180
1778712450914 2.9007769145394007e-05 200
1778712452380 2.8874583795782463e-05 220
1778712453868 2.8741398446170922e-05 240
1778712457354 2.8608213096559378e-05 260
1778712458834 2.8475027746947834e-05 280
1778712460299 2.8341842397336293e-05 300
1778712461767 2.820865704772475e-05 320
1778712463229 2.8075471698113208e-05 340
1778712464693 2.7942286348501664e-05 360
1778712466164 2.7809100998890123e-05 380
1778712467627 2.767591564927858e-05 400
1778712469090 2.7542730299667038e-05 420
1778712470563 2.7409544950055494e-05 440
1778712472039 2.7276359600443953e-05 460
1778712473506 2.714317425083241e-05 480
1778712474971 2.7009988901220868e-05 500
1778712478466 2.6876803551609324e-05 520
1778712479934 2.674361820199778e-05 540
1778712481403 2.661043285238624e-05 560
1778712482880 2.6477247502774695e-05 580
1778712484352 2.6344062153163154e-05 600
1778712485821 2.621087680355161e-05 620
1778712487285 2.607769145394007e-05 640
1778712488746 2.5944506104328525e-05 660
1778712490210 2.5811320754716984e-05 680
1778712491679 2.567813540510544e-05 700
1778712493148 2.55449500554939e-05 720
1778712494617 2.5411764705882355e-05 740
1778712498113 2.5278579356270814e-05 760
1778712499587 2.5145394006659266e-05 780
1778712501048 2.5012208657047722e-05 800
1778712502628 2.487902330743618e-05 820
1778712504258 2.4745837957824637e-05 840
1778712505718 2.4612652608213096e-05 860
1778712507182 2.4479467258601552e-05 880
1778712508639 2.434628190899001e-05 900
1778712510105 2.4213096559378467e-05 920
1778712511564 2.4079911209766926e-05 940
1778712513023 2.3946725860155382e-05 960
1778712514486 2.381354051054384e-05 980
1778712515958 2.3680355160932297e-05 1000
1778712519438 2.3547169811320756e-05 1020
1778712520897 2.3413984461709212e-05 1040
1778712522355 2.3280799112097668e-05 1060
1778712523811 2.3147613762486127e-05 1080
1778712525275 2.3014428412874583e-05 1100
1778712526736 2.2881243063263042e-05 1120
1778712528193 2.2748057713651498e-05 1140
1778712529659 2.2614872364039957e-05 1160
1778712531125 2.2481687014428413e-05 1180
1778712532588 2.2348501664816872e-05 1200
1778712534064 2.2215316315205328e-05 1220
1778712535529 2.2082130965593787e-05 1240
1778712539021 2.1948945615982243e-05 1260
1778712540488 2.1815760266370702e-05 1280
1778712541957 2.1682574916759158e-05 1300
1778712543443 2.1549389567147614e-05 1320
1778712544911 2.1416204217536073e-05 1340
1778712546387 2.128301886792453e-05 1360
1778712547849 2.1149833518312988e-05 1380
1778712549318 2.101664816870144e-05 1400
1778712550776 2.08834628190899e-05 1420
1778712552277 2.0750277469478356e-05 1440
1778712553761 2.0617092119866815e-05 1460
1778712555220 2.048390677025527e-05 1480
1778712556682 2.035072142064373e-05 1500
1778712560154 2.0217536071032186e-05 1520
1778712561610 2.0084350721420645e-05 1540
1778712563073 1.99511653718091e-05 1560
1778712564530 1.9817980022197556e-05 1580
1778712565994 1.9684794672586016e-05 1600
1778712567454 1.955160932297447e-05 1620
1778712568916 1.941842397336293e-05 1640
1778712570371 1.9285238623751386e-05 1660
1778712571828 1.9152053274139846e-05 1680
1778712573283 1.90188679245283e-05 1700
1778712574743 1.888568257491676e-05 1720
1778712576209 1.8752497225305216e-05 1740
1778712579724 1.8619311875693676e-05 1760
1778712581189 1.848612652608213e-05 1780
1778712582646 1.835294117647059e-05 1800
1778712584108 1.8219755826859047e-05 1820
1778712585573 1.8086570477247502e-05 1840
1778712587030 1.795338512763596e-05 1860
1778712588488 1.7820199778024417e-05 1880
1778712589974 1.7687014428412877e-05 1900
1778712591453 1.7553829078801332e-05 1920
1778712592950 1.742064372918979e-05 1940
1778712594436 1.7287458379578247e-05 1960
1778712595907 1.7154273029966707e-05 1980
1778712597377 1.7021087680355162e-05 2000
1778712600907 1.6887902330743618e-05 2020
1778712602378 1.6754716981132074e-05 2040
1778712603844 1.6621531631520533e-05 2060
1778712605303 1.648834628190899e-05 2080
1778712606766 1.6355160932297448e-05 2100
1778712608225 1.6221975582685904e-05 2120
1778712609689 1.608879023307436e-05 2140
1778712611148 1.595560488346282e-05 2160
1778712612600 1.5822419533851275e-05 2180
1778712614055 1.5689234184239734e-05 2200
1778712615515 1.555604883462819e-05 2220
1778712616972 1.542286348501665e-05 2240
1778712620448 1.5289678135405105e-05 2260
1778712621911 1.5156492785793564e-05 2280
1778712623372 1.502330743618202e-05 2300
1778712624829 1.4890122086570477e-05 2320
1778712626284 1.4756936736958935e-05 2340
1778712627744 1.4623751387347392e-05 2360
1778712629202 1.449056603773585e-05 2380
1778712630666 1.4357380688124307e-05 2400
1778712632132 1.4224195338512765e-05 2420
1778712633604 1.4091009988901222e-05 2440
1778712635062 1.395782463928968e-05 2460
1778712636521 1.3824639289678136e-05 2480
1778712637980 1.3691453940066592e-05 2500
1778712641465 1.3558268590455049e-05 2520
1778712642928 1.3425083240843507e-05 2540
1778712644391 1.3291897891231964e-05 2560
1778712645863 1.3158712541620422e-05 2580
1778712647325 1.3025527192008879e-05 2600
1778712648786 1.2892341842397337e-05 2620
1778712650239 1.2759156492785794e-05 2640
1778712651714 1.2625971143174252e-05 2660
1778712653177 1.2492785793562709e-05 2680
1778712654645 1.2359600443951167e-05 2700
1778712656108 1.2226415094339624e-05 2720
1778712657582 1.2093229744728082e-05 2740
1778712661084 1.1960044395116537e-05 2760
1778712662547 1.1826859045504995e-05 2780
1778712664012 1.169367369589345e-05 2800
1778712665487 1.1560488346281908e-05 2820
1778712666951 1.1427302996670366e-05 2840
1778712668415 1.1294117647058823e-05 2860
1778712669881 1.116093229744728e-05 2880
1778712671344 1.1034406215316314e-05 2900
1778712672809 1.0901220865704772e-05 2920
1778712674277 1.076803551609323e-05 2940
1778712675746 1.0634850166481687e-05 2960
1778712677216 1.0501664816870144e-05 2980
1778712678685 1.0368479467258602e-05 3000
1778712682156 1.023529411764706e-05 3020
1778712683674 1.0102108768035517e-05 3040
1778712685363 9.968923418423974e-06 3060
1778712686811 9.835738068812432e-06 3080
1778712688291 9.70255271920089e-06 3100
1778712689759 9.569367369589345e-06 3120
1778712691235 9.436182019977803e-06 3140
1778712692701 9.30299667036626e-06 3160
1778712694177 9.169811320754718e-06 3180
1778712695642 9.036625971143173e-06 3200
1778712697117 8.903440621531631e-06 3220
1778712698602 8.770255271920088e-06 3240
1778712702137 8.637069922308546e-06 3260
1778712703597 8.503884572697003e-06 3280
1778712705057 8.370699223085461e-06 3300
1778712706823 8.237513873473918e-06 3320
1778712708292 8.104328523862376e-06 3340
1778712709763 7.971143174250833e-06 3360
1778712711238 7.83795782463929e-06 3380
1778712712703 7.704772475027747e-06 3400
1778712714171 7.571587125416204e-06 3420
1778712715632 7.438401775804661e-06 3440
1778712717097 7.3052164261931185e-06 3460
1778712718571 7.172031076581576e-06 3480
1778712720043 7.0388457269700335e-06 3500
1778712723522 6.905660377358491e-06 3520
1778712724990 6.7724750277469485e-06 3540
1778712726463 6.639289678135406e-06 3560
1778712727934 6.506104328523862e-06 3580
1778712729404 6.372918978912319e-06 3600
1778712730862 6.239733629300777e-06 3620
1778712732330 6.106548279689234e-06 3640
1778712733806 5.973362930077692e-06 3660
1778712735269 5.840177580466149e-06 3680
1778712736737 5.706992230854606e-06 3700
1778712738208 5.5738068812430635e-06 3720
1778712739679 5.44062153163152e-06 3740
1778712743178 5.307436182019978e-06 3760
1778712744643 5.174250832408435e-06 3780
1778712746104 5.041065482796893e-06 3800
1778712747561 4.90788013318535e-06 3820
1778712749023 4.774694783573807e-06 3840
1778712750494 4.641509433962264e-06 3860
1778712751954 4.508324084350722e-06 3880
1778712753404 4.3751387347391785e-06 3900
1778712754868 4.248612652608213e-06 3920
1778712756328 4.11542730299667e-06 3940
1778712757799 3.982241953385128e-06 3960
1778712759259 3.849056603773585e-06 3980
1778712760721 3.7158712541620425e-06 4000
1778712764248 3.5826859045504995e-06 4020
1778712765715 3.4495005549389566e-06 4040
1778712767158 3.316315205327414e-06 4060
1778712768625 3.1831298557158716e-06 4080
1778712770097 3.0499445061043287e-06 4100
1778712771572 2.916759156492786e-06 4120
1778712773044 2.7835738068812433e-06 4140
1778712774514 2.6503884572697004e-06 4160
1778712775980 2.5172031076581575e-06 4180
1778712777451 2.384017758046615e-06 4200
1778712778919 2.250832408435072e-06 4220
1778712780394 2.1176470588235296e-06 4240
1778712783911 1.9844617092119866e-06 4260
1778712785380 1.851276359600444e-06 4280
1778712786851 1.7180910099889012e-06 4300
1778712788309 1.5849056603773585e-06 4320
1778712789772 1.4517203107658158e-06 4340
1778712791239 1.318534961154273e-06 4360
1778712792719 1.1853496115427304e-06 4380
1778712794197 1.0521642619311875e-06 4400
1778712795661 9.189789123196449e-07 4420
1778712797127 7.857935627081021e-07 4440
1778712798594 6.526082130965594e-07 4460
1778712800064 5.194228634850167e-07 4480
1778712801533 3.8623751387347396e-07 4500
1778712805045 2.530521642619312e-07 4520
1778712806492 1.1986681465038846e-07 4540
