1778712437735 0.6891 20
1778712439210 0.6785 40
1778712440681 0.6679 60
1778712442145 0.6371 80
1778712443603 0.6034 100
1778712445064 0.5644 120
1778712446522 0.57 140
1778712447983 0.4961 160
1778712449443 0.5206 180
1778712450914 0.5297 200
1778712452380 0.5099 220
1778712453868 0.4744 240
1778712457354 0.4614 260
1778712458834 0.4463 280
1778712460299 0.5095 300
1778712461767 0.5177 320
1778712463229 0.4916 340
1778712464693 0.4731 360
1778712466164 0.5025 380
1778712467627 0.496 400
1778712469090 0.4721 420
1778712470563 0.4793 440
1778712472039 0.4668 460
1778712473506 0.4624 480
1778712474971 0.4526 500
1778712478466 0.4403 520
1778712479934 0.4401 540
1778712481403 0.4646 560
1778712482880 0.4472 580
1778712484352 0.4492 600
1778712485821 0.4573 620
1778712487285 0.4667 640
1778712488746 0.4738 660
1778712490210 0.4558 680
1778712491679 0.4349 700
1778712493148 0.4612 720
1778712494617 0.4259 740
1778712498113 0.4581 760
1778712499587 0.4659 780
1778712501048 0.4527 800
1778712502628 0.46 820
1778712504258 0.4828 840
1778712505718 0.465 860
1778712507182 0.4622 880
1778712508639 0.4625 900
1778712510105 0.4594 920
1778712511564 0.4388 940
1778712513023 0.4538 960
1778712514486 0.4305 980
1778712515958 0.4172 1000
1778712519438 0.4294 1020
1778712520897 0.4223 1040
1778712522355 0.447 1060
1778712523811 0.4559 1080
1778712525275 0.4807 1100
1778712526736 0.4309 1120
1778712528193 0.4114 1140
1778712529659 0.4452 1160
1778712531125 0.4267 1180
1778712532588 0.4183 1200
1778712534064 0.469 1220
1778712535529 0.4086 1240
1778712539021 0.4483 1260
1778712540488 0.4716 1280
1778712541957 0.4028 1300
1778712543443 0.4322 1320
1778712544911 0.4394 1340
1778712546387 0.3958 1360
1778712547849 0.4561 1380
1778712549318 0.4191 1400
1778712550776 0.3951 1420
1778712552277 0.381 1440
1778712553761 0.3943 1460
1778712555220 0.4571 1480
1778712556682 0.466 1500
1778712560154 0.423 1520
1778712561610 0.4651 1540
1778712563073 0.4238 1560
1778712564530 0.4025 1580
1778712565994 0.403 1600
1778712567454 0.4246 1620
1778712568916 0.4311 1640
1778712570371 0.3945 1660
1778712571828 0.3964 1680
1778712573283 0.4011 1700
1778712574743 0.4423 1720
1778712576209 0.3914 1740
1778712579724 0.4007 1760
1778712581189 0.4334 1780
1778712582646 0.4328 1800
1778712584108 0.4241 1820
1778712585573 0.386 1840
1778712587030 0.4031 1860
1778712588488 0.3905 1880
1778712589974 0.412 1900
1778712591453 0.4033 1920
1778712592950 0.3916 1940
1778712594436 0.4055 1960
1778712595907 0.3823 1980
1778712597377 0.4149 2000
1778712600907 0.4311 2020
1778712602378 0.4188 2040
1778712603844 0.4185 2060
1778712605303 0.4032 2080
1778712606766 0.3961 2100
1778712608225 0.3832 2120
1778712609689 0.4463 2140
1778712611148 0.4265 2160
1778712612600 0.3979 2180
1778712614055 0.3859 2200
1778712615515 0.3921 2220
1778712616972 0.3942 2240
1778712620448 0.3692 2260
1778712621911 0.4619 2280
1778712623372 0.3708 2300
1778712624829 0.439 2320
1778712626284 0.4189 2340
1778712627744 0.3607 2360
1778712629202 0.4021 2380
1778712630666 0.4088 2400
1778712632132 0.395 2420
1778712633604 0.3992 2440
1778712635062 0.3809 2460
1778712636521 0.442 2480
1778712637980 0.4093 2500
1778712641465 0.3941 2520
1778712642928 0.4019 2540
1778712644391 0.3584 2560
1778712645863 0.3958 2580
1778712647325 0.4037 2600
1778712648786 0.3908 2620
1778712650239 0.3848 2640
1778712651714 0.3903 2660
1778712653177 0.3847 2680
1778712654645 0.4215 2700
1778712656108 0.3856 2720
1778712657582 0.3864 2740
1778712661084 0.3675 2760
1778712662547 0.3702 2780
1778712664012 0.3896 2800
1778712665487 0.3583 2820
1778712666951 0.3591 2840
1778712668415 0.3809 2860
1778712669881 0.383 2880
1778712671344 0.4317 2900
1778712672809 0.3549 2920
1778712674277 0.3913 2940
1778712675746 0.3585 2960
1778712677216 0.3958 2980
1778712678685 0.3883 3000
1778712682156 0.3713 3020
1778712683674 0.3707 3040
1778712685363 0.3985 3060
1778712686811 0.3914 3080
1778712688291 0.3629 3100
1778712689759 0.3859 3120
1778712691235 0.3977 3140
1778712692701 0.3729 3160
1778712694177 0.351 3180
1778712695642 0.4006 3200
1778712697117 0.3695 3220
1778712698602 0.3566 3240
1778712702137 0.3985 3260
1778712703597 0.3768 3280
1778712705057 0.3815 3300
1778712706823 0.3617 3320
1778712708292 0.3943 3340
1778712709763 0.3677 3360
1778712711238 0.345 3380
1778712712703 0.3978 3400
1778712714171 0.372 3420
1778712715632 0.3617 3440
1778712717097 0.3776 3460
1778712718571 0.3728 3480
1778712720043 0.3699 3500
1778712723522 0.3454 3520
1778712724990 0.3422 3540
1778712726463 0.3742 3560
1778712727934 0.3459 3580
1778712729404 0.3866 3600
1778712730862 0.3661 3620
1778712732330 0.3575 3640
1778712733806 0.3176 3660
1778712735269 0.3805 3680
1778712736737 0.3621 3700
1778712738208 0.336 3720
1778712739679 0.3838 3740
1778712743178 0.3223 3760
1778712744643 0.3 3780
1778712746104 0.3111 3800
1778712747561 0.3656 3820
1778712749023 0.3126 3840
1778712750494 0.3606 3860
1778712751954 0.3725 3880
1778712753404 0.3829 3900
1778712754868 0.3445 3920
1778712756328 0.4034 3940
1778712757799 0.3481 3960
1778712759259 0.3309 3980
1778712760721 0.3814 4000
1778712764248 0.3165 4020
1778712765715 0.3528 4040
1778712767158 0.3344 4060
1778712768625 0.367 4080
1778712770097 0.3424 4100
1778712771572 0.3645 4120
1778712773044 0.3459 4140
1778712774514 0.3757 4160
1778712775980 0.3335 4180
1778712777451 0.3462 4200
1778712778919 0.3555 4220
1778712780394 0.3276 4240
1778712783911 0.3659 4260
1778712785380 0.3594 4280
1778712786851 0.372 4300
1778712788309 0.3306 4320
1778712789772 0.3391 4340
1778712791239 0.3425 4360
1778712792719 0.3704 4380
1778712794197 0.3402 4400
1778712795661 0.3628 4420
1778712797127 0.3211 4440
1778712798594 0.3482 4460
1778712800064 0.369 4480
1778712801533 0.3419 4500
1778712805045 0.3385 4520
1778712806492 0.4213 4540
