1779324083569 0.1092896174863388 20
1779324084280 0.2185792349726776 40
1779324084890 0.32786885245901637 60
1779324085489 0.4371584699453552 80
1779324086092 0.546448087431694 100
1779324086690 0.6557377049180327 120
1779324087306 0.7650273224043715 140
1779324087877 0.8743169398907104 160
1779324088431 0.9836065573770492 180
1779324089051 1.092896174863388 200
1779324089664 1.2021857923497268 220
1779324090268 1.3114754098360657 240
1779324091151 1.366120218579235 250
1779324093521 1.4207650273224044 260
1779324093945 1.530054644808743 280
1779324094364 1.639344262295082 300
1779324094804 1.748633879781421 320
1779324095249 1.8579234972677594 340
1779324095700 1.9672131147540983 360
1779324096133 2.0765027322404372 380
1779324096557 2.185792349726776 400
1779324096999 2.2950819672131146 420
1779324097487 2.4043715846994536 440
1779324098026 2.5136612021857925 460
1779324098618 2.6229508196721314 480
1779324099206 2.73224043715847 500
1779324099693 2.73224043715847 500
1779324102855 2.841530054644809 520
1779324103456 2.9508196721311473 540
1779324104036 3.060109289617486 560
1779324104656 3.169398907103825 580
1779324105286 3.278688524590164 600
1779324105918 3.387978142076503 620
1779324106511 3.4972677595628414 640
1779324107114 3.6065573770491803 660
1779324107798 3.7158469945355193 680
1779324108425 3.8251366120218577 700
1779324109012 3.9344262295081966 720
1779324109672 4.043715846994536 740
1779324110490 4.098360655737705 750
1779324113509 4.1530054644808745 760
1779324114190 4.262295081967213 780
1779324114807 4.371584699453552 800
1779324115454 4.48087431693989 820
1779324116044 4.590163934426229 840
1779324116611 4.699453551912568 860
1779324117190 4.808743169398907 880
1779324117773 4.918032786885246 900
1779324118355 5.027322404371585 920
1779324119001 5.136612021857924 940
1779324119632 5.245901639344262 960
1779324120220 5.355191256830601 980
1779324120817 5.46448087431694 1000
1779324121321 5.46448087431694 1000
1779324124478 5.573770491803279 1020
1779324125091 5.683060109289618 1040
1779324125767 5.7923497267759565 1060
1779324126415 5.901639344262295 1080
1779324126975 6.0109289617486334 1100
1779324127558 6.120218579234972 1120
1779324128205 6.229508196721311 1140
1779324128840 6.33879781420765 1160
1779324129465 6.448087431693989 1180
1779324130074 6.557377049180328 1200
1779324130667 6.666666666666667 1220
1779324131259 6.775956284153006 1240
1779324132040 6.830601092896175 1250
1779324135216 6.885245901639344 1260
1779324135745 6.994535519125683 1280
1779324136258 7.103825136612022 1300
1779324136784 7.213114754098361 1320
1779324137358 7.3224043715847 1340
1779324137865 7.4316939890710385 1360
1779324138452 7.540983606557377 1380
1779324138996 7.6502732240437155 1400
1779324139739 7.759562841530054 1420
1779324140313 7.868852459016393 1440
1779324140804 7.978142076502732 1460
1779324141309 8.087431693989071 1480
1779324141815 8.19672131147541 1500
1779324142259 8.19672131147541 1500
1779324145504 8.306010928961749 1520
1779324146102 8.415300546448087 1540
1779324146759 8.524590163934427 1560
1779324147310 8.633879781420765 1580
1779324147833 8.743169398907105 1600
1779324148359 8.852459016393443 1620
1779324148880 8.96174863387978 1640
1779324149444 9.07103825136612 1660
1779324150027 9.180327868852459 1680
1779324150581 9.289617486338798 1700
1779324151064 9.398907103825136 1720
1779324151538 9.508196721311476 1740
1779324152187 9.562841530054644 1750
1779324155277 9.617486338797814 1760
1779324155893 9.726775956284152 1780
1779324156455 9.836065573770492 1800
1779324157108 9.94535519125683 1820
1779324161774 10.0 1830
1779324162716 10.0 1830
1779324163365 10.0 1830
1779324167001 10.0 0
