1779324083569 1.1270887851715088 20
1779324084280 1.374577283859253 40
1779324084890 1.808703899383545 60
1779324085489 1.1142581701278687 80
1779324086092 0.9184666275978088 100
1779324086690 1.8382326364517212 120
1779324087306 1.0998255014419556 140
1779324087877 0.9786081910133362 160
1779324088431 0.9392275214195251 180
1779324089051 0.9031304121017456 200
1779324089664 1.255812644958496 220
1779324090268 1.1403207778930664 240
1779324093521 1.5456622838974 260
1779324093945 1.766737461090088 280
1779324094364 0.8781409859657288 300
1779324094804 1.1542209386825562 320
1779324095249 0.9517530202865601 340
1779324095700 1.1937835216522217 360
1779324096133 1.571397304534912 380
1779324096557 0.8709774017333984 400
1779324096999 0.8156988024711609 420
1779324097487 0.7718082666397095 440
1779324098026 1.3735045194625854 460
1779324098618 1.8857314586639404 480
1779324099206 1.5050932168960571 500
1779324102855 1.8350112438201904 520
1779324103456 0.9265700578689575 540
1779324104036 1.1920759677886963 560
1779324104656 0.9452931880950928 580
1779324105286 0.7569561004638672 600
1779324105918 1.5416779518127441 620
1779324106511 0.9767427444458008 640
1779324107114 1.1042741537094116 660
1779324107798 1.9383491277694702 680
1779324108425 1.6180906295776367 700
1779324109012 1.4859020709991455 720
1779324109672 0.8669900894165039 740
1779324113509 1.327303409576416 760
1779324114190 2.0864946842193604 780
1779324114807 2.303290843963623 800
1779324115454 1.161155104637146 820
1779324116044 0.9457027316093445 840
1779324116611 2.662346601486206 860
1779324117190 1.4729087352752686 880
1779324117773 0.8193910121917725 900
1779324118355 1.1970041990280151 920
1779324119001 0.7736754417419434 940
1779324119632 1.01612389087677 960
1779324120220 1.3862919807434082 980
1779324120817 1.1303571462631226 1000
1779324124478 0.8767074346542358 1020
1779324125091 1.9836751222610474 1040
1779324125767 1.510115146636963 1060
1779324126415 1.5459247827529907 1080
1779324126975 1.0164501667022705 1100
1779324127558 1.3474799394607544 1120
1779324128205 0.985491931438446 1140
1779324128840 0.9083918333053589 1160
1779324129465 1.8687427043914795 1180
1779324130074 1.1554170846939087 1200
1779324130667 1.080783486366272 1220
1779324131259 1.594119668006897 1240
1779324135216 1.644019603729248 1260
1779324135745 1.665877342224121 1280
1779324136258 1.184301495552063 1300
1779324136784 1.4301620721817017 1320
1779324137358 1.8177907466888428 1340
1779324137865 1.0825411081314087 1360
1779324138452 0.7841359972953796 1380
1779324138996 1.2403134107589722 1400
1779324139739 1.2433948516845703 1420
1779324140313 1.2329682111740112 1440
1779324140804 1.0581941604614258 1460
1779324141309 1.0406246185302734 1480
1779324141815 0.7713490128517151 1500
1779324145504 1.064448595046997 1520
1779324146102 1.3517400026321411 1540
1779324146759 0.9500694274902344 1560
1779324147310 1.540228247642517 1580
1779324147833 0.9640918374061584 1600
1779324148359 1.5770448446273804 1620
1779324148880 1.8068021535873413 1640
1779324149444 1.5646014213562012 1660
1779324150027 1.1026362180709839 1680
1779324150581 1.7080098390579224 1700
1779324151064 0.9298807978630066 1720
1779324151538 1.449845552444458 1740
1779324155277 1.4280802011489868 1760
1779324155893 0.769274115562439 1780
1779324156455 0.7427640557289124 1800
1779324157108 2.8673319816589355 1820
