1779324083569 0.696 20
1779324084280 0.6942 40
1779324084890 0.6878 60
1779324085489 0.6895 80
1779324086092 0.6817 100
1779324086690 0.6809 120
1779324087306 0.6715 140
1779324087877 0.6674 160
1779324088431 0.6665 180
1779324089051 0.6578 200
1779324089664 0.6538 220
1779324090268 0.6473 240
1779324093521 0.6655 260
1779324093945 0.6575 280
1779324094364 0.6542 300
1779324094804 0.6433 320
1779324095249 0.6431 340
1779324095700 0.6329 360
1779324096133 0.6413 380
1779324096557 0.6512 400
1779324096999 0.6242 420
1779324097487 0.628 440
1779324098026 0.6415 460
1779324098618 0.6362 480
1779324099206 0.6374 500
1779324102855 0.6374 520
1779324103456 0.6381 540
1779324104036 0.6342 560
1779324104656 0.6337 580
1779324105286 0.6338 600
1779324105918 0.6169 620
1779324106511 0.6214 640
1779324107114 0.6201 660
1779324107798 0.6248 680
1779324108425 0.6241 700
1779324109012 0.6314 720
1779324109672 0.6343 740
1779324113509 0.6351 760
1779324114190 0.6112 780
1779324114807 0.6195 800
1779324115454 0.6216 820
1779324116044 0.6328 840
1779324116611 0.6249 860
1779324117190 0.6099 880
1779324117773 0.62 900
1779324118355 0.6115 920
1779324119001 0.6173 940
1779324119632 0.6089 960
1779324120220 0.6254 980
1779324120817 0.6308 1000
1779324124478 0.6097 1020
1779324125091 0.6149 1040
1779324125767 0.6177 1060
1779324126415 0.6113 1080
1779324126975 0.6056 1100
1779324127558 0.6055 1120
1779324128205 0.6125 1140
1779324128840 0.6284 1160
1779324129465 0.6242 1180
1779324130074 0.6058 1200
1779324130667 0.6197 1220
1779324131259 0.6135 1240
1779324135216 0.6014 1260
1779324135745 0.6034 1280
1779324136258 0.5964 1300
1779324136784 0.6121 1320
1779324137358 0.6183 1340
1779324137865 0.5938 1360
1779324138452 0.6424 1380
1779324138996 0.6155 1400
1779324139739 0.6133 1420
1779324140313 0.6005 1440
1779324140804 0.6026 1460
1779324141309 0.6094 1480
1779324141815 0.6116 1500
1779324145504 0.6048 1520
1779324146102 0.59 1540
1779324146759 0.6105 1560
1779324147310 0.6066 1580
1779324147833 0.5986 1600
1779324148359 0.6244 1620
1779324148880 0.6104 1640
1779324149444 0.6137 1660
1779324150027 0.6077 1680
1779324150581 0.6003 1700
1779324151064 0.6099 1720
1779324151538 0.5996 1740
1779324155277 0.6233 1760
1779324155893 0.6118 1780
1779324156455 0.6103 1800
1779324157108 0.594 1820
