1778758999652 1.0172940492630005 20
1778758999949 0.931348443031311 40
1778759000245 1.2425086498260498 60
1778759000541 0.9994102120399475 80
1778759000839 0.8812352418899536 100
1778759001136 1.3016544580459595 120
1778759001432 0.9452233910560608 140
1778759001727 1.6226638555526733 160
1778759002025 1.6160557270050049 180
1778759002321 0.9755849242210388 200
1778759002618 0.8457749485969543 220
1778759002913 0.7680831551551819 240
1778759006490 0.9631982445716858 260
1778759006784 2.4060237407684326 280
1778759007081 0.8289412260055542 300
1778759007376 1.037131667137146 320
1778759007671 1.0432173013687134 340
1778759007966 1.2732336521148682 360
1778759008263 0.8000560402870178 380
1778759008560 1.3780291080474854 400
1778759008856 1.0241000652313232 420
1778759009152 0.753491997718811 440
1778759009448 1.1932542324066162 460
1778759009744 0.9057134389877319 480
1778759010040 1.824029803276062 500
1778759013878 1.0774996280670166 520
1778759014175 0.7523037195205688 540
1778759014471 1.5471712350845337 560
1778759014767 1.3906539678573608 580
1778759015063 1.1731590032577515 600
1778759015358 1.1698611974716187 620
1778759015653 0.7684615254402161 640
1778759015948 0.8610241413116455 660
1778759016245 1.0925700664520264 680
1778759016540 1.0562200546264648 700
1778759016835 1.1325312852859497 720
1778759017130 0.964667797088623 740
1778759020991 0.8983471989631653 760
1778759021290 0.9211883544921875 780
1778759021585 1.0136679410934448 800
1778759021880 0.7349580526351929 820
1778759022174 0.8966518640518188 840
1778759022469 0.8372256755828857 860
1778759022764 0.9046148061752319 880
1778759023060 1.1598196029663086 900
1778759023355 0.7327161431312561 920
1778759023651 1.0992244482040405 940
1778759023953 1.2332459688186646 960
1778759024249 1.7640810012817383 980
1778759024544 1.257360577583313 1000
1778759028132 0.7676757574081421 1020
1778759028427 1.64625084400177 1040
1778759028722 1.131350040435791 1060
1778759029019 1.826483964920044 1080
1778759029313 1.4621706008911133 1100
1778759029608 0.9491816163063049 1120
1778759029904 0.8390515446662903 1140
1778759030199 0.8403977751731873 1160
1778759030492 0.7491101026535034 1180
1778759030786 0.8650306463241577 1200
1778759031079 0.7782633900642395 1220
1778759031372 0.8161628842353821 1240
1778759035201 1.4226133823394775 1260
1778759035495 1.360353946685791 1280
1778759035787 0.7901337742805481 1300
1778759036080 0.8311611413955688 1320
1778759036376 0.8456331491470337 1340
1778759036669 0.7661246657371521 1360
1778759036961 0.8992347121238708 1380
1778759037254 0.7996918559074402 1400
1778759037546 1.1003642082214355 1420
1778759037839 0.8302872776985168 1440
1778759038133 0.7575531601905823 1460
1778759038428 2.266552448272705 1480
1778759038721 0.9817372560501099 1500
1778759042830 0.7892652153968811 1520
1778759043125 0.8637399077415466 1540
1778759043420 0.7648062705993652 1560
1778759043716 2.189807415008545 1580
1778759044010 0.8145943880081177 1600
1778759044304 0.7487542629241943 1620
1778759044599 2.6187713146209717 1640
1778759044894 1.5314903259277344 1660
1778759045189 0.9319776892662048 1680
1778759045483 1.6224164962768555 1700
1778759045778 0.6991857290267944 1720
1778759046073 0.804158091545105 1740
1778759049925 0.7035484910011292 1760
1778759050219 0.784835159778595 1780
1778759050513 1.125526785850525 1800
1778759050808 1.9176671504974365 1820
1778759051105 1.6288210153579712 1840
1778759051401 1.165615439414978 1860
1778759051698 1.3938846588134766 1880
1778759051994 0.8800484538078308 1900
1778759052289 1.5471516847610474 1920
1778759052586 1.1506669521331787 1940
1778759052883 0.7297884821891785 1960
1778759053180 0.8409090042114258 1980
1778759053474 1.1911760568618774 2000
1778759057064 0.815300703048706 2020
1778759057361 2.0698304176330566 2040
1778759057656 1.0067294836044312 2060
1778759057952 2.059687852859497 2080
1778759058249 1.0322833061218262 2100
1778759058545 1.0649503469467163 2120
1778759058840 1.5414912700653076 2140
1778759059136 0.9110604524612427 2160
1778759059433 1.0740137100219727 2180
1778759059729 1.15185546875 2200
1778759060024 0.7962153553962708 2220
1778759060320 1.121316909790039 2240
1778759064409 1.1857305765151978 2260
1778759064705 1.6166253089904785 2280
1778759065002 0.7809334397315979 2300
1778759065298 0.7083951234817505 2320
1778759065593 0.878431499004364 2340
1778759065889 1.243194580078125 2360
1778759066184 1.1381045579910278 2380
1778759066479 0.9848745465278625 2400
1778759066775 1.1060230731964111 2420
1778759067071 1.144591212272644 2440
1778759067366 0.720629870891571 2460
1778759067660 1.899742603302002 2480
1778759067952 1.01622474193573 2500
1778759071790 0.8200764060020447 2520
1778759072085 0.9325711131095886 2540
1778759072381 1.5774849653244019 2560
1778759072676 1.2514162063598633 2580
1778759072972 1.0917075872421265 2600
1778759073267 0.764711320400238 2620
1778759073562 1.0163850784301758 2640
1778759073858 0.9245524406433105 2660
1778759074157 0.7982420921325684 2680
1778759074451 0.7904234528541565 2700
1778759074744 1.0463588237762451 2720
1778759075038 1.5804381370544434 2740
1778759078632 0.8031724691390991 2760
1778759078928 0.6707795262336731 2780
1778759079223 1.0419807434082031 2800
1778759079518 0.9797925353050232 2820
1778759079813 1.264348030090332 2840
1778759080108 1.1698663234710693 2860
1778759080403 0.8365122079849243 2880
1778759080697 0.8563953042030334 2900
1778759080990 1.818701982498169 2920
1778759081282 1.759979248046875 2940
1778759081574 0.9591614603996277 2960
1778759081867 1.2712390422821045 2980
1778759082160 0.6754502654075623 3000
1778759085969 1.0440561771392822 3020
1778759086264 1.2469773292541504 3040
1778759086557 1.025347352027893 3060
1778759086850 0.780885636806488 3080
1778759087142 1.6569926738739014 3100
1778759087436 1.6874130964279175 3120
1778759087731 1.0381704568862915 3140
1778759088025 2.367737054824829 3160
1778759088320 0.703646719455719 3180
1778759088615 0.8101092576980591 3200
1778759088911 0.7790728807449341 3220
1778759089206 0.7349393367767334 3240
1778759093008 0.9398683309555054 3260
1778759093305 0.7645024657249451 3280
1778759093601 0.7080913782119751 3300
1778759093897 2.655550241470337 3320
1778759094192 1.2359730005264282 3340
1778759094487 0.9772872924804688 3360
1778759094782 0.8576803803443909 3380
1778759095077 2.541254758834839 3400
1778759095372 0.9398699998855591 3420
1778759095668 0.743629515171051 3440
1778759095963 1.0799527168273926 3460
1778759096259 1.086357593536377 3480
1778759096554 0.7636072635650635 3500
1778759100596 1.7161712646484375 3520
1778759100897 1.035142183303833 3540
1778759101192 0.9130839705467224 3560
1778759101488 0.8024526238441467 3580
1778759101783 1.4769421815872192 3600
1778759102078 0.8200486302375793 3620
1778759102373 1.41287100315094 3640
1778759102668 1.4653472900390625 3660
1778759102964 1.2506197690963745 3680
1778759103261 1.2227089405059814 3700
1778759103558 0.9177617430686951 3720
1778759103852 0.9398598074913025 3740
1778759107389 1.0153911113739014 3760
1778759107683 1.2437866926193237 3780
1778759107976 0.950007438659668 3800
1778759108269 1.0478568077087402 3820
1778759108562 1.7542002201080322 3840
1778759108856 1.3683639764785767 3860
1778759109152 1.0873440504074097 3880
1778759109448 1.1667964458465576 3900
1778759109744 1.279276967048645 3920
1778759110039 0.9374361634254456 3940
1778759110335 1.2459897994995117 3960
1778759110631 1.3321224451065063 3980
1778759110929 1.3988330364227295 4000
1778759114745 0.9017583727836609 4020
1778759115043 1.0259819030761719 4040
1778759115338 1.6442830562591553 4060
1778759115633 0.857138991355896 4080
1778759115929 0.7216030359268188 4100
1778759116224 1.290330171585083 4120
1778759116520 1.1130050420761108 4140
1778759116815 1.3602688312530518 4160
1778759117107 0.9388754367828369 4180
1778759117400 0.8182911276817322 4200
1778759117693 0.87415611743927 4220
1778759117986 0.6524561047554016 4240
1778759121787 0.9541659951210022 4260
1778759122083 1.1213529109954834 4280
1778759122379 1.450382113456726 4300
1778759122676 0.8345337510108948 4320
1778759122971 1.0284154415130615 4340
1778759123265 1.3494406938552856 4360
1778759123564 0.9285663366317749 4380
1778759123859 0.9498972296714783 4400
1778759124154 1.2842092514038086 4420
1778759124451 1.2372028827667236 4440
1778759124746 1.2838038206100464 4460
1778759125041 0.6085242629051208 4480
1778759125336 1.8541556596755981 4500
1778759129132 1.2467753887176514 4520
1778759129426 1.2688204050064087 4540
1778759129720 1.0124787092208862 4560
1778759130016 1.382031798362732 4580
1778759130310 1.1564730405807495 4600
1778759130605 0.8064357042312622 4620
1778759130900 1.6904410123825073 4640
1778759131193 1.0674192905426025 4660
1778759131487 1.7674309015274048 4680
1778759131782 1.1777702569961548 4700
1778759132076 1.1115705966949463 4720
1778759132371 1.1571017503738403 4740
1778759136169 0.9816656112670898 4760
1778759136468 0.8006317019462585 4780
1778759136766 1.1235936880111694 4800
1778759137058 1.3415778875350952 4820
1778759137350 0.8434918522834778 4840
1778759137642 1.039662480354309 4860
1778759137935 0.7012971043586731 4880
1778759138227 1.4822276830673218 4900
1778759138519 1.5494956970214844 4920
1778759138811 0.9696365594863892 4940
1778759139103 0.8914446830749512 4960
1778759139395 1.4324973821640015 4980
1778759139688 0.7629860043525696 5000
1778759143524 0.8017541170120239 5020
1778759143817 1.5048439502716064 5040
1778759144110 0.7773627638816833 5060
1778759144403 0.9506945610046387 5080
1778759144695 2.026275634765625 5100
1778759144988 0.8176460266113281 5120
1778759145280 1.8099048137664795 5140
1778759145572 2.4320878982543945 5160
1778759145864 0.9545803666114807 5180
1778759146157 1.070669412612915 5200
1778759146450 0.8339575529098511 5220
1778759146742 1.4882235527038574 5240
1778759150528 0.8433811068534851 5260
1778759150820 1.1899235248565674 5280
1778759151112 0.7919920682907104 5300
1778759151404 0.7872377038002014 5320
1778759151699 0.724045991897583 5340
1778759151992 1.342983365058899 5360
1778759152284 0.7791276574134827 5380
1778759152577 0.745337724685669 5400
1778759152869 1.0177593231201172 5420
1778759153162 1.1761128902435303 5440
1778759153455 1.2657275199890137 5460
1778759153748 1.326006293296814 5480
1778759154040 0.9903177618980408 5500
1778759157845 1.5286370515823364 5520
1778759158139 0.8087557554244995 5540
1778759158434 1.521303653717041 5560
1778759158728 2.3034210205078125 5580
1778759159022 1.0598853826522827 5600
1778759159317 0.7609856128692627 5620
1778759159611 1.2156239748001099 5640
1778759159905 1.3054958581924438 5660
1778759160200 1.0032190084457397 5680
1778759160494 1.2142258882522583 5700
1778759160791 0.8957797288894653 5720
1778759161086 0.7020967602729797 5740
1778759164885 1.0973459482192993 5760
1778759165184 1.1732053756713867 5780
1778759165478 0.9793692231178284 5800
1778759165774 0.7172649502754211 5820
1778759166070 2.259345769882202 5840
1778759166370 1.266535758972168 5860
1778759166665 1.588863730430603 5880
1778759166960 1.2293537855148315 5900
1778759167256 0.7825775146484375 5920
1778759167553 1.3908367156982422 5940
1778759167851 0.8284590840339661 5960
1778759168145 1.2783420085906982 5980
1778759168441 0.6770613193511963 6000
1778759172233 0.7931127548217773 6020
1778759172527 1.0990530252456665 6040
1778759172821 0.9218834042549133 6060
1778759173116 1.0512776374816895 6080
1778759173410 1.1017045974731445 6100
1778759173705 0.9848734140396118 6120
1778759173999 0.7253757119178772 6140
1778759174293 0.9540558457374573 6160
1778759174588 0.9793758988380432 6180
1778759174883 0.7333303093910217 6200
1778759175179 0.8725858330726624 6220
1778759175473 1.2798057794570923 6240
1778759179267 1.9091386795043945 6260
1778759179561 0.8475349545478821 6280
1778759179856 1.2980341911315918 6300
1778759180151 1.4025799036026 6320
1778759180446 1.3181214332580566 6340
1778759180738 1.3595176935195923 6360
1778759181032 0.9380065202713013 6380
1778759181326 1.113223671913147 6400
1778759181623 0.9044697880744934 6420
1778759181915 1.2303097248077393 6440
1778759182207 1.2091586589813232 6460
1778759182499 1.070168137550354 6480
1778759182791 0.8271192908287048 6500
1778759186592 1.1012173891067505 6520
1778759186888 0.8840231895446777 6540
1778759187184 1.02045476436615 6560
1778759187478 1.3113733530044556 6580
1778759187773 1.2872892618179321 6600
1778759188067 1.1832115650177002 6620
1778759188360 1.379163384437561 6640
1778759188653 1.3789461851119995 6660
