1778758999652 0.6985 20
1778758999949 0.6753 40
1778759000245 0.6487 60
1778759000541 0.6272 80
1778759000839 0.5939 100
1778759001136 0.6132 120
1778759001432 0.5919 140
1778759001727 0.5616 160
1778759002025 0.5898 180
1778759002321 0.555 200
1778759002618 0.5543 220
1778759002913 0.5323 240
1778759006490 0.5331 260
1778759006784 0.5504 280
1778759007081 0.5058 300
1778759007376 0.515 320
1778759007671 0.5544 340
1778759007966 0.5265 360
1778759008263 0.5612 380
1778759008560 0.535 400
1778759008856 0.5349 420
1778759009152 0.5115 440
1778759009448 0.5211 460
1778759009744 0.5392 480
1778759010040 0.5406 500
1778759013878 0.5125 520
1778759014175 0.5644 540
1778759014471 0.4973 560
1778759014767 0.5145 580
1778759015063 0.5518 600
1778759015358 0.5246 620
1778759015653 0.5062 640
1778759015948 0.5558 660
1778759016245 0.5103 680
1778759016540 0.5065 700
1778759016835 0.5549 720
1778759017130 0.5219 740
1778759020991 0.506 760
1778759021290 0.5377 780
1778759021585 0.4969 800
1778759021880 0.5268 820
1778759022174 0.5005 840
1778759022469 0.4918 860
1778759022764 0.5117 880
1778759023060 0.4807 900
1778759023355 0.5185 920
1778759023651 0.5104 940
1778759023953 0.5031 960
1778759024249 0.5191 980
1778759024544 0.4944 1000
1778759028132 0.4948 1020
1778759028427 0.4921 1040
1778759028722 0.5257 1060
1778759029019 0.5178 1080
1778759029313 0.4773 1100
1778759029608 0.5178 1120
1778759029904 0.5098 1140
1778759030199 0.5437 1160
1778759030492 0.5181 1180
1778759030786 0.5069 1200
1778759031079 0.4986 1220
1778759031372 0.4867 1240
1778759035201 0.4965 1260
1778759035495 0.5251 1280
1778759035787 0.5097 1300
1778759036080 0.4897 1320
1778759036376 0.4914 1340
1778759036669 0.4833 1360
1778759036961 0.5324 1380
1778759037254 0.4909 1400
1778759037546 0.4608 1420
1778759037839 0.4655 1440
1778759038133 0.553 1460
1778759038428 0.5286 1480
1778759038721 0.498 1500
1778759042830 0.4856 1520
1778759043125 0.4921 1540
1778759043420 0.4862 1560
1778759043716 0.4781 1580
1778759044010 0.5043 1600
1778759044304 0.498 1620
1778759044599 0.4758 1640
1778759044894 0.4877 1660
1778759045189 0.5076 1680
1778759045483 0.5023 1700
1778759045778 0.4765 1720
1778759046073 0.5147 1740
1778759049925 0.4832 1760
1778759050219 0.4606 1780
1778759050513 0.504 1800
1778759050808 0.5149 1820
1778759051105 0.4838 1840
1778759051401 0.5156 1860
1778759051698 0.481 1880
1778759051994 0.4777 1900
1778759052289 0.5244 1920
1778759052586 0.4797 1940
1778759052883 0.4715 1960
1778759053180 0.5076 1980
1778759053474 0.4816 2000
1778759057064 0.4645 2020
1778759057361 0.4925 2040
1778759057656 0.5087 2060
1778759057952 0.4464 2080
1778759058249 0.5072 2100
1778759058545 0.5001 2120
1778759058840 0.4969 2140
1778759059136 0.5046 2160
1778759059433 0.5093 2180
1778759059729 0.5246 2200
1778759060024 0.5168 2220
1778759060320 0.4923 2240
1778759064409 0.5147 2260
1778759064705 0.4663 2280
1778759065002 0.5041 2300
1778759065298 0.5107 2320
1778759065593 0.4942 2340
1778759065889 0.5105 2360
1778759066184 0.5098 2380
1778759066479 0.4641 2400
1778759066775 0.4812 2420
1778759067071 0.4882 2440
1778759067366 0.4881 2460
1778759067660 0.495 2480
1778759067952 0.4721 2500
1778759071790 0.4801 2520
1778759072085 0.4694 2540
1778759072381 0.4609 2560
1778759072676 0.4781 2580
1778759072972 0.5103 2600
1778759073267 0.5095 2620
1778759073562 0.4997 2640
1778759073858 0.4929 2660
1778759074157 0.4712 2680
1778759074451 0.4701 2700
1778759074744 0.5076 2720
1778759075038 0.4885 2740
1778759078632 0.4448 2760
1778759078928 0.4747 2780
1778759079223 0.5152 2800
1778759079518 0.4632 2820
1778759079813 0.5359 2840
1778759080108 0.5113 2860
1778759080403 0.4815 2880
1778759080697 0.4698 2900
1778759080990 0.4718 2920
1778759081282 0.4749 2940
1778759081574 0.4706 2960
1778759081867 0.4962 2980
1778759082160 0.4601 3000
1778759085969 0.4904 3020
1778759086264 0.4846 3040
1778759086557 0.48 3060
1778759086850 0.5128 3080
1778759087142 0.4801 3100
1778759087436 0.4772 3120
1778759087731 0.5267 3140
1778759088025 0.4611 3160
1778759088320 0.4655 3180
1778759088615 0.467 3200
1778759088911 0.5048 3220
1778759089206 0.4877 3240
1778759093008 0.4625 3260
1778759093305 0.4908 3280
1778759093601 0.4762 3300
1778759093897 0.4952 3320
1778759094192 0.4879 3340
1778759094487 0.5103 3360
1778759094782 0.4889 3380
1778759095077 0.4902 3400
1778759095372 0.4878 3420
1778759095668 0.4909 3440
1778759095963 0.4703 3460
1778759096259 0.4853 3480
1778759096554 0.4906 3500
1778759100596 0.4963 3520
1778759100897 0.483 3540
1778759101192 0.481 3560
1778759101488 0.4794 3580
1778759101783 0.4576 3600
1778759102078 0.428 3620
1778759102373 0.4514 3640
1778759102668 0.4585 3660
1778759102964 0.5078 3680
1778759103261 0.5005 3700
1778759103558 0.4949 3720
1778759103852 0.4827 3740
1778759107389 0.5076 3760
1778759107683 0.4785 3780
1778759107976 0.4539 3800
1778759108269 0.4767 3820
1778759108562 0.5061 3840
1778759108856 0.4986 3860
1778759109152 0.4805 3880
1778759109448 0.4873 3900
1778759109744 0.4806 3920
1778759110039 0.4643 3940
1778759110335 0.4876 3960
1778759110631 0.5032 3980
1778759110929 0.466 4000
1778759114745 0.4886 4020
1778759115043 0.4637 4040
1778759115338 0.4979 4060
1778759115633 0.4891 4080
1778759115929 0.44 4100
1778759116224 0.4832 4120
1778759116520 0.4766 4140
1778759116815 0.4694 4160
1778759117107 0.4421 4180
1778759117400 0.493 4200
1778759117693 0.5084 4220
1778759117986 0.4662 4240
1778759121787 0.4409 4260
1778759122083 0.5408 4280
1778759122379 0.4915 4300
1778759122676 0.4936 4320
1778759122971 0.4621 4340
1778759123265 0.4583 4360
1778759123564 0.4915 4380
1778759123859 0.4751 4400
1778759124154 0.4729 4420
1778759124451 0.4644 4440
1778759124746 0.4994 4460
1778759125041 0.4741 4480
1778759125336 0.504 4500
1778759129132 0.5186 4520
1778759129426 0.4749 4540
1778759129720 0.4316 4560
1778759130016 0.4778 4580
1778759130310 0.4787 4600
1778759130605 0.4926 4620
1778759130900 0.5293 4640
1778759131193 0.4763 4660
1778759131487 0.4369 4680
1778759131782 0.4476 4700
1778759132076 0.5127 4720
1778759132371 0.4946 4740
1778759136169 0.5004 4760
1778759136468 0.4487 4780
1778759136766 0.4805 4800
1778759137058 0.4768 4820
1778759137350 0.4722 4840
1778759137642 0.4619 4860
1778759137935 0.4489 4880
1778759138227 0.5048 4900
1778759138519 0.463 4920
1778759138811 0.486 4940
1778759139103 0.4898 4960
1778759139395 0.4574 4980
1778759139688 0.4679 5000
1778759143524 0.5325 5020
1778759143817 0.4612 5040
1778759144110 0.4527 5060
1778759144403 0.4621 5080
1778759144695 0.4639 5100
1778759144988 0.5142 5120
1778759145280 0.4676 5140
1778759145572 0.4764 5160
1778759145864 0.47 5180
1778759146157 0.4663 5200
1778759146450 0.4937 5220
1778759146742 0.4794 5240
1778759150528 0.4909 5260
1778759150820 0.4809 5280
1778759151112 0.4643 5300
1778759151404 0.4894 5320
1778759151699 0.4522 5340
1778759151992 0.488 5360
1778759152284 0.4897 5380
1778759152577 0.4862 5400
1778759152869 0.4672 5420
1778759153162 0.4667 5440
1778759153455 0.5176 5460
1778759153748 0.4709 5480
1778759154040 0.4987 5500
1778759157845 0.4701 5520
1778759158139 0.4717 5540
1778759158434 0.4761 5560
1778759158728 0.4492 5580
1778759159022 0.4695 5600
1778759159317 0.5082 5620
1778759159611 0.4637 5640
1778759159905 0.4661 5660
1778759160200 0.4393 5680
1778759160494 0.4864 5700
1778759160791 0.4748 5720
1778759161086 0.4676 5740
1778759164885 0.5346 5760
1778759165184 0.485 5780
1778759165478 0.4985 5800
1778759165774 0.4865 5820
1778759166070 0.4915 5840
1778759166370 0.4776 5860
1778759166665 0.4791 5880
1778759166960 0.4942 5900
1778759167256 0.4491 5920
1778759167553 0.4966 5940
1778759167851 0.4517 5960
1778759168145 0.4702 5980
1778759168441 0.4349 6000
1778759172233 0.4181 6020
1778759172527 0.4815 6040
1778759172821 0.4548 6060
1778759173116 0.4897 6080
1778759173410 0.5012 6100
1778759173705 0.4985 6120
1778759173999 0.4354 6140
1778759174293 0.4538 6160
1778759174588 0.476 6180
1778759174883 0.4128 6200
1778759175179 0.4702 6220
1778759175473 0.4571 6240
1778759179267 0.4971 6260
1778759179561 0.4769 6280
1778759179856 0.4735 6300
1778759180151 0.4675 6320
1778759180446 0.4293 6340
1778759180738 0.4849 6360
1778759181032 0.5106 6380
1778759181326 0.4742 6400
1778759181623 0.466 6420
1778759181915 0.4459 6440
1778759182207 0.4625 6460
1778759182499 0.5143 6480
1778759182791 0.4951 6500
1778759186592 0.5111 6520
1778759186888 0.4539 6540
1778759187184 0.4908 6560
1778759187478 0.4508 6580
1778759187773 0.4834 6600
1778759188067 0.4832 6620
1778759188360 0.4687 6640
1778759188653 0.4851 6660
