1778163001706 0.008888888888888889 20
1778163014792 0.017777777777777778 40
1778163027891 0.02666666666666667 60
1778163041008 0.035555555555555556 80
1778163054131 0.044444444444444446 100
1778163067268 0.05333333333333334 120
1778163080416 0.06222222222222222 140
1778163093561 0.07111111111111111 160
1778163106712 0.08 180
1778163119858 0.08888888888888889 200
1778163133008 0.09777777777777778 220
1778163146153 0.10666666666666667 240
1778163218614 0.1111111111111111 250
1778163225961 0.11555555555555555 260
1778163239092 0.12444444444444444 280
1778163252220 0.13333333333333333 300
1778163265350 0.14222222222222222 320
