1778163001706 3.0037646293640137 20
1778163014792 3.03691029548645 40
1778163027891 9.26241683959961 60
1778163041008 8.303967475891113 80
1778163054131 2.2559072971343994 100
1778163067268 3.2964394092559814 120
1778163080416 4.657585620880127 140
1778163093561 3.531648635864258 160
1778163106712 3.6753551959991455 180
1778163119858 4.437545299530029 200
1778163133008 3.735807180404663 220
1778163146153 6.2586350440979 240
1778163225961 4.519100189208984 260
1778163239092 3.788968801498413 280
1778163252220 4.297336101531982 300
1778163265350 5.967209815979004 320
