1778163001706 3.8e-05 20
1778163014792 7.800000000000001e-05 40
1778163027891 9.995991091314032e-05 60
1778163041008 9.987082405345212e-05 80
1778163054131 9.978173719376392e-05 100
1778163067268 9.969710467706014e-05 120
1778163080416 9.960801781737194e-05 140
1778163093561 9.951893095768374e-05 160
1778163106712 9.942984409799555e-05 180
1778163119858 9.934075723830736e-05 200
1778163133008 9.925167037861916e-05 220
1778163146153 9.916258351893097e-05 240
1778163225961 9.907349665924278e-05 260
1778163239092 9.898440979955457e-05 280
1778163252220 9.889532293986637e-05 300
1778163265350 9.880623608017818e-05 320
