1779323168288 5.935872554779053 20
1779323169228 9.814072608947754 40
1779323170094 5.450133323669434 60
1779323170922 2.6404635906219482 80
1779323171746 1.9194552898406982 100
1779323172586 1.4701440334320068 120
1779323173455 2.6672298908233643 140
1779323174351 1.5783227682113647 160
1779323175227 3.741657257080078 180
1779323176070 2.4991397857666016 200
1779323176890 1.8685296773910522 220
1779323177755 2.3677730560302734 240
1779323184948 2.7939293384552 260
1779323185817 2.120218515396118 280
1779323186701 2.990215301513672 300
1779323187570 3.7478256225585938 320
1779323188470 1.12040114402771 340
1779323189369 0.9248174428939819 360
1779323190248 1.6101629734039307 380
1779323191145 1.7789404392242432 400
1779323192051 1.880832552909851 420
1779323192980 1.1961852312088013 440
1779323193934 2.153233051300049 460
1779323194822 4.103823661804199 480
1779323195690 2.4088799953460693 500
1779323203091 1.0159516334533691 520
1779323203969 2.9528348445892334 540
1779323204850 1.543846845626831 560
1779323205759 4.612830638885498 580
1779323206664 3.1519455909729004 600
1779323207529 1.9462610483169556 620
1779323208409 2.732109308242798 640
1779323209276 2.520721435546875 660
1779323210138 3.007333755493164 680
1779323211012 4.2457146644592285 700
1779323211902 2.124793529510498 720
1779323212808 3.4761621952056885 740
1779323220109 1.524785041809082 760
1779323221019 2.9827473163604736 780
1779323221882 1.9337095022201538 800
1779323222776 1.585182785987854 820
1779323223682 2.9001104831695557 840
1779323224562 3.158572196960449 860
1779323225450 1.1263649463653564 880
1779323226331 5.449103355407715 900
1779323227219 2.3820722103118896 920
1779323228064 2.2459402084350586 940
1779323228921 1.7513421773910522 960
1779323229799 1.3763916492462158 980
1779323230708 2.121544361114502 1000
1779323237892 1.895565390586853 1020
1779323238736 3.290860652923584 1040
1779323239569 1.3296055793762207 1060
1779323240410 3.1626358032226562 1080
1779323241280 2.334947347640991 1100
1779323242195 3.8061201572418213 1120
1779323243089 2.3570785522460938 1140
1779323243986 2.513895273208618 1160
1779323244855 2.6536052227020264 1180
1779323245736 2.6111226081848145 1200
1779323246612 3.328991174697876 1220
1779323247476 2.9406607151031494 1240
1779323254529 1.6159758567810059 1260
1779323255434 0.988766074180603 1280
1779323256285 1.5419840812683105 1300
1779323257184 3.390031099319458 1320
1779323258028 1.9999175071716309 1340
1779323258867 2.8756697177886963 1360
1779323259705 1.8804514408111572 1380
1779323260578 1.3192615509033203 1400
1779323261455 1.4809566736221313 1420
1779323262335 1.091892957687378 1440
1779323263235 1.5407410860061646 1460
1779323264105 1.4652811288833618 1480
1779323264983 2.0106253623962402 1500
1779323272134 4.042858123779297 1520
1779323273058 2.462468147277832 1540
1779323273955 2.365647554397583 1560
1779323274864 0.9734789729118347 1580
1779323275749 1.3482059240341187 1600
1779323276628 3.4199955463409424 1620
1779323277514 2.0970101356506348 1640
1779323278418 1.7093517780303955 1660
1779323279303 4.261338710784912 1680
1779323280167 1.647153615951538 1700
1779323281067 4.67691707611084 1720
1779323281945 1.2366868257522583 1740
1779323289108 2.992382526397705 1760
1779323290056 1.8763642311096191 1780
1779323290978 2.9931013584136963 1800
1779323291860 1.1736221313476562 1820
1779323292742 1.8011219501495361 1840
1779323293627 0.9711493849754333 1860
1779323294507 3.2047677040100098 1880
1779323295402 2.3621037006378174 1900
1779323296302 1.5482475757598877 1920
1779323297192 2.803914785385132 1940
1779323298096 4.252699375152588 1960
1779323298972 1.2548441886901855 1980
1779323299844 2.767592668533325 2000
1779323307018 3.6445302963256836 2020
1779323307950 5.951351165771484 2040
1779323308812 2.3778231143951416 2060
1779323309674 5.086958885192871 2080
1779323310553 4.001579761505127 2100
1779323311451 1.7845051288604736 2120
1779323312369 1.9830777645111084 2140
1779323313261 1.2027291059494019 2160
1779323314137 2.6252994537353516 2180
1779323314964 3.058910369873047 2200
1779323315790 1.3860785961151123 2220
1779323316656 1.9760651588439941 2240
1779323323793 2.359833002090454 2260
1779323324691 1.3254339694976807 2280
1779323325625 1.8365951776504517 2300
1779323326512 0.9250702857971191 2320
1779323327436 1.8671486377716064 2340
1779323328323 3.675658702850342 2360
1779323329288 2.239244222640991 2380
1779323330212 2.3898043632507324 2400
1779323331126 5.678891181945801 2420
1779323332033 2.176703453063965 2440
1779323332948 1.251854419708252 2460
1779323333892 3.061558485031128 2480
1779323334824 1.7561912536621094 2500
1779323342117 1.8353358507156372 2520
1779323343032 2.8730926513671875 2540
1779323343941 2.663541793823242 2560
1779323344835 2.50195050239563 2580
1779323345779 2.094552993774414 2600
1779323346709 3.910820960998535 2620
1779323347622 1.2386845350265503 2640
1779323348518 2.819530725479126 2660
1779323349383 2.3684334754943848 2680
1779323350212 1.0858982801437378 2700
1779323350989 1.5013772249221802 2720
1779323351803 4.78347635269165 2740
1779323358878 1.4604381322860718 2760
1779323359779 1.1377657651901245 2780
1779323360692 1.330700159072876 2800
1779323361624 2.522930145263672 2820
1779323362534 1.0521332025527954 2840
1779323363433 2.417799949645996 2860
1779323364339 0.9388458728790283 2880
1779323365222 1.7754833698272705 2900
1779323366099 2.516979694366455 2920
1779323366961 1.7225149869918823 2940
1779323367903 2.032052993774414 2960
1779323368808 3.781985282897949 2980
1779323369734 2.397392511367798 3000
1779323377166 2.3995344638824463 3020
1779323378037 0.976874828338623 3040
1779323378903 3.1763086318969727 3060
1779323379768 2.1032283306121826 3080
1779323380662 2.4818053245544434 3100
1779323381509 1.3818825483322144 3120
1779323382339 0.9154941439628601 3140
1779323383116 1.5574653148651123 3160
1779323383939 0.9311501383781433 3180
1779323384789 1.2017953395843506 3200
1779323385661 1.27798593044281 3220
1779323386520 3.462794065475464 3240
1779323393820 3.1965441703796387 3260
1779323394749 4.526841640472412 3280
1779323395671 1.9059808254241943 3300
1779323396574 4.426978588104248 3320
1779323397497 1.5747565031051636 3340
1779323398398 1.0220353603363037 3360
1779323399293 3.400355100631714 3380
1779323400225 1.548521637916565 3400
1779323401169 1.5762521028518677 3420
1779323402094 1.3166824579238892 3440
1779323403033 5.405083179473877 3460
1779323403953 3.4558398723602295 3480
1779323404913 2.212752342224121 3500
1779323412297 1.4008848667144775 3520
1779323413202 3.05938982963562 3540
1779323414102 2.1084539890289307 3560
1779323415000 1.5331778526306152 3580
1779323415892 2.6461269855499268 3600
1779323416787 1.9350955486297607 3620
1779323417723 1.796064019203186 3640
1779323418663 1.8749096393585205 3660
1779323419588 4.230551719665527 3680
1779323420522 2.028898239135742 3700
1779323421459 4.488165378570557 3720
1779323422405 3.040548324584961 3740
1779323429803 1.680147409439087 3760
1779323430739 2.9067015647888184 3780
1779323431689 2.910892963409424 3800
1779323432629 1.9927188158035278 3820
1779323433585 1.0891622304916382 3840
1779323434535 2.417489767074585 3860
1779323435523 3.841494560241699 3880
1779323436441 3.010077476501465 3900
1779323437378 2.2702624797821045 3920
1779323438282 1.460665225982666 3940
1779323439193 3.0267069339752197 3960
1779323440127 1.5387704372406006 3980
1779323441060 1.5492758750915527 4000
1779323448645 1.1155298948287964 4020
1779323449573 1.8973932266235352 4040
1779323450506 1.080183982849121 4060
1779323451424 3.958604097366333 4080
1779323452328 1.947000503540039 4100
1779323453199 1.600234031677246 4120
1779323454093 2.040130376815796 4140
1779323454983 2.8453001976013184 4160
1779323455863 2.5156755447387695 4180
1779323456760 1.1882641315460205 4200
1779323457653 2.871060371398926 4220
1779323458527 1.8649295568466187 4240
1779323465857 2.0517711639404297 4260
1779323466775 1.6392183303833008 4280
1779323467675 1.6024303436279297 4300
1779323468564 1.3196178674697876 4320
1779323469469 5.651238441467285 4340
1779323470383 0.9661234021186829 4360
1779323471307 2.7845354080200195 4380
1779323472229 3.865135908126831 4400
1779323473140 2.5857996940612793 4420
1779323474065 1.147992491722107 4440
1779323474966 4.111831188201904 4460
1779323475864 3.980132818222046 4480
1779323476787 2.9270331859588623 4500
1779323484196 2.0378007888793945 4520
1779323485122 2.3175430297851562 4540
1779323486019 2.848280191421509 4560
1779323486959 1.5922324657440186 4580
1779323487902 5.299252510070801 4600
1779323488841 2.9686479568481445 4620
1779323489744 1.5663329362869263 4640
1779323490708 0.9384974837303162 4660
1779323491613 1.1006022691726685 4680
1779323492496 1.7054139375686646 4700
1779323493374 2.6237971782684326 4720
1779323494265 2.1766014099121094 4740
1779323501612 2.81432843208313 4760
1779323502547 1.5046513080596924 4780
1779323503503 2.3875033855438232 4800
1779323504493 2.508884906768799 4820
1779323505446 2.6299831867218018 4840
1779323506372 2.833367347717285 4860
1779323507278 3.0155534744262695 4880
1779323508190 1.69118070602417 4900
1779323509089 2.1849513053894043 4920
1779323510012 1.7079977989196777 4940
1779323510891 1.4992356300354004 4960
1779323511791 3.050306558609009 4980
1779323512708 2.573598861694336 5000
1779323519909 1.4386297464370728 5020
1779323520798 1.531429648399353 5040
1779323521663 3.8001506328582764 5060
1779323522484 1.7032383680343628 5080
1779323523291 4.3948469161987305 5100
1779323524174 1.7113521099090576 5120
