1779323168288 1.1400000000000001e-05 20
1779323169228 2.3400000000000003e-05 40
1779323170094 2.994690265486726e-05 60
1779323170922 2.9828908554572274e-05 80
1779323171746 2.9710914454277287e-05 100
1779323172586 2.9592920353982303e-05 120
1779323173455 2.9474926253687315e-05 140
1779323174351 2.9356932153392328e-05 160
1779323175227 2.9238938053097347e-05 180
1779323176070 2.912094395280236e-05 200
1779323176890 2.9002949852507376e-05 220
1779323177755 2.888495575221239e-05 240
1779323184948 2.8766961651917404e-05 260
1779323185817 2.8648967551622417e-05 280
1779323186701 2.8530973451327436e-05 300
1779323187570 2.841297935103245e-05 320
1779323188470 2.8294985250737465e-05 340
1779323189369 2.8176991150442477e-05 360
1779323190248 2.8058997050147493e-05 380
1779323191145 2.7941002949852506e-05 400
1779323192051 2.7823008849557525e-05 420
1779323192980 2.7705014749262538e-05 440
1779323193934 2.7587020648967554e-05 460
1779323194822 2.7469026548672566e-05 480
1779323195690 2.7351032448377582e-05 500
1779323203091 2.7233038348082595e-05 520
1779323203969 2.7115044247787614e-05 540
1779323204850 2.6997050147492627e-05 560
1779323205759 2.6879056047197643e-05 580
1779323206664 2.6761061946902655e-05 600
1779323207529 2.6643067846607668e-05 620
1779323208409 2.6525073746312684e-05 640
1779323209276 2.64070796460177e-05 660
1779323210138 2.6289085545722716e-05 680
1779323211012 2.6171091445427728e-05 700
1779323211902 2.6053097345132744e-05 720
1779323212808 2.5935103244837757e-05 740
1779323220109 2.5817109144542773e-05 760
1779323221019 2.569911504424779e-05 780
1779323221882 2.5581120943952805e-05 800
1779323222776 2.5463126843657817e-05 820
1779323223682 2.5345132743362833e-05 840
1779323224562 2.5227138643067846e-05 860
1779323225450 2.510914454277286e-05 880
1779323226331 2.4991150442477877e-05 900
1779323227219 2.4873156342182893e-05 920
1779323228064 2.4755162241887906e-05 940
1779323228921 2.4637168141592922e-05 960
1779323229799 2.4519174041297934e-05 980
1779323230708 2.440117994100295e-05 1000
1779323237892 2.4283185840707966e-05 1020
1779323238736 2.4165191740412982e-05 1040
1779323239569 2.4047197640117995e-05 1060
1779323240410 2.3929203539823007e-05 1080
1779323241280 2.3811209439528023e-05 1100
1779323242195 2.3693215339233036e-05 1120
1779323243089 2.3575221238938055e-05 1140
1779323243986 2.3457227138643068e-05 1160
1779323244855 2.3339233038348084e-05 1180
1779323245736 2.3221238938053096e-05 1200
1779323246612 2.3103244837758112e-05 1220
1779323247476 2.2985250737463125e-05 1240
1779323254529 2.2867256637168144e-05 1260
1779323255434 2.2749262536873157e-05 1280
1779323256285 2.2631268436578173e-05 1300
1779323257184 2.2513274336283185e-05 1320
1779323258028 2.23952802359882e-05 1340
1779323258867 2.2277286135693214e-05 1360
1779323259705 2.2159292035398233e-05 1380
1779323260578 2.2041297935103246e-05 1400
1779323261455 2.192330383480826e-05 1420
1779323262335 2.1805309734513274e-05 1440
1779323263235 2.168731563421829e-05 1460
1779323264105 2.1569321533923303e-05 1480
1779323264983 2.1451327433628322e-05 1500
1779323272134 2.1333333333333335e-05 1520
1779323273058 2.1215339233038347e-05 1540
1779323273955 2.1097345132743363e-05 1560
1779323274864 2.0979351032448376e-05 1580
1779323275749 2.086135693215339e-05 1600
1779323276628 2.0743362831858408e-05 1620
1779323277514 2.0625368731563424e-05 1640
1779323278418 2.0507374631268436e-05 1660
1779323279303 2.0389380530973452e-05 1680
1779323280167 2.0271386430678465e-05 1700
1779323281067 2.015339233038348e-05 1720
1779323281945 2.0035398230088497e-05 1740
1779323289108 1.9917404129793512e-05 1760
1779323290056 1.9799410029498525e-05 1780
1779323290978 1.968141592920354e-05 1800
1779323291860 1.9563421828908554e-05 1820
1779323292742 1.944542772861357e-05 1840
1779323293627 1.9327433628318585e-05 1860
1779323294507 1.92094395280236e-05 1880
1779323295402 1.9091445427728614e-05 1900
1779323296302 1.897345132743363e-05 1920
1779323297192 1.8855457227138642e-05 1940
1779323298096 1.873746312684366e-05 1960
1779323298972 1.8619469026548674e-05 1980
1779323299844 1.850147492625369e-05 2000
1779323307018 1.8383480825958703e-05 2020
1779323307950 1.8265486725663715e-05 2040
1779323308812 1.814749262536873e-05 2060
1779323309674 1.8029498525073744e-05 2080
1779323310553 1.7911504424778763e-05 2100
1779323311451 1.7793510324483776e-05 2120
1779323312369 1.7675516224188792e-05 2140
1779323313261 1.7557522123893804e-05 2160
1779323314137 1.743952802359882e-05 2180
1779323314964 1.7321533923303833e-05 2200
1779323315790 1.7203539823008852e-05 2220
1779323316656 1.7085545722713865e-05 2240
1779323323793 1.696755162241888e-05 2260
1779323324691 1.6849557522123893e-05 2280
1779323325625 1.673156342182891e-05 2300
1779323326512 1.6613569321533922e-05 2320
1779323327436 1.649557522123894e-05 2340
1779323328323 1.6377581120943954e-05 2360
1779323329288 1.625958702064897e-05 2380
1779323330212 1.6141592920353982e-05 2400
1779323331126 1.6023598820058998e-05 2420
1779323332033 1.590560471976401e-05 2440
1779323332948 1.578761061946903e-05 2460
1779323333892 1.5669616519174043e-05 2480
1779323334824 1.5551622418879055e-05 2500
1779323342117 1.543362831858407e-05 2520
1779323343032 1.5315634218289084e-05 2540
1779323343941 1.51976401179941e-05 2560
1779323344835 1.5079646017699117e-05 2580
1779323345779 1.496165191740413e-05 2600
1779323346709 1.4843657817109146e-05 2620
1779323347622 1.472566371681416e-05 2640
1779323348518 1.4607669616519174e-05 2660
1779323349383 1.448967551622419e-05 2680
1779323350212 1.4371681415929204e-05 2700
1779323350989 1.4253687315634219e-05 2720
1779323351803 1.4135693215339233e-05 2740
1779323358878 1.4017699115044247e-05 2760
1779323359779 1.3899705014749261e-05 2780
1779323360692 1.3781710914454277e-05 2800
1779323361624 1.3663716814159292e-05 2820
1779323362534 1.3545722713864306e-05 2840
1779323363433 1.3427728613569322e-05 2860
1779323364339 1.3309734513274336e-05 2880
1779323365222 1.319174041297935e-05 2900
1779323366099 1.3073746312684366e-05 2920
1779323366961 1.295575221238938e-05 2940
1779323367903 1.2837758112094395e-05 2960
1779323368808 1.271976401179941e-05 2980
1779323369734 1.2601769911504425e-05 3000
1779323377166 1.248377581120944e-05 3020
1779323378037 1.2365781710914455e-05 3040
1779323378903 1.224778761061947e-05 3060
1779323379768 1.2129793510324484e-05 3080
1779323380662 1.20117994100295e-05 3100
1779323381509 1.1893805309734514e-05 3120
1779323382339 1.1775811209439528e-05 3140
1779323383116 1.1657817109144544e-05 3160
1779323383939 1.1539823008849558e-05 3180
1779323384789 1.1421828908554573e-05 3200
1779323385661 1.1303834808259587e-05 3220
1779323386520 1.1185840707964601e-05 3240
1779323393820 1.1067846607669615e-05 3260
1779323394749 1.0949852507374631e-05 3280
1779323395671 1.0831858407079646e-05 3300
1779323396574 1.071386430678466e-05 3320
1779323397497 1.0595870206489676e-05 3340
1779323398398 1.047787610619469e-05 3360
1779323399293 1.0359882005899704e-05 3380
1779323400225 1.024188790560472e-05 3400
1779323401169 1.0123893805309735e-05 3420
1779323402094 1.0005899705014749e-05 3440
1779323403033 9.887905604719765e-06 3460
1779323403953 9.769911504424779e-06 3480
1779323404913 9.651917404129793e-06 3500
1779323412297 9.53392330383481e-06 3520
1779323413202 9.415929203539823e-06 3540
1779323414102 9.297935103244838e-06 3560
1779323415000 9.179941002949854e-06 3580
1779323415892 9.061946902654868e-06 3600
1779323416787 8.943952802359882e-06 3620
1779323417723 8.825958702064898e-06 3640
1779323418663 8.707964601769912e-06 3660
1779323419588 8.589970501474925e-06 3680
1779323420522 8.471976401179941e-06 3700
1779323421459 8.353982300884955e-06 3720
1779323422405 8.23598820058997e-06 3740
1779323429803 8.117994100294985e-06 3760
1779323430739 8e-06 3780
1779323431689 7.882005899705014e-06 3800
1779323432629 7.76401179941003e-06 3820
1779323433585 7.646017699115044e-06 3840
1779323434535 7.528023598820058e-06 3860
1779323435523 7.4100294985250735e-06 3880
1779323436441 7.2920353982300886e-06 3900
1779323437378 7.174041297935104e-06 3920
1779323438282 7.056047197640118e-06 3940
1779323439193 6.938053097345133e-06 3960
1779323440127 6.820058997050148e-06 3980
1779323441060 6.702064896755162e-06 4000
1779323448645 6.5840707964601775e-06 4020
1779323449573 6.466076696165192e-06 4040
1779323450506 6.348082595870206e-06 4060
1779323451424 6.235988200589971e-06 4080
1779323452328 6.117994100294985e-06 4100
1779323453199 6e-06 4120
1779323454093 5.882005899705014e-06 4140
1779323454983 5.7640117994100295e-06 4160
1779323455863 5.646017699115045e-06 4180
1779323456760 5.528023598820059e-06 4200
1779323457653 5.410029498525074e-06 4220
1779323458527 5.292035398230089e-06 4240
1779323465857 5.174041297935103e-06 4260
1779323466775 5.0560471976401184e-06 4280
1779323467675 4.9380530973451335e-06 4300
1779323468564 4.820058997050148e-06 4320
1779323469469 4.702064896755162e-06 4340
1779323470383 4.584070796460177e-06 4360
1779323471307 4.466076696165191e-06 4380
1779323472229 4.3480825958702065e-06 4400
1779323473140 4.230088495575222e-06 4420
1779323474065 4.112094395280236e-06 4440
1779323474966 3.994100294985251e-06 4460
1779323475864 3.876106194690266e-06 4480
1779323476787 3.7581120943952803e-06 4500
1779323484196 3.640117994100295e-06 4520
1779323485122 3.5221238938053097e-06 4540
1779323486019 3.4041297935103243e-06 4560
1779323486959 3.2861356932153394e-06 4580
1779323487902 3.168141592920354e-06 4600
1779323488841 3.050147492625369e-06 4620
1779323489744 2.9321533923303835e-06 4640
1779323490708 2.814159292035398e-06 4660
1779323491613 2.696165191740413e-06 4680
1779323492496 2.578171091445428e-06 4700
1779323493374 2.4601769911504426e-06 4720
1779323494265 2.3421828908554573e-06 4740
1779323501612 2.224188790560472e-06 4760
1779323502547 2.1061946902654867e-06 4780
1779323503503 1.9882005899705013e-06 4800
1779323504493 1.8702064896755162e-06 4820
1779323505446 1.752212389380531e-06 4840
1779323506372 1.6342182890855458e-06 4860
1779323507278 1.5162241887905605e-06 4880
1779323508190 1.3982300884955752e-06 4900
1779323509089 1.28023598820059e-06 4920
1779323510012 1.1622418879056047e-06 4940
1779323510891 1.0442477876106194e-06 4960
1779323511791 9.262536873156342e-07 4980
1779323512708 8.08259587020649e-07 5000
1779323519909 6.902654867256638e-07 5020
1779323520798 5.722713864306784e-07 5040
1779323521663 4.542772861356932e-07 5060
1779323522484 3.3628318584070794e-07 5080
1779323523291 2.182890855457227e-07 5100
1779323524174 1.0029498525073746e-07 5120
