1779317465955 0.6969 20
1779317466779 0.6843 40
1779317467593 0.6646 60
1779317468420 0.6468 80
1779317469323 0.61 100
1779317470224 0.5183 120
1779317471114 0.5107 140
1779317472059 0.4551 160
1779317472967 0.5159 180
1779317473886 0.465 200
1779317474797 0.4789 220
1779317475684 0.4518 240
1779317482770 0.4703 260
1779317483670 0.4569 280
1779317484570 0.4877 300
1779317485457 0.4694 320
1779317486348 0.4838 340
1779317487250 0.4576 360
1779317488139 0.4492 380
1779317489108 0.49 400
1779317490069 0.41 420
1779317491085 0.4632 440
1779317491994 0.4387 460
1779317492870 0.4319 480
1779317493835 0.3835 500
1779317499158 0.4261 520
1779317500099 0.4368 540
1779317500996 0.4392 560
1779317501855 0.4166 580
1779317502709 0.4099 600
1779317503575 0.4481 620
1779317504415 0.4174 640
1779317505295 0.4268 660
1779317506154 0.4351 680
1779317507037 0.4515 700
1779317507906 0.4555 720
1779317508766 0.4149 740
1779317515839 0.4726 760
1779317516650 0.4241 780
1779317517490 0.4143 800
1779317518347 0.438 820
1779317519269 0.4226 840
1779317520206 0.3783 860
1779317521094 0.4315 880
1779317521930 0.4427 900
1779317522810 0.4173 920
1779317523719 0.4173 940
1779317524631 0.3936 960
1779317525521 0.3973 980
1779317526429 0.3289 1000
1779317531771 0.3833 1020
1779317532651 0.3899 1040
1779317533579 0.3633 1060
1779317534444 0.3892 1080
1779317535315 0.3486 1100
1779317536188 0.3892 1120
1779317537147 0.3602 1140
1779317538098 0.3735 1160
1779317539044 0.3561 1180
1779317540025 0.381 1200
1779317540906 0.3852 1220
1779317541822 0.3966 1240
1779317547729 0.3549 1260
1779317548633 0.3591 1280
1779317549509 0.3363 1300
1779317550399 0.3562 1320
1779317551412 0.3827 1340
1779317552411 0.3665 1360
1779317553270 0.3783 1380
1779317554269 0.3506 1400
1779317555192 0.3748 1420
1779317556042 0.3888 1440
1779317556891 0.3783 1460
1779317557822 0.4067 1480
1779317558793 0.4032 1500
1779317563935 0.3956 1520
1779317564800 0.3436 1540
1779317565725 0.3591 1560
1779317566641 0.3906 1580
1779317567547 0.3426 1600
1779317568486 0.3749 1620
1779317569375 0.3605 1640
1779317570271 0.4006 1660
1779317571132 0.4187 1680
1779317572043 0.3727 1700
1779317572863 0.3882 1720
1779317573729 0.3523 1740
1779317578876 0.3767 1760
1779317579745 0.3782 1780
1779317580658 0.3465 1800
1779317581500 0.3492 1820
1779317582355 0.3145 1840
1779317583247 0.2847 1860
1779317584100 0.2747 1880
1779317584953 0.2701 1900
1779317585828 0.2935 1920
1779317586828 0.2765 1940
1779317587663 0.2888 1960
1779317588494 0.2884 1980
1779317589293 0.314 2000
1779317594245 0.2933 2020
1779317595120 0.2725 2040
1779317595961 0.2914 2060
1779317596828 0.2973 2080
1779317597707 0.2885 2100
1779317598590 0.2815 2120
1779317599465 0.2834 2140
1779317600377 0.266 2160
1779317601261 0.3049 2180
1779317602172 0.3082 2200
1779317603088 0.2895 2220
1779317604014 0.2693 2240
1779317609466 0.2788 2260
1779317610385 0.2799 2280
1779317611263 0.2731 2300
1779317612151 0.3125 2320
1779317613025 0.2864 2340
1779317613895 0.2386 2360
1779317614762 0.2659 2380
1779317615641 0.2594 2400
1779317616504 0.2516 2420
1779317617420 0.2938 2440
1779317618326 0.2932 2460
1779317619213 0.2863 2480
1779317620112 0.2626 2500
1779317625295 0.3294 2520
1779317626011 0.2571 2540
1779317626786 0.3119 2560
1779317627640 0.2793 2580
1779317628450 0.3008 2600
1779317629304 0.2674 2620
1779317630141 0.2811 2640
1779317630915 0.3229 2660
1779317631618 0.2844 2680
1779317632357 0.2779 2700
1779317633139 0.257 2720
1779317633995 0.2865 2740
1779317638502 0.2132 2760
1779317639359 0.1961 2780
1779317640343 0.1789 2800
1779317641232 0.1736 2820
1779317642128 0.1806 2840
1779317642990 0.191 2860
1779317643823 0.2256 2880
1779317644748 0.1561 2900
1779317645613 0.248 2920
1779317646455 0.2212 2940
1779317647330 0.2297 2960
1779317648170 0.2116 2980
1779317648988 0.2172 3000
1779317655457 0.1619 3020
1779317656296 0.1621 3040
1779317657109 0.1592 3060
1779317657954 0.1725 3080
1779317658778 0.1867 3100
1779317659594 0.2285 3120
1779317660384 0.205 3140
1779317661212 0.1619 3160
1779317662071 0.1676 3180
1779317662856 0.1678 3200
1779317663663 0.1944 3220
1779317664477 0.1936 3240
1779317669554 0.2006 3260
1779317670474 0.1856 3280
1779317671305 0.1685 3300
1779317672066 0.2141 3320
1779317672838 0.215 3340
1779317673616 0.1906 3360
1779317674384 0.1847 3380
1779317675186 0.1904 3400
1779317676009 0.1734 3420
1779317676816 0.1758 3440
1779317677587 0.1692 3460
1779317678423 0.1977 3480
1779317679190 0.1435 3500
1779317684737 0.1968 3520
1779317685640 0.1993 3540
1779317686508 0.1917 3560
1779317687311 0.2181 3580
1779317688193 0.2103 3600
1779317689095 0.1928 3620
1779317689985 0.1617 3640
1779317690910 0.1528 3660
1779317691781 0.1311 3680
1779317692636 0.136 3700
1779317693504 0.1267 3720
1779317694438 0.1147 3740
1779317699950 0.1004 3760
1779317700826 0.1426 3780
1779317701724 0.1316 3800
1779317702606 0.1363 3820
1779317703445 0.1135 3840
1779317704347 0.1393 3860
1779317705332 0.1077 3880
1779317706272 0.1128 3900
1779317707160 0.1255 3920
1779317708107 0.1003 3940
1779317709048 0.1101 3960
1779317709895 0.1346 3980
1779317710731 0.1331 4000
1779317716269 0.1575 4020
1779317717132 0.1125 4040
1779317717998 0.1106 4060
1779317718896 0.136 4080
1779317719722 0.1494 4100
1779317720609 0.1464 4120
1779317721454 0.0809 4140
1779317722301 0.1179 4160
1779317723122 0.0953 4180
1779317723989 0.1427 4200
1779317724923 0.1643 4220
1779317725815 0.1175 4240
1779317730680 0.1416 4260
1779317731567 0.1661 4280
1779317732475 0.1235 4300
1779317733344 0.096 4320
1779317734167 0.1441 4340
1779317735091 0.114 4360
1779317736048 0.148 4380
1779317736969 0.1063 4400
1779317737868 0.1308 4420
1779317738696 0.1133 4440
1779317739554 0.1252 4460
1779317740373 0.1487 4480
1779317741261 0.1272 4500
1779317746107 0.0938 4520
1779317746922 0.1113 4540
