1778760983251 0.4494730234146118 20
1778760983412 0.45511308312416077 40
1778760983571 0.3242660462856293 60
1778760983730 0.36922717094421387 80
1778760983889 0.3663303256034851 100
1778760984049 0.35635700821876526 120
1778760984209 0.49658283591270447 140
1778760984369 0.45492681860923767 160
1778760984528 0.3855769634246826 180
1778760984687 0.39669838547706604 200
1778760984846 0.3679181635379791 220
1778760985005 0.3752705156803131 240
1778760985853 0.37864232063293457 260
1778760986012 0.3094736337661743 280
1778760986172 0.38342130184173584 300
1778760986332 0.3480019271373749 320
1778760986491 0.4251040518283844 340
1778760986650 0.35294482111930847 360
1778760986809 0.32904598116874695 380
1778760986968 0.6810111999511719 400
1778760987128 0.5672779679298401 420
1778760987287 0.5883539319038391 440
1778760987446 0.40312886238098145 460
1778760987606 0.46368810534477234 480
1778760987766 0.6560476422309875 500
1778760988667 0.5431284308433533 520
1778760988826 0.611535906791687 540
1778760988986 0.35660645365715027 560
1778760989145 0.6683787703514099 580
1778760989306 0.32706406712532043 600
1778760989465 0.6273483037948608 620
1778760989626 0.38378748297691345 640
1778760989785 0.7746049165725708 660
1778760989945 0.44425734877586365 680
1778760990104 0.4257809817790985 700
1778760990264 0.46839019656181335 720
1778760990423 0.3967761993408203 740
1778760991269 0.32003331184387207 760
1778760991430 0.46449291706085205 780
1778760991589 0.3464670181274414 800
1778760991750 0.4332074224948883 820
1778760991911 0.4581495523452759 840
1778760992070 0.3815765976905823 860
1778760992230 0.46856483817100525 880
1778760992389 0.35563865303993225 900
1778760992548 0.4298361837863922 920
1778760992707 0.44910842180252075 940
1778760992865 0.3977746367454529 960
1778760993022 0.40277063846588135 980
1778760993181 0.40832024812698364 1000
1778760994082 0.3226141333580017 1020
1778760994242 0.38537758588790894 1040
1778760994401 0.3361472189426422 1060
1778760994561 0.3955164849758148 1080
1778760994720 0.41278108954429626 1100
1778760994880 0.4360126554965973 1120
1778760995039 0.3869796097278595 1140
1778760995199 0.3529526889324188 1160
1778760995359 0.47104117274284363 1180
1778760995518 0.4110429883003235 1200
1778760995678 0.6250239014625549 1220
1778760995837 0.3342517018318176 1240
1778760996741 0.3566990792751312 1260
1778760996900 0.506377100944519 1280
1778760997060 0.3530431389808655 1300
1778760997219 0.5817072987556458 1320
1778760997376 0.42464619874954224 1340
1778760997534 0.5789194703102112 1360
1778760997692 0.43763092160224915 1380
1778760997849 0.4562881588935852 1400
1778760998007 0.38035815954208374 1420
1778760998164 0.45540258288383484 1440
1778760998323 0.5584421753883362 1460
1778760998481 0.4561667740345001 1480
1778760998640 0.33006295561790466 1500
1778760999546 0.46132901310920715 1520
1778760999706 0.36644458770751953 1540
1778760999865 0.3383012115955353 1560
1778761000025 0.36149224638938904 1580
1778761000184 0.35969796776771545 1600
1778761000342 0.3442952334880829 1620
1778761000502 0.5407264232635498 1640
1778761000662 0.33949872851371765 1660
1778761000821 0.39264991879463196 1680
1778761000980 0.4668322801589966 1700
1778761001139 0.4516294598579407 1720
1778761001298 0.3565950393676758 1740
1778761002205 0.383870929479599 1760
1778761002364 0.41514700651168823 1780
1778761002524 0.47119981050491333 1800
1778761002683 0.43804165720939636 1820
