1779083401001 3.1125309467315674 20
1779083408750 3.596844434738159 40
1779083416463 2.292919874191284 60
1779083424177 2.47424054145813 80
1779083431862 1.8281108140945435 100
1779083439426 1.5740901231765747 120
1779083447137 1.8771477937698364 140
1779083454863 2.501509189605713 160
1779083462598 1.5361905097961426 180
1779083470329 0.8163347840309143 200
1779083478052 1.3578213453292847 220
1779083485721 2.185206890106201 240
1779083510984 1.4872865676879883 260
1779083518448 1.362453818321228 280
1779083526041 0.8212566375732422 300
1779083533609 3.3217716217041016 320
1779083541183 1.3594917058944702 340
1779083548789 0.731512188911438 360
1779083556335 2.449131965637207 380
1779083563944 3.1846096515655518 400
1779083571587 2.682225227355957 420
1779083579566 1.8480192422866821 440
1779083587083 1.6131782531738281 460
1779083594609 0.7012320160865784 480
1779083602079 2.0011112689971924 500
1779083626415 1.6803507804870605 520
1779083634130 1.0076063871383667 540
1779083641837 2.159480571746826 560
1779083649585 1.2766457796096802 580
1779083657283 3.187293529510498 600
1779083665001 2.9352028369903564 620
1779083672708 2.383842706680298 640
1779083680445 2.0768425464630127 660
1779083688092 0.9671443104743958 680
1779083695760 1.939513921737671 700
1779083703516 1.7167388200759888 720
1779083711297 1.367331624031067 740
1779083736945 2.790739059448242 760
1779083744651 0.957656741142273 780
1779083752357 1.7041398286819458 800
1779083760395 2.5190372467041016 820
1779083768077 0.9012587666511536 840
1779083775790 1.9250715970993042 860
1779083783507 1.6764802932739258 880
1779083791234 3.8639228343963623 900
1779083798955 1.3745026588439941 920
1779083806709 1.8457043170928955 940
1779083814428 0.9321162700653076 960
1779083822072 1.0618940591812134 980
1779083829737 2.2311720848083496 1000
1779083854979 1.3115878105163574 1020
1779083862628 1.7391642332077026 1040
1779083870306 0.5618197321891785 1060
1779083878004 2.703573226928711 1080
1779083885695 0.758233368396759 1100
1779083893392 2.6601662635803223 1120
1779083901094 1.6821874380111694 1140
1779083908809 0.8533652424812317 1160
1779083916517 1.0053480863571167 1180
1779083924218 2.570331573486328 1200
1779083931903 0.884995698928833 1220
1779083939956 1.3988211154937744 1240
1779083965039 1.4955517053604126 1260
1779083972720 1.186767816543579 1280
1779083980396 1.586888074874878 1300
1779083988008 1.746187448501587 1320
1779083995812 0.740801215171814 1340
1779084003573 1.6945022344589233 1360
1779084011390 1.2101351022720337 1380
1779084019123 1.1400142908096313 1400
1779084026717 1.541062831878662 1420
1779084034182 0.900200605392456 1440
1779084041644 2.2214298248291016 1460
1779084049142 1.3658456802368164 1480
1779084056588 3.003887414932251 1500
1779084081667 1.2793692350387573 1520
1779084089244 1.1343426704406738 1540
1779084096760 1.673177719116211 1560
1779084104668 1.7029597759246826 1580
1779084112270 0.8282859921455383 1600
1779084118482 1.793128490447998 1620
1779084126189 1.9942066669464111 1640
1779084133851 1.137633204460144 1660
1779084141475 2.0987021923065186 1680
1779084149064 1.4825818538665771 1700
1779084156785 2.453815460205078 1720
1779084164532 1.0140457153320312 1740
1779084190144 0.654812753200531 1760
1779084197860 1.1225348711013794 1780
1779084205583 1.7090113162994385 1800
1779084213275 1.395041823387146 1820
1779084221001 0.7514592409133911 1840
1779084228696 0.7284998893737793 1860
1779084236383 2.065288782119751 1880
1779084244089 1.3094813823699951 1900
1779084251722 3.710024118423462 1920
1779084259373 1.0180495977401733 1940
1779084267107 1.747435450553894 1960
1779084275125 1.9028661251068115 1980
1779084282839 2.830329179763794 2000
1779084308586 0.9491192698478699 2020
1779084316309 1.074524164199829 2040
1779084323892 1.868069052696228 2060
1779084331631 1.3585360050201416 2080
1779084339363 2.0558347702026367 2100
1779084347086 0.7718775272369385 2120
1779084354789 1.8060855865478516 2140
1779084362498 1.1094682216644287 2160
1779084370240 3.1141273975372314 2180
1779084377969 1.9924415349960327 2200
1779084385664 0.939136266708374 2220
1779084393386 2.0586304664611816 2240
1779084418850 1.2209711074829102 2260
1779084426531 1.9013944864273071 2280
1779084434143 1.0502901077270508 2300
1779084441775 1.823277473449707 2320
1779084449463 1.794600486755371 2340
1779084457516 0.6556024551391602 2360
1779084465186 0.8449702262878418 2380
1779084472843 0.7220858335494995 2400
1779084480576 1.5552642345428467 2420
1779084488321 2.444047451019287 2440
1779084495980 1.8549447059631348 2460
1779084503662 1.5880759954452515 2480
1779084511358 1.3615292310714722 2500
1779084536646 1.4808239936828613 2520
1779084544215 1.1384130716323853 2540
1779084551709 0.7424213886260986 2560
