1779083401001 1.1400000000000001e-05 20
1779083408750 2.3400000000000003e-05 40
1779083416463 2.9892857142857143e-05 60
1779083424177 2.9654761904761908e-05 80
1779083431862 2.9416666666666666e-05 100
1779083439426 2.917857142857143e-05 120
1779083447137 2.894047619047619e-05 140
1779083454863 2.8702380952380956e-05 160
1779083462598 2.8464285714285714e-05 180
1779083470329 2.8226190476190478e-05 200
1779083478052 2.798809523809524e-05 220
1779083485721 2.7750000000000004e-05 240
1779083510984 2.751190476190476e-05 260
1779083518448 2.7273809523809523e-05 280
1779083526041 2.7035714285714287e-05 300
1779083533609 2.6797619047619048e-05 320
1779083541183 2.655952380952381e-05 340
1779083548789 2.632142857142857e-05 360
1779083556335 2.6083333333333335e-05 380
1779083563944 2.5845238095238096e-05 400
1779083571587 2.5607142857142857e-05 420
1779083579566 2.5369047619047618e-05 440
1779083587083 2.5130952380952383e-05 460
1779083594609 2.4892857142857144e-05 480
1779083602079 2.4654761904761905e-05 500
1779083626415 2.4416666666666666e-05 520
1779083634130 2.417857142857143e-05 540
1779083641837 2.3940476190476192e-05 560
1779083649585 2.3702380952380953e-05 580
1779083657283 2.3464285714285714e-05 600
1779083665001 2.322619047619048e-05 620
1779083672708 2.298809523809524e-05 640
1779083680445 2.275e-05 660
1779083688092 2.2511904761904762e-05 680
1779083695760 2.2273809523809526e-05 700
1779083703516 2.2035714285714287e-05 720
1779083711297 2.179761904761905e-05 740
1779083736945 2.155952380952381e-05 760
1779083744651 2.1321428571428574e-05 780
1779083752357 2.1083333333333332e-05 800
1779083760395 2.0845238095238096e-05 820
1779083768077 2.0607142857142858e-05 840
1779083775790 2.0369047619047622e-05 860
1779083783507 2.013095238095238e-05 880
1779083791234 1.9892857142857144e-05 900
1779083798955 1.9654761904761905e-05 920
1779083806709 1.9416666666666667e-05 940
1779083814428 1.9178571428571428e-05 960
1779083822072 1.894047619047619e-05 980
1779083829737 1.8702380952380953e-05 1000
1779083854979 1.8464285714285714e-05 1020
1779083862628 1.8226190476190476e-05 1040
1779083870306 1.7988095238095237e-05 1060
1779083878004 1.775e-05 1080
1779083885695 1.7511904761904762e-05 1100
1779083893392 1.7273809523809523e-05 1120
1779083901094 1.7035714285714285e-05 1140
1779083908809 1.679761904761905e-05 1160
1779083916517 1.655952380952381e-05 1180
1779083924218 1.632142857142857e-05 1200
1779083931903 1.6083333333333332e-05 1220
1779083939956 1.5845238095238097e-05 1240
1779083965039 1.5607142857142858e-05 1260
1779083972720 1.536904761904762e-05 1280
1779083980396 1.513095238095238e-05 1300
1779083988008 1.4892857142857143e-05 1320
1779083995812 1.4654761904761904e-05 1340
1779084003573 1.4416666666666667e-05 1360
1779084011390 1.4178571428571428e-05 1380
1779084019123 1.3940476190476191e-05 1400
1779084026717 1.3702380952380952e-05 1420
1779084034182 1.3464285714285715e-05 1440
1779084041644 1.3226190476190476e-05 1460
1779084049142 1.2988095238095239e-05 1480
1779084056588 1.275e-05 1500
1779084081667 1.2511904761904763e-05 1520
1779084089244 1.2273809523809524e-05 1540
1779084096760 1.2035714285714287e-05 1560
1779084104668 1.1797619047619048e-05 1580
1779084112270 1.155952380952381e-05 1600
1779084118482 1.1321428571428572e-05 1620
1779084126189 1.1083333333333335e-05 1640
1779084133851 1.0845238095238096e-05 1660
1779084141475 1.0607142857142858e-05 1680
1779084149064 1.036904761904762e-05 1700
1779084156785 1.0130952380952382e-05 1720
1779084164532 9.892857142857143e-06 1740
1779084190144 9.654761904761906e-06 1760
1779084197860 9.416666666666667e-06 1780
1779084205583 9.17857142857143e-06 1800
1779084213275 8.940476190476191e-06 1820
1779084221001 8.702380952380954e-06 1840
1779084228696 8.464285714285714e-06 1860
1779084236383 8.226190476190476e-06 1880
1779084244089 7.988095238095238e-06 1900
1779084251722 7.75e-06 1920
1779084259373 7.511904761904762e-06 1940
1779084267107 7.273809523809524e-06 1960
1779084275125 7.035714285714286e-06 1980
1779084282839 6.797619047619048e-06 2000
1779084308586 6.559523809523809e-06 2020
1779084316309 6.321428571428571e-06 2040
1779084323892 6.083333333333333e-06 2060
1779084331631 5.845238095238095e-06 2080
1779084339363 5.607142857142857e-06 2100
1779084347086 5.369047619047619e-06 2120
1779084354789 5.130952380952381e-06 2140
1779084362498 4.892857142857143e-06 2160
1779084370240 4.654761904761905e-06 2180
1779084377969 4.416666666666667e-06 2200
1779084385664 4.178571428571429e-06 2220
1779084393386 3.940476190476191e-06 2240
1779084418850 3.7023809523809525e-06 2260
1779084426531 3.4642857142857145e-06 2280
1779084434143 3.2261904761904764e-06 2300
1779084441775 2.988095238095238e-06 2320
1779084449463 2.75e-06 2340
1779084457516 2.511904761904762e-06 2360
1779084465186 2.273809523809524e-06 2380
1779084472843 2.0357142857142854e-06 2400
1779084480576 1.7976190476190478e-06 2420
1779084488321 1.5595238095238095e-06 2440
1779084495980 1.3214285714285715e-06 2460
1779084503662 1.0833333333333333e-06 2480
1779084511358 8.452380952380952e-07 2500
1779084536646 6.071428571428572e-07 2520
1779084544215 3.6904761904761906e-07 2540
1779084551709 1.3095238095238097e-07 2560
