1776090816740 2.3032736778259277 50
1776090868110 1.2125768661499023 100
1776090920273 0.8783237338066101 150
1776090972992 1.0494076013565063 200
1776091026258 1.3283778429031372 250
1776091079674 0.8651989698410034 300
1776091133152 1.7357304096221924 350
1776091186869 1.856671929359436 400
1776091240550 0.7092288732528687 450
1776091294235 1.1326239109039307 500
1776091348002 0.9246123433113098 550
1776091401585 1.9091968536376953 600
1776091455278 2.431713104248047 650
1776091508924 1.1693388223648071 700
1776091595891 1.6556962728500366 750
1776091649520 1.6846610307693481 800
1776091703254 1.5148077011108398 850
1776091756864 1.9859353303909302 900
1776091810555 1.3096323013305664 950
1776091864267 1.4926122426986694 1000
1776091917973 1.4765971899032593 1050
1776091971753 1.385857343673706 1100
1776092025518 1.4805757999420166 1150
1776092079290 1.8578662872314453 1200
1776092133014 1.3231254816055298 1250
1776092186713 1.8159202337265015 1300
1776092240478 2.767979145050049 1350
1776092294217 1.4180041551589966 1400
1776092347975 1.2521352767944336 1450
1776092433949 1.6147997379302979 1500
1776092487725 2.084468126296997 1550
1776092541378 1.6870635747909546 1600
1776092595123 2.810375452041626 1650
1776092648869 1.5786272287368774 1700
1776092702584 1.2848632335662842 1750
1776092756172 1.263420581817627 1800
1776092809739 1.5364185571670532 1850
1776092863530 2.8446578979492188 1900
1776092917225 1.8857134580612183 1950
1776092970793 1.5524871349334717 2000
1776093024349 1.5248477458953857 2050
1776093077821 1.6748093366622925 2100
1776093131330 1.903956413269043 2150
1776093185056 1.9641025066375732 2200
