1776090816740 0.3443524932861328 50
1776090868110 0.23650651931762695 100
1776090920273 0.2450273323059082 150
1776090972992 0.22815391540527344 200
1776091026258 0.20868539810180664 250
1776091079674 0.21419353485107423 300
1776091133152 0.21216156005859374 350
1776091186869 0.21229902267456055 400
1776091240550 0.2142279052734375 450
1776091294235 0.1955875015258789 500
1776091348002 0.2171025276184082 550
1776091401585 0.2008921432495117 600
1776091455278 0.21770578384399414 650
1776091508924 0.1982246971130371 700
1776091595891 0.19245187759399415 750
1776091649520 0.1948509407043457 800
1776091703254 0.1820792579650879 850
1776091756864 0.1838621139526367 900
1776091810555 0.1769407272338867 950
1776091864267 0.17338464736938478 1000
1776091917973 0.17695266723632813 1050
1776091971753 0.2000306510925293 1100
1776092025518 0.19362342834472657 1150
1776092079290 0.18662723541259765 1200
1776092133014 0.18381618499755858 1250
1776092186713 0.19501827239990235 1300
1776092240478 0.183207950592041 1350
1776092294217 0.17796848297119142 1400
1776092347975 0.18746187210083007 1450
1776092433949 0.19008594512939453 1500
1776092487725 0.15427067756652832 1550
1776092541378 0.16994266510009765 1600
1776092595123 0.17198694229125977 1650
1776092648869 0.15501921653747558 1700
1776092702584 0.15740567207336426 1750
1776092756172 0.18490768432617188 1800
1776092809739 0.16555965423583985 1850
1776092863530 0.18108146667480468 1900
1776092917225 0.15976666450500487 1950
1776092970793 0.17219959259033202 2000
1776093024349 0.16334037780761718 2050
1776093077821 0.15709753036499025 2100
1776093131330 0.16409429550170898 2150
1776093185056 0.1631113815307617 2200
