1779087677840 1.1400000000000001e-05 20
1779087690268 2.3400000000000003e-05 40
1779087702548 2.9844380403458215e-05 60
1779087714764 2.94985590778098e-05 80
1779087726206 2.9152737752161382e-05 100
1779087738197 2.880691642651297e-05 120
1779087750797 2.8461095100864555e-05 140
1779087763380 2.811527377521614e-05 160
1779087775945 2.7769452449567725e-05 180
1779087788534 2.7423631123919312e-05 200
1779087801066 2.707780979827089e-05 220
1779087813999 2.6731988472622478e-05 240
1779087841024 2.6386167146974065e-05 260
1779087853501 2.6040345821325648e-05 280
1779087865989 2.5694524495677235e-05 300
1779087878585 2.5348703170028818e-05 320
1779087891144 2.50028818443804e-05 340
1779087903435 2.4657060518731988e-05 360
1779087915996 2.4311239193083575e-05 380
1779087928589 2.396541786743516e-05 400
1779087941001 2.3619596541786745e-05 420
1779087953412 2.3273775216138328e-05 440
1779087965882 2.2927953890489914e-05 460
1779087978742 2.2582132564841498e-05 480
1779087991198 2.2236311239193084e-05 500
1779088017873 2.189048991354467e-05 520
1779088030447 2.1544668587896254e-05 540
1779088043003 2.1198847262247838e-05 560
1779088055500 2.0853025936599424e-05 580
1779088068007 2.050720461095101e-05 600
1779088080599 2.0161383285302594e-05 620
1779088093210 1.981556195965418e-05 640
1779088105766 1.9469740634005764e-05 660
1779088118375 1.9123919308357347e-05 680
1779088131303 1.8778097982708934e-05 700
1779088143462 1.843227665706052e-05 720
1779088155993 1.8086455331412104e-05 740
1779088182237 1.774063400576369e-05 760
1779088194543 1.7394812680115274e-05 780
1779088206872 1.7048991354466857e-05 800
1779088219201 1.6703170028818444e-05 820
1779088231504 1.635734870317003e-05 840
1779088243805 1.6011527377521617e-05 860
1779088254738 1.5665706051873197e-05 880
1779088267349 1.5319884726224783e-05 900
1779088279942 1.4974063400576368e-05 920
1779088292881 1.4628242074927955e-05 940
1779088305512 1.428242074927954e-05 960
1779088318064 1.3936599423631123e-05 980
1779088330485 1.359077809798271e-05 1000
1779088357357 1.3244956772334293e-05 1020
1779088369902 1.289913544668588e-05 1040
1779088382439 1.2553314121037465e-05 1060
1779088394617 1.2207492795389048e-05 1080
1779088407156 1.1861671469740635e-05 1100
1779088419673 1.151585014409222e-05 1120
1779088432714 1.1170028818443805e-05 1140
1779088445318 1.082420749279539e-05 1160
1779088457908 1.0478386167146974e-05 1180
1779088470518 1.013256484149856e-05 1200
1779088483038 9.786743515850144e-06 1220
1779088495558 9.44092219020173e-06 1240
1779088522206 9.095100864553314e-06 1260
1779088534706 8.7492795389049e-06 1280
1779088547201 8.403458213256484e-06 1300
1779088559767 8.057636887608069e-06 1320
1779088572317 7.711815561959654e-06 1340
1779088585346 7.36599423631124e-06 1360
1779088597915 7.020172910662824e-06 1380
1779088610475 6.674351585014409e-06 1400
1779088623017 6.328530259365995e-06 1420
1779088635273 5.98270893371758e-06 1440
1779088647783 5.636887608069165e-06 1460
1779088660413 5.2910662824207496e-06 1480
1779088673000 4.9452449567723345e-06 1500
1779088699638 4.5994236311239195e-06 1520
1779088711852 4.253602305475504e-06 1540
1779088724182 3.907780979827089e-06 1560
1779088736924 3.5619596541786743e-06 1580
1779088749275 3.2161383285302593e-06 1600
1779088761587 2.8703170028818442e-06 1620
1779088773815 2.5244956772334296e-06 1640
1779088784833 2.1786743515850145e-06 1660
1779088797378 1.8328530259365995e-06 1680
1779088809953 1.4870317002881845e-06 1700
1779088822460 1.1412103746397696e-06 1720
1779088835032 7.953890489913545e-07 1740
1779088861918 4.4956772334293947e-07 1760
1779088874886 1.037463976945245e-07 1780
