1779087677840 0.6961 20
1779087690268 0.6957 40
1779087702548 0.6983 60
1779087714764 0.6907 80
1779087726206 0.6951 100
1779087738197 0.6911 120
1779087750797 0.688 140
1779087763380 0.6892 160
1779087775945 0.6972 180
1779087788534 0.6928 200
1779087801066 0.6944 220
1779087813999 0.6868 240
1779087841024 0.6888 260
1779087853501 0.6932 280
1779087865989 0.6953 300
1779087878585 0.6853 320
1779087891144 0.6898 340
1779087903435 0.697 360
1779087915996 0.6862 380
1779087928589 0.6924 400
1779087941001 0.6824 420
1779087953412 0.6947 440
1779087965882 0.6872 460
1779087978742 0.6941 480
1779087991198 0.6962 500
1779088017873 0.6919 520
1779088030447 0.6909 540
1779088043003 0.6944 560
1779088055500 0.6938 580
1779088068007 0.6978 600
1779088080599 0.6978 620
1779088093210 0.6979 640
1779088105766 0.6926 660
1779088118375 0.6988 680
1779088131303 0.688 700
1779088143462 0.6932 720
1779088155993 0.6899 740
1779088182237 0.6952 760
1779088194543 0.6886 780
1779088206872 0.6923 800
1779088219201 0.691 820
1779088231504 0.6996 840
1779088243805 0.6973 860
1779088254738 0.6883 880
1779088267349 0.6893 900
1779088279942 0.6977 920
1779088292881 0.691 940
1779088305512 0.6968 960
1779088318064 0.6932 980
1779088330485 0.6901 1000
1779088357357 0.6946 1020
1779088369902 0.6901 1040
1779088382439 0.6935 1060
1779088394617 0.6921 1080
1779088407156 0.6852 1100
1779088419673 0.6891 1120
1779088432714 0.6868 1140
1779088445318 0.6967 1160
1779088457908 0.6995 1180
1779088470518 0.6891 1200
1779088483038 0.6964 1220
1779088495558 0.6928 1240
1779088522206 0.6936 1260
1779088534706 0.6863 1280
1779088547201 0.694 1300
1779088559767 0.6932 1320
1779088572317 0.6905 1340
1779088585346 0.6935 1360
1779088597915 0.6957 1380
1779088610475 0.6929 1400
1779088623017 0.6891 1420
1779088635273 0.6859 1440
1779088647783 0.6988 1460
1779088660413 0.6903 1480
1779088673000 0.6853 1500
1779088699638 0.6934 1520
1779088711852 0.6899 1540
1779088724182 0.695 1560
1779088736924 0.6989 1580
1779088749275 0.6931 1600
1779088761587 0.6922 1620
1779088773815 0.69 1640
1779088784833 0.6956 1660
1779088797378 0.6978 1680
1779088809953 0.6931 1700
1779088822460 0.6933 1720
1779088835032 0.6946 1740
1779088861918 0.6888 1760
1779088874886 0.6869 1780
