1778686426813 0.015015015015015015 20
1778686426974 0.03003003003003003 40
1778686427131 0.04504504504504504 60
1778686427289 0.06006006006006006 80
1778686427445 0.07507507507507508 100
1778686427602 0.09009009009009009 120
1778686427762 0.10510510510510511 140
1778686427920 0.12012012012012012 160
1778686428076 0.13513513513513514 180
1778686428231 0.15015015015015015 200
1778686428389 0.16516516516516516 220
1778686428544 0.18018018018018017 240
1778686430589 0.18768768768768768 250
1778686431266 0.19519519519519518 260
1778686431422 0.21021021021021022 280
1778686431580 0.22522522522522523 300
1778686431735 0.24024024024024024 320
1778686431892 0.2552552552552553 340
1778686432047 0.2702702702702703 360
1778686432203 0.2852852852852853 380
1778686432360 0.3003003003003003 400
1778686432517 0.3153153153153153 420
1778686432676 0.3303303303303303 440
1778686432831 0.34534534534534533 460
1778686432990 0.36036036036036034 480
1778686433145 0.37537537537537535 500
1778686435132 0.37537537537537535 500
1778686435812 0.39039039039039036 520
1778686435970 0.40540540540540543 540
1778686436126 0.42042042042042044 560
1778686436283 0.43543543543543545 580
1778686436439 0.45045045045045046 600
1778686436598 0.46546546546546547 620
1778686436758 0.4804804804804805 640
1778686436914 0.4954954954954955 660
1778686437072 0.5105105105105106 680
1778686437227 0.5255255255255256 700
1778686437385 0.5405405405405406 720
1778686437542 0.5555555555555556 740
1778686439600 0.5630630630630631 750
1778686440144 0.5705705705705706 760
1778686440302 0.5855855855855856 780
1778686440461 0.6006006006006006 800
1778686440619 0.6156156156156156 820
1778686440779 0.6306306306306306 840
1778686440936 0.6456456456456456 860
1778686441094 0.6606606606606606 880
1778686441253 0.6756756756756757 900
1778686441417 0.6906906906906907 920
1778686441577 0.7057057057057057 940
1778686441738 0.7207207207207207 960
1778686441899 0.7357357357357357 980
1778686442059 0.7507507507507507 1000
1778686444030 0.7507507507507507 1000
1778686444771 0.7657657657657657 1020
1778686444929 0.7807807807807807 1040
1778686445090 0.7957957957957958 1060
1778686445252 0.8108108108108109 1080
1778686445413 0.8258258258258259 1100
1778686445574 0.8408408408408409 1120
1778686445739 0.8558558558558559 1140
1778686445900 0.8708708708708709 1160
1778686446060 0.8858858858858859 1180
1778686446223 0.9009009009009009 1200
1778686446382 0.9159159159159159 1220
1778686446544 0.9309309309309309 1240
1778686448595 0.9384384384384384 1250
1778686449134 0.9459459459459459 1260
1778686449290 0.960960960960961 1280
1778686449448 0.975975975975976 1300
1778686449603 0.990990990990991 1320
1778686449765 1.006006006006006 1340
1778686449925 1.021021021021021 1360
1778686450081 1.0360360360360361 1380
1778686450239 1.0510510510510511 1400
1778686450395 1.0660660660660661 1420
1778686450555 1.0810810810810811 1440
1778686450715 1.0960960960960962 1460
1778686450876 1.1111111111111112 1480
1778686451038 1.1261261261261262 1500
1778686453013 1.1261261261261262 1500
1778686453695 1.1411411411411412 1520
1778686453854 1.1561561561561562 1540
1778686454014 1.1711711711711712 1560
1778686454172 1.1861861861861862 1580
1778686454332 1.2012012012012012 1600
1778686454489 1.2162162162162162 1620
1778686454647 1.2312312312312312 1640
1778686454803 1.2462462462462462 1660
1778686454961 1.2612612612612613 1680
1778686455119 1.2762762762762763 1700
1778686455277 1.2912912912912913 1720
1778686455440 1.3063063063063063 1740
1778686457499 1.3138138138138138 1750
1778686458166 1.3213213213213213 1760
1778686458325 1.3363363363363363 1780
1778686458483 1.3513513513513513 1800
1778686458640 1.3663663663663663 1820
1778686458797 1.3813813813813813 1840
1778686458953 1.3963963963963963 1860
1778686459110 1.4114114114114114 1880
1778686459265 1.4264264264264264 1900
1778686459424 1.4414414414414414 1920
1778686459580 1.4564564564564564 1940
1778686459737 1.4714714714714714 1960
1778686459892 1.4864864864864864 1980
1778686460050 1.5015015015015014 2000
1778686462025 1.5015015015015014 2000
1778686462711 1.5165165165165164 2020
1778686462869 1.5315315315315314 2040
1778686463023 1.5465465465465464 2060
1778686463180 1.5615615615615615 2080
1778686463335 1.5765765765765765 2100
1778686463491 1.5915915915915915 2120
1778686463646 1.6066066066066065 2140
1778686463804 1.6216216216216215 2160
1778686463960 1.6366366366366365 2180
1778686464116 1.6516516516516515 2200
1778686464272 1.6666666666666665 2220
1778686464429 1.6816816816816815 2240
1778686466487 1.689189189189189 2250
1778686467095 1.6966966966966965 2260
1778686467251 1.7117117117117115 2280
1778686467407 1.7267267267267268 2300
1778686467565 1.7417417417417418 2320
1778686467720 1.7567567567567568 2340
1778686467876 1.7717717717717718 2360
1778686468033 1.7867867867867868 2380
1778686468189 1.8018018018018018 2400
1778686468346 1.8168168168168168 2420
1778686468502 1.8318318318318318 2440
1778686468660 1.8468468468468469 2460
1778686468815 1.8618618618618619 2480
1778686468975 1.8768768768768769 2500
1778686470960 1.8768768768768769 2500
1778686471636 1.8918918918918919 2520
1778686471794 1.906906906906907 2540
1778686471953 1.921921921921922 2560
1778686472111 1.936936936936937 2580
1778686472267 1.951951951951952 2600
1778686472424 1.966966966966967 2620
1778686472582 1.981981981981982 2640
1778686472742 1.996996996996997 2660
1778686472904 2.012012012012012 2680
1778686473063 2.027027027027027 2700
1778686473231 2.042042042042042 2720
1778686473395 2.057057057057057 2740
1778686475447 2.0645645645645647 2750
1778686476054 2.0720720720720722 2760
1778686476211 2.0870870870870872 2780
1778686476369 2.1021021021021022 2800
1778686476525 2.1171171171171173 2820
1778686476683 2.1321321321321323 2840
1778686476838 2.1471471471471473 2860
1778686476995 2.1621621621621623 2880
1778686477150 2.1771771771771773 2900
1778686477311 2.1921921921921923 2920
1778686477474 2.2072072072072073 2940
1778686477637 2.2222222222222223 2960
1778686477800 2.2372372372372373 2980
1778686477961 2.2522522522522523 3000
1778686479927 2.2522522522522523 3000
1778686480609 2.2672672672672673 3020
1778686480768 2.2822822822822824 3040
1778686480930 2.2972972972972974 3060
1778686481089 2.3123123123123124 3080
1778686481249 2.3273273273273274 3100
1778686481408 2.3423423423423424 3120
1778686481572 2.3573573573573574 3140
1778686481734 2.3723723723723724 3160
1778686481892 2.3873873873873874 3180
1778686482047 2.4024024024024024 3200
1778686482203 2.4174174174174174 3220
1778686482358 2.4324324324324325 3240
1778686484429 2.43993993993994 3250
1778686485031 2.4474474474474475 3260
1778686485187 2.4624624624624625 3280
1778686485347 2.4774774774774775 3300
1778686485502 2.4924924924924925 3320
1778686485660 2.5075075075075075 3340
1778686485815 2.5225225225225225 3360
1778686485972 2.5375375375375375 3380
1778686486129 2.5525525525525525 3400
1778686486286 2.5675675675675675 3420
1778686486444 2.5825825825825826 3440
1778686486599 2.5975975975975976 3460
1778686486757 2.6126126126126126 3480
1778686486911 2.6276276276276276 3500
1778686488898 2.6276276276276276 3500
1778686489579 2.6426426426426426 3520
1778686489738 2.6576576576576576 3540
1778686489897 2.6726726726726726 3560
1778686490053 2.6876876876876876 3580
1778686490210 2.7027027027027026 3600
1778686490366 2.7177177177177176 3620
1778686490526 2.7327327327327327 3640
1778686490684 2.7477477477477477 3660
1778686490842 2.7627627627627627 3680
1778686490997 2.7777777777777777 3700
1778686491153 2.7927927927927927 3720
1778686491312 2.8078078078078077 3740
1778686493400 2.815315315315315 3750
1778686493940 2.8228228228228227 3760
1778686494096 2.8378378378378377 3780
1778686494255 2.8528528528528527 3800
1778686494412 2.8678678678678677 3820
1778686494572 2.8828828828828827 3840
1778686494736 2.8978978978978978 3860
1778686494897 2.9129129129129128 3880
1778686495057 2.9279279279279278 3900
1778686495214 2.942942942942943 3920
1778686495376 2.957957957957958 3940
1778686495533 2.972972972972973 3960
1778686495693 2.987987987987988 3980
1778686495854 3.003003003003003 4000
1778686497866 3.003003003003003 4000
1778686498537 3.018018018018018 4020
1778686498694 3.033033033033033 4040
1778686498853 3.048048048048048 4060
1778686499012 3.063063063063063 4080
1778686499170 3.078078078078078 4100
1778686499328 3.093093093093093 4120
1778686499483 3.108108108108108 4140
1778686499639 3.123123123123123 4160
1778686499796 3.138138138138138 4180
1778686499954 3.153153153153153 4200
1778686500110 3.1681681681681684 4220
1778686500269 3.1831831831831834 4240
1778686502329 3.190690690690691 4250
1778686502934 3.1981981981981984 4260
1778686503097 3.2132132132132134 4280
1778686503257 3.2282282282282284 4300
1778686503422 3.2432432432432434 4320
1778686503581 3.2582582582582584 4340
1778686503743 3.2732732732732734 4360
1778686503900 3.2882882882882885 4380
1778686504063 3.3033033033033035 4400
1778686504223 3.3183183183183185 4420
1778686504385 3.3333333333333335 4440
1778686504546 3.3483483483483485 4460
1778686504703 3.3633633633633635 4480
1778686504864 3.3783783783783785 4500
1778686506848 3.3783783783783785 4500
1778686507746 3.3933933933933935 4520
1778686507913 3.4084084084084085 4540
1778686508078 3.4234234234234235 4560
1778686508248 3.4384384384384385 4580
1778686508418 3.4534534534534536 4600
1778686508574 3.4684684684684686 4620
1778686508816 3.4834834834834836 4640
1778686509009 3.4984984984984986 4660
1778686509169 3.5135135135135136 4680
1778686509327 3.5285285285285286 4700
1778686509486 3.5435435435435436 4720
1778686509644 3.5585585585585586 4740
1778686511698 3.566066066066066 4750
1778686512309 3.5735735735735736 4760
1778686512466 3.5885885885885886 4780
1778686512628 3.6036036036036037 4800
1778686512785 3.6186186186186187 4820
1778686512946 3.6336336336336337 4840
1778686513104 3.6486486486486487 4860
1778686513263 3.6636636636636637 4880
1778686513425 3.6786786786786787 4900
1778686513587 3.6936936936936937 4920
1778686513748 3.7087087087087087 4940
1778686513904 3.7237237237237237 4960
1778686514062 3.7387387387387387 4980
1778686514218 3.7537537537537538 5000
1778686516197 3.7537537537537538 5000
1778686516826 3.7687687687687688 5020
1778686516987 3.7837837837837838 5040
1778686517146 3.798798798798799 5060
1778686517307 3.813813813813814 5080
1778686517465 3.828828828828829 5100
1778686517624 3.843843843843844 5120
1778686517784 3.858858858858859 5140
1778686517939 3.873873873873874 5160
1778686518098 3.888888888888889 5180
1778686518255 3.903903903903904 5200
1778686518416 3.918918918918919 5220
1778686518572 3.933933933933934 5240
1778686520642 3.9414414414414414 5250
1778686521331 3.948948948948949 5260
1778686521488 3.963963963963964 5280
1778686521645 3.978978978978979 5300
1778686521806 3.993993993993994 5320
1778686522441 4.0 5328
1778686524498 4.0 5328
1778686527392 4.0 5328
1778686528000 4.0 0
