1778686426813 0.6991 20
1778686426974 0.6999 40
1778686427131 0.6992 60
1778686427289 0.694 80
1778686427445 0.6947 100
1778686427602 0.6909 120
1778686427762 0.6886 140
1778686427920 0.69 160
1778686428076 0.6887 180
1778686428231 0.6853 200
1778686428389 0.6901 220
1778686428544 0.6885 240
1778686431266 0.6852 260
1778686431422 0.6831 280
1778686431580 0.6837 300
1778686431735 0.6801 320
1778686431892 0.6831 340
1778686432047 0.6799 360
1778686432203 0.6835 380
1778686432360 0.6801 400
1778686432517 0.6806 420
1778686432676 0.678 440
1778686432831 0.6785 460
1778686432990 0.6792 480
1778686433145 0.6793 500
1778686435812 0.6761 520
1778686435970 0.6774 540
1778686436126 0.6757 560
1778686436283 0.6797 580
1778686436439 0.6798 600
1778686436598 0.6761 620
1778686436758 0.6722 640
1778686436914 0.6765 660
1778686437072 0.6733 680
1778686437227 0.6706 700
1778686437385 0.6765 720
1778686437542 0.6686 740
1778686440144 0.6691 760
1778686440302 0.6697 780
1778686440461 0.6716 800
1778686440619 0.6715 820
1778686440779 0.6775 840
1778686440936 0.6641 860
1778686441094 0.6628 880
1778686441253 0.6717 900
1778686441417 0.6731 920
1778686441577 0.6635 940
1778686441738 0.6672 960
1778686441899 0.6616 980
1778686442059 0.6665 1000
1778686444771 0.6617 1020
1778686444929 0.6665 1040
1778686445090 0.6696 1060
1778686445252 0.6711 1080
1778686445413 0.6656 1100
1778686445574 0.6569 1120
1778686445739 0.6661 1140
1778686445900 0.6674 1160
1778686446060 0.667 1180
1778686446223 0.657 1200
1778686446382 0.6653 1220
1778686446544 0.6664 1240
1778686449134 0.6598 1260
1778686449290 0.6625 1280
1778686449448 0.6745 1300
1778686449603 0.6588 1320
1778686449765 0.6593 1340
1778686449925 0.6635 1360
1778686450081 0.6613 1380
1778686450239 0.6586 1400
1778686450395 0.6559 1420
1778686450555 0.6572 1440
1778686450715 0.6643 1460
1778686450876 0.6652 1480
1778686451038 0.6588 1500
1778686453695 0.6626 1520
1778686453854 0.6581 1540
1778686454014 0.6546 1560
1778686454172 0.6527 1580
1778686454332 0.6568 1600
1778686454489 0.6446 1620
1778686454647 0.6604 1640
1778686454803 0.6613 1660
1778686454961 0.655 1680
1778686455119 0.6581 1700
1778686455277 0.6548 1720
1778686455440 0.6559 1740
1778686458166 0.6552 1760
1778686458325 0.6555 1780
1778686458483 0.6597 1800
1778686458640 0.6654 1820
1778686458797 0.6521 1840
1778686458953 0.6473 1860
1778686459110 0.651 1880
1778686459265 0.6586 1900
1778686459424 0.6571 1920
1778686459580 0.6486 1940
1778686459737 0.6553 1960
1778686459892 0.6583 1980
1778686460050 0.6479 2000
1778686462711 0.666 2020
1778686462869 0.6648 2040
1778686463023 0.6502 2060
1778686463180 0.6531 2080
1778686463335 0.6459 2100
1778686463491 0.6521 2120
1778686463646 0.6583 2140
1778686463804 0.6514 2160
1778686463960 0.6486 2180
1778686464116 0.6503 2200
1778686464272 0.6517 2220
1778686464429 0.6473 2240
1778686467095 0.6623 2260
1778686467251 0.6471 2280
1778686467407 0.6565 2300
1778686467565 0.6562 2320
1778686467720 0.6534 2340
1778686467876 0.6604 2360
1778686468033 0.6488 2380
1778686468189 0.6424 2400
1778686468346 0.6559 2420
1778686468502 0.6423 2440
1778686468660 0.659 2460
1778686468815 0.6504 2480
1778686468975 0.6536 2500
1778686471636 0.6442 2520
1778686471794 0.6507 2540
1778686471953 0.6467 2560
1778686472111 0.6401 2580
1778686472267 0.6519 2600
1778686472424 0.6447 2620
1778686472582 0.6563 2640
1778686472742 0.6511 2660
1778686472904 0.6462 2680
1778686473063 0.6523 2700
1778686473231 0.6548 2720
1778686473395 0.6415 2740
1778686476054 0.6513 2760
1778686476211 0.648 2780
1778686476369 0.6438 2800
1778686476525 0.6393 2820
1778686476683 0.6467 2840
1778686476838 0.6473 2860
1778686476995 0.6455 2880
1778686477150 0.6396 2900
1778686477311 0.6486 2920
1778686477474 0.6452 2940
1778686477637 0.6494 2960
1778686477800 0.6509 2980
1778686477961 0.6489 3000
1778686480609 0.6567 3020
1778686480768 0.6445 3040
1778686480930 0.6349 3060
1778686481089 0.6391 3080
1778686481249 0.6407 3100
1778686481408 0.6426 3120
1778686481572 0.6537 3140
1778686481734 0.6394 3160
1778686481892 0.632 3180
1778686482047 0.6532 3200
1778686482203 0.6353 3220
1778686482358 0.6448 3240
1778686485031 0.6412 3260
1778686485187 0.64 3280
1778686485347 0.6486 3300
1778686485502 0.6469 3320
1778686485660 0.6448 3340
1778686485815 0.6508 3360
1778686485972 0.6492 3380
1778686486129 0.6422 3400
1778686486286 0.6461 3420
1778686486444 0.6526 3440
1778686486599 0.6425 3460
1778686486757 0.6357 3480
1778686486911 0.6464 3500
1778686489579 0.648 3520
1778686489738 0.646 3540
1778686489897 0.6523 3560
1778686490053 0.6348 3580
1778686490210 0.6444 3600
1778686490366 0.6322 3620
1778686490526 0.6409 3640
1778686490684 0.6433 3660
1778686490842 0.6395 3680
1778686490997 0.6408 3700
1778686491153 0.6369 3720
1778686491312 0.6453 3740
1778686493940 0.6406 3760
1778686494096 0.6377 3780
1778686494255 0.6499 3800
1778686494412 0.6341 3820
1778686494572 0.642 3840
1778686494736 0.6452 3860
1778686494897 0.6383 3880
1778686495057 0.6377 3900
1778686495214 0.6414 3920
1778686495376 0.6404 3940
1778686495533 0.6392 3960
1778686495693 0.6352 3980
1778686495854 0.6402 4000
1778686498537 0.6374 4020
1778686498694 0.6356 4040
1778686498853 0.65 4060
1778686499012 0.637 4080
1778686499170 0.6328 4100
1778686499328 0.6483 4120
1778686499483 0.6374 4140
1778686499639 0.6308 4160
1778686499796 0.6375 4180
1778686499954 0.6367 4200
1778686500110 0.643 4220
1778686500269 0.6367 4240
1778686502934 0.6345 4260
1778686503097 0.649 4280
1778686503257 0.6536 4300
1778686503422 0.6398 4320
1778686503581 0.6444 4340
1778686503743 0.6396 4360
1778686503900 0.643 4380
1778686504063 0.644 4400
1778686504223 0.635 4420
1778686504385 0.6407 4440
1778686504546 0.648 4460
1778686504703 0.6317 4480
1778686504864 0.6301 4500
1778686507746 0.6429 4520
1778686507913 0.6452 4540
1778686508078 0.6318 4560
1778686508248 0.6375 4580
1778686508418 0.6387 4600
1778686508574 0.6444 4620
1778686508816 0.6489 4640
1778686509009 0.6473 4660
1778686509169 0.6339 4680
1778686509327 0.6368 4700
1778686509486 0.6408 4720
1778686509644 0.6432 4740
1778686512309 0.6407 4760
1778686512466 0.6271 4780
1778686512628 0.6302 4800
1778686512785 0.6434 4820
1778686512946 0.6269 4840
1778686513104 0.643 4860
1778686513263 0.6406 4880
1778686513425 0.6358 4900
1778686513587 0.6322 4920
1778686513748 0.6317 4940
1778686513904 0.6348 4960
1778686514062 0.6303 4980
1778686514218 0.6401 5000
1778686516826 0.6484 5020
1778686516987 0.6317 5040
1778686517146 0.6328 5060
1778686517307 0.6261 5080
1778686517465 0.6383 5100
1778686517624 0.6359 5120
1778686517784 0.6461 5140
1778686517939 0.6357 5160
1778686518098 0.6268 5180
1778686518255 0.6336 5200
1778686518416 0.644 5220
1778686518572 0.6374 5240
1778686521331 0.6325 5260
1778686521488 0.6526 5280
1778686521645 0.6236 5300
1778686521806 0.6402 5320
