1778845936107 0.09249531477689743 20
1778845937805 0.16812966763973236 40
1778845939499 0.07980284839868546 60
1778845941193 0.08580608665943146 80
1778845942888 0.07362226396799088 100
1778845944583 0.04676206782460213 120
1778845946278 0.054241281002759933 140
1778845947973 0.2615787982940674 160
1778845949669 0.10036307573318481 180
1778845951365 0.1375693827867508 200
1778845953060 0.25254878401756287 220
1778845954756 0.11368993669748306 240
1778845967810 0.07590269297361374 260
1778845969544 0.05526329204440117 280
1778845971265 0.13277633488178253 300
1778845972967 0.08708833158016205 320
1778845974666 0.1429874300956726 340
1778845976364 0.0605250708758831 360
1778845978061 0.11024164408445358 380
1778845979759 0.06978986412286758 400
1778845981456 0.1121215745806694 420
1778845983153 0.2427186667919159 440
1778845984848 0.14657871425151825 460
1778845986544 0.15169572830200195 480
1778845988239 0.06090560182929039 500
1778846001536 0.12400895357131958 520
1778846003232 0.07190798223018646 540
1778846004927 0.1538524627685547 560
1778846006625 0.10840349644422531 580
1778846008321 0.12124879658222198 600
1778846010017 0.04002593830227852 620
1778846011716 0.20493341982364655 640
1778846013413 0.040183987468481064 660
1778846015109 0.15512828528881073 680
1778846016805 0.14680814743041992 700
1778846018501 0.14416034519672394 720
1778846020196 0.05389288812875748 740
1778846033123 0.13820378482341766 760
1778846034818 0.11020984500646591 780
1778846036514 0.05098990350961685 800
1778846038210 0.19911853969097137 820
1778846039905 0.10724756866693497 840
1778846041600 0.194895401597023 860
1778846043297 0.15140725672245026 880
1778846044993 0.1933847814798355 900
1778846046659 0.14174163341522217 920
1778846048357 0.04641009122133255 940
1778846050052 0.10354237258434296 960
1778846051747 0.22410283982753754 980
1778846053442 0.06614985316991806 1000
1778846066946 0.17204460501670837 1020
1778846068641 0.1413213461637497 1040
1778846070336 0.07227671891450882 1060
1778846072032 0.14180371165275574 1080
1778846073726 0.32650911808013916 1100
1778846075421 0.07954234629869461 1120
1778846077116 0.09835954010486603 1140
1778846078811 0.38644298911094666 1160
1778846080506 0.10731364041566849 1180
1778846082201 0.23287703096866608 1200
1778846083896 0.06457284092903137 1220
1778846085591 0.06891965866088867 1240
1778846098892 0.1522793173789978 1260
1778846100626 0.05871595814824104 1280
1778846102361 0.050772588700056076 1300
1778846104094 0.1029801294207573 1320
1778846105825 0.190156951546669 1340
1778846107537 0.056061021983623505 1360
1778846109232 0.2445378303527832 1380
1778846110929 0.10944054275751114 1400
1778846112626 0.10590927302837372 1420
1778846114321 0.0707012340426445 1440
1778846116016 0.13916702568531036 1460
1778846117711 0.06764815002679825 1480
1778846119406 0.11351373791694641 1500
1778846132538 0.1604408621788025 1520
1778846134234 0.19074685871601105 1540
1778846135929 0.05764302238821983 1560
1778846137627 0.0653122290968895 1580
1778846139322 0.04734029248356819 1600
1778846141018 0.06010725721716881 1620
1778846142715 0.042368654161691666 1640
1778846144411 0.1342967003583908 1660
1778846146107 0.06081950291991234 1680
1778846147802 0.1958862692117691 1700
1778846149502 0.07223445922136307 1720
1778846151198 0.04422252997756004 1740
1778846164345 0.1773441731929779 1760
1778846166041 0.04477563500404358 1780
1778846167736 0.1292443573474884 1800
1778846169431 0.0887797549366951 1820
1778846171097 0.11293960362672806 1840
1778846172792 0.06243494525551796 1860
1778846174488 0.09011538326740265 1880
1778846176183 0.14695775508880615 1900
1778846177879 0.13134855031967163 1920
1778846179574 0.040599822998046875 1940
1778846181270 0.04838382080197334 1960
1778846182965 0.1626235544681549 1980
1778846184663 0.04204196110367775 2000
1778846197537 0.03480830043554306 2020
1778846199233 0.07171175628900528 2040
1778846200928 0.06923585385084152 2060
1778846202624 0.0611962229013443 2080
1778846204319 0.24197013676166534 2100
1778846206015 0.2124885618686676 2120
1778846207710 0.11339543014764786 2140
1778846209405 0.06566013395786285 2160
1778846211101 0.14695337414741516 2180
1778846212796 0.09650745987892151 2200
1778846214491 0.053923022001981735 2220
1778846216187 0.05342761054635048 2240
1778846229349 0.11558882892131805 2260
1778846231081 0.06106079742312431 2280
1778846232813 0.10274909436702728 2300
1778846234547 0.15599209070205688 2320
1778846236279 0.0645383819937706 2340
1778846238011 0.07585491240024567 2360
1778846239732 0.06487979739904404 2380
1778846241468 0.33806312084198 2400
1778846243173 0.15499620139598846 2420
1778846244870 0.07581169903278351 2440
1778846246565 0.15832413733005524 2460
1778846248260 0.04759376868605614 2480
1778846249956 0.1701388657093048 2500
1778846263219 0.09334154427051544 2520
1778846264915 0.07748846709728241 2540
1778846266610 0.165469691157341 2560
1778846268307 0.12199092656373978 2580
1778846270004 0.27893194556236267 2600
1778846271699 0.04218822345137596 2620
1778846273394 0.06215102970600128 2640
1778846275089 0.1624419242143631 2660
1778846276784 0.0783737450838089 2680
1778846278479 0.10259426385164261 2700
1778846280174 0.26986265182495117 2720
1778846281839 0.22923828661441803 2740
1778846295254 0.09076076000928879 2760
1778846296949 0.12474570423364639 2780
1778846298644 0.24554163217544556 2800
1778846300342 0.18993638455867767 2820
1778846302037 0.08826607465744019 2840
1778846303731 0.0717541053891182 2860
1778846305430 0.19562099874019623 2880
1778846307126 0.10929661244153976 2900
1778846308821 0.2163766473531723 2920
1778846310516 0.12101560086011887 2940
1778846312210 0.040600501000881195 2960
1778846313905 0.10522840172052383 2980
1778846315599 0.17710672318935394 3000
1778846328555 0.1279541552066803 3020
1778846330250 0.10742013901472092 3040
1778846331946 0.1799866259098053 3060
1778846333641 0.20003193616867065 3080
1778846335336 0.05642683431506157 3100
1778846337031 0.05654978007078171 3120
1778846338727 0.05844162032008171 3140
1778846340422 0.15569324791431427 3160
1778846342121 0.06343894451856613 3180
1778846343817 0.1134975254535675 3200
1778846345512 0.04408765211701393 3220
1778846347210 0.0501987598836422 3240
1778846360639 0.12598127126693726 3260
1778846362374 0.048353493213653564 3280
1778846364107 0.20257343351840973 3300
1778846365840 0.1345038264989853 3320
1778846367573 0.03629768639802933 3340
1778846369306 0.08519763499498367 3360
1778846371037 0.12124297767877579 3380
1778846372768 0.14025773108005524 3400
1778846374491 0.23428551852703094 3420
1778846376192 0.10339190065860748 3440
1778846377888 0.07253341376781464 3460
1778846379583 0.03518271446228027 3480
1778846381279 0.053484849631786346 3500
1778846394200 0.24657726287841797 3520
1778846395898 0.03310099244117737 3540
1778846397594 0.14447534084320068 3560
1778846399290 0.06388165056705475 3580
1778846400988 0.05787425488233566 3600
1778846402685 0.1140231192111969 3620
1778846404381 0.04345811530947685 3640
1778846406046 0.11612879484891891 3660
1778846407742 0.17377519607543945 3680
1778846409437 0.03986369073390961 3700
1778846411133 0.253285676240921 3720
1778846412828 0.11098112165927887 3740
1778846425934 0.08533035218715668 3760
1778846427629 0.09357056021690369 3780
1778846429324 0.05979311093688011 3800
1778846431020 0.16992822289466858 3820
1778846432715 0.12160443514585495 3840
1778846434410 0.21482646465301514 3860
1778846436106 0.07307364046573639 3880
1778846437804 0.05226588994264603 3900
1778846439499 0.08030354976654053 3920
1778846441195 0.06303463131189346 3940
1778846442892 0.2119573950767517 3960
1778846444589 0.0401107594370842 3980
1778846446284 0.1891646683216095 4000
1778846459412 0.15684114396572113 4020
1778846461108 0.06365406513214111 4040
1778846462803 0.11844132840633392 4060
1778846464498 0.11218155175447464 4080
1778846466193 0.048326168209314346 4100
1778846467888 0.1587936133146286 4120
1778846469583 0.09007974714040756 4140
1778846471278 0.0899701863527298 4160
1778846472973 0.05367228388786316 4180
1778846474668 0.06881233304738998 4200
1778846476364 0.06894892454147339 4220
1778846478060 0.11593488603830338 4240
1778846491163 0.05297253653407097 4260
1778846492857 0.16515688598155975 4280
1778846494552 0.22431747615337372 4300
1778846496281 0.036385081708431244 4320
1778846498013 0.19462469220161438 4340
1778846499746 0.07530459016561508 4360
1778846501475 0.1578046977519989 4380
1778846503205 0.08433655649423599 4400
1778846504928 0.11262880265712738 4420
1778846506657 0.04881719872355461 4440
1778846508371 0.03832407295703888 4460
1778846510070 0.11246243119239807 4480
1778846511770 0.085285983979702 4500
1778846524971 0.06701333820819855 4520
1778846526666 0.12136944383382797 4540
