1778845936107 3.8e-05 20
1778845937805 7.800000000000001e-05 40
1778845939499 9.980022197558269e-05 60
1778845941193 9.935627081021089e-05 80
1778845942888 9.891231964483907e-05 100
1778845944583 9.846836847946727e-05 120
1778845946278 9.802441731409545e-05 140
1778845947973 9.758046614872365e-05 160
1778845949669 9.713651498335183e-05 180
1778845951365 9.669256381798003e-05 200
1778845953060 9.624861265260821e-05 220
1778845954756 9.580466148723641e-05 240
1778845967810 9.53607103218646e-05 260
1778845969544 9.491675915649278e-05 280
1778845971265 9.447280799112098e-05 300
1778845972967 9.402885682574917e-05 320
1778845974666 9.358490566037736e-05 340
1778845976364 9.314095449500556e-05 360
1778845978061 9.269700332963375e-05 380
1778845979759 9.225305216426194e-05 400
1778845981456 9.180910099889013e-05 420
1778845983153 9.136514983351832e-05 440
1778845984848 9.092119866814651e-05 460
1778845986544 9.04772475027747e-05 480
1778845988239 9.00332963374029e-05 500
1778846001536 8.958934517203108e-05 520
1778846003232 8.914539400665926e-05 540
1778846004927 8.870144284128746e-05 560
1778846006625 8.825749167591564e-05 580
1778846008321 8.781354051054384e-05 600
1778846010017 8.736958934517203e-05 620
1778846011716 8.692563817980022e-05 640
1778846013413 8.648168701442842e-05 660
1778846015109 8.603773584905662e-05 680
1778846016805 8.55937846836848e-05 700
1778846018501 8.5149833518313e-05 720
1778846020196 8.470588235294118e-05 740
1778846033123 8.426193118756938e-05 760
1778846034818 8.381798002219756e-05 780
1778846036514 8.337402885682575e-05 800
1778846038210 8.293007769145394e-05 820
1778846039905 8.248612652608213e-05 840
1778846041600 8.204217536071033e-05 860
1778846043297 8.159822419533851e-05 880
1778846044993 8.115427302996671e-05 900
1778846046659 8.071032186459489e-05 920
1778846048357 8.026637069922309e-05 940
1778846050052 7.982241953385127e-05 960
1778846051747 7.937846836847947e-05 980
1778846053442 7.893451720310767e-05 1000
1778846066946 7.849056603773586e-05 1020
1778846068641 7.804661487236405e-05 1040
1778846070336 7.760266370699223e-05 1060
1778846072032 7.715871254162043e-05 1080
1778846073726 7.671476137624861e-05 1100
1778846075421 7.627081021087681e-05 1120
1778846077116 7.5826859045505e-05 1140
1778846078811 7.538290788013319e-05 1160
1778846080506 7.493895671476137e-05 1180
1778846082201 7.449500554938957e-05 1200
1778846083896 7.405105438401776e-05 1220
1778846085591 7.360710321864595e-05 1240
1778846098892 7.316315205327414e-05 1260
1778846100626 7.271920088790233e-05 1280
1778846102361 7.227524972253052e-05 1300
1778846104094 7.183129855715872e-05 1320
1778846105825 7.138734739178691e-05 1340
1778846107537 7.09433962264151e-05 1360
1778846109232 7.04994450610433e-05 1380
1778846110929 7.005549389567148e-05 1400
1778846112626 6.961154273029968e-05 1420
1778846114321 6.916759156492786e-05 1440
1778846116016 6.872364039955606e-05 1460
1778846117711 6.827968923418424e-05 1480
1778846119406 6.783573806881244e-05 1500
1778846132538 6.739178690344062e-05 1520
1778846134234 6.694783573806882e-05 1540
1778846135929 6.6503884572697e-05 1560
1778846137627 6.605993340732519e-05 1580
1778846139322 6.561598224195338e-05 1600
1778846141018 6.517203107658158e-05 1620
1778846142715 6.472807991120978e-05 1640
1778846144411 6.428412874583796e-05 1660
1778846146107 6.384017758046616e-05 1680
1778846147802 6.339622641509434e-05 1700
1778846149502 6.295227524972254e-05 1720
1778846151198 6.250832408435072e-05 1740
1778846164345 6.206437291897892e-05 1760
1778846166041 6.16204217536071e-05 1780
1778846167736 6.11764705882353e-05 1800
1778846169431 6.0732519422863486e-05 1820
1778846171097 6.028856825749167e-05 1840
1778846172792 5.984461709211987e-05 1860
1778846174488 5.940066592674806e-05 1880
1778846176183 5.8956714761376255e-05 1900
1778846177879 5.851276359600444e-05 1920
1778846179574 5.8068812430632636e-05 1940
1778846181270 5.762486126526082e-05 1960
1778846182965 5.718091009988902e-05 1980
1778846184663 5.67369589345172e-05 2000
1778846197537 5.62930077691454e-05 2020
1778846199233 5.584905660377359e-05 2040
1778846200928 5.5405105438401786e-05 2060
1778846202624 5.496115427302997e-05 2080
1778846204319 5.451720310765817e-05 2100
1778846206015 5.407325194228635e-05 2120
1778846207710 5.3629300776914535e-05 2140
1778846209405 5.318534961154273e-05 2160
1778846211101 5.274139844617092e-05 2180
1778846212796 5.2297447280799113e-05 2200
1778846214491 5.1853496115427304e-05 2220
1778846216187 5.14095449500555e-05 2240
1778846229349 5.0965593784683685e-05 2260
1778846231081 5.052164261931188e-05 2280
1778846232813 5.0077691453940066e-05 2300
1778846234547 4.963374028856826e-05 2320
1778846236279 4.918978912319645e-05 2340
1778846238011 4.8745837957824645e-05 2360
1778846239732 4.8301886792452835e-05 2380
1778846241468 4.7857935627081026e-05 2400
1778846243173 4.7413984461709216e-05 2420
1778846244870 4.697003329633741e-05 2440
1778846246565 4.65260821309656e-05 2460
1778846248260 4.608213096559379e-05 2480
1778846249956 4.563817980022198e-05 2500
1778846263219 4.519422863485017e-05 2520
1778846264915 4.475027746947836e-05 2540
1778846266610 4.430632630410655e-05 2560
1778846268307 4.386237513873474e-05 2580
1778846270004 4.341842397336293e-05 2600
1778846271699 4.297447280799112e-05 2620
1778846273394 4.253052164261931e-05 2640
1778846275089 4.20865704772475e-05 2660
1778846276784 4.16426193118757e-05 2680
1778846278479 4.119866814650389e-05 2700
1778846280174 4.075471698113208e-05 2720
1778846281839 4.031076581576027e-05 2740
1778846295254 3.9866814650388456e-05 2760
1778846296949 3.9422863485016646e-05 2780
1778846298644 3.897891231964484e-05 2800
1778846300342 3.853496115427303e-05 2820
1778846302037 3.8091009988901225e-05 2840
1778846303731 3.7647058823529415e-05 2860
1778846305430 3.7203107658157606e-05 2880
1778846307126 3.6759156492785796e-05 2900
1778846308821 3.631520532741399e-05 2920
1778846310516 3.587125416204218e-05 2940
1778846312210 3.542730299667037e-05 2960
1778846313905 3.498335183129856e-05 2980
1778846315599 3.453940066592675e-05 3000
1778846328555 3.409544950055494e-05 3020
1778846330250 3.365149833518313e-05 3040
1778846331946 3.320754716981132e-05 3060
1778846333641 3.276359600443951e-05 3080
1778846335336 3.23196448390677e-05 3100
1778846337031 3.187569367369589e-05 3120
1778846338727 3.143174250832408e-05 3140
1778846340422 3.098779134295228e-05 3160
1778846342121 3.054384017758047e-05 3180
1778846343817 3.0099889012208658e-05 3200
1778846345512 2.9655937846836852e-05 3220
1778846347210 2.9211986681465043e-05 3240
1778846360639 2.8768035516093233e-05 3260
1778846362374 2.832408435072142e-05 3280
1778846364107 2.788013318534961e-05 3300
1778846365840 2.74361820199778e-05 3320
1778846367573 2.6992230854605992e-05 3340
1778846369306 2.6548279689234186e-05 3360
1778846371037 2.6104328523862376e-05 3380
1778846372768 2.5660377358490567e-05 3400
1778846374491 2.5216426193118758e-05 3420
1778846376192 2.4772475027746948e-05 3440
1778846377888 2.4328523862375142e-05 3460
1778846379583 2.388457269700333e-05 3480
1778846381279 2.344062153163152e-05 3500
1778846394200 2.2996670366259714e-05 3520
1778846395898 2.2552719200887904e-05 3540
1778846397594 2.2108768035516095e-05 3560
1778846399290 2.1664816870144285e-05 3580
1778846400988 2.1220865704772476e-05 3600
1778846402685 2.0776914539400666e-05 3620
1778846404381 2.0332963374028857e-05 3640
1778846406046 1.9889012208657048e-05 3660
1778846407742 1.9445061043285238e-05 3680
1778846409437 1.9001109877913432e-05 3700
1778846411133 1.8557158712541623e-05 3720
1778846412828 1.811320754716981e-05 3740
1778846425934 1.7669256381798004e-05 3760
1778846427629 1.7225305216426194e-05 3780
1778846429324 1.6781354051054385e-05 3800
1778846431020 1.6337402885682575e-05 3820
1778846432715 1.5893451720310766e-05 3840
1778846434410 1.544950055493896e-05 3860
1778846436106 1.5005549389567147e-05 3880
1778846437804 1.456159822419534e-05 3900
1778846439499 1.411764705882353e-05 3920
1778846441195 1.367369589345172e-05 3940
1778846442892 1.3229744728079913e-05 3960
1778846444589 1.2785793562708103e-05 3980
1778846446284 1.2341842397336294e-05 4000
1778846459412 1.1897891231964484e-05 4020
1778846461108 1.1453940066592675e-05 4040
1778846462803 1.1009988901220865e-05 4060
1778846464498 1.0566037735849058e-05 4080
1778846466193 1.0122086570477248e-05 4100
1778846467888 9.678135405105439e-06 4120
1778846469583 9.23418423973363e-06 4140
1778846471278 8.79023307436182e-06 4160
1778846472973 8.34628190899001e-06 4180
1778846474668 7.902330743618203e-06 4200
1778846476364 7.458379578246394e-06 4220
1778846478060 7.014428412874584e-06 4240
1778846491163 6.570477247502775e-06 4260
1778846492857 6.126526082130966e-06 4280
1778846494552 5.682574916759157e-06 4300
1778846496281 5.238623751387348e-06 4320
1778846498013 4.794672586015538e-06 4340
1778846499746 4.35072142064373e-06 4360
1778846501475 3.90677025527192e-06 4380
1778846503205 3.4628190899001116e-06 4400
1778846504928 3.018867924528302e-06 4420
1778846506657 2.574916759156493e-06 4440
1778846508371 2.1309655937846837e-06 4460
1778846510070 1.6870144284128745e-06 4480
1778846511770 1.2430632630410655e-06 4500
1778846524971 7.991120976692565e-07 4520
1778846526666 3.551609322974473e-07 4540
