1777387081270 2.021276595744681e-06 20
1777387098852 4.042553191489362e-06 40
1777387115881 6.1702127659574465e-06 60
1777387133108 8.297872340425532e-06 80
1777387150577 1.0425531914893617e-05 100
1777387167986 1.2553191489361702e-05 120
1777387185264 1.4680851063829787e-05 140
1777387202779 1.6808510638297873e-05 160
1777387220109 1.893617021276596e-05 180
1777387237503 2.1063829787234043e-05 200
1777387276699 2.319148936170213e-05 220
1777387294230 2.5319148936170213e-05 240
1777387311582 2.74468085106383e-05 260
1777387329286 2.9574468085106383e-05 280
1777387346803 2.9810501381760756e-05 300
1777387364567 2.9573628108961706e-05 320
1777387381994 2.9336754836162652e-05 340
1777387399520 2.9099881563363602e-05 360
1777387417132 2.886300829056455e-05 380
1777387434761 2.8626135017765496e-05 400
1777387474062 2.8389261744966442e-05 420
1777387491640 2.8176075799447298e-05 440
1777387509374 2.7939202526648245e-05 460
1777387527194 2.770232925384919e-05 480
1777387544836 2.7465455981050138e-05 500
1777387562420 2.7228582708251088e-05 520
1777387580244 2.6991709435452034e-05 540
1777387597665 2.675483616265298e-05 560
1777387614668 2.6517962889853927e-05 580
1777387632384 2.6281089617054877e-05 600
1777387671490 2.6044216344255824e-05 620
1777387688780 2.5807343071456774e-05 640
1777387706023 2.5570469798657717e-05 660
1777387723595 2.5333596525858667e-05 680
1777387741280 2.5096723253059614e-05 700
1777387759003 2.4859849980260563e-05 720
1777387776449 2.462297670746151e-05 740
1777387793478 2.4386103434662457e-05 760
1777387811274 2.4149230161863403e-05 780
1777387828626 2.391235688906435e-05 800
1777387867592 2.36754836162653e-05 820
1777387885137 2.3438610343466246e-05 840
1777387902326 2.3201737070667193e-05 860
1777387919782 2.296486379786814e-05 880
1777387937765 2.272799052506909e-05 900
1777387955436 2.2491117252270036e-05 920
1777387972540 2.2254243979470982e-05 940
1777387990199 2.201737070667193e-05 960
1777388007633 2.178049743387288e-05 980
1777388025350 2.1543624161073825e-05 1000
1777388064442 2.1306750888274775e-05 1020
1777388081705 2.106987761547572e-05 1040
1777388099335 2.083300434267667e-05 1060
1777388116870 2.0596131069877615e-05 1080
1777388134359 2.0359257797078565e-05 1100
1777388151798 2.012238452427951e-05 1120
1777388168456 1.9885511251480458e-05 1140
1777388186540 1.9648637978681405e-05 1160
1777388203590 1.9411764705882355e-05 1180
1777388221472 1.91748914330833e-05 1200
1777388259835 1.893801816028425e-05 1220
1777388277274 1.8701144887485194e-05 1240
1777388294384 1.8464271614686144e-05 1260
1777388311980 1.822739834188709e-05 1280
1777388329945 1.799052506908804e-05 1300
1777388347515 1.7753651796288984e-05 1320
1777388365139 1.7516778523489934e-05 1340
1777388382498 1.727990525069088e-05 1360
1777388400202 1.704303197789183e-05 1380
1777388418009 1.6806158705092777e-05 1400
1777388457048 1.6569285432293723e-05 1420
1777388474565 1.633241215949467e-05 1440
1777388491955 1.609553888669562e-05 1460
1777388509631 1.5858665613896567e-05 1480
1777388527586 1.5621792341097513e-05 1500
1777388545229 1.538491906829846e-05 1520
1777388562726 1.5148045795499406e-05 1540
1777388580420 1.4911172522700356e-05 1560
1777388597519 1.4674299249901303e-05 1580
1777388615083 1.4437425977102251e-05 1600
1777388653867 1.42005527043032e-05 1620
1777388671293 1.3963679431504146e-05 1640
1777388689326 1.3726806158705094e-05 1660
1777388706831 1.348993288590604e-05 1680
1777388724011 1.3253059613106989e-05 1700
1777388741660 1.3016186340307935e-05 1720
1777388759154 1.2779313067508884e-05 1740
1777388776635 1.2542439794709832e-05 1760
1777388794122 1.2305566521910778e-05 1780
1777388811413 1.2068693249111727e-05 1800
1777388850374 1.1831819976312672e-05 1820
1777388867763 1.159494670351362e-05 1840
1777388885311 1.1358073430714568e-05 1860
1777388903201 1.1121200157915515e-05 1880
1777388920669 1.0884326885116463e-05 1900
1777388938429 1.064745361231741e-05 1920
1777388955876 1.0410580339518358e-05 1940
1777388973448 1.0173707066719304e-05 1960
1777388990940 9.936833793920253e-06 1980
1777389009170 9.6999605211212e-06 2000
1777389047684 9.463087248322147e-06 2020
1777389065344 9.226213975523096e-06 2040
1777389082855 8.989340702724042e-06 2060
1777389100356 8.75246742992499e-06 2080
1777389117655 8.515594157125937e-06 2100
1777389135443 8.290564547966838e-06 2120
1777389153305 8.053691275167785e-06 2140
1777389170862 7.816818002368733e-06 2160
1777389188748 7.5799447295696805e-06 2180
1777389206191 7.343071456770628e-06 2200
1777389245490 7.106198183971575e-06 2220
1777389262951 6.8693249111725235e-06 2240
1777389280129 6.632451638373471e-06 2260
1777389297786 6.395578365574418e-06 2280
1777389315603 6.158705092775365e-06 2300
1777389333064 5.921831819976312e-06 2320
1777389350556 5.68495854717726e-06 2340
1777389367935 5.448085274378207e-06 2360
1777389385937 5.2230556652191075e-06 2380
1777389403486 4.986182392420055e-06 2400
1777389442643 4.749309119621003e-06 2420
1777389460393 4.512435846821951e-06 2440
1777389478016 4.275562574022898e-06 2460
1777389495607 4.038689301223845e-06 2480
1777389512731 3.801816028424793e-06 2500
1777389530242 3.5649427556257407e-06 2520
1777389547545 3.3280694828266876e-06 2540
1777389564934 3.091196210027635e-06 2560
1777389582523 2.854322937228583e-06 2580
1777389600152 2.6174496644295303e-06 2600
1777389638988 2.3805763916304777e-06 2620
1777389656353 2.1437031188314255e-06 2640
1777389673865 1.906829846032373e-06 2660
1777389691485 1.6699565732333201e-06 2680
1777389709400 1.4330833004342677e-06 2700
1777389726529 1.1962100276352151e-06 2720
1777389743911 9.593367548361628e-07 2740
1777389761995 7.224634820371102e-07 2760
1777389779685 4.855902092380577e-07 2780
1777389797157 2.4871693643900513e-07 2800
