1778290137424 0.043859649122807015 20
1778290140332 0.08771929824561403 40
1778290143238 0.13157894736842105 60
1778290146151 0.17543859649122806 80
1778290149058 0.21929824561403508 100
1778290151967 0.2631578947368421 120
1778290154870 0.30701754385964913 140
1778290157781 0.3508771929824561 160
1778290160687 0.39473684210526316 180
1778290163595 0.43859649122807015 200
1778290166500 0.4824561403508772 220
1778290169407 0.5263157894736842 240
1778290171297 0.5482456140350878 250
1778290173815 0.5701754385964912 260
1778290176724 0.6140350877192983 280
1778290179634 0.6578947368421053 300
1778290182542 0.7017543859649122 320
1778290185449 0.7456140350877193 340
1778290188351 0.7894736842105263 360
1778290191257 0.8333333333333334 380
1778290194161 0.8771929824561403 400
1778290197069 0.9210526315789473 420
1778290199973 0.9649122807017544 440
1778290202881 1.0087719298245614 460
1778290205785 1.0526315789473684 480
1778290208693 1.0964912280701755 500
1778290209126 1.0964912280701755 500
1778290213240 1.1403508771929824 520
1778290216148 1.1842105263157894 540
1778290219056 1.2280701754385965 560
1778290221963 1.2719298245614035 580
1778290224866 1.3157894736842106 600
1778290227772 1.3596491228070176 620
1778290230680 1.4035087719298245 640
1778290233586 1.4473684210526316 660
1778290236490 1.4912280701754386 680
1778290239399 1.5350877192982457 700
1778290242307 1.5789473684210527 720
1778290245214 1.6228070175438596 740
1778290247100 1.6447368421052633 750
1778290249793 1.6666666666666665 760
1778290252697 1.7105263157894737 780
1778290255606 1.7543859649122808 800
1778290258509 1.7982456140350878 820
1778290261415 1.8421052631578947 840
1778290264324 1.8859649122807016 860
1778290267237 1.9298245614035088 880
1778290270144 1.973684210526316 900
1778290273054 2.017543859649123 920
1778290275963 2.06140350877193 940
1778290278872 2.1052631578947367 960
1778290281773 2.1491228070175437 980
1778290284677 2.192982456140351 1000
1778290285115 2.192982456140351 1000
1778290289062 2.236842105263158 1020
1778290291970 2.280701754385965 1040
1778290294871 2.324561403508772 1060
1778290297778 2.3684210526315788 1080
1778290300679 2.412280701754386 1100
1778290303588 2.456140350877193 1120
1778290306492 2.5 1140
1778290309400 2.543859649122807 1160
1778290312302 2.587719298245614 1180
1778290315208 2.6315789473684212 1200
1778290318111 2.675438596491228 1220
1778290321019 2.719298245614035 1240
1778290322901 2.7412280701754383 1250
1778290325564 2.763157894736842 1260
1778290328470 2.807017543859649 1280
1778290331379 2.8508771929824563 1300
1778290334283 2.8947368421052633 1320
1778290337189 2.93859649122807 1340
1778290340093 2.982456140350877 1360
1778290342506 3.0 1368
1778290343158 3.0 1368
1778290343295 3.0 1368
1778290343683 3.0 0
