1778290137424 9.600000000000001e-06 20
1778290140332 2.16e-05 40
1778290143238 2.9863429438543247e-05 60
1778290146151 2.9408194233687406e-05 80
1778290149058 2.8952959028831565e-05 100
1778290151967 2.849772382397572e-05 120
1778290154870 2.804248861911988e-05 140
1778290157781 2.7587253414264035e-05 160
1778290160687 2.7132018209408194e-05 180
1778290163595 2.6676783004552353e-05 200
1778290166500 2.6221547799696513e-05 220
1778290169407 2.5766312594840668e-05 240
1778290173815 2.5311077389984824e-05 260
1778290176724 2.4855842185128983e-05 280
1778290179634 2.4400606980273142e-05 300
1778290182542 2.39453717754173e-05 320
1778290185449 2.3490136570561457e-05 340
1778290188351 2.3034901365705616e-05 360
1778290191257 2.2579666160849775e-05 380
1778290194161 2.212443095599393e-05 400
1778290197069 2.1669195751138086e-05 420
1778290199973 2.1213960546282245e-05 440
1778290202881 2.0758725341426404e-05 460
1778290205785 2.0303490136570563e-05 480
1778290208693 1.9848254931714722e-05 500
1778290213240 1.9393019726858875e-05 520
1778290216148 1.8937784522003034e-05 540
1778290219056 1.8482549317147193e-05 560
1778290221963 1.8027314112291352e-05 580
1778290224866 1.7572078907435508e-05 600
1778290227772 1.7116843702579667e-05 620
1778290230680 1.6661608497723826e-05 640
1778290233586 1.620637329286798e-05 660
1778290236490 1.575113808801214e-05 680
1778290239399 1.5295902883156296e-05 700
1778290242307 1.4840667678300455e-05 720
1778290245214 1.4385432473444614e-05 740
1778290249793 1.393019726858877e-05 760
1778290252697 1.3474962063732929e-05 780
1778290255606 1.3019726858877088e-05 800
1778290258509 1.2564491654021244e-05 820
1778290261415 1.2109256449165403e-05 840
1778290264324 1.165402124430956e-05 860
1778290267237 1.1198786039453718e-05 880
1778290270144 1.0743550834597875e-05 900
1778290273054 1.0288315629742034e-05 920
1778290275963 9.833080424886191e-06 940
1778290278872 9.377845220030349e-06 960
1778290281773 8.922610015174508e-06 980
1778290284677 8.467374810318665e-06 1000
1778290289062 8.012139605462823e-06 1020
1778290291970 7.556904400606981e-06 1040
1778290294871 7.101669195751138e-06 1060
1778290297778 6.646433990895296e-06 1080
1778290300679 6.191198786039454e-06 1100
1778290303588 5.735963581183612e-06 1120
1778290306492 5.280728376327769e-06 1140
1778290309400 4.825493171471927e-06 1160
1778290312302 4.370257966616085e-06 1180
1778290315208 3.915022761760243e-06 1200
1778290318111 3.4597875569044004e-06 1220
1778290321019 3.0045523520485587e-06 1240
1778290325564 2.5493171471927164e-06 1260
1778290328470 2.0940819423368742e-06 1280
1778290331379 1.638846737481032e-06 1300
1778290334283 1.1836115326251896e-06 1320
1778290337189 7.283763277693475e-07 1340
1778290340093 2.731411229135053e-07 1360
