1778290137424 0.6916 20
1778290140332 0.6824 40
1778290143238 0.6237 60
1778290146151 0.5386 80
1778290149058 0.4846 100
1778290151967 0.4846 120
1778290154870 0.4358 140
1778290157781 0.4478 160
1778290160687 0.4411 180
1778290163595 0.4361 200
1778290166500 0.43 220
1778290169407 0.4424 240
1778290173815 0.4566 260
1778290176724 0.4187 280
1778290179634 0.4037 300
1778290182542 0.4456 320
1778290185449 0.446 340
1778290188351 0.4465 360
1778290191257 0.4316 380
1778290194161 0.4307 400
1778290197069 0.4369 420
1778290199973 0.4038 440
1778290202881 0.4056 460
1778290205785 0.3637 480
1778290208693 0.3755 500
1778290213240 0.4312 520
1778290216148 0.3855 540
1778290219056 0.4039 560
1778290221963 0.3824 580
1778290224866 0.3464 600
1778290227772 0.3848 620
1778290230680 0.3836 640
1778290233586 0.3585 660
1778290236490 0.3964 680
1778290239399 0.3695 700
1778290242307 0.4018 720
1778290245214 0.3843 740
1778290249793 0.3557 760
1778290252697 0.3836 780
1778290255606 0.3707 800
1778290258509 0.3737 820
1778290261415 0.3477 840
1778290264324 0.3516 860
1778290267237 0.3831 880
1778290270144 0.3446 900
1778290273054 0.333 920
1778290275963 0.3101 940
1778290278872 0.2963 960
1778290281773 0.3177 980
1778290284677 0.3321 1000
1778290289062 0.3397 1020
1778290291970 0.2938 1040
1778290294871 0.3071 1060
1778290297778 0.3022 1080
1778290300679 0.2871 1100
1778290303588 0.2913 1120
1778290306492 0.3251 1140
1778290309400 0.3044 1160
1778290312302 0.3141 1180
1778290315208 0.3041 1200
1778290318111 0.3242 1220
1778290321019 0.3005 1240
1778290325564 0.2966 1260
1778290328470 0.2988 1280
1778290331379 0.2802 1300
1778290334283 0.3034 1320
1778290337189 0.2953 1340
1778290340093 0.2908 1360
