1778164030395 0.019474196689386564 20
1778164034410 0.03894839337877313 40
1778164038422 0.05842259006815969 60
1778164042443 0.07789678675754626 80
1778164046436 0.09737098344693282 100
1778164050483 0.11684518013631938 120
1778164054523 0.13631937682570594 140
1778164058515 0.15579357351509251 160
1778164062542 0.17526777020447906 180
1778164066567 0.19474196689386564 200
1778164070617 0.21421616358325218 220
1778164074648 0.23369036027263876 240
1778164083339 0.24342745861733203 250
1778164087074 0.25316455696202533 260
1778164091092 0.2726387536514119 280
1778164095117 0.2921129503407984 300
1778164099156 0.31158714703018503 320
1778164103189 0.3310613437195716 340
1778164107229 0.3505355404089581 360
1778164111282 0.37000973709834467 380
1778164115318 0.3894839337877313 400
1778164119349 0.4089581304771178 420
1778164123384 0.42843232716650437 440
1778164127411 0.44790652385589097 460
1778164131452 0.4673807205452775 480
1778164135498 0.48685491723466406 500
1778164141836 0.48685491723466406 500
1778164147943 0.5063291139240507 520
1778164151976 0.5258033106134372 540
1778164156009 0.5452775073028238 560
1778164160042 0.5647517039922103 580
1778164164080 0.5842259006815969 600
1778164168127 0.6037000973709834 620
1778164172155 0.6231742940603701 640
1778164176193 0.6426484907497566 660
1778164180227 0.6621226874391432 680
1778164184270 0.6815968841285297 700
1778164188306 0.7010710808179162 720
1778164192341 0.7205452775073028 740
1778164200718 0.7302823758519961 750
1778164204516 0.7400194741966893 760
1778164208550 0.759493670886076 780
1778164212592 0.7789678675754625 800
1778164216635 0.7984420642648491 820
1778164220672 0.8179162609542356 840
1778164224710 0.8373904576436222 860
1778164228747 0.8568646543330087 880
1778164232791 0.8763388510223953 900
1778164236828 0.8958130477117819 920
1778164240873 0.9152872444011685 940
1778164244918 0.934761441090555 960
1778164248949 0.9542356377799416 980
1778164252988 0.9737098344693281 1000
1778164259357 0.9737098344693281 1000
1778164265773 0.9931840311587147 1020
1778164269729 1.0126582278481013 1040
1778164273775 1.0321324245374879 1060
1778164277820 1.0516066212268744 1080
1778164281870 1.071080817916261 1100
1778164285923 1.0905550146056475 1120
1778164289975 1.110029211295034 1140
1778164294021 1.1295034079844206 1160
1778164298061 1.1489776046738072 1180
1778164302105 1.1684518013631937 1200
1778164306157 1.1879259980525803 1220
1778164310196 1.2074001947419668 1240
1778164318576 1.2171372930866602 1250
1778164322678 1.2268743914313536 1260
1778164326707 1.24634858812074 1280
1778164330750 1.2658227848101267 1300
1778164334792 1.2852969814995132 1320
1778164338834 1.3047711781888998 1340
1778164342877 1.3242453748782863 1360
1778164346926 1.3437195715676729 1380
1778164350973 1.3631937682570594 1400
1778164354979 1.382667964946446 1420
1778164359017 1.4021421616358325 1440
1778164363065 1.421616358325219 1460
1778164367118 1.4410905550146056 1480
1778164371171 1.4605647517039921 1500
1778164377546 1.4605647517039921 1500
1778164383662 1.480038948393379 1520
1778164387704 1.4995131450827652 1540
1778164391742 1.518987341772152 1560
1778164395785 1.5384615384615383 1580
1778164399828 1.557935735150925 1600
1778164403857 1.5774099318403116 1620
1778164407899 1.5968841285296982 1640
1778164411944 1.6163583252190847 1660
1778164415985 1.6358325219084713 1680
1778164420018 1.6553067185978578 1700
1778164424054 1.6747809152872444 1720
1778164428106 1.694255111976631 1740
1778164436512 1.7039922103213243 1750
1778164440239 1.7137293086660175 1760
1778164444282 1.7332035053554042 1780
1778164448324 1.7526777020447906 1800
1778164452360 1.7721518987341773 1820
1778164456411 1.7916260954235637 1840
1778164460459 1.8111002921129504 1860
1778164464499 1.8305744888023368 1880
1778164468545 1.8500486854917235 1900
1778164472592 1.86952288218111 1920
1778164476639 1.8889970788704966 1940
1778164480682 1.9084712755598832 1960
1778164484727 1.9279454722492697 1980
1778164488776 1.9474196689386563 2000
1778164495155 1.9474196689386563 2000
1778164501565 1.9668938656280428 2020
1778164505596 1.9863680623174296 2040
1778164509548 2.005842259006816 2060
1778164513585 2.0253164556962027 2080
1778164517616 2.044790652385589 2100
1778164521656 2.0642648490749758 2120
1778164525693 2.083739045764362 2140
1778164529727 2.103213242453749 2160
1778164533764 2.122687439143135 2180
1778164537796 2.142161635832522 2200
1778164541828 2.1616358325219083 2220
1778164545862 2.181110029211295 2240
1778164554261 2.190847127555988 2250
1778164558352 2.2005842259006814 2260
1778164562392 2.220058422590068 2280
1778164566428 2.239532619279455 2300
1778164570463 2.2590068159688412 2320
1778164574491 2.278481012658228 2340
1778164578523 2.2979552093476143 2360
1778164582567 2.317429406037001 2380
1778164586612 2.3369036027263874 2400
1778164590641 2.356377799415774 2420
1778164594683 2.3758519961051605 2440
1778164598716 2.3953261927945473 2460
1778164602752 2.4148003894839336 2480
1778164606790 2.4342745861733204 2500
1778164613154 2.4342745861733204 2500
1778164618958 2.453748782862707 2520
1778164623000 2.4732229795520935 2540
1778164627038 2.49269717624148 2560
1778164631088 2.5121713729308666 2580
1778164635129 2.5316455696202533 2600
1778164639168 2.5511197663096397 2620
1778164643203 2.5705939629990264 2640
1778164647252 2.5900681596884128 2660
1778164651298 2.6095423563777995 2680
1778164655342 2.629016553067186 2700
1778164659379 2.6484907497565726 2720
1778164663426 2.667964946445959 2740
1778164671817 2.6777020447906525 2750
1778164675902 2.6874391431353457 2760
1778164679932 2.706913339824732 2780
1778164683973 2.726387536514119 2800
1778164688012 2.7458617332035056 2820
1778164692058 2.765335929892892 2840
1778164696108 2.7848101265822782 2860
1778164700142 2.804284323271665 2880
1778164704179 2.8237585199610518 2900
1778164708221 2.843232716650438 2920
1778164712262 2.862706913339825 2940
1778164716307 2.882181110029211 2960
1778164720352 2.901655306718598 2980
1778164724395 2.9211295034079843 3000
1778164730767 2.9211295034079843 3000
1778164737181 2.940603700097371 3020
1778164741211 2.960077896786758 3040
1778164745248 2.979552093476144 3060
1778164749283 2.9990262901655305 3080
1778164753241 3.0185004868549172 3100
1778164757285 3.037974683544304 3120
1778164761316 3.0574488802336903 3140
1778164765354 3.076923076923077 3160
1778164769390 3.0963972736124634 3180
1778164773427 3.11587147030185 3200
1778164777478 3.1353456669912365 3220
1778164781518 3.1548198636806233 3240
1778164789913 3.1645569620253164 3250
1778164793694 3.1742940603700096 3260
1778164797722 3.1937682570593964 3280
1778164801755 3.2132424537487827 3300
1778164805803 3.2327166504381695 3320
1778164809857 3.252190847127556 3340
1778164813896 3.2716650438169426 3360
1778164817937 3.291139240506329 3380
1778164821968 3.3106134371957157 3400
1778164826004 3.3300876338851024 3420
1778164830049 3.3495618305744888 3440
1778164834094 3.3690360272638755 3460
1778164838133 3.388510223953262 3480
1778164842175 3.4079844206426486 3500
1778164848553 3.4079844206426486 3500
1778164854654 3.427458617332035 3520
1778164858691 3.4469328140214217 3540
1778164862736 3.466407010710808 3560
1778164866772 3.485881207400195 3580
1778164870819 3.505355404089581 3600
1778164874868 3.524829600778968 3620
1778164878904 3.5443037974683547 3640
1778164882944 3.563777994157741 3660
1778164886986 3.5832521908471273 3680
1778164891029 3.602726387536514 3700
1778164895065 3.622200584225901 3720
1778164899106 3.641674780915287 3740
1778164907506 3.651411879259981 3750
1778164911902 3.661148977604674 3760
1778164915944 3.6806231742940603 3780
1778164919995 3.700097370983447 3800
1778164924030 3.7195715676728334 3820
1778164928070 3.73904576436222 3840
1778164932115 3.7585199610516065 3860
1778164936160 3.7779941577409932 3880
1778164940212 3.7974683544303796 3900
1778164944260 3.8169425511197663 3920
1778164948314 3.836416747809153 3940
1778164952354 3.8558909444985394 3960
1778164956400 3.8753651411879257 3980
1778164960446 3.8948393378773125 4000
1778164966822 3.8948393378773125 4000
1778164972625 3.9143135345666993 4020
1778164976672 3.9337877312560856 4040
1778164980705 3.9532619279454724 4060
1778164984740 3.9727361246348587 4080
1778164988773 3.9922103213242455 4100
1778164992687 4.011684518013632 4120
1778164996723 4.031158714703018 4140
1778165000761 4.050632911392405 4160
1778165004796 4.070107108081792 4180
1778165008825 4.089581304771178 4200
1778165012870 4.109055501460565 4220
1778165016913 4.1285296981499515 4240
1778165025295 4.138266796494644 4250
1778165029702 4.148003894839338 4260
1778165033738 4.167478091528724 4280
1778165037769 4.186952288218111 4300
1778165041807 4.206426484907498 4320
1778165045846 4.225900681596884 4340
1778165049886 4.24537487828627 4360
1778165053924 4.264849074975658 4380
1778165057974 4.284323271665044 4400
1778165062018 4.30379746835443 4420
1778165066063 4.3232716650438165 4440
1778165070109 4.342745861733204 4460
1778165074160 4.36222005842259 4480
1778165078209 4.381694255111976 4500
1778165084601 4.381694255111976 4500
1778165090414 4.401168451801363 4520
1778165094459 4.42064264849075 4540
1778165098512 4.440116845180136 4560
1778165102548 4.459591041869523 4580
1778165106592 4.47906523855891 4600
1778165110636 4.498539435248296 4620
1778165114690 4.5180136319376825 4640
1778165118730 4.537487828627069 4660
1778165122770 4.556962025316456 4680
1778165126814 4.576436222005842 4700
1778165130863 4.595910418695229 4720
1778165134907 4.615384615384615 4740
1778165143327 4.625121713729309 4750
1778165147424 4.634858812074002 4760
1778165151461 4.6543330087633885 4780
1778165155495 4.673807205452775 4800
1778165159540 4.693281402142162 4820
1778165163584 4.712755598831548 4840
1778165167627 4.732229795520935 4860
1778165171682 4.751703992210321 4880
1778165175720 4.771178188899708 4900
1778165179765 4.790652385589095 4920
1778165183811 4.810126582278481 4940
1778165187864 4.829600778967867 4960
1778165191909 4.849074975657254 4980
1778165195958 4.868549172346641 5000
1778165202350 4.868549172346641 5000
1778165208769 4.888023369036027 5020
1778165212802 4.907497565725414 5040
1778165216838 4.926971762414801 5060
1778165220871 4.946445959104187 5080
1778165224905 4.965920155793573 5100
1778165228934 4.98539435248296 5120
1778165233673 5.0 5135
1778165240448 5.0 5135
1778165250557 5.0 5135
1778165251123 5.0 0
