1778164030395 1.0891 20
1778164034410 1.0272 40
1778164038422 0.9799 60
1778164042443 0.9378 80
1778164046436 0.8722 100
1778164050483 0.8833 120
1778164054523 0.8491 140
1778164058515 0.8214 160
1778164062542 0.8017 180
1778164066567 0.6454 200
1778164070617 0.5952 220
1778164074648 0.5415 240
1778164087074 0.5712 260
1778164091092 0.5216 280
1778164095117 0.4795 300
1778164099156 0.5025 320
1778164103189 0.4668 340
1778164107229 0.4457 360
1778164111282 0.4199 380
1778164115318 0.446 400
1778164119349 0.4351 420
1778164123384 0.3891 440
1778164127411 0.4334 460
1778164131452 0.413 480
1778164135498 0.4119 500
1778164147943 0.3948 520
1778164151976 0.4 540
1778164156009 0.3839 560
1778164160042 0.3573 580
1778164164080 0.3903 600
1778164168127 0.3553 620
1778164172155 0.3775 640
1778164176193 0.3492 660
1778164180227 0.3633 680
1778164184270 0.3871 700
1778164188306 0.3367 720
1778164192341 0.3578 740
1778164204516 0.4286 760
1778164208550 0.4305 780
1778164212592 0.4163 800
1778164216635 0.3782 820
1778164220672 0.3136 840
1778164224710 0.3197 860
1778164228747 0.4149 880
1778164232791 0.3957 900
1778164236828 0.3828 920
1778164240873 0.3491 940
1778164244918 0.2955 960
1778164248949 0.3131 980
1778164252988 0.3293 1000
1778164265773 0.3455 1020
1778164269729 0.2894 1040
1778164273775 0.3361 1060
1778164277820 0.3231 1080
1778164281870 0.273 1100
1778164285923 0.2891 1120
1778164289975 0.2572 1140
1778164294021 0.256 1160
1778164298061 0.2963 1180
1778164302105 0.3204 1200
1778164306157 0.2361 1220
1778164310196 0.3144 1240
1778164322678 0.2674 1260
1778164326707 0.2902 1280
1778164330750 0.2804 1300
1778164334792 0.2602 1320
1778164338834 0.2666 1340
1778164342877 0.2476 1360
1778164346926 0.2395 1380
1778164350973 0.2605 1400
1778164354979 0.2596 1420
1778164359017 0.2845 1440
1778164363065 0.2787 1460
1778164367118 0.3257 1480
1778164371171 0.2999 1500
1778164383662 0.2631 1520
1778164387704 0.3096 1540
1778164391742 0.2281 1560
1778164395785 0.3076 1580
1778164399828 0.2753 1600
1778164403857 0.293 1620
1778164407899 0.2315 1640
1778164411944 0.3262 1660
1778164415985 0.2391 1680
1778164420018 0.2575 1700
1778164424054 0.359 1720
1778164428106 0.348 1740
1778164440239 0.2651 1760
1778164444282 0.2161 1780
1778164448324 0.2513 1800
1778164452360 0.2642 1820
1778164456411 0.3197 1840
1778164460459 0.2598 1860
1778164464499 0.2734 1880
1778164468545 0.3156 1900
1778164472592 0.2917 1920
1778164476639 0.2613 1940
1778164480682 0.2271 1960
1778164484727 0.2852 1980
1778164488776 0.2029 2000
1778164501565 0.2713 2020
1778164505596 0.237 2040
1778164509548 0.1896 2060
1778164513585 0.1765 2080
1778164517616 0.2517 2100
1778164521656 0.176 2120
1778164525693 0.2037 2140
1778164529727 0.1722 2160
1778164533764 0.2447 2180
1778164537796 0.2323 2200
1778164541828 0.2023 2220
1778164545862 0.1599 2240
1778164558352 0.1778 2260
1778164562392 0.2194 2280
1778164566428 0.191 2300
1778164570463 0.17 2320
1778164574491 0.1829 2340
1778164578523 0.1918 2360
1778164582567 0.214 2380
1778164586612 0.2817 2400
1778164590641 0.1796 2420
1778164594683 0.1742 2440
1778164598716 0.1659 2460
1778164602752 0.1933 2480
1778164606790 0.2229 2500
1778164618958 0.2019 2520
1778164623000 0.1761 2540
1778164627038 0.2394 2560
1778164631088 0.2444 2580
1778164635129 0.204 2600
1778164639168 0.1809 2620
1778164643203 0.1474 2640
1778164647252 0.191 2660
1778164651298 0.1755 2680
1778164655342 0.2184 2700
1778164659379 0.1884 2720
1778164663426 0.221 2740
1778164675902 0.2577 2760
1778164679932 0.2219 2780
1778164683973 0.1821 2800
1778164688012 0.2743 2820
1778164692058 0.1868 2840
1778164696108 0.1599 2860
1778164700142 0.2388 2880
1778164704179 0.1995 2900
1778164708221 0.2248 2920
1778164712262 0.1978 2940
1778164716307 0.1988 2960
1778164720352 0.2002 2980
1778164724395 0.2004 3000
1778164737181 0.1678 3020
1778164741211 0.1934 3040
1778164745248 0.1792 3060
1778164749283 0.1666 3080
1778164753241 0.1382 3100
1778164757285 0.1362 3120
1778164761316 0.1195 3140
1778164765354 0.1909 3160
1778164769390 0.176 3180
1778164773427 0.1828 3200
1778164777478 0.105 3220
1778164781518 0.1558 3240
1778164793694 0.1014 3260
1778164797722 0.143 3280
1778164801755 0.1703 3300
1778164805803 0.1206 3320
1778164809857 0.1665 3340
1778164813896 0.1559 3360
1778164817937 0.1301 3380
1778164821968 0.1557 3400
1778164826004 0.1307 3420
1778164830049 0.1399 3440
1778164834094 0.1533 3460
1778164838133 0.1304 3480
1778164842175 0.1495 3500
1778164854654 0.1649 3520
1778164858691 0.1592 3540
1778164862736 0.1636 3560
1778164866772 0.1964 3580
1778164870819 0.1447 3600
1778164874868 0.1383 3620
1778164878904 0.1406 3640
1778164882944 0.1035 3660
1778164886986 0.132 3680
1778164891029 0.1173 3700
1778164895065 0.1287 3720
1778164899106 0.1457 3740
1778164911902 0.1591 3760
1778164915944 0.1944 3780
1778164919995 0.1361 3800
1778164924030 0.0951 3820
1778164928070 0.1934 3840
1778164932115 0.1628 3860
1778164936160 0.1305 3880
1778164940212 0.1117 3900
1778164944260 0.1579 3920
1778164948314 0.1197 3940
1778164952354 0.1448 3960
1778164956400 0.1629 3980
1778164960446 0.164 4000
1778164972625 0.1585 4020
1778164976672 0.092 4040
1778164980705 0.1125 4060
1778164984740 0.0959 4080
1778164988773 0.1793 4100
1778164992687 0.1212 4120
1778164996723 0.127 4140
1778165000761 0.1487 4160
1778165004796 0.0998 4180
1778165008825 0.0902 4200
1778165012870 0.112 4220
1778165016913 0.0969 4240
1778165029702 0.1171 4260
1778165033738 0.0826 4280
1778165037769 0.0756 4300
1778165041807 0.1445 4320
1778165045846 0.1749 4340
1778165049886 0.1185 4360
1778165053924 0.148 4380
1778165057974 0.0805 4400
1778165062018 0.1155 4420
1778165066063 0.0575 4440
1778165070109 0.1117 4460
1778165074160 0.1314 4480
1778165078209 0.1034 4500
1778165090414 0.0688 4520
1778165094459 0.1338 4540
1778165098512 0.1081 4560
1778165102548 0.1136 4580
1778165106592 0.0989 4600
1778165110636 0.1165 4620
1778165114690 0.0904 4640
1778165118730 0.1174 4660
1778165122770 0.116 4680
1778165126814 0.082 4700
1778165130863 0.114 4720
1778165134907 0.0886 4740
1778165147424 0.1415 4760
1778165151461 0.0985 4780
1778165155495 0.1331 4800
1778165159540 0.073 4820
1778165163584 0.1299 4840
1778165167627 0.1223 4860
1778165171682 0.1009 4880
1778165175720 0.0712 4900
1778165179765 0.0766 4920
1778165183811 0.0837 4940
1778165187864 0.0791 4960
1778165191909 0.1062 4980
1778165195958 0.0829 5000
1778165208769 0.1269 5020
1778165212802 0.084 5040
1778165216838 0.1113 5060
1778165220871 0.0742 5080
1778165224905 0.0982 5100
1778165228934 0.0382 5120
