1777308082105 9.591474245115454e-07 20
1777308090965 1.97158081705151e-06 40
1777308100016 3.0373001776198937e-06 60
1777308108978 4.103019538188277e-06 80
1777308117948 5.168738898756661e-06 100
1777308127046 6.234458259325045e-06 120
1777308136029 7.300177619893428e-06 140
1777308145023 8.365896980461812e-06 160
1777308154186 9.431616341030195e-06 180
1777308163522 1.0497335701598579e-05 200
1777308172892 1.1563055062166963e-05 220
1777308182051 1.2628774422735347e-05 240
1777308191215 1.369449378330373e-05 260
1777308200492 1.4760213143872114e-05 280
1777308209936 1.58259325044405e-05 300
1777308219148 1.689165186500888e-05 320
1777308228487 1.7957371225577267e-05 340
1777308237634 1.9023090586145648e-05 360
1777308246988 2.0088809946714035e-05 380
1777308256396 2.1154529307282416e-05 400
1777308265769 2.22202486678508e-05 420
1777308275220 2.3285968028419185e-05 440
1777308284695 2.4351687388987566e-05 460
1777308294118 2.5417406749555953e-05 480
1777308303650 2.6483126110124334e-05 500
1777308312988 2.754884547069272e-05 520
1777308322629 2.8561278863232683e-05 540
1777308331877 2.9626998223801067e-05 560
1777308341043 2.9922955353615173e-05 580
1777308350308 2.9804425128407746e-05 600
1777308359834 2.9685894903200315e-05 620
1777308368969 2.956736467799289e-05 640
1777308378141 2.944883445278546e-05 660
1777308387235 2.9330304227578034e-05 680
1777308396562 2.9211774002370604e-05 700
1777308405673 2.9093243777163177e-05 720
1777308414914 2.897471355195575e-05 740
1777308424141 2.8856183326748323e-05 760
1777308433273 2.8737653101540896e-05 780
1777308442555 2.8619122876333466e-05 800
1777308451827 2.850059265112604e-05 820
1777308461111 2.838206242591861e-05 840
1777308470381 2.8263532200711185e-05 860
1777308479742 2.8145001975503754e-05 880
1777308488913 2.8026471750296324e-05 900
1777308498299 2.7907941525088897e-05 920
1777308507434 2.778941129988147e-05 940
1777308516831 2.7670881074674043e-05 960
1777308526185 2.7552350849466612e-05 980
1777308535418 2.7433820624259185e-05 1000
1777308567791 2.731529039905176e-05 1020
1777308576953 2.719676017384433e-05 1040
1777308586393 2.7078229948636904e-05 1060
1777308595802 2.6959699723429474e-05 1080
1777308605123 2.6841169498222047e-05 1100
1777308614316 2.672263927301462e-05 1120
1777308623557 2.6604109047807193e-05 1140
1777308633018 2.6485578822599766e-05 1160
1777308642312 2.6367048597392336e-05 1180
1777308651726 2.624851837218491e-05 1200
1777308661069 2.612998814697748e-05 1220
1777308670264 2.6011457921770055e-05 1240
1777308679570 2.5892927696562624e-05 1260
1777308688845 2.5774397471355194e-05 1280
1777308698082 2.5655867246147767e-05 1300
1777308707208 2.553733702094034e-05 1320
1777308716293 2.5418806795732913e-05 1340
1777308725790 2.5300276570525482e-05 1360
1777308734931 2.5181746345318055e-05 1380
1777308744465 2.506321612011063e-05 1400
1777308753798 2.49446858949032e-05 1420
1777308763155 2.482615566969577e-05 1440
1777308772313 2.4707625444488344e-05 1460
1777308781679 2.4589095219280917e-05 1480
1777308790887 2.447056499407349e-05 1500
1777308800103 2.4352034768866063e-05 1520
1777308809525 2.4233504543658633e-05 1540
1777308818834 2.4114974318451206e-05 1560
1777308828154 2.399644409324378e-05 1580
1777308837294 2.3877913868036352e-05 1600
1777308846785 2.3759383642828925e-05 1620
1777308856102 2.3640853417621494e-05 1640
1777308865353 2.3522323192414067e-05 1660
1777308874659 2.3403792967206637e-05 1680
1777308883913 2.328526274199921e-05 1700
1777308893126 2.316673251679178e-05 1720
1777308902370 2.3048202291584353e-05 1740
1777308911674 2.2929672066376926e-05 1760
1777308921015 2.28111418411695e-05 1780
1777308930325 2.269261161596207e-05 1800
1777308939730 2.257408139075464e-05 1820
1777308949132 2.2455551165547214e-05 1840
1777308958440 2.2337020940339787e-05 1860
1777308967751 2.221849071513236e-05 1880
1777308977178 2.2099960489924933e-05 1900
1777308986521 2.1981430264717503e-05 1920
1777308995760 2.1862900039510076e-05 1940
1777309005039 2.174436981430265e-05 1960
1777309014114 2.1625839589095222e-05 1980
1777309023376 2.150730936388779e-05 2000
1777309055100 2.1388779138680364e-05 2020
1777309064301 2.1270248913472937e-05 2040
1777309073523 2.115171868826551e-05 2060
1777309082726 2.1033188463058083e-05 2080
1777309091912 2.091465823785065e-05 2100
1777309101151 2.0796128012643223e-05 2120
1777309110298 2.0677597787435796e-05 2140
1777309119678 2.055906756222837e-05 2160
1777309128857 2.044053733702094e-05 2180
1777309138059 2.032200711181351e-05 2200
1777309147250 2.0203476886606084e-05 2220
1777309156556 2.0084946661398657e-05 2240
1777309165640 1.996641643619123e-05 2260
1777309174824 1.98478862109838e-05 2280
1777309184251 1.9729355985776373e-05 2300
1777309193635 1.9610825760568946e-05 2320
1777309202898 1.949229553536152e-05 2340
1777309212046 1.9373765310154092e-05 2360
1777309221596 1.925523508494666e-05 2380
1777309230889 1.9136704859739234e-05 2400
1777309240087 1.9018174634531807e-05 2420
1777309249376 1.889964440932438e-05 2440
1777309258603 1.878111418411695e-05 2460
1777309267944 1.8662583958909523e-05 2480
1777309277072 1.8544053733702093e-05 2500
1777309286337 1.8425523508494666e-05 2520
1777309295512 1.830699328328724e-05 2540
1777309304833 1.818846305807981e-05 2560
1777309314117 1.806993283287238e-05 2580
1777309323566 1.7951402607664954e-05 2600
1777309332809 1.7832872382457527e-05 2620
1777309342131 1.77143421572501e-05 2640
1777309351433 1.759581193204267e-05 2660
1777309360699 1.7477281706835243e-05 2680
1777309369925 1.7358751481627816e-05 2700
1777309379097 1.724022125642039e-05 2720
1777309388450 1.712169103121296e-05 2740
1777309397846 1.700316080600553e-05 2760
1777309407205 1.6884630580798105e-05 2780
1777309416587 1.6766100355590678e-05 2800
1777309425966 1.664757013038325e-05 2820
1777309435286 1.652903990517582e-05 2840
1777309444501 1.6410509679968393e-05 2860
1777309453806 1.6291979454760966e-05 2880
1777309463228 1.6173449229553536e-05 2900
1777309472339 1.605491900434611e-05 2920
1777309481611 1.593638877913868e-05 2940
1777309490884 1.581785855393125e-05 2960
1777309500232 1.5699328328723824e-05 2980
1777309509700 1.5580798103516397e-05 3000
1777309538843 1.5462267878308967e-05 3020
1777309548058 1.534373765310154e-05 3040
1777309557342 1.5225207427894113e-05 3060
1777309566614 1.5106677202686686e-05 3080
1777309575955 1.4988146977479257e-05 3100
1777309585229 1.486961675227183e-05 3120
1777309594351 1.4751086527064402e-05 3140
1777309603492 1.4632556301856975e-05 3160
1777309612913 1.4514026076649546e-05 3180
1777309622156 1.4395495851442117e-05 3200
1777309631512 1.427696562623469e-05 3220
1777309640682 1.4158435401027262e-05 3240
1777309649894 1.4039905175819835e-05 3260
1777309659147 1.3921374950612406e-05 3280
1777309668469 1.3802844725404979e-05 3300
1777309677951 1.368431450019755e-05 3320
1777309687158 1.3565784274990123e-05 3340
1777309696367 1.3447254049782696e-05 3360
1777309705698 1.3328723824575267e-05 3380
1777309715046 1.321019359936784e-05 3400
1777309724338 1.309166337416041e-05 3420
1777309733707 1.2973133148952983e-05 3440
1777309742742 1.2854602923745554e-05 3460
1777309752129 1.2736072698538127e-05 3480
1777309761343 1.26175424733307e-05 3500
1777309770554 1.2499012248123272e-05 3520
1777309779835 1.2380482022915845e-05 3540
1777309789177 1.2261951797708416e-05 3560
1777309798257 1.2143421572500989e-05 3580
1777309807383 1.202489134729356e-05 3600
1777309816674 1.1906361122086132e-05 3620
1777309825955 1.1787830896878705e-05 3640
1777309835159 1.1669300671671276e-05 3660
1777309844235 1.1550770446463849e-05 3680
1777309853598 1.143224022125642e-05 3700
1777309862869 1.1313709996048993e-05 3720
1777309872239 1.1195179770841565e-05 3740
1777309881503 1.1076649545634138e-05 3760
1777309890658 1.0958119320426709e-05 3780
1777309900132 1.0839589095219282e-05 3800
1777309909292 1.0721058870011853e-05 3820
1777309918600 1.0602528644804425e-05 3840
1777309927900 1.0483998419596998e-05 3860
1777309937093 1.0365468194389569e-05 3880
1777309946340 1.0246937969182142e-05 3900
1777309955668 1.0128407743974713e-05 3920
1777309964935 1.0009877518767286e-05 3940
1777309974062 9.891347293559859e-06 3960
1777309983669 9.77281706835243e-06 3980
1777309993179 9.654286843145003e-06 4000
1777310024612 9.535756617937573e-06 4020
1777310033813 9.417226392730146e-06 4040
1777310043053 9.298696167522717e-06 4060
1777310052351 9.18016594231529e-06 4080
1777310061527 9.061635717107863e-06 4100
1777310070734 8.943105491900435e-06 4120
1777310080056 8.824575266693008e-06 4140
1777310089228 8.706045041485579e-06 4160
1777310098442 8.587514816278152e-06 4180
1777310107660 8.468984591070723e-06 4200
1777310117038 8.350454365863295e-06 4220
1777310126380 8.231924140655868e-06 4240
1777310135691 8.113393915448439e-06 4260
1777310145137 7.994863690241012e-06 4280
1777310154413 7.876333465033583e-06 4300
1777310163603 7.757803239826156e-06 4320
1777310172998 7.639273014618728e-06 4340
1777310182512 7.5207427894113005e-06 4360
1777310191807 7.402212564203872e-06 4380
1777310201033 7.283682338996444e-06 4400
1777310210401 7.165152113789016e-06 4420
1777310219656 7.046621888581588e-06 4440
1777310229112 6.928091663374161e-06 4460
1777310238196 6.809561438166733e-06 4480
1777310247497 6.691031212959305e-06 4500
1777310256662 6.572500987751877e-06 4520
1777310265977 6.453970762544449e-06 4540
1777310275450 6.335440537337021e-06 4560
1777310284872 6.2169103121295925e-06 4580
1777310294123 6.0983800869221655e-06 4600
1777310303449 5.979849861714738e-06 4620
1777310312767 5.86131963650731e-06 4640
1777310322056 5.742789411299882e-06 4660
1777310331274 5.624259186092453e-06 4680
1777310340537 5.5057289608850254e-06 4700
1777310349897 5.387198735677598e-06 4720
1777310359424 5.268668510470171e-06 4740
1777310368860 5.150138285262743e-06 4760
1777310378111 5.031608060055314e-06 4780
1777310387531 4.913077834847886e-06 4800
1777310396883 4.794547609640458e-06 4820
1777310406152 4.6760173844330305e-06 4840
1777310415507 4.557487159225603e-06 4860
1777310424896 4.438956934018175e-06 4880
1777310434074 4.320426708810747e-06 4900
1777310443546 4.201896483603319e-06 4920
1777310452800 4.083366258395891e-06 4940
1777310462101 3.9648360331884634e-06 4960
1777310471282 3.846305807981035e-06 4980
1777310480301 3.7277755827736073e-06 5000
1777310509449 3.6092453575661795e-06 5020
1777310518814 3.4907151323587516e-06 5040
1777310528028 3.3721849071513234e-06 5060
1777310537225 3.253654681943896e-06 5080
1777310546590 3.1351244567364677e-06 5100
1777310555821 3.01659423152904e-06 5120
1777310565195 2.8980640063216124e-06 5140
1777310574558 2.779533781114184e-06 5160
1777310583825 2.6610035559067563e-06 5180
1777310593122 2.542473330699328e-06 5200
1777310602617 2.4239431054919006e-06 5220
1777310611956 2.3054128802844727e-06 5240
1777310621085 2.1868826550770445e-06 5260
1777310630258 2.068352429869617e-06 5280
1777310639621 1.9498222046621888e-06 5300
1777310648881 1.831291979454761e-06 5320
1777310658125 1.712761754247333e-06 5340
1777310667434 1.5942315290399052e-06 5360
1777310677029 1.4757013038324774e-06 5380
1777310686456 1.3571710786250493e-06 5400
1777310695701 1.2386408534176215e-06 5420
1777310704948 1.1201106282101934e-06 5440
1777310714120 1.0015804030027658e-06 5460
1777310723545 8.830501777953379e-07 5480
1777310732846 7.645199525879099e-07 5500
1777310742412 6.459897273804821e-07 5520
1777310751662 5.274595021730541e-07 5540
1777310761093 4.0892927696562626e-07 5560
1777310770345 2.9039905175819836e-07 5580
1777310779461 1.7186882655077043e-07 5600
1777310788958 5.333860134334255e-08 5620
