1777308082105 0.7012 20
1777308090965 0.6943 40
1777308100016 0.6963 60
1777308108978 0.6892 80
1777308117948 0.6898 100
1777308127046 0.6869 120
1777308136029 0.6915 140
1777308145023 0.6807 160
1777308154186 0.6942 180
1777308163522 0.6899 200
1777308172892 0.6932 220
1777308182051 0.6942 240
1777308191215 0.6996 260
1777308200492 0.6927 280
1777308209936 0.6947 300
1777308219148 0.6892 320
1777308228487 0.6797 340
1777308237634 0.6875 360
1777308246988 0.6927 380
1777308256396 0.6787 400
1777308265769 0.6995 420
1777308275220 0.6939 440
1777308284695 0.7003 460
1777308294118 0.6856 480
1777308303650 0.6874 500
1777308312988 0.7112 520
1777308322629 0.6902 540
1777308331877 0.7097 560
1777308341043 0.7126 580
1777308350308 0.6893 600
1777308359834 0.6958 620
1777308368969 0.6961 640
1777308378141 0.6926 660
1777308387235 0.6889 680
1777308396562 0.7024 700
1777308405673 0.6954 720
1777308414914 0.6951 740
1777308424141 0.6939 760
1777308433273 0.6951 780
1777308442555 0.6925 800
1777308451827 0.6993 820
1777308461111 0.6923 840
1777308470381 0.6871 860
1777308479742 0.6961 880
1777308488913 0.6968 900
1777308498299 0.695 920
1777308507434 0.6949 940
1777308516831 0.6899 960
1777308526185 0.7008 980
1777308535418 0.6949 1000
1777308567791 0.6904 1020
1777308576953 0.6928 1040
1777308586393 0.6927 1060
1777308595802 0.6934 1080
1777308605123 0.6938 1100
1777308614316 0.7014 1120
1777308623557 0.6956 1140
1777308633018 0.6906 1160
1777308642312 0.6877 1180
1777308651726 0.7037 1200
1777308661069 0.695 1220
1777308670264 0.6957 1240
1777308679570 0.6903 1260
1777308688845 0.6951 1280
1777308698082 0.6981 1300
1777308707208 0.6933 1320
1777308716293 0.6934 1340
1777308725790 0.6952 1360
1777308734931 0.6931 1380
1777308744465 0.6938 1400
1777308753798 0.69 1420
1777308763155 0.6635 1440
1777308772313 0.6998 1460
1777308781679 0.6982 1480
1777308790887 0.6931 1500
1777308800103 0.6966 1520
1777308809525 0.6951 1540
1777308818834 0.6849 1560
1777308828154 0.6968 1580
1777308837294 0.6888 1600
1777308846785 0.6935 1620
1777308856102 0.6925 1640
1777308865353 0.7021 1660
1777308874659 0.694 1680
1777308883913 0.6899 1700
1777308893126 0.6952 1720
1777308902370 0.702 1740
1777308911674 0.6917 1760
1777308921015 0.6904 1780
1777308930325 0.6897 1800
1777308939730 0.6856 1820
1777308949132 0.688 1840
1777308958440 0.677 1860
1777308967751 0.6775 1880
1777308977178 0.7007 1900
1777308986521 0.6979 1920
1777308995760 0.6947 1940
1777309005039 0.6803 1960
1777309014114 0.6982 1980
1777309023376 0.6984 2000
1777309055100 0.6933 2020
1777309064301 0.6898 2040
1777309073523 0.7002 2060
1777309082726 0.693 2080
1777309091912 0.695 2100
1777309101151 0.694 2120
1777309110298 0.6929 2140
1777309119678 0.6917 2160
1777309128857 0.696 2180
1777309138059 0.6903 2200
1777309147250 0.6946 2220
1777309156556 0.6959 2240
1777309165640 0.6934 2260
1777309174824 0.6906 2280
1777309184251 0.6899 2300
1777309193635 0.6814 2320
1777309202898 0.696 2340
1777309212046 0.6954 2360
1777309221596 0.6939 2380
1777309230889 0.6815 2400
1777309240087 0.6896 2420
1777309249376 0.6799 2440
1777309258603 0.7109 2460
1777309267944 0.6875 2480
1777309277072 0.6958 2500
1777309286337 0.6981 2520
1777309295512 0.6946 2540
1777309304833 0.6931 2560
1777309314117 0.6923 2580
1777309323566 0.6905 2600
1777309332809 0.6916 2620
1777309342131 0.6986 2640
1777309351433 0.6948 2660
1777309360699 0.6916 2680
1777309369925 0.6947 2700
1777309379097 0.6921 2720
1777309388450 0.6902 2740
1777309397846 0.6953 2760
1777309407205 0.6917 2780
1777309416587 0.6941 2800
1777309425966 0.6962 2820
1777309435286 0.6938 2840
1777309444501 0.6923 2860
1777309453806 0.6924 2880
1777309463228 0.6923 2900
1777309472339 0.6966 2920
1777309481611 0.6898 2940
1777309490884 0.6945 2960
1777309500232 0.6954 2980
1777309509700 0.6933 3000
1777309538843 0.6925 3020
1777309548058 0.6842 3040
1777309557342 0.6821 3060
1777309566614 0.683 3080
1777309575955 0.6809 3100
1777309585229 0.6861 3120
1777309594351 0.6976 3140
1777309603492 0.6893 3160
1777309612913 0.688 3180
1777309622156 0.6951 3200
1777309631512 0.6852 3220
1777309640682 0.6926 3240
1777309649894 0.6974 3260
1777309659147 0.6901 3280
1777309668469 0.6959 3300
1777309677951 0.6923 3320
1777309687158 0.6936 3340
1777309696367 0.6916 3360
1777309705698 0.6897 3380
1777309715046 0.6992 3400
1777309724338 0.6922 3420
1777309733707 0.6917 3440
1777309742742 0.6954 3460
1777309752129 0.692 3480
1777309761343 0.6919 3500
1777309770554 0.6931 3520
1777309779835 0.6875 3540
1777309789177 0.6947 3560
1777309798257 0.6947 3580
1777309807383 0.7 3600
1777309816674 0.6935 3620
1777309825955 0.6946 3640
1777309835159 0.6928 3660
1777309844235 0.6918 3680
1777309853598 0.6877 3700
1777309862869 0.6934 3720
1777309872239 0.6944 3740
1777309881503 0.6892 3760
1777309890658 0.6975 3780
1777309900132 0.6934 3800
1777309909292 0.6966 3820
1777309918600 0.6938 3840
1777309927900 0.6918 3860
1777309937093 0.6936 3880
1777309946340 0.6885 3900
1777309955668 0.6866 3920
1777309964935 0.6801 3940
1777309974062 0.6933 3960
1777309983669 0.6955 3980
1777309993179 0.68 4000
1777310024612 0.6957 4020
1777310033813 0.6912 4040
1777310043053 0.6902 4060
1777310052351 0.6778 4080
1777310061527 0.6924 4100
1777310070734 0.702 4120
1777310080056 0.6869 4140
1777310089228 0.7019 4160
1777310098442 0.6926 4180
1777310107660 0.6922 4200
1777310117038 0.6941 4220
1777310126380 0.6831 4240
1777310135691 0.6883 4260
1777310145137 0.6998 4280
1777310154413 0.6937 4300
1777310163603 0.6806 4320
1777310172998 0.6806 4340
1777310182512 0.6844 4360
1777310191807 0.7041 4380
1777310201033 0.7017 4400
1777310210401 0.6884 4420
1777310219656 0.6814 4440
1777310229112 0.6973 4460
1777310238196 0.6978 4480
1777310247497 0.6829 4500
1777310256662 0.6802 4520
1777310265977 0.7029 4540
1777310275450 0.683 4560
1777310284872 0.6957 4580
1777310294123 0.698 4600
1777310303449 0.6943 4620
1777310312767 0.6923 4640
1777310322056 0.6867 4660
1777310331274 0.6926 4680
1777310340537 0.6936 4700
1777310349897 0.6958 4720
1777310359424 0.6857 4740
1777310368860 0.6977 4760
1777310378111 0.6973 4780
1777310387531 0.6923 4800
1777310396883 0.6866 4820
1777310406152 0.6977 4840
1777310415507 0.6944 4860
1777310424896 0.689 4880
1777310434074 0.6941 4900
1777310443546 0.6958 4920
1777310452800 0.6923 4940
1777310462101 0.691 4960
1777310471282 0.6845 4980
1777310480301 0.6971 5000
1777310509449 0.6888 5020
1777310518814 0.7001 5040
1777310528028 0.6909 5060
1777310537225 0.6883 5080
1777310546590 0.6914 5100
1777310555821 0.69 5120
1777310565195 0.6947 5140
1777310574558 0.695 5160
1777310583825 0.6925 5180
1777310593122 0.6924 5200
1777310602617 0.6851 5220
1777310611956 0.6881 5240
1777310621085 0.6893 5260
1777310630258 0.6882 5280
1777310639621 0.6925 5300
1777310648881 0.6929 5320
1777310658125 0.6948 5340
1777310667434 0.692 5360
1777310677029 0.691 5380
1777310686456 0.6922 5400
1777310695701 0.6885 5420
1777310704948 0.6871 5440
1777310714120 0.694 5460
1777310723545 0.68 5480
1777310732846 0.6871 5500
1777310742412 0.6896 5520
1777310751662 0.6872 5540
1777310761093 0.6999 5560
1777310770345 0.6782 5580
1777310779461 0.6879 5600
1777310788958 0.696 5620
