1779362060892 0.021953896816684963 20
1779362066648 0.043907793633369926 40
1779362072382 0.06586169045005488 60
1779362078011 0.08781558726673985 80
1779362083779 0.10976948408342481 100
1779362089532 0.13172338090010977 120
1779362095290 0.15367727771679474 140
1779362101009 0.1756311745334797 160
1779362106723 0.19758507135016465 180
1779362112399 0.21953896816684962 200
1779362118058 0.2414928649835346 220
1779362123703 0.26344676180021953 240
1779362137072 0.27442371020856204 250
1779362147004 0.2854006586169045 260
1779362152761 0.30735455543358947 280
1779362158477 0.32930845225027444 300
1779362164138 0.3512623490669594 320
1779362169809 0.3732162458836443 340
1779362175464 0.3951701427003293 360
1779362181159 0.41712403951701427 380
1779362186814 0.43907793633369924 400
1779362192452 0.4610318331503842 420
1779362198138 0.4829857299670692 440
1779362203835 0.5049396267837541 460
1779362209466 0.5268935236004391 480
1779362215082 0.5488474204171241 500
1779362225339 0.5488474204171241 500
1779362237339 0.570801317233809 520
1779362242978 0.5927552140504939 540
1779362248613 0.6147091108671789 560
1779362254283 0.6366630076838639 580
1779362259878 0.6586169045005489 600
1779362265472 0.6805708013172338 620
1779362271041 0.7025246981339188 640
1779362276626 0.7244785949506037 660
1779362282244 0.7464324917672887 680
1779362287877 0.7683863885839737 700
1779362293512 0.7903402854006586 720
1779362299122 0.8122941822173436 740
1779362312046 0.823271130625686 750
1779362322347 0.8342480790340285 760
1779362328105 0.8562019758507134 780
1779362333693 0.8781558726673985 800
1779362339321 0.9001097694840834 820
1779362344913 0.9220636663007684 840
1779362350525 0.9440175631174533 860
1779362356196 0.9659714599341384 880
1779362361759 0.9879253567508233 900
1779362367300 1.0098792535675083 920
1779362372908 1.031833150384193 940
1779362378650 1.0537870472008781 960
1779362384261 1.0757409440175631 980
1779362389887 1.0976948408342482 1000
1779362400138 1.0976948408342482 1000
1779362413988 1.119648737650933 1020
1779362419473 1.141602634467618 1040
1779362424963 1.163556531284303 1060
1779362430634 1.1855104281009878 1080
1779362436251 1.2074643249176729 1100
1779362441892 1.2294182217343579 1120
1779362447533 1.2513721185510427 1140
1779362453241 1.2733260153677277 1160
1779362458862 1.2952799121844127 1180
1779362464571 1.3172338090010978 1200
1779362470230 1.3391877058177828 1220
1779362475826 1.3611416026344676 1240
1779362488832 1.37211855104281 1250
1779362498117 1.3830954994511526 1260
1779362503731 1.4050493962678376 1280
1779362509345 1.4270032930845225 1300
1779362514992 1.4489571899012075 1320
1779362520659 1.4709110867178925 1340
1779362526345 1.4928649835345773 1360
1779362531955 1.5148188803512623 1380
1779362537549 1.5367727771679474 1400
1779362543155 1.5587266739846322 1420
1779362548779 1.5806805708013172 1440
1779362554431 1.6026344676180022 1460
1779362560061 1.624588364434687 1480
1779362565646 1.6465422612513723 1500
1779362575836 1.6465422612513723 1500
1779362588754 1.668496158068057 1520
1779362594453 1.690450054884742 1540
1779362600113 1.7124039517014271 1560
1779362605813 1.734357848518112 1580
1779362611424 1.756311745334797 1600
1779362617001 1.778265642151482 1620
1779362622548 1.8002195389681668 1640
1779362628150 1.8221734357848518 1660
1779362633834 1.8441273326015368 1680
1779362639441 1.8660812294182216 1700
1779362645023 1.8880351262349067 1720
1779362650696 1.9099890230515917 1740
1779362664041 1.920965971459934 1750
1779362676027 1.9319429198682765 1760
1779362681616 1.9538968166849617 1780
1779362687228 1.9758507135016465 1800
1779362692858 1.9978046103183313 1820
1779362698443 2.0197585071350166 1840
1779362704059 2.0417124039517014 1860
1779362709716 2.063666300768386 1880
1779362715318 2.0856201975850714 1900
1779362720936 2.1075740944017562 1920
1779362726605 2.129527991218441 1940
1779362732203 2.1514818880351263 1960
1779362737820 2.173435784851811 1980
1779362743431 2.1953896816684964 2000
1779362753596 2.1953896816684964 2000
1779362765833 2.217343578485181 2020
1779362771431 2.239297475301866 2040
1779362777039 2.261251372118551 2060
1779362782710 2.283205268935236 2080
1779362788305 2.305159165751921 2100
1779362793910 2.327113062568606 2120
1779362799525 2.349066959385291 2140
1779362805121 2.3710208562019757 2160
1779362810720 2.392974753018661 2180
1779362816944 2.4149286498353457 2200
1779362822589 2.436882546652031 2220
1779362828184 2.4588364434687158 2240
1779362841212 2.469813391877058 2250
1779362852346 2.4807903402854006 2260
1779362857966 2.5027442371020854 2280
1779362863552 2.5246981339187706 2300
1779362869139 2.5466520307354554 2320
1779362874773 2.5686059275521407 2340
1779362880386 2.5905598243688255 2360
1779362886029 2.6125137211855103 2380
1779362891669 2.6344676180021955 2400
1779362897283 2.6564215148188803 2420
1779362902878 2.6783754116355656 2440
1779362908474 2.7003293084522504 2460
1779362914097 2.722283205268935 2480
1779362919719 2.74423710208562 2500
1779362929894 2.74423710208562 2500
1779362941909 2.7661909989023052 2520
1779362947518 2.78814489571899 2540
1779362953141 2.8100987925356753 2560
1779362958744 2.83205268935236 2580
1779362964383 2.854006586169045 2600
1779362969983 2.8759604829857297 2620
1779362975614 2.897914379802415 2640
1779362981216 2.9198682766190998 2660
1779362986845 2.941822173435785 2680
1779362992420 2.96377607025247 2700
1779362997975 2.9857299670691546 2720
1779363003476 3.00768386388584 2740
1779363016411 3.0186608122941823 2750
1779363025941 3.0296377607025247 2760
1779363031562 3.0515916575192095 2780
1779363037137 3.0735455543358947 2800
1779363042695 3.0954994511525795 2820
1779363048292 3.1174533479692643 2840
1779363053901 3.1394072447859496 2860
1779363059478 3.1613611416026344 2880
1779363065058 3.1833150384193196 2900
1779363070616 3.2052689352360044 2920
1779363076211 3.2272228320526892 2940
1779363081777 3.2491767288693745 2960
1779363087359 3.2711306256860593 2980
1779363092942 3.293084522502744 3000
1779363103033 3.293084522502744 3000
1779363115666 3.3150384193194293 3020
1779363121194 3.336992316136114 3040
1779363126787 3.358946212952799 3060
1779363132431 3.380900109769484 3080
1779363138026 3.402854006586169 3100
1779363143572 3.4248079034028542 3120
1779363149140 3.446761800219539 3140
1779363154715 3.468715697036224 3160
1779363160285 3.4906695938529086 3180
1779363165854 3.512623490669594 3200
1779363171467 3.5345773874862787 3220
1779363177037 3.556531284302964 3240
1779363190019 3.5675082327113063 3250
1779363199762 3.5784851811196488 3260
1779363205347 3.6004390779363336 3280
1779363210998 3.622392974753019 3300
1779363216571 3.6443468715697036 3320
1779363222205 3.666300768386389 3340
1779363227786 3.6882546652030737 3360
1779363233421 3.7102085620197585 3380
1779363239026 3.7321624588364433 3400
1779363244642 3.7541163556531285 3420
1779363250246 3.7760702524698133 3440
1779363255898 3.7980241492864986 3460
1779363261556 3.8199780461031834 3480
1779363267185 3.841931942919868 3500
1779363277423 3.841931942919868 3500
1779363289986 3.863885839736553 3520
1779363295612 3.885839736553238 3540
1779363301225 3.907793633369923 3560
1779363306850 3.9297475301866083 3580
1779363312453 3.951701427003293 3600
1779363318128 3.973655323819978 3620
1779363323788 3.995609220636663 3640
1779363329376 4.017563117453348 3660
1779363335006 4.039517014270033 3680
1779363340709 4.061470911086718 3700
1779363346316 4.083424807903403 3720
1779363351937 4.105378704720088 3740
1779363365102 4.11635565312843 3750
1779363375664 4.127332601536772 3760
1779363381281 4.149286498353458 3780
1779363386896 4.171240395170143 3800
1779363392515 4.193194291986828 3820
1779363398143 4.2151481888035125 3840
1779363403742 4.237102085620197 3860
1779363409384 4.259055982436882 3880
1779363414979 4.281009879253568 3900
1779363420614 4.302963776070253 3920
1779363426217 4.324917672886937 3940
1779363431876 4.346871569703622 3960
1779363437474 4.368825466520307 3980
1779363443062 4.390779363336993 4000
1779363453249 4.390779363336993 4000
1779363466698 4.4127332601536775 4020
1779363472312 4.434687156970362 4040
1779363477891 4.456641053787047 4060
1779363483500 4.478594950603732 4080
1779363489179 4.500548847420417 4100
1779363494770 4.522502744237102 4120
1779363500354 4.544456641053787 4140
1779363505998 4.566410537870472 4160
1779363511602 4.588364434687157 4180
1779363517186 4.610318331503842 4200
1779363522785 4.632272228320527 4220
1779363528368 4.654226125137212 4240
1779363541496 4.6652030735455545 4250
1779363551598 4.676180021953897 4260
1779363557274 4.698133918770582 4280
1779363562891 4.7200878155872665 4300
1779363568471 4.742041712403951 4320
1779363574052 4.763995609220637 4340
1779363579646 4.785949506037322 4360
1779363585305 4.807903402854007 4380
1779363590934 4.829857299670691 4400
1779363596742 4.851811196487376 4420
1779363602342 4.873765093304062 4440
1779363607913 4.895718990120747 4460
1779363613484 4.9176728869374315 4480
1779363619191 4.939626783754116 4500
1779363629380 4.939626783754116 4500
1779363642340 4.961580680570801 4520
1779363647947 4.983534577387486 4540
1779363662356 5.0 4555
1779363669515 5.0 4555
1779363683273 5.0 4555
1779363686352 5.0 4555
1779363693025 5.0 0
