1779362060892 6.948726654052734 20
1779362066648 39.23421859741211 40
1779362072382 251.27328491210938 60
1779362078011 31.167802810668945 80
1779362083779 83.60952758789062 100
1779362089532 10.540664672851562 120
1779362095290 35.883026123046875 140
1779362101009 7.76759672164917 160
1779362106723 13.863824844360352 180
1779362112399 7.452176094055176 200
1779362118058 14.324503898620605 220
1779362123703 29.602888107299805 240
1779362147004 18.131162643432617 260
1779362152761 15.865435600280762 280
1779362158477 6.762297630310059 300
1779362164138 14.696300506591797 320
1779362169809 7.132036209106445 340
1779362175464 3.438977003097534 360
1779362181159 6.894433498382568 380
1779362186814 9.486218452453613 400
1779362192452 8.996819496154785 420
1779362198138 13.12986946105957 440
1779362203835 4.918696403503418 460
1779362209466 11.595843315124512 480
1779362215082 10.717524528503418 500
1779362237339 12.140732765197754 520
1779362242978 14.746917724609375 540
1779362248613 9.767263412475586 560
1779362254283 7.070807933807373 580
1779362259878 7.49160099029541 600
1779362265472 15.47173023223877 620
1779362271041 9.631919860839844 640
1779362276626 15.007526397705078 660
1779362282244 9.315760612487793 680
1779362287877 13.646571159362793 700
1779362293512 9.29483413696289 720
1779362299122 18.796323776245117 740
1779362322347 10.77281379699707 760
1779362328105 14.340636253356934 780
1779362333693 18.589658737182617 800
1779362339321 4.786317825317383 820
1779362344913 10.344456672668457 840
1779362350525 12.025614738464355 860
1779362356196 11.251033782958984 880
1779362361759 9.288444519042969 900
1779362367300 14.402471542358398 920
1779362372908 10.398477554321289 940
1779362378650 11.80311393737793 960
1779362384261 12.987290382385254 980
1779362389887 21.504314422607422 1000
1779362413988 20.912029266357422 1020
1779362419473 8.482808113098145 1040
1779362424963 12.339019775390625 1060
1779362430634 5.9379143714904785 1080
1779362436251 18.94208335876465 1100
1779362441892 16.785335540771484 1120
1779362447533 10.64271068572998 1140
1779362453241 17.798219680786133 1160
1779362458862 13.315305709838867 1180
1779362464571 15.935690879821777 1200
1779362470230 15.359235763549805 1220
1779362475826 9.166177749633789 1240
1779362498117 24.30074119567871 1260
1779362503731 20.60849952697754 1280
1779362509345 6.694601058959961 1300
1779362514992 9.050270080566406 1320
1779362520659 27.132421493530273 1340
1779362526345 10.68432331085205 1360
1779362531955 14.594222068786621 1380
1779362537549 6.859954357147217 1400
1779362543155 7.3728346824646 1420
1779362548779 25.54957389831543 1440
1779362554431 31.084409713745117 1460
1779362560061 12.492642402648926 1480
1779362565646 10.055217742919922 1500
1779362588754 5.95603084564209 1520
1779362594453 7.359116554260254 1540
1779362600113 7.897571563720703 1560
1779362605813 11.499943733215332 1580
1779362611424 14.948229789733887 1600
1779362617001 9.716020584106445 1620
1779362622548 5.943559646606445 1640
1779362628150 8.750341415405273 1660
1779362633834 16.67116355895996 1680
1779362639441 9.20547866821289 1700
1779362645023 9.190186500549316 1720
1779362650696 11.805792808532715 1740
1779362676027 11.796204566955566 1760
1779362681616 18.766908645629883 1780
1779362687228 8.129464149475098 1800
1779362692858 11.745475769042969 1820
1779362698443 9.083294868469238 1840
1779362704059 11.030570983886719 1860
1779362709716 9.890883445739746 1880
1779362715318 12.946825981140137 1900
1779362720936 12.981149673461914 1920
1779362726605 20.01334571838379 1940
1779362732203 15.109386444091797 1960
1779362737820 11.160442352294922 1980
1779362743431 11.483966827392578 2000
1779362765833 21.461122512817383 2020
1779362771431 16.8226261138916 2040
1779362777039 16.584476470947266 2060
1779362782710 20.639286041259766 2080
1779362788305 12.341522216796875 2100
1779362793910 14.959981918334961 2120
1779362799525 24.296295166015625 2140
1779362805121 19.185598373413086 2160
1779362810720 12.069271087646484 2180
1779362816944 20.972047805786133 2200
1779362822589 20.869577407836914 2220
1779362828184 22.354345321655273 2240
1779362852346 20.732521057128906 2260
1779362857966 17.727895736694336 2280
1779362863552 22.15190887451172 2300
1779362869139 10.406521797180176 2320
1779362874773 17.462026596069336 2340
1779362880386 9.29621410369873 2360
1779362886029 15.669818878173828 2380
1779362891669 15.93047046661377 2400
1779362897283 23.07892608642578 2420
1779362902878 16.208711624145508 2440
1779362908474 20.86011505126953 2460
1779362914097 23.3873348236084 2480
1779362919719 10.469964027404785 2500
1779362941909 19.553558349609375 2520
1779362947518 29.420541763305664 2540
1779362953141 12.940861701965332 2560
1779362958744 17.032007217407227 2580
1779362964383 18.379396438598633 2600
1779362969983 23.76927375793457 2620
1779362975614 16.065582275390625 2640
1779362981216 20.42230987548828 2660
1779362986845 24.858858108520508 2680
1779362992420 19.803665161132812 2700
1779362997975 24.092607498168945 2720
1779363003476 18.40157127380371 2740
1779363025941 16.528602600097656 2760
1779363031562 9.03328800201416 2780
1779363037137 13.549399375915527 2800
1779363042695 26.82556915283203 2820
1779363048292 21.486465454101562 2840
1779363053901 16.36689567565918 2860
1779363059478 20.002300262451172 2880
1779363065058 29.905527114868164 2900
1779363070616 12.492461204528809 2920
1779363076211 12.28419017791748 2940
1779363081777 16.96805191040039 2960
1779363087359 24.828170776367188 2980
1779363092942 20.950654983520508 3000
1779363115666 16.528942108154297 3020
1779363121194 18.454824447631836 3040
1779363126787 19.534317016601562 3060
1779363132431 23.5139217376709 3080
1779363138026 15.31638240814209 3100
1779363143572 15.564332962036133 3120
1779363149140 30.122182846069336 3140
1779363154715 19.484535217285156 3160
1779363160285 15.028559684753418 3180
1779363165854 13.278816223144531 3200
1779363171467 14.339462280273438 3220
1779363177037 16.501554489135742 3240
1779363199762 23.585010528564453 3260
1779363205347 19.17291831970215 3280
1779363210998 8.708276748657227 3300
1779363216571 19.122713088989258 3320
1779363222205 26.84259033203125 3340
1779363227786 14.243764877319336 3360
1779363233421 19.84966468811035 3380
1779363239026 11.969806671142578 3400
1779363244642 11.903462409973145 3420
1779363250246 48.08811569213867 3440
1779363255898 20.895099639892578 3460
1779363261556 17.440446853637695 3480
1779363267185 27.108747482299805 3500
1779363289986 17.279634475708008 3520
1779363295612 12.42724895477295 3540
1779363301225 12.380249977111816 3560
1779363306850 38.785438537597656 3580
1779363312453 26.420087814331055 3600
1779363318128 16.543119430541992 3620
1779363323788 19.75899887084961 3640
1779363329376 13.31840705871582 3660
1779363335006 17.229259490966797 3680
1779363340709 18.993650436401367 3700
1779363346316 14.427605628967285 3720
1779363351937 34.03859329223633 3740
1779363375664 11.008891105651855 3760
1779363381281 24.053913116455078 3780
1779363386896 13.351946830749512 3800
1779363392515 16.801939010620117 3820
1779363398143 13.00912857055664 3840
1779363403742 23.30286407470703 3860
1779363409384 28.38022232055664 3880
1779363414979 16.900712966918945 3900
1779363420614 9.175943374633789 3920
1779363426217 11.376180648803711 3940
1779363431876 15.950860023498535 3960
1779363437474 48.831417083740234 3980
1779363443062 14.03730297088623 4000
1779363466698 17.456113815307617 4020
1779363472312 35.22674560546875 4040
1779363477891 14.426200866699219 4060
1779363483500 23.20857048034668 4080
1779363489179 21.18743133544922 4100
1779363494770 35.98114013671875 4120
1779363500354 20.47110366821289 4140
1779363505998 8.136483192443848 4160
1779363511602 16.117557525634766 4180
1779363517186 12.70448112487793 4200
1779363522785 8.770034790039062 4220
1779363528368 6.996523380279541 4240
1779363551598 18.609155654907227 4260
1779363557274 25.075212478637695 4280
1779363562891 38.97526168823242 4300
1779363568471 17.19894027709961 4320
1779363574052 28.63056182861328 4340
1779363579646 13.02613353729248 4360
1779363585305 10.831182479858398 4380
1779363590934 16.936368942260742 4400
1779363596742 14.558453559875488 4420
1779363602342 12.112459182739258 4440
1779363607913 20.102306365966797 4460
1779363613484 13.773199081420898 4480
1779363619191 3.6359312534332275 4500
1779363642340 18.638925552368164 4520
1779363647947 16.476760864257812 4540
