1779362060892 0.6859317779541015 20
1779362066648 0.5556199550628662 40
1779362072382 0.6735446929931641 60
1779362078011 0.6427814483642578 80
1779362083779 0.610959243774414 100
1779362089532 0.5712206363677979 120
1779362095290 0.5719300270080566 140
1779362101009 0.5249343872070312 160
1779362106723 0.5200543880462647 180
1779362112399 0.4839637756347656 200
1779362118058 0.5979093551635742 220
1779362123703 0.499513578414917 240
1779362147004 0.563350248336792 260
1779362152761 0.5141949653625488 280
1779362158477 0.5265635490417481 300
1779362164138 0.5483471870422363 320
1779362169809 0.5152626514434815 340
1779362175464 0.5134178161621094 360
1779362181159 0.4757681369781494 380
1779362186814 0.5498704433441162 400
1779362192452 0.4502257347106934 420
1779362198138 0.49228391647338865 440
1779362203835 0.4852076530456543 460
1779362209466 0.49727840423583985 480
1779362215082 0.4966989517211914 500
1779362237339 0.5035343647003174 520
1779362242978 0.5074762821197509 540
1779362248613 0.4829272747039795 560
1779362254283 0.6064119338989258 580
1779362259878 0.49239840507507326 600
1779362265472 0.5433547973632813 620
1779362271041 0.5145987033843994 640
1779362276626 0.5164072036743164 660
1779362282244 0.5034292697906494 680
1779362287877 0.49560041427612306 700
1779362293512 0.5083444118499756 720
1779362299122 0.4758166313171387 740
1779362322347 0.5538762092590332 760
1779362328105 0.48628969192504884 780
1779362333693 0.4848016262054443 800
1779362339321 0.5168805599212647 820
1779362344913 0.4856747627258301 840
1779362350525 0.4359586715698242 860
1779362356196 0.5253837585449219 880
1779362361759 0.49007205963134765 900
1779362367300 0.509488296508789 920
1779362372908 0.49721565246582033 940
1779362378650 0.5032179832458497 960
1779362384261 0.45766148567199705 980
1779362389887 0.42426061630249023 1000
1779362413988 0.5041591644287109 1020
1779362419473 0.4640486240386963 1040
1779362424963 0.4692805290222168 1060
1779362430634 0.4885722637176514 1080
1779362436251 0.41467909812927245 1100
1779362441892 0.47014923095703126 1120
1779362447533 0.44168729782104493 1140
1779362453241 0.4406611442565918 1160
1779362458862 0.4282195568084717 1180
1779362464571 0.4941450595855713 1200
1779362470230 0.45346803665161134 1220
1779362475826 0.443283748626709 1240
1779362498117 0.4391627311706543 1260
1779362503731 0.4074846267700195 1280
1779362509345 0.4446913242340088 1300
1779362514992 0.43358678817749025 1320
1779362520659 0.4788805961608887 1340
1779362526345 0.4447598457336426 1360
1779362531955 0.4623111724853516 1380
1779362537549 0.45542197227478026 1400
1779362543155 0.47243576049804686 1420
1779362548779 0.4757650852203369 1440
1779362554431 0.44524126052856444 1460
1779362560061 0.488185977935791 1480
1779362565646 0.4890936851501465 1500
1779362588754 0.47263412475585936 1520
1779362594453 0.4180140495300293 1540
1779362600113 0.3999114274978638 1560
1779362605813 0.42775745391845704 1580
1779362611424 0.43279256820678713 1600
1779362617001 0.47104778289794924 1620
1779362622548 0.43114171028137205 1640
1779362628150 0.4674952983856201 1660
1779362633834 0.5074093818664551 1680
1779362639441 0.48642668724060056 1700
1779362645023 0.4721093654632568 1720
1779362650696 0.4226381301879883 1740
1779362676027 0.4173367977142334 1760
1779362681616 0.4681201934814453 1780
1779362687228 0.4120347499847412 1800
1779362692858 0.4669990539550781 1820
1779362698443 0.4118368625640869 1840
1779362704059 0.3830994129180908 1860
1779362709716 0.36819617748260497 1880
1779362715318 0.38935146331787107 1900
1779362720936 0.36057496070861816 1920
1779362726605 0.41456923484802244 1940
1779362732203 0.4137566566467285 1960
1779362737820 0.3772554874420166 1980
1779362743431 0.3979058265686035 2000
1779362765833 0.37667572498321533 2020
1779362771431 0.3657697200775146 2040
1779362777039 0.39450531005859374 2060
1779362782710 0.37423176765441896 2080
1779362788305 0.37246778011322024 2100
1779362793910 0.3512789487838745 2120
1779362799525 0.38533501625061034 2140
1779362805121 0.3181165218353271 2160
1779362810720 0.39801888465881347 2180
1779362816944 0.3758641481399536 2200
1779362822589 0.4119140625 2220
1779362828184 0.352540111541748 2240
1779362852346 0.32247722148895264 2260
1779362857966 0.34128608703613283 2280
1779362863552 0.3471231937408447 2300
1779362869139 0.3488776683807373 2320
1779362874773 0.38803882598876954 2340
1779362880386 0.34237487316131593 2360
1779362886029 0.3630265951156616 2380
1779362891669 0.35151774883270265 2400
1779362897283 0.2976787805557251 2420
1779362902878 0.3411939382553101 2440
1779362908474 0.3940953969955444 2460
1779362914097 0.37017776966094973 2480
1779362919719 0.35412237644195554 2500
1779362941909 0.3961273193359375 2520
1779362947518 0.3097806930541992 2540
1779362953141 0.3610647201538086 2560
1779362958744 0.32726297378540037 2580
1779362964383 0.3902493715286255 2600
1779362969983 0.36649012565612793 2620
1779362975614 0.3951841115951538 2640
1779362981216 0.3938185453414917 2660
1779362986845 0.3549638748168945 2680
1779362992420 0.3371377468109131 2700
1779362997975 0.349406361579895 2720
1779363003476 0.37455313205718993 2740
1779363025941 0.28257911205291747 2760
1779363031562 0.23984103202819823 2780
1779363037137 0.23945465087890624 2800
1779363042695 0.27114014625549315 2820
1779363048292 0.2450109004974365 2840
1779363053901 0.24312405586242675 2860
1779363059478 0.2535023927688599 2880
1779363065058 0.19754170179367064 2900
1779363070616 0.2190852165222168 2920
1779363076211 0.2684234857559204 2940
1779363081777 0.2309316873550415 2960
1779363087359 0.28487799167633054 2980
1779363092942 0.26843829154968263 3000
1779363115666 0.23763818740844728 3020
1779363121194 0.2290205955505371 3040
1779363126787 0.20894935131072997 3060
1779363132431 0.1924508810043335 3080
1779363138026 0.22587618827819825 3100
1779363143572 0.2376147747039795 3120
1779363149140 0.2778308868408203 3140
1779363154715 0.2442150115966797 3160
1779363160285 0.22964208126068114 3180
1779363165854 0.20312232971191407 3200
1779363171467 0.1971745014190674 3220
1779363177037 0.20930943489074708 3240
1779363199762 0.24551994800567628 3260
1779363205347 0.25913662910461427 3280
1779363210998 0.21474461555480956 3300
1779363216571 0.2439352512359619 3320
1779363222205 0.24738967418670654 3340
1779363227786 0.215460467338562 3360
1779363233421 0.23305010795593262 3380
1779363239026 0.23270516395568847 3400
1779363244642 0.20953187942504883 3420
1779363250246 0.2325584650039673 3440
1779363255898 0.24792888164520263 3460
1779363261556 0.22015795707702637 3480
1779363267185 0.17050747871398925 3500
1779363289986 0.19003913402557374 3520
1779363295612 0.2497710704803467 3540
1779363301225 0.19304947853088378 3560
1779363306850 0.2199087142944336 3580
1779363312453 0.22825922966003417 3600
1779363318128 0.2050919532775879 3620
1779363323788 0.25028204917907715 3640
1779363329376 0.18054784536361695 3660
1779363335006 0.18376011848449708 3680
1779363340709 0.14000380039215088 3700
1779363346316 0.16157456636428832 3720
1779363351937 0.1336233377456665 3740
1779363375664 0.16123260259628297 3760
1779363381281 0.13680113554000856 3780
1779363386896 0.1337828516960144 3800
1779363392515 0.14690921306610108 3820
1779363398143 0.11360023021697999 3840
1779363403742 0.16855660676956177 3860
1779363409384 0.12791202068328858 3880
1779363414979 0.1402121067047119 3900
1779363420614 0.1260521650314331 3920
1779363426217 0.12071694135665893 3940
1779363431876 0.11924252510070801 3960
1779363437474 0.14202239513397216 3980
1779363443062 0.15447288751602173 4000
1779363466698 0.09993264675140381 4020
1779363472312 0.13172607421875 4040
1779363477891 0.13076503276824952 4060
1779363483500 0.13737714290618896 4080
1779363489179 0.11608642339706421 4100
1779363494770 0.1713664174079895 4120
1779363500354 0.12195708751678466 4140
1779363505998 0.10205373764038086 4160
1779363511602 0.11824706792831421 4180
1779363517186 0.14306368827819824 4200
1779363522785 0.15533117055892945 4220
1779363528368 0.1279485583305359 4240
1779363551598 0.14527473449707032 4260
1779363557274 0.15058612823486328 4280
1779363562891 0.1720574140548706 4300
1779363568471 0.10549657344818116 4320
1779363574052 0.1574998140335083 4340
1779363579646 0.14000344276428223 4360
1779363585305 0.15566415786743165 4380
1779363590934 0.12716403007507324 4400
1779363596742 0.13275673389434814 4420
1779363602342 0.15157063007354737 4440
1779363607913 0.12695074081420898 4460
1779363613484 0.13325824737548828 4480
1779363619191 0.16024503707885743 4500
1779363642340 0.1372399091720581 4520
1779363647947 0.12507823705673218 4540
