1777461246478 3.6155037879943848 20
1777461250297 3.411180019378662 40
1777461254131 1.4883148670196533 60
1777461257993 4.985081672668457 80
1777461261871 4.499194622039795 100
1777461265765 1.11793851852417 120
1777461269653 1.967809796333313 140
1777461273536 1.8271981477737427 160
1777461277430 10.604437828063965 180
1777461281318 3.4692559242248535 200
1777461285223 3.3026323318481445 220
1777461289118 3.259995698928833 240
1777461301248 3.575063705444336 260
1777461305130 6.821247577667236 280
1777461309047 5.51718807220459 300
1777461312977 8.294984817504883 320
1777461316916 13.89968490600586 340
1777461320854 5.96333122253418 360
1777461324761 20.575376510620117 380
1777461328673 3.7414047718048096 400
1777461332632 5.286900520324707 420
1777461336578 8.163475036621094 440
1777461340534 6.142678737640381 460
1777461344493 4.3201985359191895 480
1777461348460 8.054014205932617 500
1777461360949 4.278748035430908 520
1777461364922 9.115894317626953 540
1777461368898 7.746541500091553 560
1777461372865 8.930920600891113 580
1777461376848 7.7983622550964355 600
1777461380831 8.294827461242676 620
1777461384812 9.428566932678223 640
1777461388806 5.429038047790527 660
1777461392792 13.496978759765625 680
1777461396786 10.387641906738281 700
1777461400797 4.159548759460449 720
1777461404814 4.941529273986816 740
1777461417418 10.593724250793457 760
1777461421425 4.327645301818848 780
1777461425438 11.659815788269043 800
1777461429461 7.137402057647705 820
1777461433486 5.1111159324646 840
1777461437509 3.3445844650268555 860
1777461441539 3.4463930130004883 880
1777461445565 3.1598153114318848 900
1777461449606 7.701941967010498 920
1777461453651 12.646961212158203 940
1777461457689 11.397214889526367 960
1777461461726 12.094307899475098 980
1777461465764 22.575361251831055 1000
1777461478473 11.701650619506836 1020
1777461482426 15.550506591796875 1040
1777461486467 8.414040565490723 1060
1777461490516 7.875448226928711 1080
1777461494562 5.431350231170654 1100
1777461498613 2.7797021865844727 1120
1777461502664 4.330190181732178 1140
1777461506714 8.064010620117188 1160
1777461510763 2.935675621032715 1180
1777461514814 9.506204605102539 1200
1777461518865 7.7340264320373535 1220
1777461522922 13.333974838256836 1240
1777461535673 4.30109977722168 1260
1777461539725 2.598759174346924 1280
1777461543781 4.289220809936523 1300
1777461547835 5.796698093414307 1320
1777461551888 9.947577476501465 1340
1777461555959 7.193324565887451 1360
1777461560030 5.563260555267334 1380
1777461564091 7.022457122802734 1400
1777461568175 6.426717758178711 1420
1777461572241 42.129249572753906 1440
1777461576312 8.98344612121582 1460
1777461580382 10.751423835754395 1480
1777461584460 4.076720714569092 1500
1777461597270 7.254170894622803 1520
1777461601345 11.559020042419434 1540
1777461605414 5.288951873779297 1560
1777461609489 6.024816989898682 1580
1777461613570 11.768386840820312 1600
1777461617644 6.719279766082764 1620
1777461621722 5.797482013702393 1640
1777461625803 4.410515785217285 1660
1777461629889 3.1258087158203125 1680
1777461633971 6.732534408569336 1700
1777461638049 9.245506286621094 1720
1777461642139 10.444315910339355 1740
1777461654972 10.50510311126709 1760
1777461659051 10.981886863708496 1780
1777461663133 7.853255748748779 1800
1777461667217 5.333548069000244 1820
1777461671302 6.357796669006348 1840
1777461675382 8.720512390136719 1860
1777461679470 8.40097427368164 1880
1777461683558 6.3392720222473145 1900
1777461687637 5.907425403594971 1920
1777461691715 4.267053604125977 1940
1777461695784 2.0801680088043213 1960
1777461699867 6.359103202819824 1980
1777461703946 7.585537433624268 2000
1777461716437 11.364851951599121 2020
1777461720527 10.635644912719727 2040
1777461724518 3.5853283405303955 2060
1777461728594 1.910142183303833 2080
1777461732670 5.43769645690918 2100
1777461736752 6.717586994171143 2120
1777461740836 2.9372382164001465 2140
1777461744924 8.700462341308594 2160
1777461749010 3.799203395843506 2180
1777461753091 3.8555843830108643 2200
1777461757171 11.487748146057129 2220
1777461761248 3.742615222930908 2240
1777461774087 13.340435028076172 2260
1777461778165 3.6393308639526367 2280
1777461782249 13.727531433105469 2300
1777461786331 9.222759246826172 2320
1777461790413 11.535179138183594 2340
1777461794502 6.782801151275635 2360
1777461798597 7.1596527099609375 2380
1777461802685 4.453641414642334 2400
1777461806782 18.224811553955078 2420
1777461810873 8.401887893676758 2440
1777461814961 6.209880828857422 2460
1777461819070 13.527403831481934 2480
1777461823160 5.850956916809082 2500
1777461836291 3.7550930976867676 2520
1777461840383 11.762205123901367 2540
1777461844475 22.265235900878906 2560
1777461848560 3.4590039253234863 2580
1777461852649 7.1927313804626465 2600
1777461856742 17.918535232543945 2620
1777461860834 8.046984672546387 2640
1777461864915 7.530157566070557 2660
1777461869007 5.630890846252441 2680
1777461873056 3.1190943717956543 2700
1777461877140 19.227293014526367 2720
1777461881228 21.994043350219727 2740
1777461893772 13.604547500610352 2760
1777461897854 14.841862678527832 2780
1777461901936 0.4530981183052063 2800
1777461906024 0.3696158826351166 2820
1777461910112 6.073042392730713 2840
1777461914208 15.764121055603027 2860
1777461918295 17.922426223754883 2880
1777461922381 5.391928672790527 2900
1777461926473 2.554391860961914 2920
1777461930562 9.585469245910645 2940
1777461934645 6.9747314453125 2960
1777461938741 5.487428665161133 2980
1777461942831 18.494937896728516 3000
1777461955684 9.671700477600098 3020
1777461959777 24.502243041992188 3040
1777461963860 2.645040988922119 3060
1777461967945 8.407207489013672 3080
1777461971950 3.827665090560913 3100
1777461976037 14.288156509399414 3120
1777461980111 7.942263126373291 3140
1777461984192 4.935051441192627 3160
1777461988275 7.869905948638916 3180
1777461992348 7.534295082092285 3200
1777461996433 4.640268802642822 3220
1777462000514 1.3089150190353394 3240
1777462013653 4.273741245269775 3260
1777462017735 9.128049850463867 3280
1777462021813 7.095630645751953 3300
1777462025906 8.245255470275879 3320
1777462029993 1.399736762046814 3340
1777462034078 8.205901145935059 3360
1777462038161 8.128460884094238 3380
1777462042241 3.1755058765411377 3400
1777462046323 3.5872809886932373 3420
1777462050408 13.097660064697266 3440
1777462054488 6.725371360778809 3460
1777462058570 13.596441268920898 3480
1777462062662 11.341272354125977 3500
1777462075499 3.9557876586914062 3520
1777462079580 8.41847038269043 3540
1777462083668 7.003784656524658 3560
1777462087756 4.729708671569824 3580
1777462091837 0.788401186466217 3600
1777462095922 17.523488998413086 3620
1777462100016 7.456303119659424 3640
1777462104103 8.207304000854492 3660
1777462108183 5.266160011291504 3680
1777462112264 1.3621981143951416 3700
1777462116358 1.801477313041687 3720
1777462120448 16.04574203491211 3740
1777462133273 0.518023669719696 3760
1777462137348 6.860351085662842 3780
1777462141427 0.8858847618103027 3800
1777462145512 13.99993896484375 3820
1777462149600 2.032355308532715 3840
1777462153685 11.918193817138672 3860
1777462157775 2.2292587757110596 3880
1777462161865 2.4790656566619873 3900
1777462165961 7.900765895843506 3920
1777462170050 1.6800392866134644 3940
1777462174139 12.121331214904785 3960
1777462178236 7.810598850250244 3980
1777462182331 5.888044834136963 4000
1777462195155 0.14589814841747284 4020
1777462199233 1.20950186252594 4040
1777462203308 10.462934494018555 4060
1777462207392 4.652753829956055 4080
1777462211481 17.290271759033203 4100
1777462215473 4.889573097229004 4120
1777462219563 0.9957093000411987 4140
1777462223650 13.976973533630371 4160
1777462227732 0.5275280475616455 4180
1777462231819 7.7887349128723145 4200
1777462235905 4.155094146728516 4220
1777462239950 4.409509658813477 4240
1777462252471 0.7929486632347107 4260
1777462256551 8.025930404663086 4280
1777462260625 3.28511118888855 4300
1777462264702 7.685761451721191 4320
1777462268780 17.794803619384766 4340
1777462272858 26.39303970336914 4360
1777462276936 14.724922180175781 4380
1777462281023 1.0919461250305176 4400
1777462285104 5.07742977142334 4420
1777462289188 4.284200191497803 4440
1777462293267 2.746556282043457 4460
1777462297346 6.961445331573486 4480
1777462301428 8.72707748413086 4500
1777462314554 0.14485733211040497 4520
1777462318633 1.9586700201034546 4540
1777462322712 0.19326943159103394 4560
1777462326793 12.805858612060547 4580
1777462330879 0.17814582586288452 4600
1777462334953 2.4454357624053955 4620
1777462339027 6.60399055480957 4640
1777462343110 31.209718704223633 4660
1777462347192 3.527559995651245 4680
1777462351273 3.720308303833008 4700
1777462355352 0.3956807851791382 4720
1777462359434 5.03950309753418 4740
1777462372272 1.9572910070419312 4760
1777462376354 6.875491142272949 4780
1777462380435 19.499874114990234 4800
1777462384511 5.0525689125061035 4820
1777462388593 0.3362467586994171 4840
1777462392674 0.17165042459964752 4860
1777462396756 0.2940232753753662 4880
1777462400838 9.492232322692871 4900
1777462404918 0.7104122638702393 4920
1777462408995 8.105690002441406 4940
1777462413079 3.8033902645111084 4960
1777462417164 5.793047904968262 4980
1777462421255 8.586061477661133 5000
1777462434075 12.611791610717773 5020
1777462438163 6.9560160636901855 5040
1777462442241 2.4603323936462402 5060
1777462446311 5.762696743011475 5080
1777462450392 2.4942588806152344 5100
1777462454478 5.988129138946533 5120
