1778289067031 3.450246810913086 20
1778289070044 0.909574568271637 40
1778289073057 3.612947940826416 60
1778289076076 1.2917325496673584 80
1778289079095 5.352726936340332 100
1778289082119 3.9985923767089844 120
1778289085138 11.127257347106934 140
1778289088160 9.175178527832031 160
1778289091177 5.029691219329834 180
1778289094189 7.792725563049316 200
1778289097206 4.859289646148682 220
1778289100229 6.985428333282471 240
1778289105786 3.1923511028289795 260
1778289108809 3.7334706783294678 280
1778289111834 7.222182750701904 300
1778289114858 4.894201755523682 320
1778289117882 4.286632061004639 340
1778289120906 7.698271751403809 360
1778289123932 6.648591041564941 380
1778289126953 7.790971755981445 400
1778289129979 4.558205604553223 420
1778289132998 3.7600927352905273 440
1778289136022 8.08724308013916 460
1778289139041 17.40091323852539 480
1778289142061 5.507443428039551 500
1778289147560 3.708974599838257 520
1778289150590 11.148420333862305 540
1778289153611 12.58859920501709 560
1778289156634 4.149068832397461 580
1778289159654 10.8613920211792 600
1778289162677 6.475035667419434 620
1778289165694 2.496018409729004 640
1778289168716 6.621710300445557 660
1778289171736 2.27030873298645 680
1778289174758 4.197556495666504 700
1778289177778 2.455307722091675 720
1778289180803 6.78483772277832 740
1778289186250 10.603325843811035 760
1778289189269 4.378948211669922 780
1778289192296 14.968193054199219 800
1778289195314 6.473832130432129 820
1778289198334 3.8387362957000732 840
1778289201353 8.489677429199219 860
1778289204375 4.6209716796875 880
1778289207396 4.028600692749023 900
1778289210418 7.0794782638549805 920
1778289213439 9.297602653503418 940
1778289216464 5.68696403503418 960
1778289219485 3.9169256687164307 980
1778289222513 14.376482963562012 1000
1778289228004 6.301795959472656 1020
1778289231033 4.508914470672607 1040
1778289234055 6.358362197875977 1060
1778289237077 14.869403839111328 1080
1778289240096 7.5690836906433105 1100
1778289243122 5.444175720214844 1120
1778289246144 6.285931587219238 1140
1778289249169 4.254637718200684 1160
1778289252192 5.5863237380981445 1180
1778289255215 3.243741989135742 1200
1778289258235 9.625212669372559 1220
1778289261252 12.738358497619629 1240
1778289266751 3.7699387073516846 1260
1778289269768 10.151721954345703 1280
1778289272797 3.9458413124084473 1300
1778289275816 6.261721134185791 1320
1778289278842 7.0168352127075195 1340
1778289281861 2.249258279800415 1360
1778289284885 3.9831860065460205 1380
1778289287903 4.402825355529785 1400
1778289290926 8.030139923095703 1420
1778289293946 4.547883033752441 1440
1778289296972 10.35578441619873 1460
1778289299993 3.900590658187866 1480
1778289303017 5.446417808532715 1500
1778289308483 5.142866134643555 1520
1778289311509 2.7577157020568848 1540
1778289314527 3.491309881210327 1560
1778289317550 2.9124562740325928 1580
1778289320568 10.957941055297852 1600
1778289323589 2.277264356613159 1620
1778289326607 4.444634914398193 1640
1778289329628 4.76383113861084 1660
1778289332645 7.693953037261963 1680
1778289335668 4.451786041259766 1700
1778289338687 2.08147931098938 1720
1778289341707 8.240617752075195 1740
1778289347029 5.107918739318848 1760
1778289350049 3.381997585296631 1780
1778289353071 18.389665603637695 1800
1778289356093 1.27810800075531 1820
1778289359114 3.196340799331665 1840
1778289362133 2.8888890743255615 1860
1778289365158 4.195982456207275 1880
1778289368178 8.854896545410156 1900
1778289371200 4.615904331207275 1920
1778289374219 8.242406845092773 1940
1778289377244 0.4512271583080292 1960
1778289380264 6.68031120300293 1980
1778289383283 11.422286033630371 2000
1778289388748 6.343319892883301 2020
1778289391771 2.612342119216919 2040
1778289394789 2.9826297760009766 2060
1778289397812 12.695262908935547 2080
1778289400829 0.34865498542785645 2100
1778289403851 0.6550419330596924 2120
1778289406872 10.332710266113281 2140
1778289409895 1.4118860960006714 2160
1778289412913 0.7073591351509094 2180
1778289415934 2.5704009532928467 2200
1778289418951 3.9303696155548096 2220
1778289421974 2.306680917739868 2240
1778289427466 2.821096897125244 2260
1778289430487 2.533595085144043 2280
1778289433508 5.120963096618652 2300
1778289436528 1.6030529737472534 2320
1778289439550 6.590691089630127 2340
1778289442568 7.5069732666015625 2360
1778289445589 11.380509376525879 2380
1778289448606 12.64645004272461 2400
1778289451630 4.570050239562988 2420
1778289454645 10.23947525024414 2440
1778289457666 6.736754894256592 2460
1778289460681 1.921220302581787 2480
1778289463703 3.1763198375701904 2500
1778289469322 4.159886837005615 2520
1778289472346 8.19428825378418 2540
1778289475362 6.727642059326172 2560
