1778712895191 0.6949 20
1778712895770 0.6944 40
1778712896348 0.6931 60
1778712896936 0.6861 80
1778712897514 0.6469 100
1778712898101 0.5952 120
1778712898690 0.5948 140
1778712899281 0.5471 160
1778712899870 0.5447 180
1778712900462 0.4797 200
1778712901054 0.4508 220
1778712901647 0.4126 240
1778712903884 0.4107 260
1778712904482 0.4187 280
1778712905070 0.427 300
1778712905655 0.443 320
1778712906242 0.3682 340
1778712906831 0.3939 360
1778712907419 0.3359 380
1778712908009 0.2556 400
1778712908604 0.2807 420
1778712909190 0.276 440
1778712909779 0.2724 460
1778712910368 0.2747 480
1778712910957 0.2547 500
1778712913197 0.2459 520
1778712913794 0.3579 540
1778712914393 0.2075 560
1778712914991 0.1504 580
1778712915581 0.1905 600
1778712916177 0.1783 620
1778712916775 0.2336 640
1778712917367 0.2062 660
1778712917971 0.2233 680
1778712918560 0.1843 700
1778712919149 0.1456 720
1778712919734 0.1457 740
1778712921772 0.1062 760
1778712922359 0.141 780
1778712922947 0.123 800
1778712923534 0.1272 820
1778712924123 0.1504 840
1778712924727 0.1335 860
1778712925328 0.1207 880
1778712925914 0.1275 900
1778712926498 0.1029 920
1778712927084 0.1158 940
1778712927685 0.0545 960
1778712928297 0.1047 980
1778712928905 0.1136 1000
1778712931151 0.0949 1020
1778712931764 0.091 1040
1778712932355 0.1164 1060
1778712932946 0.0965 1080
1778712933533 0.0822 1100
1778712934122 0.0631 1120
1778712934709 0.065 1140
1778712935298 0.1081 1160
1778712935886 0.077 1180
1778712936475 0.1057 1200
1778712937063 0.0817 1220
1778712937651 0.0948 1240
1778712939867 0.0716 1260
1778712940455 0.0894 1280
1778712941044 0.0614 1300
1778712941631 0.064 1320
1778712942219 0.0449 1340
1778712942809 0.0564 1360
1778712943399 0.0529 1380
1778712943987 0.0589 1400
1778712944575 0.1026 1420
1778712945163 0.0974 1440
1778712945752 0.0235 1460
1778712946338 0.0629 1480
1778712946926 0.0477 1500
1778712949138 0.041 1520
1778712949729 0.0359 1540
1778712950318 0.0362 1560
1778712950895 0.0437 1580
1778712951498 0.047 1600
1778712952103 0.0395 1620
1778712952692 0.0469 1640
1778712953282 0.0355 1660
1778712953870 0.0259 1680
1778712954461 0.0554 1700
1778712955057 0.0444 1720
1778712955650 0.0503 1740
1778712957830 0.0305 1760
1778712958418 0.0412 1780
1778712959004 0.0314 1800
1778712959593 0.0421 1820
