1778712059588 1.094144582748413 20
1778712061037 1.5084997415542603 40
1778712062487 0.8779436349868774 60
1778712063932 1.250869631767273 80
1778712065381 1.2591521739959717 100
1778712066835 1.0246306657791138 120
1778712068281 1.3885107040405273 140
1778712069732 1.5288976430892944 160
1778712071173 1.6885191202163696 180
1778712072626 1.2594287395477295 200
1778712074074 0.9357802271842957 220
1778712075529 1.6758266687393188 240
1778712079084 1.8149017095565796 260
1778712080536 1.2099350690841675 280
1778712081988 1.2829389572143555 300
1778712083437 1.1029413938522339 320
1778712084887 1.0854523181915283 340
1778712086338 1.3367741107940674 360
1778712087797 1.5146033763885498 380
1778712089245 1.446463942527771 400
1778712090692 3.305982828140259 420
1778712092140 1.7982927560806274 440
1778712093591 2.1720383167266846 460
1778712095033 2.4291627407073975 480
1778712096483 1.6752595901489258 500
1778712099983 1.2114274501800537 520
1778712101429 2.278358221054077 540
1778712102889 1.6876485347747803 560
1778712104340 1.5990468263626099 580
1778712105789 1.1313906908035278 600
1778712107235 1.5963658094406128 620
1778712108687 3.5648038387298584 640
1778712110140 1.1332710981369019 660
1778712111591 1.8661361932754517 680
1778712113045 1.2111817598342896 700
1778712114491 1.4517061710357666 720
1778712115942 3.0580592155456543 740
1778712119423 1.7477840185165405 760
1778712120874 1.2511733770370483 780
1778712122328 1.055020809173584 800
1778712123781 1.3919486999511719 820
1778712125233 1.1148234605789185 840
1778712126686 1.5745429992675781 860
1778712128139 1.9384998083114624 880
1778712129574 1.2535353899002075 900
1778712131039 2.193909168243408 920
1778712132485 1.896032452583313 940
1778712133933 1.4348175525665283 960
1778712135390 1.5490076541900635 980
1778712136837 1.0096725225448608 1000
1778712140480 3.071124315261841 1020
1778712141928 1.1111258268356323 1040
1778712143386 1.8890570402145386 1060
1778712144834 1.3804433345794678 1080
1778712146282 2.5506129264831543 1100
1778712147726 1.3887877464294434 1120
1778712149175 1.752977728843689 1140
1778712150624 3.036430835723877 1160
1778712152083 2.082197904586792 1180
1778712153536 3.2568447589874268 1200
1778712154983 1.1304460763931274 1220
1778712156448 1.3440662622451782 1240
1778712159930 2.128811836242676 1260
1778712161377 1.1147992610931396 1280
1778712162835 1.585629940032959 1300
1778712164284 2.3802034854888916 1320
1778712165741 2.205272912979126 1340
1778712167198 1.489416480064392 1360
1778712168679 2.7330403327941895 1380
1778712170138 2.33406925201416 1400
1778712171598 1.4056050777435303 1420
1778712173056 2.1682021617889404 1440
1778712174511 1.1155654191970825 1460
1778712175962 1.4347577095031738 1480
1778712177413 2.5298197269439697 1500
1778712180929 1.1709221601486206 1520
1778712182386 1.0716097354888916 1540
1778712183848 1.1746060848236084 1560
1778712185300 1.515071988105774 1580
1778712186753 3.4407761096954346 1600
1778712188204 1.3507864475250244 1620
1778712189665 1.5451295375823975 1640
1778712191119 2.3188579082489014 1660
1778712192582 1.8030660152435303 1680
1778712194047 1.7312041521072388 1700
1778712195505 1.922847867012024 1720
1778712196957 1.6455494165420532 1740
1778712200486 3.149472236633301 1760
1778712201939 1.2475169897079468 1780
1778712203390 1.7388569116592407 1800
1778712204845 2.1586883068084717 1820
1778712206310 2.4660749435424805 1840
1778712207765 1.5861802101135254 1860
1778712209216 3.2586562633514404 1880
1778712210672 2.262296676635742 1900
1778712212121 2.6833510398864746 1920
1778712213576 2.0124711990356445 1940
1778712215028 2.2173995971679688 1960
1778712216483 2.2508482933044434 1980
1778712217935 2.4882495403289795 2000
1778712221434 2.187319278717041 2020
1778712222892 2.128890037536621 2040
1778712224348 2.398824691772461 2060
1778712225804 1.487705111503601 2080
1778712227266 3.0109260082244873 2100
1778712228725 1.13762629032135 2120
1778712230191 1.443752646446228 2140
1778712231653 1.4892035722732544 2160
1778712233102 1.8163260221481323 2180
1778712234568 1.8588441610336304 2200
1778712236029 1.5347599983215332 2220
1778712237482 1.5103082656860352 2240
1778712241008 1.9206358194351196 2260
1778712242466 1.3329704999923706 2280
1778712243927 2.514829635620117 2300
1778712245390 1.8456172943115234 2320
1778712246848 1.5235517024993896 2340
1778712248311 0.9365031719207764 2360
1778712249773 1.7345726490020752 2380
1778712251229 2.2926125526428223 2400
1778712252684 2.116819143295288 2420
1778712254140 1.7883046865463257 2440
1778712255603 1.8551186323165894 2460
1778712257059 1.41018545627594 2480
1778712258520 1.3761018514633179 2500
1778712262000 1.9670283794403076 2520
1778712263454 1.4407178163528442 2540
1778712264914 1.3525722026824951 2560
1778712266366 1.5831738710403442 2580
1778712267823 3.987902879714966 2600
1778712269288 1.774155616760254 2620
1778712270746 1.4304083585739136 2640
1778712272199 2.7495617866516113 2660
1778712273651 1.8563629388809204 2680
1778712275101 1.4250153303146362 2700
1778712276552 3.444260358810425 2720
1778712278016 3.643512010574341 2740
1778712281536 1.5516581535339355 2760
1778712282993 1.932297706604004 2780
1778712284438 3.8098838329315186 2800
1778712285893 2.144489049911499 2820
1778712287345 2.081667900085449 2840
1778712288802 2.744029998779297 2860
1778712290258 3.6538093090057373 2880
1778712291709 1.4953349828720093 2900
1778712293168 2.9760961532592773 2920
1778712294634 1.759469985961914 2940
1778712296089 1.8301531076431274 2960
1778712297534 4.678157806396484 2980
1778712298996 3.160893201828003 3000
1778712302482 2.6473910808563232 3020
1778712303944 3.633897066116333 3040
1778712305407 4.253007888793945 3060
1778712306861 2.0552384853363037 3080
1778712308313 1.935520052909851 3100
1778712309768 1.7155067920684814 3120
1778712311215 2.2716617584228516 3140
1778712312679 3.147355318069458 3160
1778712314124 2.611579656600952 3180
1778712315583 2.0891854763031006 3200
1778712317042 1.9834171533584595 3220
1778712318484 1.8773287534713745 3240
1778712322116 2.3609087467193604 3260
1778712323565 3.52421236038208 3280
1778712325018 2.671560764312744 3300
1778712326495 1.9316136837005615 3320
1778712327959 3.0194153785705566 3340
1778712329717 2.0969152450561523 3360
1778712331173 2.3466720581054688 3380
1778712332643 2.4228057861328125 3400
1778712334113 3.8468737602233887 3420
1778712335577 3.0118656158447266 3440
1778712337034 3.0102267265319824 3460
1778712338495 3.557610511779785 3480
1778712339951 3.00447416305542 3500
1778712343442 2.9643166065216064 3520
1778712344892 1.9568063020706177 3540
1778712346350 2.1700515747070312 3560
1778712347813 2.1377530097961426 3580
1778712349267 2.675032138824463 3600
1778712350725 2.7174932956695557 3620
1778712352178 1.9986051321029663 3640
1778712353648 2.0611157417297363 3660
1778712355107 2.631237506866455 3680
1778712356563 2.7792234420776367 3700
1778712358018 3.2361204624176025 3720
1778712359467 2.675114870071411 3740
1778712362972 2.3072168827056885 3760
1778712364430 2.2729785442352295 3780
1778712365883 2.1099624633789062 3800
1778712367337 2.0053887367248535 3820
1778712368800 2.8858630657196045 3840
1778712370290 3.189316987991333 3860
1778712371762 1.9063345193862915 3880
1778712373214 2.0063223838806152 3900
1778712374663 2.0140087604522705 3920
1778712376128 3.3159823417663574 3940
1778712377576 3.5386316776275635 3960
1778712379027 2.305528163909912 3980
1778712380479 3.842595338821411 4000
1778712383970 2.7529053688049316 4020
1778712385420 3.277538299560547 4040
1778712386880 3.1448938846588135 4060
1778712388334 1.8365823030471802 4080
1778712389788 2.681422710418701 4100
1778712391244 1.6750842332839966 4120
1778712392693 3.1285295486450195 4140
1778712394144 2.3098182678222656 4160
1778712395598 2.539781093597412 4180
1778712397059 2.018191337585449 4200
1778712398519 4.298594951629639 4220
1778712399971 2.5904362201690674 4240
1778712403448 2.6671531200408936 4260
1778712404904 1.7846474647521973 4280
1778712406355 2.7379369735717773 4300
1778712407811 2.2157464027404785 4320
1778712409269 3.159858226776123 4340
1778712410716 2.2036635875701904 4360
1778712412181 3.4445102214813232 4380
1778712413661 2.710524320602417 4400
1778712415114 5.226132869720459 4420
1778712416580 2.815006971359253 4440
1778712418032 2.5154454708099365 4460
1778712419488 2.339566707611084 4480
1778712420943 2.6880455017089844 4500
1778712424430 3.2448983192443848 4520
1778712425892 2.6431291103363037 4540
