1777043681237 3.035741090774536 20
1777043686736 3.307689666748047 40
1777043692238 2.5062079429626465 60
1777043697749 5.186493396759033 80
1777043703255 5.152395725250244 100
1777043708763 3.6195127964019775 120
1777043714272 9.460712432861328 140
1777043719780 7.5258989334106445 160
1777043725296 4.08135461807251 180
1777043730819 8.089868545532227 200
1777043736345 5.077998638153076 220
1777043741874 4.7050604820251465 240
1777043748683 13.973299980163574 260
1777043754210 11.651562690734863 280
1777043759742 8.356518745422363 300
1777043765277 7.752782344818115 320
1777043770816 4.824734210968018 340
1777043776350 3.2830159664154053 360
1777043781878 6.858179569244385 380
1777043787425 12.354414939880371 400
1777043792964 8.2908296585083 420
1777043798506 4.010635852813721 440
1777043804052 4.552923202514648 460
1777043809594 8.618917465209961 480
1777043815145 4.714946269989014 500
1777043858622 3.699629545211792 520
1777043864142 11.012085914611816 540
1777043869523 2.375718355178833 560
1777043875046 2.242659091949463 580
1777043880573 4.485859394073486 600
1777043886100 10.559438705444336 620
1777043891625 18.312328338623047 640
1777043897153 7.192838191986084 660
1777043902691 6.993565082550049 680
1777043908220 6.443566799163818 700
1777043913759 5.443902492523193 720
1777043919292 0.9154253602027893 740
1777043926124 18.715049743652344 760
1777043931656 1.6630626916885376 780
1777043937196 0.21568454802036285 800
1777043942740 5.748673439025879 820
1777043948165 0.31549933552742004 840
1777043953713 14.632315635681152 860
1777043959261 0.7218673229217529 880
1777043964804 1.5267890691757202 900
1777043970347 0.6441841125488281 920
1777043975908 0.6004632115364075 940
1777043981443 9.172796249389648 960
1777043986984 1.1818431615829468 980
1777043992512 0.11618622392416 1000
1777044036638 0.9310478568077087 1020
1777044042161 41.46358871459961 1040
1777044047678 0.5906986594200134 1060
1777044053195 8.074640274047852 1080
1777044058698 3.183182954788208 1100
1777044064214 8.883810043334961 1120
1777044069740 0.09083257615566254 1140
1777044075259 0.07747729867696762 1160
1777044080777 12.467462539672852 1180
1777044086305 1.1830209493637085 1200
1777044091829 0.1564944088459015 1220
1777044097371 0.13278181850910187 1240
1777044104198 0.23920691013336182 1260
1777044109734 0.16415810585021973 1280
1777044115262 0.13478828966617584 1300
1777044120790 0.06771577149629593 1320
1777044126326 0.9661163687705994 1340
1777044131860 0.12552936375141144 1360
1777044137402 0.4144338071346283 1380
1777044142939 2.1889519691467285 1400
1777044148482 0.26122957468032837 1420
1777044154019 0.3765750527381897 1440
1777044159545 51.09160232543945 1460
1777044165078 0.11169426143169403 1480
1777044170608 5.424059867858887 1500
1777044214572 0.14642681181430817 1520
1777044220072 0.027095723897218704 1540
1777044225436 0.07021460682153702 1560
1777044230940 0.03360552340745926 1580
1777044236438 0.07838830351829529 1600
1777044241970 0.11980298161506653 1620
1777044247481 1.2808762788772583 1640
1777044252986 0.03310125693678856 1660
1777044258495 8.228139877319336 1680
1777044264001 0.04852274805307388 1700
1777044269518 0.0388883613049984 1720
1777044275024 0.08398663252592087 1740
1777044281842 0.06368544697761536 1760
1777044287363 72.67708587646484 1780
1777044292880 0.05069373548030853 1800
1777044298399 0.046900682151317596 1820
1777044303912 0.0379643477499485 1840
1777044309426 0.025678683072328568 1860
1777044314945 0.08224450051784515 1880
1777044320469 0.04421388730406761 1900
1777044325985 0.026883764192461967 1920
1777044331509 0.03044840879738331 1940
1777044337029 0.0372421033680439 1960
1777044342552 0.04171518236398697 1980
1777044348066 0.030455300584435463 2000
1777044393126 1.2429008483886719 2020
1777044398620 0.03886966407299042 2040
1777044404121 0.031996604055166245 2060
1777044409621 0.03262137621641159 2080
1777044415128 0.06709820032119751 2100
1777044420637 0.04801582172513008 2120
1777044426143 0.033929064869880676 2140
1777044431645 0.025650136172771454 2160
1777044437147 0.0236497912555933 2180
1777044442646 0.024989191442728043 2200
1777044448154 0.02828480675816536 2220
1777044453666 0.03107541799545288 2240
1777044460471 0.025017796084284782 2260
1777044465987 0.02007787488400936 2280
1777044471505 0.01684666983783245 2300
1777044477017 0.017396066337823868 2320
1777044482529 0.02667933702468872 2340
1777044488044 0.03298059105873108 2360
1777044493561 0.03658633306622505 2380
1777044499079 0.03336571902036667 2400
1777044504596 0.021389104425907135 2420
1777044510111 0.018560068681836128 2440
1777044515626 0.01927138678729534 2460
1777044521145 0.01977151446044445 2480
1777044526673 0.031055370345711708 2500
1777044571693 0.04060685634613037 2520
1777044577195 0.03888406231999397 2540
1777044582690 0.039382509887218475 2560
1777044588192 0.03588983789086342 2580
1777044593701 1.2486228942871094 2600
1777044599210 0.0467124804854393 2620
1777044604719 0.029011644423007965 2640
1777044610229 0.02378970943391323 2660
1777044615747 0.024993866682052612 2680
1777044621262 0.022610612213611603 2700
1777044626783 0.020380835980176926 2720
1777044632298 0.02464381791651249 2740
1777044639114 0.031645916402339935 2760
1777044644631 1.3214061260223389 2780
1777044650160 0.03453904390335083 2800
1777044655679 0.026504764333367348 2820
1777044661209 0.024682674556970596 2840
1777044666724 0.020107395946979523 2860
1777044672247 0.017433365806937218 2880
1777044677775 3.138554096221924 2900
1777044683300 0.05173730105161667 2920
1777044688841 0.0402630977332592 2940
1777044694369 0.01991737261414528 2960
1777044699903 0.015891773626208305 2980
1777044705431 0.014909896068274975 3000
