1777043681237 0.6995 20
1777043686736 0.6963 40
1777043692238 0.6931 60
1777043697749 0.6944 80
1777043703255 0.6953 100
1777043708763 0.6619 120
1777043714272 0.5949 140
1777043719780 0.4922 160
1777043725296 0.4268 180
1777043730819 0.4814 200
1777043736345 0.4266 220
1777043741874 0.4214 240
1777043748683 0.3816 260
1777043754210 0.5085 280
1777043759742 0.4765 300
1777043765277 0.4588 320
1777043770816 0.5302 340
1777043776350 0.5387 360
1777043781878 0.4177 380
1777043787425 0.4174 400
1777043792964 0.3229 420
1777043798506 0.3878 440
1777043804052 0.351 460
1777043809594 0.3581 480
1777043815145 0.4126 500
1777043858622 0.4053 520
1777043864142 0.3411 540
1777043869523 0.3523 560
1777043875046 0.3373 580
1777043880573 0.3104 600
1777043886100 0.3917 620
1777043891625 0.3383 640
1777043897153 0.3738 660
1777043902691 0.3085 680
1777043908220 0.3126 700
1777043913759 0.3701 720
1777043919292 0.2567 740
1777043926124 0.0871 760
1777043931656 0.2229 780
1777043937196 0.1978 800
1777043942740 0.174 820
1777043948165 0.2329 840
1777043953713 0.3643 860
1777043959261 0.2049 880
1777043964804 0.1785 900
1777043970347 0.1942 920
1777043975908 0.1452 940
1777043981443 0.2702 960
1777043986984 0.1224 980
1777043992512 0.1694 1000
1777044036638 0.1806 1020
1777044042161 0.1378 1040
1777044047678 0.3053 1060
1777044053195 0.1265 1080
1777044058698 0.1573 1100
1777044064214 0.0771 1120
1777044069740 0.0601 1140
1777044075259 0.1048 1160
1777044080777 0.1344 1180
1777044086305 0.0715 1200
1777044091829 0.0799 1220
1777044097371 0.1012 1240
1777044104198 0.1586 1260
1777044109734 0.0673 1280
1777044115262 0.0477 1300
1777044120790 0.1435 1320
1777044126326 0.0792 1340
1777044131860 0.0797 1360
1777044137402 0.1731 1380
1777044142939 0.1387 1400
1777044148482 0.0901 1420
1777044154019 0.1058 1440
1777044159545 0.0901 1460
1777044165078 0.0929 1480
1777044170608 0.0195 1500
1777044214572 0.0211 1520
1777044220072 0.0023 1540
1777044225436 0.069 1560
1777044230940 0.0649 1580
1777044236438 0.0585 1600
1777044241970 0.0184 1620
1777044247481 0.0169 1640
1777044252986 0.1272 1660
1777044258495 0.0167 1680
1777044264001 0.0418 1700
1777044269518 0.0712 1720
1777044275024 0.0573 1740
1777044281842 0.0036 1760
1777044287363 0.0439 1780
1777044292880 0.064 1800
1777044298399 0.0204 1820
1777044303912 0.0342 1840
1777044309426 0.0019 1860
1777044314945 0.0617 1880
1777044320469 0.0066 1900
1777044325985 0.0132 1920
1777044331509 0.0182 1940
1777044337029 0.0443 1960
1777044342552 0.0229 1980
1777044348066 0.002 2000
1777044393126 0.0227 2020
1777044398620 0.0292 2040
1777044404121 0.0022 2060
1777044409621 0.0228 2080
1777044415128 0.0517 2100
1777044420637 0.0207 2120
1777044426143 0.0022 2140
1777044431645 0.0293 2160
1777044437147 0.0297 2180
1777044442646 0.0234 2200
1777044448154 0.0221 2220
1777044453666 0.0218 2240
1777044460471 0.0016 2260
1777044465987 0.0014 2280
1777044471505 0.001 2300
1777044477017 0.023 2320
1777044482529 0.0439 2340
1777044488044 0.0019 2360
1777044493561 0.0212 2380
1777044499079 0.0018 2400
1777044504596 0.0015 2420
1777044510111 0.0012 2440
1777044515626 0.0233 2460
1777044521145 0.0014 2480
1777044526673 0.0438 2500
1777044571693 0.0221 2520
1777044577195 0.0209 2540
1777044582690 0.0022 2560
1777044588192 0.0206 2580
1777044593701 0.0422 2600
1777044599210 0.0023 2620
1777044604719 0.0019 2640
1777044610229 0.0014 2660
1777044615747 0.0217 2680
1777044621262 0.0015 2700
1777044626783 0.0012 2720
1777044632298 0.0213 2740
1777044639114 0.0228 2760
1777044644631 0.0204 2780
1777044650160 0.0018 2800
1777044655679 0.0211 2820
1777044661209 0.0015 2840
1777044666724 0.0012 2860
1777044672247 0.001 2880
1777044677775 0.0608 2900
1777044683300 0.0015 2920
1777044688841 0.0186 2940
1777044694369 0.0016 2960
1777044699903 0.001 2980
1777044705431 0.0009 3000
