1777897934603 0.6895 20
1777897941990 0.6882 40
1777897949384 0.6903 60
1777897956787 0.6798 80
1777897964193 0.7038 100
1777897971612 0.6656 120
1777897979026 0.6603 140
1777897986435 0.7062 160
1777897993848 0.6338 180
1777898001257 0.6253 200
1777898008668 0.6471 220
1777898016095 0.6183 240
1777898046670 0.6177 260
1777898054077 0.5768 280
1777898061487 0.6168 300
1777898068895 0.6144 320
1777898076298 0.6185 340
1777898083707 0.5993 360
1777898091118 0.6171 380
1777898098532 0.616 400
1777898105962 0.6181 420
1777898113394 0.6202 440
1777898120836 0.6125 460
1777898128252 0.5832 480
1777898135661 0.6009 500
1777898166251 0.5582 520
1777898173663 0.5928 540
1777898181069 0.5604 560
1777898188477 0.5649 580
1777898195892 0.5922 600
1777898203320 0.5928 620
1777898210736 0.5048 640
1777898218147 0.5693 660
1777898225562 0.5527 680
1777898232977 0.5667 700
1777898240382 0.5301 720
1777898247795 0.5493 740
1777898278423 0.5597 760
1777898285827 0.5019 780
1777898293236 0.4897 800
1777898300640 0.5568 820
1777898308054 0.5208 840
1777898315462 0.5335 860
1777898322877 0.5578 880
1777898330284 0.5097 900
1777898337694 0.5728 920
1777898345112 0.6043 940
1777898352526 0.5226 960
1777898359944 0.5154 980
1777898367356 0.4919 1000
1777898397970 0.5181 1020
1777898405385 0.5574 1040
1777898412796 0.5363 1060
1777898420211 0.5273 1080
1777898427624 0.5354 1100
1777898435026 0.5667 1120
1777898442436 0.5076 1140
1777898449846 0.5076 1160
1777898457254 0.5605 1180
1777898464658 0.5237 1200
1777898472068 0.492 1220
1777898479470 0.4432 1240
1777898510076 0.5051 1260
1777898517484 0.466 1280
1777898524892 0.5447 1300
1777898532304 0.5238 1320
1777898539712 0.5592 1340
1777898547102 0.5112 1360
1777898554504 0.6055 1380
1777898561913 0.5454 1400
1777898569322 0.4834 1420
1777898576544 0.5644 1440
1777898583951 0.497 1460
1777898591358 0.4884 1480
1777898598773 0.5366 1500
1777898629338 0.4861 1520
1777898636738 0.5671 1540
1777898644149 0.4765 1560
1777898651555 0.4665 1580
1777898658966 0.4685 1600
1777898666384 0.5121 1620
1777898673801 0.5203 1640
1777898681211 0.4708 1660
1777898688627 0.4722 1680
1777898696042 0.4524 1700
1777898703462 0.548 1720
1777898710871 0.4292 1740
1777898741442 0.5208 1760
1777898748848 0.4568 1780
1777898756250 0.5425 1800
1777898763651 0.5249 1820
1777898771054 0.5017 1840
1777898778454 0.5204 1860
1777898785848 0.4846 1880
1777898793255 0.5718 1900
1777898800665 0.4696 1920
1777898808065 0.4797 1940
1777898815475 0.5332 1960
1777898822881 0.4674 1980
1777898830285 0.5407 2000
1777898860882 0.5073 2020
1777898868298 0.4662 2040
1777898875705 0.4113 2060
1777898883114 0.4528 2080
1777898890524 0.4772 2100
1777898897930 0.5199 2120
1777898905337 0.5588 2140
1777898912746 0.4518 2160
1777898920143 0.5299 2180
1777898927547 0.4984 2200
1777898934953 0.5052 2220
1777898942367 0.4836 2240
1777898972975 0.4519 2260
1777898980382 0.5154 2280
1777898987791 0.4488 2300
1777898995209 0.4887 2320
1777899002627 0.4736 2340
1777899010041 0.4941 2360
1777899017456 0.5127 2380
1777899024862 0.5017 2400
1777899032270 0.4904 2420
1777899039681 0.5274 2440
1777899047089 0.4823 2460
1777899054499 0.4992 2480
1777899061897 0.522 2500
