1776960673570 0.7041 20
1776960680632 0.6993 40
1776960687677 0.6966 60
1776960694778 0.6884 80
1776960701982 0.6867 100
1776960710395 0.6842 120
1776960720206 0.6911 140
1776960728770 0.6868 160
1776960736133 0.6994 180
1776960743518 0.6904 200
1776960750723 0.6934 220
1776960757928 0.6918 240
1776960779755 0.697 260
1776960787047 0.6921 280
1776960794387 0.7034 300
1776960802073 0.6993 320
1776960809636 0.7008 340
1776960817227 0.6906 360
1776960824615 0.6932 380
1776960831942 0.6969 400
1776960839289 0.6906 420
1776960846615 0.6996 440
1776960853961 0.6821 460
1776960861447 0.6964 480
1776960868756 0.6859 500
1776960892752 0.7103 520
1776960900195 0.6997 540
1776960907532 0.7016 560
1776960914871 0.703 580
1776960922209 0.6896 600
1776960929555 0.6908 620
1776960936897 0.7009 640
1776960944300 0.691 660
1776960951692 0.6863 680
1776960959039 0.7019 700
1776960966395 0.6853 720
1776960973751 0.6906 740
1776960995799 0.6941 760
1776961003235 0.6926 780
1776961010698 0.693 800
1776961018068 0.6948 820
1776961025414 0.6924 840
1776961032740 0.6866 860
1776961040077 0.6956 880
1776961047400 0.7008 900
1776961054728 0.6934 920
1776961062063 0.6928 940
1776961069402 0.688 960
1776961076755 0.6975 980
1776961084095 0.6922 1000
1776961107561 0.6911 1020
1776961114915 0.6935 1040
1776961122274 0.6927 1060
1776961129637 0.6945 1080
1776961136997 0.6978 1100
1776961144359 0.694 1120
1776961151712 0.6955 1140
1776961159067 0.6916 1160
1776961166430 0.6878 1180
1776961173779 0.701 1200
1776961181140 0.6907 1220
1776961188486 0.6955 1240
1776961209748 0.689 1260
1776961217122 0.6942 1280
1776961224483 0.6951 1300
1776961231852 0.6943 1320
1776961239218 0.6932 1340
1776961246584 0.6945 1360
1776961253936 0.6922 1380
1776961261307 0.6926 1400
1776961268676 0.6885 1420
1776961276059 0.6642 1440
1776961283469 0.6984 1460
1776961290845 0.6996 1480
1776961298221 0.6958 1500
