1778707398416 0.015015015015015015 20
1778707398991 0.03003003003003003 40
1778707399567 0.04504504504504504 60
1778707400146 0.06006006006006006 80
1778707400749 0.07507507507507508 100
1778707401347 0.09009009009009009 120
1778707401936 0.10510510510510511 140
1778707402521 0.12012012012012012 160
1778707403128 0.13513513513513514 180
1778707403724 0.15015015015015015 200
1778707404314 0.16516516516516516 220
1778707404898 0.18018018018018017 240
1778707407454 0.18768768768768768 250
1778707409028 0.19519519519519518 260
1778707409654 0.21021021021021022 280
1778707410271 0.22522522522522523 300
1778707410943 0.24024024024024024 320
1778707411529 0.2552552552552553 340
1778707412112 0.2702702702702703 360
1778707412696 0.2852852852852853 380
1778707413279 0.3003003003003003 400
1778707413884 0.3153153153153153 420
1778707414501 0.3303303303303303 440
1778707415087 0.34534534534534533 460
1778707415675 0.36036036036036034 480
1778707416262 0.37537537537537535 500
1778707418577 0.37537537537537535 500
