1778707398416 1.08e-05 20
1778707398991 2.22e-05 40
1778707399567 2.9972768532526474e-05 60
1778707400146 2.9886535552193645e-05 80
1778707400749 2.9795763993948565e-05 100
1778707401347 2.970499243570348e-05 120
1778707401936 2.9614220877458398e-05 140
1778707402521 2.9527987897125568e-05 160
1778707403128 2.9437216338880485e-05 180
1778707403724 2.93464447806354e-05 200
1778707404314 2.9255673222390318e-05 220
1778707404898 2.9164901664145234e-05 240
1778707409028 2.9074130105900154e-05 260
1778707409654 2.8983358547655067e-05 280
1778707410271 2.8892586989409984e-05 300
1778707410943 2.8801815431164904e-05 320
1778707411529 2.871104387291982e-05 340
1778707412112 2.8620272314674737e-05 360
1778707412696 2.8529500756429653e-05 380
1778707413279 2.843872919818457e-05 400
1778707413884 2.8347957639939486e-05 420
1778707414501 2.8257186081694403e-05 440
1778707415087 2.816641452344932e-05 460
1778707415675 2.807564296520424e-05 480
1778707416262 2.7984871406959152e-05 500
