1778707398416 0.697 20
1778707398991 0.6796 40
1778707399567 0.6235 60
1778707400146 0.5738 80
1778707400749 0.5001 100
1778707401347 0.5477 120
1778707401936 0.5197 140
1778707402521 0.5024 160
1778707403128 0.5006 180
1778707403724 0.4415 200
1778707404314 0.4594 220
1778707404898 0.4958 240
1778707409028 0.4387 260
1778707409654 0.4815 280
1778707410271 0.4271 300
1778707410943 0.4313 320
1778707411529 0.5503 340
1778707412112 0.4672 360
1778707412696 0.4809 380
1778707413279 0.4584 400
1778707413884 0.4398 420
1778707414501 0.4042 440
1778707415087 0.4522 460
1778707415675 0.4198 480
1778707416262 0.4626 500
