1778291103472 0.21739130434782608 20
1778291105088 0.43478260869565216 40
1778291106701 0.6521739130434783 60
1778291108313 0.8695652173913043 80
1778291109927 1.0869565217391304 100
1778291111541 1.3043478260869565 120
1778291113155 1.5217391304347827 140
1778291114772 1.7391304347826086 160
1778291116388 1.9565217391304348 180
1778291117998 2.1739130434782608 200
1778291119611 2.391304347826087 220
1778291121219 2.608695652173913 240
1778291122299 2.717391304347826 250
1778291123550 2.8260869565217392 260
1778291125166 3.0434782608695654 280
1778291126781 3.260869565217391 300
1778291128396 3.4782608695652173 320
1778291130007 3.6956521739130435 340
1778291131619 3.9130434782608696 360
1778291133231 4.130434782608695 380
1778291134841 4.3478260869565215 400
1778291136453 4.565217391304348 420
1778291138065 4.782608695652174 440
1778291139677 5.0 460
1778291141294 5.217391304347826 480
1778291142913 5.434782608695652 500
1778291143188 5.434782608695652 500
1778291145290 5.6521739130434785 520
1778291146912 5.869565217391305 540
1778291148531 6.086956521739131 560
1778291150143 6.304347826086957 580
1778291151752 6.521739130434782 600
1778291153359 6.739130434782608 620
1778291154966 6.956521739130435 640
1778291156582 7.173913043478261 660
1778291158198 7.391304347826087 680
1778291159807 7.608695652173913 700
1778291161418 7.826086956521739 720
1778291163029 8.043478260869565 740
1778291164107 8.152173913043478 750
1778291165374 8.26086956521739 760
1778291166980 8.478260869565217 780
1778291168590 8.695652173913043 800
1778291170199 8.91304347826087 820
1778291171810 9.130434782608695 840
1778291173418 9.347826086956522 860
1778291175026 9.565217391304348 880
1778291176635 9.782608695652174 900
1778291178242 10.0 920
