1777549518375 4.179899215698242 20
1777549523388 6.851261138916016 40
1777549528388 8.069905281066895 60
1777549533364 4.914946556091309 80
1777549538325 13.10232162475586 100
1777549543347 7.218350887298584 120
1777549548377 5.388526916503906 140
1777549553403 10.24888801574707 160
1777549558470 11.876972198486328 180
1777549563500 5.931463241577148 200
1777549568543 4.823657512664795 220
1777549573559 3.9455013275146484 240
1777549601012 5.0012078285217285 260
1777549606137 5.134256839752197 280
1777549611262 4.880168914794922 300
1777549616374 6.905544281005859 320
1777549621426 12.868557929992676 340
1777549626488 27.61344337463379 360
1777549631559 3.4255552291870117 380
1777549636628 10.320273399353027 400
1777549641673 56.9653434753418 420
1777549646811 5.141529560089111 440
1777549651995 11.539750099182129 460
1777549657053 1.0813993215560913 480
1777549662169 2.161780834197998 500
1777549689627 1.232519507408142 520
1777549694728 3.8463993072509766 540
1777549699816 0.8901301026344299 560
1777549704939 2.1505348682403564 580
