1777549518375 7.2000000000000005e-06 20
1777549523388 1.48e-05 40
1777549528388 1.999805420430855e-05 60
1777549533364 1.9992494788047256e-05 80
1777549538325 1.9986935371785965e-05 100
1777549543347 1.998137595552467e-05 120
1777549548377 1.997637248088951e-05 140
1777549553403 1.9970813064628215e-05 160
1777549558470 1.996525364836692e-05 180
1777549563500 1.995969423210563e-05 200
1777549568543 1.9954134815844336e-05 220
1777549573559 1.9948575399583045e-05 240
1777549601012 1.994301598332175e-05 260
1777549606137 1.993745656706046e-05 280
1777549611262 1.993189715079917e-05 300
1777549616374 1.9926337734537875e-05 320
1777549621426 1.9920778318276584e-05 340
1777549626488 1.991521890201529e-05 360
1777549631559 1.9909659485754e-05 380
1777549636628 1.9904100069492705e-05 400
1777549641673 1.9898540653231415e-05 420
1777549646811 1.9893259207783185e-05 440
1777549651995 1.9887699791521894e-05 460
1777549657053 1.98821403752606e-05 480
1777549662169 1.9876580958999306e-05 500
1777549689627 1.9871021542738015e-05 520
1777549694728 1.986546212647672e-05 540
1777549699816 1.9859902710215427e-05 560
1777549704939 1.9854343293954136e-05 580
