1777549518375 0.6963 20
1777549523388 0.7047 40
1777549528388 0.704 60
1777549533364 0.6969 80
1777549538325 0.6964 100
1777549543347 0.7031 120
1777549548377 0.6954 140
1777549553403 0.6815 160
1777549558470 0.6986 180
1777549563500 0.6649 200
1777549568543 0.6927 220
1777549573559 0.7346 240
1777549601012 0.7068 260
1777549606137 0.6952 280
1777549611262 0.7019 300
1777549616374 0.6953 320
1777549621426 0.6849 340
1777549626488 0.703 360
1777549631559 0.694 380
1777549636628 0.674 400
1777549641673 0.7125 420
1777549646811 0.6925 440
1777549651995 0.6594 460
1777549657053 0.6858 480
1777549662169 0.6673 500
1777549689627 0.7064 520
1777549694728 0.6906 540
1777549699816 0.6999 560
1777549704939 0.699 580
