1779318893466 0.1092896174863388 20
1779318896667 0.2185792349726776 40
1779318899619 0.32786885245901637 60
1779318902691 0.4371584699453552 80
1779318905593 0.546448087431694 100
1779318908493 0.6557377049180327 120
1779318911363 0.7650273224043715 140
1779318914389 0.8743169398907104 160
1779318917191 0.9836065573770492 180
1779318920021 1.092896174863388 200
1779318923001 1.2021857923497268 220
1779318926154 1.3114754098360657 240
1779318928964 1.366120218579235 250
1779318933012 1.4207650273224044 260
1779318935770 1.530054644808743 280
1779318938676 1.639344262295082 300
1779318941622 1.748633879781421 320
1779318944699 1.8579234972677594 340
1779318947905 1.9672131147540983 360
1779318951082 2.0765027322404372 380
1779318953961 2.185792349726776 400
1779318957083 2.2950819672131146 420
1779318960524 2.4043715846994536 440
1779318963837 2.5136612021857925 460
1779318967024 2.6229508196721314 480
1779318970338 2.73224043715847 500
1779318971455 2.73224043715847 500
1779318977548 2.841530054644809 520
1779318980269 2.9508196721311473 540
1779318983111 3.060109289617486 560
1779318985841 3.169398907103825 580
1779318988618 3.278688524590164 600
1779318991578 3.387978142076503 620
1779318995017 3.4972677595628414 640
1779318998092 3.6065573770491803 660
1779319001092 3.7158469945355193 680
1779319004061 3.8251366120218577 700
1779319007029 3.9344262295081966 720
1779319009913 4.043715846994536 740
1779319012378 4.098360655737705 750
1779319017059 4.1530054644808745 760
1779319019981 4.262295081967213 780
1779319022948 4.371584699453552 800
1779319025929 4.48087431693989 820
1779319028733 4.590163934426229 840
1779319031355 4.699453551912568 860
1779319034157 4.808743169398907 880
1779319037317 4.918032786885246 900
1779319040520 5.027322404371585 920
1779319043508 5.136612021857924 940
1779319045965 5.245901639344262 960
1779319048745 5.355191256830601 980
1779319051529 5.46448087431694 1000
1779319052515 5.46448087431694 1000
1779319058005 5.573770491803279 1020
1779319060468 5.683060109289618 1040
1779319063238 5.7923497267759565 1060
1779319065879 5.901639344262295 1080
1779319068562 6.0109289617486334 1100
1779319071460 6.120218579234972 1120
1779319074607 6.229508196721311 1140
1779319078121 6.33879781420765 1160
1779319081111 6.448087431693989 1180
1779319084070 6.557377049180328 1200
1779319086912 6.666666666666667 1220
1779319089698 6.775956284153006 1240
1779319092014 6.830601092896175 1250
1779319096143 6.885245901639344 1260
1779319099163 6.994535519125683 1280
1779319101787 7.103825136612022 1300
1779319104708 7.213114754098361 1320
1779319107654 7.3224043715847 1340
1779319110686 7.4316939890710385 1360
1779319114000 7.540983606557377 1380
1779319117248 7.6502732240437155 1400
1779319120566 7.759562841530054 1420
1779319123631 7.868852459016393 1440
1779319126764 7.978142076502732 1460
1779319129977 8.087431693989071 1480
1779319133392 8.19672131147541 1500
1779319134503 8.19672131147541 1500
1779319141477 8.306010928961749 1520
1779319144405 8.415300546448087 1540
1779319147457 8.524590163934427 1560
1779319150415 8.633879781420765 1580
1779319153314 8.743169398907105 1600
1779319156338 8.852459016393443 1620
1779319159166 8.96174863387978 1640
1779319162119 9.07103825136612 1660
1779319165266 9.180327868852459 1680
1779319168281 9.289617486338798 1700
1779319171479 9.398907103825136 1720
1779319174647 9.508196721311476 1740
1779319177225 9.562841530054644 1750
1779319181493 9.617486338797814 1760
1779319184551 9.726775956284152 1780
1779319187783 9.836065573770492 1800
1779319190623 9.94535519125683 1820
1779319194739 10.0 1830
1779319196428 10.0 1830
1779319197649 10.0 1830
1779319201238 10.0 0
