1779318893466 1.1400000000000001e-05 20
1779318896667 2.3400000000000003e-05 40
1779318899619 2.9848314606741574e-05 60
1779318902691 2.9511235955056183e-05 80
1779318905593 2.9174157303370788e-05 100
1779318908493 2.8837078651685393e-05 120
1779318911363 2.8499999999999998e-05 140
1779318914389 2.816292134831461e-05 160
1779318917191 2.7825842696629215e-05 180
1779318920021 2.748876404494382e-05 200
1779318923001 2.7151685393258426e-05 220
1779318926154 2.6814606741573034e-05 240
1779318933012 2.6477528089887643e-05 260
1779318935770 2.6140449438202248e-05 280
1779318938676 2.5803370786516853e-05 300
1779318941622 2.5466292134831462e-05 320
1779318944699 2.5129213483146067e-05 340
1779318947905 2.4792134831460676e-05 360
1779318951082 2.445505617977528e-05 380
1779318953961 2.411797752808989e-05 400
1779318957083 2.3780898876404495e-05 420
1779318960524 2.34438202247191e-05 440
1779318963837 2.310674157303371e-05 460
1779318967024 2.2769662921348317e-05 480
1779318970338 2.2432584269662922e-05 500
1779318977548 2.2095505617977528e-05 520
1779318980269 2.1758426966292133e-05 540
1779318983111 2.1421348314606745e-05 560
1779318985841 2.108426966292135e-05 580
1779318988618 2.0747191011235955e-05 600
1779318991578 2.041011235955056e-05 620
1779318995017 2.007303370786517e-05 640
1779318998092 1.9735955056179778e-05 660
1779319001092 1.9398876404494383e-05 680
1779319004061 1.9061797752808988e-05 700
1779319007029 1.8724719101123597e-05 720
1779319009913 1.8387640449438202e-05 740
1779319017059 1.805056179775281e-05 760
1779319019981 1.7713483146067416e-05 780
1779319022948 1.7376404494382024e-05 800
1779319025929 1.703932584269663e-05 820
1779319028733 1.6702247191011235e-05 840
1779319031355 1.6365168539325843e-05 860
1779319034157 1.6028089887640452e-05 880
1779319037317 1.5691011235955057e-05 900
1779319040520 1.5353932584269662e-05 920
1779319043508 1.501685393258427e-05 940
1779319045965 1.4679775280898876e-05 960
1779319048745 1.4342696629213485e-05 980
1779319051529 1.400561797752809e-05 1000
1779319058005 1.3668539325842697e-05 1020
1779319060468 1.3331460674157304e-05 1040
1779319063238 1.299438202247191e-05 1060
1779319065879 1.2657303370786518e-05 1080
1779319068562 1.2320224719101125e-05 1100
1779319071460 1.1983146067415731e-05 1120
1779319074607 1.1646067415730338e-05 1140
1779319078121 1.1308988764044944e-05 1160
1779319081111 1.0971910112359552e-05 1180
1779319084070 1.0634831460674157e-05 1200
1779319086912 1.0297752808988764e-05 1220
1779319089698 9.960674157303371e-06 1240
1779319096143 9.623595505617976e-06 1260
1779319099163 9.286516853932585e-06 1280
1779319101787 8.94943820224719e-06 1300
1779319104708 8.612359550561799e-06 1320
1779319107654 8.275280898876404e-06 1340
1779319110686 7.938202247191011e-06 1360
1779319114000 7.601123595505618e-06 1380
1779319117248 7.264044943820225e-06 1400
1779319120566 6.926966292134832e-06 1420
1779319123631 6.5898876404494385e-06 1440
1779319126764 6.252808988764045e-06 1460
1779319129977 5.915730337078652e-06 1480
1779319133392 5.578651685393258e-06 1500
1779319141477 5.241573033707865e-06 1520
1779319144405 4.904494382022472e-06 1540
1779319147457 4.567415730337079e-06 1560
1779319150415 4.230337078651686e-06 1580
1779319153314 3.893258426966292e-06 1600
1779319156338 3.5561797752808994e-06 1620
1779319159166 3.219101123595506e-06 1640
1779319162119 2.8820224719101123e-06 1660
1779319165266 2.544943820224719e-06 1680
1779319168281 2.2078651685393257e-06 1700
1779319171479 1.8707865168539326e-06 1720
1779319174647 1.5337078651685393e-06 1740
1779319181493 1.1966292134831462e-06 1760
1779319184551 8.595505617977528e-07 1780
1779319187783 5.224719101123595e-07 1800
1779319190623 1.853932584269663e-07 1820
