1778883881799 0.3604033887386322 20
1778883900179 2.392206907272339 40
1778883918149 2.966048240661621 60
1778883936526 3.17130708694458 80
1778883954495 3.0576815605163574 100
1778883972877 3.7609753608703613 120
1778883990849 8.855508804321289 140
1778884009227 5.046634674072266 160
1778884027605 4.350865364074707 180
1778884045577 7.586841106414795 200
1778884063951 6.0103325843811035 220
1778884081922 3.9410605430603027 240
1778884104193 13.634949684143066 260
1778884122163 4.381844997406006 280
1778884140538 6.367500305175781 300
1778884158911 6.264105319976807 320
1778884176875 3.653502941131592 340
1778884195248 6.889942646026611 360
1778884213217 1.5910475254058838 380
1778884231591 4.90891695022583 400
1778884249556 2.4506022930145264 420
1778884267927 2.8819968700408936 440
1778884285891 7.809314727783203 460
