1778331677637 1.1400000000000001e-05 20
1778331695286 2.3400000000000003e-05 40
1778331712792 2.9923186344238974e-05 60
1778331729571 2.97524893314367e-05 80
1778331747278 2.9581792318634425e-05 100
1778331764666 2.941109530583215e-05 120
1778331781839 2.9240398293029872e-05 140
1778331799078 2.9069701280227596e-05 160
1778331816846 2.8899004267425323e-05 180
1778331833775 2.8728307254623044e-05 200
1778331851184 2.8557610241820767e-05 220
1778331868903 2.838691322901849e-05 240
1778331906144 2.821621621621622e-05 260
1778331922137 2.8045519203413942e-05 280
1778331938498 2.7874822190611666e-05 300
1778331954804 2.770412517780939e-05 320
1778331970759 2.7533428165007113e-05 340
1778331987297 2.7362731152204837e-05 360
1778332003721 2.719203413940256e-05 380
1778332019677 2.7021337126600285e-05 400
1778332036147 2.685064011379801e-05 420
1778332052501 2.6679943100995732e-05 440
1778332068578 2.650924608819346e-05 460
1778332085821 2.6338549075391183e-05 480
1778332103339 2.6167852062588904e-05 500
1778332141106 2.5997155049786627e-05 520
1778332158778 2.5826458036984355e-05 540
1778332175913 2.565576102418208e-05 560
1778332193626 2.5485064011379802e-05 580
1778332210719 2.5314366998577526e-05 600
1778332228971 2.514366998577525e-05 620
1778332246369 2.4972972972972973e-05 640
1778332264696 2.4802275960170697e-05 660
1778332282798 2.463157894736842e-05 680
1778332300374 2.4460881934566145e-05 700
1778332318561 2.429018492176387e-05 720
1778332336689 2.4119487908961596e-05 740
1778332374980 2.394879089615932e-05 760
1778332392480 2.3778093883357043e-05 780
1778332410547 2.3607396870554764e-05 800
1778332427984 2.343669985775249e-05 820
1778332444892 2.3266002844950215e-05 840
1778332462647 2.3095305832147938e-05 860
1778332480049 2.2924608819345662e-05 880
1778332497226 2.2753911806543386e-05 900
1778332514923 2.2583214793741113e-05 920
1778332532321 2.2412517780938833e-05 940
1778332549702 2.2241820768136557e-05 960
1778332567523 2.207112375533428e-05 980
1778332584780 2.1900426742532005e-05 1000
1778332622722 2.1729729729729732e-05 1020
1778332639780 2.1559032716927456e-05 1040
1778332657375 2.138833570412518e-05 1060
1778332674612 2.1217638691322903e-05 1080
1778332692066 2.1046941678520624e-05 1100
1778332709626 2.087624466571835e-05 1120
1778332726678 2.0705547652916074e-05 1140
1778332744007 2.0534850640113798e-05 1160
1778332761109 2.0364153627311522e-05 1180
1778332778677 2.019345661450925e-05 1200
1778332796059 2.0022759601706973e-05 1220
1778332813341 1.9852062588904693e-05 1240
1778332851130 1.9681365576102417e-05 1260
1778332868642 1.951066856330014e-05 1280
1778332886315 1.9339971550497868e-05 1300
1778332903486 1.9169274537695592e-05 1320
1778332921005 1.8998577524893316e-05 1340
1778332938442 1.882788051209104e-05 1360
1778332956128 1.865718349928876e-05 1380
1778332973697 1.8486486486486487e-05 1400
1778332991264 1.831578947368421e-05 1420
1778333009366 1.8145092460881934e-05 1440
1778333027230 1.7974395448079658e-05 1460
1778333044773 1.7803698435277385e-05 1480
1778333062150 1.763300142247511e-05 1500
1778333100543 1.7462304409672833e-05 1520
1778333117935 1.7291607396870553e-05 1540
1778333135379 1.7120910384068277e-05 1560
1778333152599 1.6950213371266004e-05 1580
1778333170440 1.6779516358463728e-05 1600
1778333187589 1.6608819345661452e-05 1620
1778333204934 1.6438122332859175e-05 1640
1778333222351 1.62674253200569e-05 1660
1778333240129 1.6096728307254623e-05 1680
1778333257541 1.5926031294452347e-05 1700
1778333275128 1.575533428165007e-05 1720
1778333292930 1.5584637268847794e-05 1740
1778333331306 1.541394025604552e-05 1760
1778333348192 1.5243243243243245e-05 1780
1778333365482 1.5072546230440967e-05 1800
1778333382803 1.4901849217638691e-05 1820
1778333400236 1.4731152204836417e-05 1840
1778333417698 1.4560455192034139e-05 1860
1778333434921 1.4389758179231864e-05 1880
1778333452527 1.4219061166429588e-05 1900
1778333469698 1.4048364153627312e-05 1920
1778333487260 1.3877667140825035e-05 1940
1778333505180 1.370697012802276e-05 1960
1778333522562 1.3536273115220485e-05 1980
1778333540442 1.3365576102418208e-05 2000
1778333577987 1.3194879089615932e-05 2020
1778333595432 1.3024182076813656e-05 2040
1778333612657 1.285348506401138e-05 2060
1778333630024 1.2682788051209104e-05 2080
1778333647277 1.2512091038406827e-05 2100
1778333664559 1.2341394025604553e-05 2120
1778333681525 1.2170697012802277e-05 2140
1778333698978 1.2e-05 2160
1778333716262 1.1829302987197724e-05 2180
1778333733782 1.1658605974395448e-05 2200
1778333751122 1.1487908961593173e-05 2220
1778333768426 1.1317211948790895e-05 2240
1778333805896 1.1146514935988621e-05 2260
1778333823110 1.0975817923186345e-05 2280
1778333840969 1.080512091038407e-05 2300
1778333858346 1.0634423897581792e-05 2320
1778333875394 1.0463726884779516e-05 2340
1778333893243 1.0293029871977241e-05 2360
1778333910211 1.0122332859174963e-05 2380
1778333927546 9.951635846372689e-06 2400
1778333944527 9.780938833570413e-06 2420
1778333962117 9.610241820768138e-06 2440
1778333979440 9.43954480796586e-06 2460
1778333996705 9.268847795163584e-06 2480
1778334013927 9.09815078236131e-06 2500
1778334051086 8.927453769559033e-06 2520
1778334068668 8.756756756756757e-06 2540
1778334086186 8.58605974395448e-06 2560
1778334103227 8.415362731152206e-06 2580
1778334120839 8.244665718349928e-06 2600
1778334137878 8.073968705547652e-06 2620
1778334155678 7.903271692745378e-06 2640
1778334172842 7.732574679943101e-06 2660
1778334190023 7.561877667140826e-06 2680
1778334207478 7.391180654338549e-06 2700
1778334224754 7.2204836415362735e-06 2720
1778334242369 7.049786628733997e-06 2740
1778334279804 6.879089615931722e-06 2760
1778334296275 6.708392603129446e-06 2780
1778334311800 6.5376955903271694e-06 2800
1778334327226 6.366998577524893e-06 2820
1778334342735 6.196301564722617e-06 2840
1778334358388 6.025604551920342e-06 2860
1778334375232 5.854907539118065e-06 2880
1778334391736 5.68421052631579e-06 2900
1778334408470 5.513513513513514e-06 2920
1778334425474 5.3428165007112375e-06 2940
1778334441884 5.172119487908961e-06 2960
1778334458512 5.001422475106686e-06 2980
1778334475370 4.83072546230441e-06 3000
