1778331677637 0.698 20
1778331695286 0.697 40
1778331712792 0.6864 60
1778331729571 0.6915 80
1778331747278 0.6793 100
1778331764666 0.6878 120
1778331781839 0.6743 140
1778331799078 0.6827 160
1778331816846 0.6719 180
1778331833775 0.6474 200
1778331851184 0.6396 220
1778331868903 0.6198 240
1778331906144 0.6085 260
1778331922137 0.6038 280
1778331938498 0.6036 300
1778331954804 0.6073 320
1778331970759 0.5673 340
1778331987297 0.5929 360
1778332003721 0.606 380
1778332019677 0.5741 400
1778332036147 0.5676 420
1778332052501 0.5722 440
1778332068578 0.5788 460
1778332085821 0.5546 480
1778332103339 0.5386 500
1778332141106 0.5819 520
1778332158778 0.5696 540
1778332175913 0.5616 560
1778332193626 0.5705 580
1778332210719 0.5832 600
1778332228971 0.5632 620
1778332246369 0.5777 640
1778332264696 0.5737 660
1778332282798 0.5858 680
1778332300374 0.567 700
1778332318561 0.5771 720
1778332336689 0.5537 740
1778332374980 0.5352 760
1778332392480 0.5542 780
1778332410547 0.544 800
1778332427984 0.5332 820
1778332444892 0.5593 840
1778332462647 0.5559 860
1778332480049 0.5595 880
1778332497226 0.5279 900
1778332514923 0.5693 920
1778332532321 0.5355 940
1778332549702 0.5119 960
1778332567523 0.5766 980
1778332584780 0.5011 1000
1778332622722 0.5592 1020
1778332639780 0.5051 1040
1778332657375 0.5522 1060
1778332674612 0.5285 1080
1778332692066 0.531 1100
1778332709626 0.5428 1120
1778332726678 0.5448 1140
1778332744007 0.52 1160
1778332761109 0.5367 1180
1778332778677 0.5294 1200
1778332796059 0.5111 1220
1778332813341 0.5255 1240
1778332851130 0.5199 1260
1778332868642 0.5378 1280
1778332886315 0.5043 1300
1778332903486 0.5491 1320
1778332921005 0.5428 1340
1778332938442 0.5305 1360
1778332956128 0.5522 1380
1778332973697 0.5457 1400
1778332991264 0.5192 1420
1778333009366 0.5077 1440
1778333027230 0.5421 1460
1778333044773 0.5322 1480
1778333062150 0.5048 1500
1778333100543 0.525 1520
1778333117935 0.4697 1540
1778333135379 0.5104 1560
1778333152599 0.4825 1580
1778333170440 0.5076 1600
1778333187589 0.5328 1620
1778333204934 0.4979 1640
1778333222351 0.4851 1660
1778333240129 0.5316 1680
1778333257541 0.5381 1700
1778333275128 0.5175 1720
1778333292930 0.5113 1740
1778333331306 0.5111 1760
1778333348192 0.5468 1780
1778333365482 0.4861 1800
1778333382803 0.4844 1820
1778333400236 0.4794 1840
1778333417698 0.4798 1860
1778333434921 0.495 1880
1778333452527 0.4709 1900
1778333469698 0.5073 1920
1778333487260 0.4977 1940
1778333505180 0.4809 1960
1778333522562 0.4941 1980
1778333540442 0.4789 2000
1778333577987 0.5085 2020
1778333595432 0.5003 2040
1778333612657 0.4989 2060
1778333630024 0.4778 2080
1778333647277 0.4777 2100
1778333664559 0.4877 2120
1778333681525 0.5319 2140
1778333698978 0.4766 2160
1778333716262 0.4864 2180
1778333733782 0.4628 2200
1778333751122 0.4576 2220
1778333768426 0.459 2240
1778333805896 0.5156 2260
1778333823110 0.5251 2280
1778333840969 0.499 2300
1778333858346 0.4349 2320
1778333875394 0.4745 2340
1778333893243 0.4841 2360
1778333910211 0.4576 2380
1778333927546 0.4459 2400
1778333944527 0.4666 2420
1778333962117 0.4922 2440
1778333979440 0.4848 2460
1778333996705 0.4702 2480
1778334013927 0.49 2500
1778334051086 0.4961 2520
1778334068668 0.4906 2540
1778334086186 0.4594 2560
1778334103227 0.5043 2580
1778334120839 0.4756 2600
1778334137878 0.5009 2620
1778334155678 0.4798 2640
1778334172842 0.5122 2660
1778334190023 0.4916 2680
1778334207478 0.4843 2700
1778334224754 0.4869 2720
1778334242369 0.4816 2740
1778334279804 0.5119 2760
1778334296275 0.5096 2780
1778334311800 0.4919 2800
1778334327226 0.4387 2820
1778334342735 0.4917 2840
1778334358388 0.4498 2860
1778334375232 0.4875 2880
1778334391736 0.4508 2900
1778334408470 0.4718 2920
1778334425474 0.4419 2940
1778334441884 0.4516 2960
1778334458512 0.489 2980
1778334475370 0.4082 3000
