1779363719056 0.4371584699453552 20
1779363738848 0.8743169398907104 40
1779363758226 1.3060109289617485 60
1779363778066 1.7431693989071038 80
1779363797645 2.1748633879781423 100
1779363817777 2.612021857923497 120
1779363838091 3.0437158469945356 140
1779363858358 3.480874316939891 160
1779363878872 3.918032786885246 180
1779363898898 4.3497267759562845 200
1779363918992 4.786885245901639 220
1779363938332 5.218579234972678 240
1779363950514 5.437158469945355 250
1779363968888 5.655737704918033 260
1779363988543 6.087431693989071 280
1779364008545 6.524590163934426 300
1779364028537 6.961748633879782 320
1779364048030 7.39344262295082 340
1779364067851 7.830601092896175 360
1779364087458 8.262295081967213 380
1779364107432 8.699453551912569 400
1779364127256 9.131147540983607 420
1779364147162 9.568306010928962 440
1779364166542 10.0 460
1779364168811 10.0 460
1779364175964 10.0 460
1779364180310 10.0 460
1779364182832 10.0 460
1779364188366 10.0 0
