1779363719056 30.67045021057129 20
1779363738848 107.23450469970703 40
1779363758226 223.4229278564453 60
1779363778066 51.03367233276367 80
1779363797645 96.81690979003906 100
1779363817777 183.13433837890625 120
1779363838091 93.45089721679688 140
1779363858358 99.48471069335938 160
1779363878872 89.13226318359375 180
1779363898898 47.88381576538086 200
1779363918992 43.045013427734375 220
1779363938332 22.8536319732666 240
1779363968888 49.89134979248047 260
1779363988543 36.44751739501953 280
1779364008545 34.92238235473633 300
1779364028537 6.134130477905273 320
1779364048030 0.41446614265441895 340
1779364067851 0.2033756822347641 360
1779364087458 0.021653683856129646 380
1779364107432 0.01679116114974022 400
1779364127256 0.015644710510969162 420
1779364147162 0.013051227666437626 440
1779364166542 0.008710071444511414 460
