1779363719056 2.679482078552246 20
1779363738848 2.2042877197265627 40
1779363758226 1.8242633819580079 60
1779363778066 1.768239402770996 80
1779363797645 1.483448600769043 100
1779363817777 1.156773281097412 120
1779363838091 1.3130102157592773 140
1779363858358 0.8564766883850098 160
1779363878872 0.6929326057434082 180
1779363898898 0.45897326469421384 200
1779363918992 0.426433801651001 220
1779363938332 0.26069092750549316 240
1779363968888 0.25247483253479003 260
1779363988543 0.1743653655052185 280
1779364008545 0.07346118688583374 300
1779364028537 0.06305198669433594 320
1779364048030 0.005655373632907868 340
1779364067851 0.01521943062543869 360
1779364087458 0.008053795993328094 380
1779364107432 0.002060106582939625 400
1779364127256 0.0012782652862370013 420
1779364147162 0.0010425634682178497 440
1779364166542 0.001072732824832201 460
