1778757681815 0.021953896816684963 20
1778757682392 0.043907793633369926 40
1778757682978 0.06586169045005488 60
1778757683565 0.08781558726673985 80
1778757684151 0.10976948408342481 100
1778757684739 0.13172338090010977 120
1778757685327 0.15367727771679474 140
1778757685912 0.1756311745334797 160
1778757686485 0.19758507135016465 180
1778757687072 0.21953896816684962 200
1778757687654 0.2414928649835346 220
1778757688240 0.26344676180021953 240
1778757690274 0.27442371020856204 250
1778757691865 0.2854006586169045 260
1778757692453 0.30735455543358947 280
1778757693039 0.32930845225027444 300
1778757693626 0.3512623490669594 320
1778757694213 0.3732162458836443 340
1778757694801 0.3951701427003293 360
1778757695388 0.41712403951701427 380
1778757695975 0.43907793633369924 400
1778757696559 0.4610318331503842 420
1778757697132 0.4829857299670692 440
1778757697710 0.5049396267837541 460
1778757698299 0.5268935236004391 480
1778757698891 0.5488474204171241 500
1778757700623 0.5488474204171241 500
1778757702538 0.570801317233809 520
1778757703112 0.5927552140504939 540
1778757703685 0.6147091108671789 560
1778757704257 0.6366630076838639 580
1778757704847 0.6586169045005489 600
1778757705436 0.6805708013172338 620
1778757706023 0.7025246981339188 640
1778757706614 0.7244785949506037 660
1778757707204 0.7464324917672887 680
1778757707793 0.7683863885839737 700
1778757708382 0.7903402854006586 720
1778757708970 0.8122941822173436 740
1778757710997 0.823271130625686 750
1778757712421 0.8342480790340285 760
1778757713000 0.8562019758507134 780
1778757713573 0.8781558726673985 800
1778757714146 0.9001097694840834 820
1778757714732 0.9220636663007684 840
1778757715319 0.9440175631174533 860
1778757715906 0.9659714599341384 880
1778757716492 0.9879253567508233 900
1778757717083 1.0098792535675083 920
1778757717671 1.031833150384193 940
1778757718258 1.0537870472008781 960
1778757718846 1.0757409440175631 980
1778757719433 1.0976948408342482 1000
1778757721170 1.0976948408342482 1000
1778757723222 1.119648737650933 1020
1778757723809 1.141602634467618 1040
1778757724398 1.163556531284303 1060
1778757724986 1.1855104281009878 1080
1778757725573 1.2074643249176729 1100
1778757726162 1.2294182217343579 1120
1778757726750 1.2513721185510427 1140
1778757727337 1.2733260153677277 1160
1778757727926 1.2952799121844127 1180
1778757728515 1.3172338090010978 1200
1778757729104 1.3391877058177828 1220
1778757729692 1.3611416026344676 1240
1778757731731 1.37211855104281 1250
1778757733363 1.3830954994511526 1260
1778757733951 1.4050493962678376 1280
1778757734540 1.4270032930845225 1300
1778757735128 1.4489571899012075 1320
1778757735717 1.4709110867178925 1340
1778757736305 1.4928649835345773 1360
1778757736878 1.5148188803512623 1380
1778757737451 1.5367727771679474 1400
1778757738040 1.5587266739846322 1420
1778757738629 1.5806805708013172 1440
1778757739205 1.6026344676180022 1460
1778757739791 1.624588364434687 1480
1778757740379 1.6465422612513723 1500
1778757742122 1.6465422612513723 1500
1778757743843 1.668496158068057 1520
1778757744423 1.690450054884742 1540
1778757745011 1.7124039517014271 1560
1778757745599 1.734357848518112 1580
1778757746186 1.756311745334797 1600
1778757746774 1.778265642151482 1620
1778757747362 1.8002195389681668 1640
1778757747949 1.8221734357848518 1660
1778757748537 1.8441273326015368 1680
1778757749125 1.8660812294182216 1700
1778757749713 1.8880351262349067 1720
1778757750296 1.9099890230515917 1740
1778757752310 1.920965971459934 1750
1778757754092 1.9319429198682765 1760
1778757754678 1.9538968166849617 1780
1778757755265 1.9758507135016465 1800
1778757755852 1.9978046103183313 1820
1778757756441 2.0197585071350166 1840
1778757757028 2.0417124039517014 1860
1778757757615 2.063666300768386 1880
1778757758201 2.0856201975850714 1900
1778757758788 2.1075740944017562 1920
1778757759375 2.129527991218441 1940
1778757759961 2.1514818880351263 1960
1778757760551 2.173435784851811 1980
1778757761138 2.1953896816684964 2000
1778757762886 2.1953896816684964 2000
1778757764609 2.217343578485181 2020
1778757765183 2.239297475301866 2040
1778757765756 2.261251372118551 2060
1778757766329 2.283205268935236 2080
1778757766903 2.305159165751921 2100
1778757767476 2.327113062568606 2120
1778757768049 2.349066959385291 2140
1778757768627 2.3710208562019757 2160
1778757769215 2.392974753018661 2180
1778757769792 2.4149286498353457 2200
1778757770375 2.436882546652031 2220
1778757770963 2.4588364434687158 2240
1778757772990 2.469813391877058 2250
1778757774790 2.4807903402854006 2260
1778757775379 2.5027442371020854 2280
1778757775956 2.5246981339187706 2300
1778757776528 2.5466520307354554 2320
1778757777101 2.5686059275521407 2340
1778757777673 2.5905598243688255 2360
1778757778253 2.6125137211855103 2380
1778757778840 2.6344676180021955 2400
1778757779428 2.6564215148188803 2420
1778757780014 2.6783754116355656 2440
1778757780601 2.7003293084522504 2460
1778757781189 2.722283205268935 2480
1778757781772 2.74423710208562 2500
1778757783517 2.74423710208562 2500
1778757785263 2.7661909989023052 2520
1778757785851 2.78814489571899 2540
1778757786438 2.8100987925356753 2560
1778757787028 2.83205268935236 2580
1778757787615 2.854006586169045 2600
1778757788202 2.8759604829857297 2620
1778757788790 2.897914379802415 2640
1778757789376 2.9198682766190998 2660
1778757789948 2.941822173435785 2680
1778757790520 2.96377607025247 2700
1778757791092 2.9857299670691546 2720
1778757791666 3.00768386388584 2740
1778757793684 3.0186608122941823 2750
1778757795254 3.0296377607025247 2760
1778757795841 3.0515916575192095 2780
1778757796430 3.0735455543358947 2800
1778757797018 3.0954994511525795 2820
1778757797606 3.1174533479692643 2840
1778757798189 3.1394072447859496 2860
1778757798775 3.1613611416026344 2880
1778757799363 3.1833150384193196 2900
1778757799952 3.2052689352360044 2920
1778757800539 3.2272228320526892 2940
1778757801128 3.2491767288693745 2960
1778757801717 3.2711306256860593 2980
1778757802305 3.293084522502744 3000
1778757804074 3.293084522502744 3000
1778757805992 3.3150384193194293 3020
1778757806565 3.336992316136114 3040
1778757807128 3.358946212952799 3060
1778757807701 3.380900109769484 3080
1778757808273 3.402854006586169 3100
1778757808846 3.4248079034028542 3120
1778757809419 3.446761800219539 3140
1778757809990 3.468715697036224 3160
1778757810562 3.4906695938529086 3180
1778757811135 3.512623490669594 3200
1778757811707 3.5345773874862787 3220
1778757812282 3.556531284302964 3240
1778757814308 3.5675082327113063 3250
1778757815892 3.5784851811196488 3260
1778757816468 3.6004390779363336 3280
1778757817043 3.622392974753019 3300
1778757817616 3.6443468715697036 3320
1778757818189 3.666300768386389 3340
1778757818763 3.6882546652030737 3360
1778757819337 3.7102085620197585 3380
1778757819924 3.7321624588364433 3400
1778757820513 3.7541163556531285 3420
1778757821103 3.7760702524698133 3440
1778757821691 3.7980241492864986 3460
1778757822280 3.8199780461031834 3480
1778757822869 3.841931942919868 3500
1778757824607 3.841931942919868 3500
1778757826524 3.863885839736553 3520
1778757827097 3.885839736553238 3540
1778757827679 3.907793633369923 3560
1778757828262 3.9297475301866083 3580
1778757828851 3.951701427003293 3600
1778757829438 3.973655323819978 3620
1778757830027 3.995609220636663 3640
1778757830617 4.017563117453348 3660
1778757831204 4.039517014270033 3680
1778757831776 4.061470911086718 3700
1778757832348 4.083424807903403 3720
1778757832921 4.105378704720088 3740
1778757834942 4.11635565312843 3750
1778757836554 4.127332601536772 3760
1778757837141 4.149286498353458 3780
1778757837729 4.171240395170143 3800
1778757838317 4.193194291986828 3820
1778757838889 4.2151481888035125 3840
1778757839478 4.237102085620197 3860
1778757840065 4.259055982436882 3880
1778757840652 4.281009879253568 3900
1778757841239 4.302963776070253 3920
1778757841827 4.324917672886937 3940
1778757842411 4.346871569703622 3960
1778757842998 4.368825466520307 3980
1778757843588 4.390779363336993 4000
1778757845339 4.390779363336993 4000
1778757847253 4.4127332601536775 4020
1778757847841 4.434687156970362 4040
1778757848428 4.456641053787047 4060
1778757849016 4.478594950603732 4080
1778757849606 4.500548847420417 4100
1778757850187 4.522502744237102 4120
1778757850760 4.544456641053787 4140
1778757851333 4.566410537870472 4160
1778757851920 4.588364434687157 4180
1778757852513 4.610318331503842 4200
1778757853101 4.632272228320527 4220
1778757853693 4.654226125137212 4240
1778757855728 4.6652030735455545 4250
1778757857353 4.676180021953897 4260
1778757857944 4.698133918770582 4280
1778757858531 4.7200878155872665 4300
1778757859118 4.742041712403951 4320
1778757859700 4.763995609220637 4340
1778757860272 4.785949506037322 4360
1778757860844 4.807903402854007 4380
1778757861416 4.829857299670691 4400
1778757862002 4.851811196487376 4420
1778757862575 4.873765093304062 4440
1778757863147 4.895718990120747 4460
1778757863731 4.9176728869374315 4480
1778757864319 4.939626783754116 4500
1778757866068 4.939626783754116 4500
1778757867972 4.961580680570801 4520
1778757868561 4.983534577387486 4540
1778757870422 5.0 4555
1778757872357 5.0 4555
1778757872695 5.0 4555
1778757873642 5.0 0
