1778757681815 1.08e-05 20
1778757682392 2.22e-05 40
1778757682978 2.9953385127635962e-05 60
1778757683565 2.9820199778024418e-05 80
1778757684151 2.9687014428412877e-05 100
1778757684739 2.9553829078801333e-05 120
1778757685327 2.9420643729189792e-05 140
1778757685912 2.9287458379578248e-05 160
1778757686485 2.9154273029966707e-05 180
1778757687072 2.9021087680355163e-05 200
1778757687654 2.888790233074362e-05 220
1778757688240 2.8754716981132078e-05 240
1778757691865 2.8621531631520533e-05 260
1778757692453 2.8488346281908993e-05 280
1778757693039 2.835516093229745e-05 300
1778757693626 2.8221975582685908e-05 320
1778757694213 2.808879023307436e-05 340
1778757694801 2.795560488346282e-05 360
1778757695388 2.7822419533851275e-05 380
1778757695975 2.7689234184239734e-05 400
1778757696559 2.755604883462819e-05 420
1778757697132 2.742286348501665e-05 440
1778757697710 2.7289678135405105e-05 460
1778757698299 2.715649278579356e-05 480
1778757698891 2.702330743618202e-05 500
1778757702538 2.6890122086570476e-05 520
1778757703112 2.6756936736958935e-05 540
1778757703685 2.662375138734739e-05 560
1778757704257 2.649056603773585e-05 580
1778757704847 2.6357380688124306e-05 600
1778757705436 2.6224195338512765e-05 620
1778757706023 2.609100998890122e-05 640
1778757706614 2.595782463928968e-05 660
1778757707204 2.5824639289678136e-05 680
1778757707793 2.5691453940066595e-05 700
1778757708382 2.555826859045505e-05 720
1778757708970 2.5425083240843507e-05 740
1778757712421 2.5291897891231966e-05 760
1778757713000 2.5158712541620422e-05 780
1778757713573 2.502552719200888e-05 800
1778757714146 2.4892341842397337e-05 820
1778757714732 2.4759156492785796e-05 840
1778757715319 2.4625971143174252e-05 860
1778757715906 2.449278579356271e-05 880
1778757716492 2.4359600443951167e-05 900
1778757717083 2.4226415094339626e-05 920
1778757717671 2.4093229744728082e-05 940
1778757718258 2.3960044395116538e-05 960
1778757718846 2.3826859045504994e-05 980
1778757719433 2.369367369589345e-05 1000
1778757723222 2.356048834628191e-05 1020
1778757723809 2.3427302996670364e-05 1040
1778757724398 2.3294117647058824e-05 1060
1778757724986 2.316093229744728e-05 1080
1778757725573 2.302774694783574e-05 1100
1778757726162 2.2894561598224194e-05 1120
1778757726750 2.2761376248612654e-05 1140
1778757727337 2.262819089900111e-05 1160
1778757727926 2.249500554938957e-05 1180
1778757728515 2.2361820199778024e-05 1200
1778757729104 2.2228634850166484e-05 1220
1778757729692 2.209544950055494e-05 1240
1778757733363 2.1962264150943395e-05 1260
1778757733951 2.1829078801331854e-05 1280
1778757734540 2.169589345172031e-05 1300
1778757735128 2.156270810210877e-05 1320
1778757735717 2.1429522752497225e-05 1340
1778757736305 2.1296337402885684e-05 1360
1778757736878 2.116315205327414e-05 1380
1778757737451 2.10299667036626e-05 1400
1778757738040 2.0896781354051055e-05 1420
1778757738629 2.0763596004439514e-05 1440
1778757739205 2.063041065482797e-05 1460
1778757739791 2.049722530521643e-05 1480
1778757740379 2.0364039955604885e-05 1500
1778757743843 2.023085460599334e-05 1520
1778757744423 2.00976692563818e-05 1540
1778757745011 1.9964483906770256e-05 1560
1778757745599 1.9831298557158712e-05 1580
1778757746186 1.9698113207547168e-05 1600
1778757746774 1.9564927857935627e-05 1620
1778757747362 1.9431742508324083e-05 1640
1778757747949 1.9298557158712542e-05 1660
1778757748537 1.9165371809100998e-05 1680
1778757749125 1.9032186459489457e-05 1700
1778757749713 1.8899001109877913e-05 1720
1778757750296 1.8765815760266372e-05 1740
1778757754092 1.8632630410654828e-05 1760
1778757754678 1.8499445061043284e-05 1780
1778757755265 1.8366259711431743e-05 1800
1778757755852 1.82330743618202e-05 1820
1778757756441 1.8099889012208658e-05 1840
1778757757028 1.7966703662597114e-05 1860
1778757757615 1.7833518312985573e-05 1880
1778757758201 1.770033296337403e-05 1900
1778757758788 1.7567147613762488e-05 1920
1778757759375 1.7433962264150944e-05 1940
1778757759961 1.7300776914539403e-05 1960
1778757760551 1.716759156492786e-05 1980
1778757761138 1.7034406215316318e-05 2000
1778757764609 1.6901220865704774e-05 2020
1778757765183 1.676803551609323e-05 2040
1778757765756 1.663485016648169e-05 2060
1778757766329 1.6501664816870144e-05 2080
1778757766903 1.6368479467258604e-05 2100
1778757767476 1.623529411764706e-05 2120
1778757768049 1.610210876803552e-05 2140
1778757768627 1.5968923418423974e-05 2160
1778757769215 1.5835738068812434e-05 2180
1778757769792 1.5709211986681465e-05 2200
1778757770375 1.5576026637069925e-05 2220
1778757770963 1.544284128745838e-05 2240
1778757774790 1.530965593784684e-05 2260
1778757775379 1.5176470588235294e-05 2280
1778757775956 1.5043285238623753e-05 2300
1778757776528 1.4910099889012209e-05 2320
1778757777101 1.4776914539400666e-05 2340
1778757777673 1.4643729189789124e-05 2360
1778757778253 1.4510543840177581e-05 2380
1778757778840 1.4377358490566039e-05 2400
1778757779428 1.4244173140954496e-05 2420
1778757780014 1.4110987791342954e-05 2440
1778757780601 1.397780244173141e-05 2460
1778757781189 1.3844617092119867e-05 2480
1778757781772 1.3711431742508325e-05 2500
1778757785263 1.357824639289678e-05 2520
1778757785851 1.3445061043285238e-05 2540
1778757786438 1.3311875693673695e-05 2560
1778757787028 1.3178690344062153e-05 2580
1778757787615 1.304550499445061e-05 2600
1778757788202 1.2912319644839068e-05 2620
1778757788790 1.2779134295227526e-05 2640
1778757789376 1.2645948945615983e-05 2660
1778757789948 1.251276359600444e-05 2680
1778757790520 1.2379578246392898e-05 2700
1778757791092 1.2246392896781356e-05 2720
1778757791666 1.2113207547169813e-05 2740
1778757795254 1.1980022197558269e-05 2760
1778757795841 1.1846836847946725e-05 2780
1778757796430 1.1713651498335182e-05 2800
1778757797018 1.158046614872364e-05 2820
1778757797606 1.1447280799112097e-05 2840
1778757798189 1.1314095449500555e-05 2860
1778757798775 1.1180910099889012e-05 2880
1778757799363 1.104772475027747e-05 2900
1778757799952 1.0914539400665927e-05 2920
1778757800539 1.0781354051054385e-05 2940
1778757801128 1.0648168701442842e-05 2960
1778757801717 1.05149833518313e-05 2980
1778757802305 1.0381798002219757e-05 3000
1778757805992 1.0248612652608215e-05 3020
1778757806565 1.011542730299667e-05 3040
1778757807128 9.982241953385128e-06 3060
1778757807701 9.855715871254163e-06 3080
1778757808273 9.72253052164262e-06 3100
1778757808846 9.589345172031078e-06 3120
1778757809419 9.456159822419534e-06 3140
1778757809990 9.322974472807992e-06 3160
1778757810562 9.189789123196447e-06 3180
1778757811135 9.056603773584905e-06 3200
1778757811707 8.923418423973362e-06 3220
1778757812282 8.79023307436182e-06 3240
1778757815892 8.657047724750277e-06 3260
1778757816468 8.523862375138735e-06 3280
1778757817043 8.390677025527192e-06 3300
1778757817616 8.25749167591565e-06 3320
1778757818189 8.124306326304107e-06 3340
1778757818763 7.991120976692565e-06 3360
1778757819337 7.857935627081022e-06 3380
1778757819924 7.724750277469478e-06 3400
1778757820513 7.591564927857935e-06 3420
1778757821103 7.458379578246393e-06 3440
1778757821691 7.32519422863485e-06 3460
1778757822280 7.1920088790233074e-06 3480
1778757822869 7.058823529411765e-06 3500
1778757826524 6.9256381798002224e-06 3520
1778757827097 6.79245283018868e-06 3540
1778757827679 6.659267480577137e-06 3560
1778757828262 6.526082130965594e-06 3580
1778757828851 6.392896781354051e-06 3600
1778757829438 6.259711431742508e-06 3620
1778757830027 6.126526082130966e-06 3640
1778757830617 5.993340732519423e-06 3660
1778757831204 5.860155382907881e-06 3680
1778757831776 5.726970033296338e-06 3700
1778757832348 5.593784683684794e-06 3720
1778757832921 5.460599334073252e-06 3740
1778757836554 5.327413984461709e-06 3760
1778757837141 5.194228634850167e-06 3780
1778757837729 5.061043285238624e-06 3800
1778757838317 4.927857935627082e-06 3820
1778757838889 4.794672586015539e-06 3840
1778757839478 4.661487236403996e-06 3860
1778757840065 4.5283018867924524e-06 3880
1778757840652 4.39511653718091e-06 3900
1778757841239 4.2619311875693675e-06 3920
1778757841827 4.128745837957825e-06 3940
1778757842411 3.9955604883462825e-06 3960
1778757842998 3.862375138734739e-06 3980
1778757843588 3.7291897891231966e-06 4000
1778757847253 3.5960044395116537e-06 4020
1778757847841 3.4628190899001112e-06 4040
1778757848428 3.3296337402885683e-06 4060
1778757849016 3.1964483906770254e-06 4080
1778757849606 3.063263041065483e-06 4100
1778757850187 2.9300776914539404e-06 4120
1778757850760 2.796892341842397e-06 4140
1778757851333 2.6637069922308546e-06 4160
1778757851920 2.530521642619312e-06 4180
1778757852513 2.3973362930077696e-06 4200
1778757853101 2.2641509433962262e-06 4220
1778757853693 2.1309655937846837e-06 4240
1778757857353 1.9977802441731412e-06 4260
1778757857944 1.8645948945615983e-06 4280
1778757858531 1.7314095449500556e-06 4300
1778757859118 1.5982241953385127e-06 4320
1778757859700 1.4650388457269702e-06 4340
1778757860272 1.3318534961154273e-06 4360
1778757860844 1.1986681465038848e-06 4380
1778757861416 1.0654827968923419e-06 4400
1778757862002 9.322974472807992e-07 4420
1778757862575 7.991120976692563e-07 4440
1778757863147 6.659267480577136e-07 4460
1778757863731 5.327413984461709e-07 4480
1778757864319 3.9955604883462817e-07 4500
1778757867972 2.6637069922308547e-07 4520
1778757868561 1.3318534961154273e-07 4540
