1779348120193 1.126694679260254 20
1779348126773 2.256920099258423 40
1779348133398 1.6693629026412964 60
1779348140006 1.59299898147583 80
1779348146608 0.7818869948387146 100
1779348153233 1.1364892721176147 120
1779348159820 1.7084898948669434 140
1779348166443 1.0702862739562988 160
1779348173054 1.5925356149673462 180
1779348179604 1.2693605422973633 200
1779348186185 1.6123244762420654 220
1779348192775 1.6060161590576172 240
1779348244129 1.9105284214019775 260
1779348250710 1.4458482265472412 280
1779348257318 1.7271697521209717 300
1779348263902 0.39863139390945435 320
1779348270496 1.026968240737915 340
1779348277061 1.1879632472991943 360
1779348283613 0.9980136752128601 380
1779348290151 1.0506861209869385 400
1779348296711 0.6535326242446899 420
1779348303245 1.0735148191452026 440
1779348309771 0.7106056809425354 460
1779348316326 0.8250232338905334 480
1779348322869 0.8265184760093689 500
1779348373205 0.7148714065551758 520
1779348379753 1.2453926801681519 540
1779348386307 1.1873453855514526 560
1779348392917 1.0056345462799072 580
1779348399496 1.1237831115722656 600
1779348406096 1.16059148311615 620
1779348412727 0.30614376068115234 640
1779348419331 0.4536391794681549 660
1779348425907 0.39180511236190796 680
1779348432492 0.5525699257850647 700
1779348439078 1.132969617843628 720
1779348445644 1.4605101346969604 740
1779348496881 0.8243071436882019 760
1779348503466 0.7194409370422363 780
1779348510033 1.0067259073257446 800
1779348516609 0.8925983309745789 820
1779348523164 1.101343035697937 840
1779348529714 1.0183303356170654 860
1779348536288 0.47256606817245483 880
1779348542834 0.835835874080658 900
1779348549425 0.8432595133781433 920
1779348555970 1.1044033765792847 940
1779348562520 0.701816976070404 960
1779348569062 0.8838046193122864 980
1779348575547 0.8884617686271667 1000
1779348625929 0.8580697178840637 1020
1779348632339 1.158003568649292 1040
1779348638946 0.40920379757881165 1060
1779348645514 1.1421860456466675 1080
1779348652104 0.34517553448677063 1100
1779348658698 0.3783949315547943 1120
1779348665308 0.7994945049285889 1140
1779348671832 0.3476576507091522 1160
1779348678349 0.843437135219574 1180
1779348684915 0.5965328216552734 1200
1779348691521 0.748771607875824 1220
1779348698103 1.061041235923767 1240
1779348749193 0.630669116973877 1260
1779348755789 0.37575170397758484 1280
1779348762385 0.6608123779296875 1300
1779348768938 0.5187773108482361 1320
1779348775544 0.7583062052726746 1340
1779348782122 0.34220030903816223 1360
1779348788681 0.622209906578064 1380
1779348795250 0.32433104515075684 1400
1779348801810 0.6590938568115234 1420
1779348808397 0.5029685497283936 1440
1779348815010 0.26648738980293274 1460
1779348821601 0.26089778542518616 1480
1779348828177 0.6836402416229248 1500
1779348879072 0.8128142952919006 1520
1779348885647 0.869450569152832 1540
1779348892210 0.8249794840812683 1560
1779348898787 0.37535208463668823 1580
1779348905353 0.4011111855506897 1600
1779348911930 0.46172958612442017 1620
1779348918534 0.690251886844635 1640
1779348925155 0.22960157692432404 1660
1779348931775 0.7478049397468567 1680
1779348938348 0.5575361251831055 1700
1779348944969 0.9450963139533997 1720
1779348951546 0.4233720898628235 1740
1779349002488 0.6079151034355164 1760
1779349009017 0.6515302062034607 1780
1779349015425 0.8847415447235107 1800
1779349022018 0.21427886188030243 1820
1779349028629 0.502412736415863 1840
1779349035207 0.3829944133758545 1860
1779349041773 0.4121597707271576 1880
1779349048336 0.43347904086112976 1900
1779349054872 0.6258609294891357 1920
1779349061383 0.7914426922798157 1940
1779349067908 0.7826783657073975 1960
1779349074344 0.5165818929672241 1980
1779349080854 0.6814346313476562 2000
1779349131675 0.9635825753211975 2020
1779349138250 1.2803829908370972 2040
1779349144659 0.5206180810928345 2060
1779349151229 1.0120248794555664 2080
1779349157772 0.7423611879348755 2100
1779349164340 0.34001439809799194 2120
1779349170912 0.5664269328117371 2140
1779349177462 0.2770939767360687 2160
1779349184024 0.3662286102771759 2180
1779349190592 0.4540475606918335 2200
1779349197223 0.45306774973869324 2220
1779349203802 0.2210777848958969 2240
1779349254598 0.4950748383998871 2260
1779349261175 0.2947404980659485 2280
1779349267795 0.3208901286125183 2300
1779349274392 0.23397798836231232 2320
1779349281018 0.5563536286354065 2340
1779349287589 0.9554596543312073 2360
1779349294191 0.6027427315711975 2380
1779349300779 0.7244264483451843 2400
1779349307388 1.0952608585357666 2420
1779349313960 0.5852349400520325 2440
1779349320527 0.31653544306755066 2460
1779349327098 0.448386549949646 2480
1779349333662 0.4601290822029114 2500
1779349384537 0.605523943901062 2520
1779349391096 0.652744710445404 2540
1779349397647 0.6101253032684326 2560
1779349404209 0.6088902950286865 2580
1779349410794 0.4283037483692169 2600
1779349417363 0.9201700687408447 2620
1779349423961 0.3733452558517456 2640
1779349430544 0.7195985317230225 2660
1779349437131 0.49209505319595337 2680
1779349443688 0.19071565568447113 2700
1779349450254 0.323150634765625 2720
1779349456841 1.1880849599838257 2740
1779349507624 0.33721840381622314 2760
1779349514181 0.17446531355381012 2780
1779349520758 0.27908822894096375 2800
1779349527301 0.5975298285484314 2820
1779349533869 0.28779351711273193 2840
1779349540463 0.5921885967254639 2860
1779349547122 0.3447360098361969 2880
1779349553775 0.5533134341239929 2900
1779349560416 0.6061280965805054 2920
1779349567053 0.3794044554233551 2940
1779349573718 0.44940799474716187 2960
1779349580360 1.0828378200531006 2980
1779349586828 0.48808789253234863 3000
1779349636064 0.5146515965461731 3020
1779349642640 0.18520484864711761 3040
1779349649059 0.7457696795463562 3060
1779349655536 0.5378783345222473 3080
1779349661822 0.7154412865638733 3100
1779349668390 0.27121949195861816 3120
1779349674832 0.28096434473991394 3140
1779349681292 0.3680623471736908 3160
1779349687777 0.2974008321762085 3180
1779349694267 0.28748762607574463 3200
1779349700754 0.26566222310066223 3220
1779349707222 0.839500904083252 3240
1779349756156 0.8536553382873535 3260
1779349762634 1.117971658706665 3280
1779349769184 0.30191177129745483 3300
1779349775689 0.9679792523384094 3320
1779349782272 0.38048937916755676 3340
1779349788697 0.22426837682724 3360
1779349795138 0.7871968150138855 3380
1779349801595 0.3404754102230072 3400
1779349808003 0.3087862730026245 3420
1779349814432 0.28718137741088867 3440
1779349820834 1.1698304414749146 3460
1779349827232 0.7693085074424744 3480
1779349833707 0.44131094217300415 3500
1779349882629 0.26175931096076965 3520
1779349889088 0.7813822627067566 3540
1779349895538 0.5930019021034241 3560
1779349901956 0.3811954855918884 3580
1779349908407 0.5596266984939575 3600
1779349915011 0.1873464584350586 3620
1779349921524 0.3803957998752594 3640
1779349927936 0.34758391976356506 3660
1779349934379 1.0356501340866089 3680
1779349940803 0.35110512375831604 3700
1779349947219 1.0712238550186157 3720
1779349953630 0.7699004411697388 3740
1779350003326 0.3992376923561096 3760
1779350009826 0.6298184394836426 3780
1779350016265 0.6696639657020569 3800
1779350022736 0.4822840988636017 3820
1779350029174 0.24693742394447327 3840
1779350035666 0.5144782066345215 3860
1779350042134 0.880312442779541 3880
1779350048561 0.6597233414649963 3900
1779350054971 0.4947948753833771 3920
1779350061385 0.35473665595054626 3940
1779350067791 0.6295157074928284 3960
1779350074201 0.4905461072921753 3980
1779350080613 0.39668771624565125 4000
1779350129428 0.24215127527713776 4020
1779350135828 0.4797702729701996 4040
1779350142269 0.251496285200119 4060
1779350148717 0.8869358897209167 4080
1779350155178 0.4361020028591156 4100
1779350161468 0.38420894742012024 4120
1779350167938 0.40129637718200684 4140
1779350174506 0.7152175307273865 4160
1779350180935 0.6557839512825012 4180
1779350187419 0.268576443195343 4200
1779350193877 0.6027988791465759 4220
1779350200309 0.4555546045303345 4240
1779350249798 0.6610525250434875 4260
1779350256254 0.3913426995277405 4280
1779350262711 0.34718868136405945 4300
1779350269198 0.2701544463634491 4320
1779350275744 1.2415692806243896 4340
1779350282231 0.17110809683799744 4360
1779350288664 0.6508110165596008 4380
1779350295114 0.9780856370925903 4400
1779350301554 0.5627343654632568 4420
1779350307988 0.2783493995666504 4440
1779350314388 1.072273850440979 4460
1779350320788 1.0521273612976074 4480
1779350327190 0.7836058139801025 4500
1779350376030 0.5316290259361267 4520
1779350382435 0.5645872950553894 4540
1779350388870 0.7178448438644409 4560
1779350395295 0.31746187806129456 4580
1779350401718 1.1441099643707275 4600
1779350408139 0.7853549122810364 4620
1779350414536 0.307134211063385 4640
1779350420975 0.25472408533096313 4660
1779350427509 0.2823698818683624 4680
1779350433922 0.38249191641807556 4700
1779350440327 0.5889336466789246 4720
1779350446726 0.5156064033508301 4740
1779350496494 0.645574688911438 4760
1779350503029 0.26200374960899353 4780
1779350509437 0.5619640946388245 4800
1779350515840 0.5897336602210999 4820
1779350522251 0.6028927564620972 4840
1779350528773 0.6369467377662659 4860
1779350535214 0.7085210680961609 4880
1779350541689 0.4561726152896881 4900
1779350548154 0.6001640558242798 4920
1779350554709 0.3640933036804199 4940
1779350561217 0.3885057270526886 4960
1779350567689 0.7357984185218811 4980
1779350574129 0.5148928165435791 5000
1779350623102 0.36354726552963257 5020
1779350629548 0.3784550130367279 5040
1779350635992 0.8545183539390564 5060
1779350642431 0.41768208146095276 5080
1779350648876 1.0662510395050049 5100
1779350655294 0.34235548973083496 5120
