1779348120193 3.8e-05 20
1779348126773 7.800000000000001e-05 40
1779348133398 9.982300884955753e-05 60
1779348140006 9.942969518190758e-05 80
1779348146608 9.903638151425762e-05 100
1779348153233 9.864306784660767e-05 120
1779348159820 9.824975417895772e-05 140
1779348166443 9.785644051130776e-05 160
1779348173054 9.746312684365782e-05 180
1779348179604 9.706981317600787e-05 200
1779348186185 9.667649950835792e-05 220
1779348192775 9.628318584070796e-05 240
1779348244129 9.588987217305802e-05 260
1779348250710 9.549655850540807e-05 280
1779348257318 9.510324483775811e-05 300
1779348263902 9.470993117010817e-05 320
1779348270496 9.431661750245822e-05 340
1779348277061 9.392330383480827e-05 360
1779348283613 9.352999016715831e-05 380
1779348290151 9.313667649950836e-05 400
1779348296711 9.274336283185842e-05 420
1779348303245 9.235004916420847e-05 440
1779348309771 9.195673549655851e-05 460
1779348316326 9.156342182890856e-05 480
1779348322869 9.11701081612586e-05 500
1779348373205 9.077679449360865e-05 520
1779348379753 9.038348082595871e-05 540
1779348386307 8.999016715830876e-05 560
1779348392917 8.95968534906588e-05 580
1779348399496 8.920353982300885e-05 600
1779348406096 8.88102261553589e-05 620
1779348412727 8.841691248770894e-05 640
1779348419331 8.8023598820059e-05 660
1779348425907 8.763028515240905e-05 680
1779348432492 8.72369714847591e-05 700
1779348439078 8.684365781710914e-05 720
1779348445644 8.645034414945919e-05 740
1779348496881 8.605703048180925e-05 760
1779348503466 8.56637168141593e-05 780
1779348510033 8.527040314650934e-05 800
1779348516609 8.48770894788594e-05 820
1779348523164 8.448377581120945e-05 840
1779348529714 8.40904621435595e-05 860
1779348536288 8.369714847590954e-05 880
1779348542834 8.33038348082596e-05 900
1779348549425 8.291052114060965e-05 920
1779348555970 8.25172074729597e-05 940
1779348562520 8.212389380530974e-05 960
1779348569062 8.173058013765979e-05 980
1779348575547 8.133726647000983e-05 1000
1779348625929 8.094395280235989e-05 1020
1779348632339 8.055063913470994e-05 1040
1779348638946 8.015732546705999e-05 1060
1779348645514 7.976401179941003e-05 1080
1779348652104 7.937069813176008e-05 1100
1779348658698 7.897738446411012e-05 1120
1779348665308 7.858407079646018e-05 1140
1779348671832 7.819075712881023e-05 1160
1779348678349 7.779744346116028e-05 1180
1779348684915 7.740412979351032e-05 1200
1779348691521 7.701081612586037e-05 1220
1779348698103 7.661750245821042e-05 1240
1779348749193 7.622418879056048e-05 1260
1779348755789 7.583087512291052e-05 1280
1779348762385 7.543756145526057e-05 1300
1779348768938 7.504424778761062e-05 1320
1779348775544 7.465093411996068e-05 1340
1779348782122 7.425762045231072e-05 1360
1779348788681 7.386430678466078e-05 1380
1779348795250 7.347099311701083e-05 1400
1779348801810 7.307767944936087e-05 1420
1779348808397 7.268436578171092e-05 1440
1779348815010 7.229105211406097e-05 1460
1779348821601 7.189773844641101e-05 1480
1779348828177 7.150442477876107e-05 1500
1779348879072 7.111111111111112e-05 1520
1779348885647 7.071779744346117e-05 1540
1779348892210 7.032448377581121e-05 1560
1779348898787 6.993117010816126e-05 1580
1779348905353 6.95378564405113e-05 1600
1779348911930 6.914454277286137e-05 1620
1779348918534 6.875122910521141e-05 1640
1779348925155 6.835791543756146e-05 1660
1779348931775 6.79646017699115e-05 1680
1779348938348 6.757128810226155e-05 1700
1779348944969 6.71779744346116e-05 1720
1779348951546 6.678466076696166e-05 1740
1779349002488 6.63913470993117e-05 1760
1779349009017 6.599803343166175e-05 1780
1779349015425 6.56047197640118e-05 1800
1779349022018 6.521140609636184e-05 1820
1779349028629 6.48180924287119e-05 1840
1779349035207 6.442477876106195e-05 1860
1779349041773 6.4031465093412e-05 1880
1779349048336 6.363815142576206e-05 1900
1779349054872 6.32448377581121e-05 1920
1779349061383 6.285152409046215e-05 1940
1779349067908 6.24582104228122e-05 1960
1779349074344 6.206489675516225e-05 1980
1779349080854 6.16715830875123e-05 2000
1779349131675 6.127826941986235e-05 2020
1779349138250 6.0884955752212394e-05 2040
1779349144659 6.049164208456244e-05 2060
1779349151229 6.0098328416912487e-05 2080
1779349157772 5.9705014749262546e-05 2100
1779349164340 5.931170108161259e-05 2120
1779349170912 5.891838741396264e-05 2140
1779349177462 5.8525073746312686e-05 2160
1779349184024 5.813176007866273e-05 2180
1779349190592 5.773844641101278e-05 2200
1779349197223 5.734513274336284e-05 2220
1779349203802 5.6951819075712885e-05 2240
1779349254598 5.655850540806293e-05 2260
1779349261175 5.6165191740412984e-05 2280
1779349267795 5.577187807276303e-05 2300
1779349274392 5.537856440511308e-05 2320
1779349281018 5.498525073746314e-05 2340
1779349287589 5.459193706981318e-05 2360
1779349294191 5.419862340216323e-05 2380
1779349300779 5.3805309734513276e-05 2400
1779349307388 5.341199606686332e-05 2420
1779349313960 5.301868239921337e-05 2440
1779349320527 5.262536873156343e-05 2460
1779349327098 5.2232055063913475e-05 2480
1779349333662 5.183874139626352e-05 2500
1779349384537 5.144542772861357e-05 2520
1779349391096 5.105211406096362e-05 2540
1779349397647 5.065880039331367e-05 2560
1779349404209 5.026548672566372e-05 2580
1779349410794 4.987217305801377e-05 2600
1779349417363 4.947885939036382e-05 2620
1779349423961 4.908554572271387e-05 2640
1779349430544 4.869223205506391e-05 2660
1779349437131 4.8298918387413966e-05 2680
1779349443688 4.790560471976401e-05 2700
1779349450254 4.751229105211406e-05 2720
1779349456841 4.711897738446411e-05 2740
1779349507624 4.672566371681416e-05 2760
1779349514181 4.6332350049164205e-05 2780
1779349520758 4.593903638151426e-05 2800
1779349527301 4.554572271386431e-05 2820
1779349533869 4.515240904621436e-05 2840
1779349540463 4.475909537856441e-05 2860
1779349547122 4.436578171091446e-05 2880
1779349553775 4.3972468043264504e-05 2900
1779349560416 4.357915437561456e-05 2920
1779349567053 4.31858407079646e-05 2940
1779349573718 4.279252704031465e-05 2960
1779349580360 4.23992133726647e-05 2980
1779349586828 4.200589970501475e-05 3000
1779349636064 4.1612586037364795e-05 3020
1779349642640 4.121927236971485e-05 3040
1779349649059 4.0825958702064895e-05 3060
1779349655536 4.043264503441495e-05 3080
1779349661822 4.0039331366765e-05 3100
1779349668390 3.964601769911505e-05 3120
1779349674832 3.9252704031465094e-05 3140
1779349681292 3.885939036381515e-05 3160
1779349687777 3.8466076696165194e-05 3180
1779349694267 3.807276302851524e-05 3200
1779349700754 3.767944936086529e-05 3220
1779349707222 3.728613569321534e-05 3240
1779349756156 3.6892822025565386e-05 3260
1779349762634 3.649950835791544e-05 3280
1779349769184 3.6106194690265486e-05 3300
1779349775689 3.571288102261553e-05 3320
1779349782272 3.5319567354965585e-05 3340
1779349788697 3.492625368731564e-05 3360
1779349795138 3.4532940019665685e-05 3380
1779349801595 3.413962635201574e-05 3400
1779349808003 3.3746312684365784e-05 3420
1779349814432 3.335299901671583e-05 3440
1779349820834 3.2959685349065884e-05 3460
1779349827232 3.256637168141593e-05 3480
1779349833707 3.2173058013765977e-05 3500
1779349882629 3.177974434611603e-05 3520
1779349889088 3.1386430678466076e-05 3540
1779349895538 3.099311701081612e-05 3560
1779349901956 3.0599803343166176e-05 3580
1779349908407 3.0206489675516225e-05 3600
1779349915011 2.9813176007866272e-05 3620
1779349921524 2.9419862340216325e-05 3640
1779349927936 2.902654867256637e-05 3660
1779349934379 2.863323500491642e-05 3680
1779349940803 2.8239921337266474e-05 3700
1779349947219 2.784660766961652e-05 3720
1779349953630 2.7453294001966567e-05 3740
1779350003326 2.705998033431662e-05 3760
1779350009826 2.6666666666666667e-05 3780
1779350016265 2.6273352999016716e-05 3800
1779350022736 2.5880039331366766e-05 3820
1779350029174 2.5486725663716816e-05 3840
1779350035666 2.5093411996066862e-05 3860
1779350042134 2.4700098328416912e-05 3880
1779350048561 2.4306784660766962e-05 3900
1779350054971 2.391347099311701e-05 3920
1779350061385 2.352015732546706e-05 3940
1779350067791 2.312684365781711e-05 3960
1779350074201 2.273352999016716e-05 3980
1779350080613 2.2340216322517207e-05 4000
1779350129428 2.1946902654867257e-05 4020
1779350135828 2.1553588987217307e-05 4040
1779350142269 2.1160275319567353e-05 4060
1779350148717 2.0766961651917406e-05 4080
1779350155178 2.0373647984267456e-05 4100
1779350161468 1.9980334316617503e-05 4120
1779350167938 1.9587020648967552e-05 4140
1779350174506 1.9193706981317602e-05 4160
1779350180935 1.880039331366765e-05 4180
1779350187419 1.84070796460177e-05 4200
1779350193877 1.801376597836775e-05 4220
1779350200309 1.7620452310717798e-05 4240
1779350249798 1.7227138643067848e-05 4260
1779350256254 1.6833824975417897e-05 4280
1779350262711 1.6440511307767944e-05 4300
1779350269198 1.6047197640117994e-05 4320
1779350275744 1.5653883972468043e-05 4340
1779350282231 1.5260570304818093e-05 4360
1779350288664 1.4867256637168143e-05 4380
1779350295114 1.4473942969518193e-05 4400
1779350301554 1.4080629301868239e-05 4420
1779350307988 1.3687315634218289e-05 4440
1779350314388 1.329400196656834e-05 4460
1779350320788 1.2900688298918387e-05 4480
1779350327190 1.2507374631268436e-05 4500
1779350376030 1.2114060963618486e-05 4520
1779350382435 1.1720747295968536e-05 4540
1779350388870 1.1327433628318584e-05 4560
1779350395295 1.0934119960668634e-05 4580
1779350401718 1.0540806293018684e-05 4600
1779350408139 1.0147492625368732e-05 4620
1779350414536 9.75417895771878e-06 4640
1779350420975 9.360865290068831e-06 4660
1779350427509 8.96755162241888e-06 4680
1779350433922 8.574237954768927e-06 4700
1779350440327 8.180924287118979e-06 4720
1779350446726 7.787610619469027e-06 4740
1779350496494 7.394296951819076e-06 4760
1779350503029 7.000983284169126e-06 4780
1779350509437 6.607669616519175e-06 4800
1779350515840 6.2143559488692235e-06 4820
1779350522251 5.8210422812192725e-06 4840
1779350528773 5.427728613569321e-06 4860
1779350535214 5.034414945919371e-06 4880
1779350541689 4.64110127826942e-06 4900
1779350548154 4.247787610619469e-06 4920
1779350554709 3.854473942969519e-06 4940
1779350561217 3.4611602753195673e-06 4960
1779350567689 3.0678466076696167e-06 4980
1779350574129 2.6745329400196656e-06 5000
1779350623102 2.281219272369715e-06 5020
1779350629548 1.887905604719764e-06 5040
1779350635992 1.4945919370698132e-06 5060
1779350642431 1.1012782694198624e-06 5080
1779350648876 7.079646017699115e-07 5100
1779350655294 3.146509341199607e-07 5120
