1778852396297 3.8e-05 20
1778852399289 7.800000000000001e-05 40
1778852402268 9.986384266263238e-05 60
1778852405241 9.956127080181544e-05 80
1778852408230 9.925869894099849e-05 100
1778852411204 9.895612708018155e-05 120
1778852414195 9.86535552193646e-05 140
1778852417171 9.835098335854766e-05 160
1778852420142 9.804841149773071e-05 180
1778852423117 9.774583963691377e-05 200
1778852426106 9.744326777609682e-05 220
1778852429097 9.714069591527989e-05 240
1778852444762 9.683812405446295e-05 260
1778852447768 9.653555219364599e-05 280
1778852450774 9.623298033282904e-05 300
1778852453757 9.593040847201211e-05 320
1778852456737 9.562783661119517e-05 340
1778852459718 9.532526475037822e-05 360
1778852462694 9.502269288956128e-05 380
1778852465677 9.472012102874433e-05 400
1778852468666 9.441754916792739e-05 420
1778852471648 9.411497730711044e-05 440
1778852474622 9.38124054462935e-05 460
1778852477611 9.350983358547655e-05 480
1778852480613 9.320726172465961e-05 500
1778852496288 9.290468986384266e-05 520
1778852499287 9.260211800302573e-05 540
1778852502265 9.229954614220879e-05 560
1778852505253 9.199697428139183e-05 580
1778852508243 9.169440242057488e-05 600
1778852511235 9.139183055975795e-05 620
1778852514228 9.108925869894101e-05 640
1778852517234 9.078668683812406e-05 660
1778852520224 9.04841149773071e-05 680
1778852523205 9.018154311649017e-05 700
1778852526203 8.987897125567323e-05 720
1778852529202 8.957639939485628e-05 740
1778852544866 8.927382753403934e-05 760
1778852547847 8.897125567322239e-05 780
1778852550831 8.866868381240545e-05 800
1778852553827 8.83661119515885e-05 820
1778852556826 8.806354009077157e-05 840
1778852559838 8.776096822995463e-05 860
1778852562835 8.745839636913767e-05 880
1778852565823 8.715582450832072e-05 900
1778852568820 8.685325264750379e-05 920
1778852571804 8.655068078668685e-05 940
1778852574785 8.62481089258699e-05 960
1778852577771 8.594553706505294e-05 980
1778852580750 8.564296520423601e-05 1000
1778852596228 8.534039334341907e-05 1020
1778852599223 8.503782148260212e-05 1040
1778852602215 8.473524962178518e-05 1060
1778852605195 8.443267776096823e-05 1080
1778852608181 8.413010590015129e-05 1100
1778852611172 8.382753403933434e-05 1120
1778852614176 8.35249621785174e-05 1140
1778852617166 8.322239031770047e-05 1160
1778852620148 8.291981845688351e-05 1180
1778852623126 8.261724659606656e-05 1200
1778852626101 8.231467473524963e-05 1220
1778852629079 8.201210287443269e-05 1240
1778852644969 8.170953101361574e-05 1260
1778852647951 8.140695915279878e-05 1280
1778852650935 8.110438729198185e-05 1300
1778852653934 8.080181543116491e-05 1320
1778852657050 8.049924357034796e-05 1340
1778852660050 8.019667170953102e-05 1360
1778852663029 7.989409984871407e-05 1380
1778852666029 7.959152798789713e-05 1400
1778852669010 7.928895612708018e-05 1420
1778852671997 7.898638426626324e-05 1440
1778852674991 7.86838124054463e-05 1460
1778852677972 7.838124054462935e-05 1480
1778852680977 7.809379727685325e-05 1500
1778852696481 7.779122541603632e-05 1520
1778852699466 7.748865355521937e-05 1540
1778852702463 7.718608169440243e-05 1560
1778852705454 7.688350983358548e-05 1580
1778852708442 7.658093797276854e-05 1600
1778852711430 7.627836611195159e-05 1620
1778852714420 7.597579425113465e-05 1640
1778852717405 7.56732223903177e-05 1660
1778852720390 7.537065052950077e-05 1680
1778852723396 7.506807866868381e-05 1700
1778852726396 7.476550680786687e-05 1720
1778852729398 7.446293494704992e-05 1740
1778852745076 7.416036308623299e-05 1760
1778852748055 7.385779122541604e-05 1780
1778852751044 7.355521936459909e-05 1800
1778852754030 7.325264750378216e-05 1820
1778852757014 7.295007564296521e-05 1840
1778852760017 7.264750378214827e-05 1860
1778852763006 7.234493192133132e-05 1880
1778852766011 7.204236006051438e-05 1900
1778852768993 7.173978819969743e-05 1920
1778852771977 7.143721633888049e-05 1940
1778852774963 7.113464447806354e-05 1960
1778852777957 7.083207261724661e-05 1980
1778852780947 7.052950075642965e-05 2000
1778852796612 7.02269288956127e-05 2020
1778852799596 6.99394856278366e-05 2040
1778852802586 6.963691376701967e-05 2060
1778852805582 6.933434190620273e-05 2080
1778852808583 6.903177004538578e-05 2100
1778852811564 6.872919818456884e-05 2120
1778852814542 6.84266263237519e-05 2140
1778852817534 6.812405446293495e-05 2160
1778852820524 6.7821482602118e-05 2180
1778852823510 6.751891074130107e-05 2200
1778852826499 6.721633888048411e-05 2220
1778852829493 6.691376701966717e-05 2240
1778852845217 6.661119515885022e-05 2260
1778852848219 6.630862329803329e-05 2280
1778852851210 6.600605143721635e-05 2300
1778852854207 6.570347957639939e-05 2320
1778852857197 6.540090771558244e-05 2340
1778852860202 6.509833585476551e-05 2360
1778852863209 6.479576399394857e-05 2380
1778852866202 6.449319213313162e-05 2400
1778852869205 6.419062027231468e-05 2420
1778852872207 6.388804841149773e-05 2440
1778852875198 6.358547655068079e-05 2460
1778852878195 6.328290468986384e-05 2480
1778852881199 6.298033282904691e-05 2500
1778852897146 6.267776096822995e-05 2520
1778852900135 6.237518910741301e-05 2540
1778852903137 6.207261724659606e-05 2560
1778852906143 6.177004538577913e-05 2580
1778852909147 6.146747352496219e-05 2600
1778852912136 6.116490166414523e-05 2620
1778852915121 6.086232980332829e-05 2640
1778852918129 6.055975794251135e-05 2660
1778852921113 6.025718608169441e-05 2680
1778852924112 5.9954614220877456e-05 2700
1778852927113 5.9652042360060525e-05 2720
1778852930105 5.934947049924357e-05 2740
1778852945473 5.904689863842663e-05 2760
1778852948469 5.8744326777609683e-05 2780
1778852951455 5.8441754916792745e-05 2800
1778852954436 5.81391830559758e-05 2820
1778852957419 5.783661119515885e-05 2840
1778852960403 5.7534039334341904e-05 2860
1778852963403 5.7231467473524966e-05 2880
1778852966396 5.692889561270802e-05 2900
1778852969395 5.6626323751891076e-05 2920
1778852972397 5.632375189107413e-05 2940
1778852975404 5.602118003025719e-05 2960
1778852978413 5.571860816944025e-05 2980
1778852981423 5.5416036308623296e-05 3000
1778852997062 5.5113464447806365e-05 3020
1778853000058 5.481089258698941e-05 3040
1778853003055 5.450832072617247e-05 3060
1778853006065 5.420574886535552e-05 3080
1778853009064 5.3903177004538585e-05 3100
1778853012054 5.360060514372164e-05 3120
1778853015053 5.329803328290469e-05 3140
1778853018044 5.2995461422087744e-05 3160
1778853021034 5.2692889561270805e-05 3180
1778853024018 5.239031770045386e-05 3200
1778853027008 5.2087745839636916e-05 3220
1778853030004 5.178517397881997e-05 3240
1778853045654 5.148260211800303e-05 3260
1778853048648 5.118003025718609e-05 3280
1778853051649 5.0877458396369136e-05 3300
1778853054633 5.057488653555219e-05 3320
1778853057610 5.027231467473525e-05 3340
1778853060605 4.996974281391831e-05 3360
1778853063600 4.966717095310136e-05 3380
1778853066591 4.936459909228442e-05 3400
1778853069581 4.906202723146748e-05 3420
1778853072578 4.875945537065053e-05 3440
1778853075555 4.845688350983359e-05 3460
1778853078541 4.8154311649016645e-05 3480
1778853081545 4.78517397881997e-05 3500
1778853097205 4.7549167927382755e-05 3520
1778853100186 4.724659606656581e-05 3540
1778853103168 4.6944024205748865e-05 3560
1778853106163 4.664145234493193e-05 3580
1778853109152 4.6338880484114976e-05 3600
1778853112138 4.603630862329804e-05 3620
1778853115147 4.573373676248109e-05 3640
1778853118130 4.543116490166415e-05 3660
1778853121110 4.51285930408472e-05 3680
1778853124094 4.482602118003026e-05 3700
1778853127096 4.452344931921332e-05 3720
1778853130093 4.422087745839637e-05 3740
1778853145740 4.391830559757943e-05 3760
1778853148724 4.3615733736762485e-05 3780
1778853151725 4.331316187594554e-05 3800
1778853154713 4.3010590015128595e-05 3820
1778853157691 4.270801815431165e-05 3840
1778853160691 4.2405446293494705e-05 3860
1778853163694 4.210287443267776e-05 3880
1778853166687 4.1800302571860815e-05 3900
1778853169675 4.149773071104388e-05 3920
1778853172675 4.1195158850226926e-05 3940
1778853175664 4.089258698940999e-05 3960
1778853178654 4.059001512859304e-05 3980
1778853181625 4.02874432677761e-05 4000
1778853197290 3.998487140695916e-05 4020
1778853200285 3.968229954614221e-05 4040
1778853203288 3.937972768532527e-05 4060
1778853206292 3.9077155824508325e-05 4080
1778853209285 3.878971255673223e-05 4100
1778853212288 3.848714069591528e-05 4120
1778853215287 3.818456883509834e-05 4140
1778853218283 3.788199697428139e-05 4160
1778853221278 3.757942511346445e-05 4180
1778853224268 3.7276853252647506e-05 4200
1778853227260 3.697428139183056e-05 4220
1778853230244 3.6671709531013616e-05 4240
1778853245986 3.636913767019667e-05 4260
1778853248979 3.606656580937973e-05 4280
1778853251994 3.576399394856279e-05 4300
1778853254983 3.546142208774584e-05 4320
1778853257970 3.51588502269289e-05 4340
1778853260970 3.485627836611195e-05 4360
1778853263962 3.455370650529501e-05 4380
1778853266949 3.425113464447807e-05 4400
1778853269941 3.394856278366112e-05 4420
1778853272921 3.364599092284418e-05 4440
1778853275895 3.334341906202723e-05 4460
1778853278882 3.304084720121029e-05 4480
1778853281864 3.275340393343419e-05 4500
1778853297575 3.245083207261725e-05 4520
1778853300569 3.21482602118003e-05 4540
1778853303554 3.184568835098336e-05 4560
1778853306543 3.1543116490166416e-05 4580
1778853309522 3.124054462934947e-05 4600
1778853312515 3.0937972768532533e-05 4620
1778853315517 3.063540090771558e-05 4640
1778853318507 3.0332829046898644e-05 4660
1778853321508 3.0030257186081695e-05 4680
1778853324506 2.9727685325264754e-05 4700
1778853327503 2.9425113464447805e-05 4720
1778853330500 2.9122541603630864e-05 4740
1778853346149 2.881996974281392e-05 4760
1778853349132 2.8517397881996977e-05 4780
1778853352115 2.821482602118003e-05 4800
1778853355115 2.7912254160363088e-05 4820
1778853358113 2.7609682299546143e-05 4840
1778853361104 2.73071104387292e-05 4860
1778853364098 2.7004538577912253e-05 4880
1778853367095 2.670196671709531e-05 4900
1778853370102 2.639939485627837e-05 4920
1778853373106 2.609682299546142e-05 4940
1778853376088 2.579425113464448e-05 4960
1778853379086 2.5491679273827535e-05 4980
1778853382069 2.5189107413010593e-05 5000
1778853397705 2.4886535552193645e-05 5020
1778853400700 2.45839636913767e-05 5040
1778853403683 2.4281391830559762e-05 5060
1778853406681 2.3978819969742817e-05 5080
1778853409657 2.3676248108925872e-05 5100
1778853412640 2.3373676248108927e-05 5120
1778853415631 2.3071104387291982e-05 5140
1778853418635 2.276853252647504e-05 5160
1778853421624 2.2465960665658096e-05 5180
1778853424613 2.216338880484115e-05 5200
1778853427615 2.1860816944024206e-05 5220
1778853430602 2.155824508320726e-05 5240
1778853446337 2.125567322239032e-05 5260
1778853449326 2.0953101361573375e-05 5280
1778853452307 2.065052950075643e-05 5300
1778853455290 2.0347957639939485e-05 5320
1778853458276 2.004538577912254e-05 5340
1778853461281 1.97428139183056e-05 5360
1778853464286 1.9440242057488657e-05 5380
1778853467279 1.9137670196671712e-05 5400
1778853470262 1.8835098335854767e-05 5420
1778853473246 1.8532526475037822e-05 5440
1778853476232 1.8229954614220877e-05 5460
1778853479211 1.7927382753403936e-05 5480
1778853482213 1.762481089258699e-05 5500
1778853497845 1.7322239031770046e-05 5520
1778853500830 1.70196671709531e-05 5540
1778853503832 1.6717095310136156e-05 5560
1778853506818 1.6414523449319214e-05 5580
1778853509800 1.611195158850227e-05 5600
1778853512792 1.5809379727685325e-05 5620
1778853515778 1.550680786686838e-05 5640
1778853518779 1.5204236006051437e-05 5660
1778853521767 1.4901664145234495e-05 5680
1778853524756 1.4599092284417552e-05 5700
1778853527761 1.4296520423600607e-05 5720
1778853530743 1.3993948562783662e-05 5740
1778853546384 1.3691376701966719e-05 5760
1778853549371 1.3388804841149774e-05 5780
1778853552366 1.308623298033283e-05 5800
1778853555364 1.2783661119515886e-05 5820
1778853558354 1.248108925869894e-05 5840
1778853561338 1.2178517397881997e-05 5860
1778853564321 1.1875945537065053e-05 5880
1778853567318 1.157337367624811e-05 5900
1778853570300 1.1270801815431166e-05 5920
1778853573310 1.0968229954614221e-05 5940
1778853576295 1.0665658093797278e-05 5960
1778853579276 1.0363086232980333e-05 5980
1778853582259 1.006051437216339e-05 6000
1778853597913 9.757942511346445e-06 6020
1778853600911 9.4553706505295e-06 6040
1778853603910 9.152798789712558e-06 6060
1778853606889 8.850226928895614e-06 6080
1778853609881 8.547655068078669e-06 6100
1778853612875 8.245083207261725e-06 6120
1778853615872 7.94251134644478e-06 6140
1778853618859 7.639939485627837e-06 6160
1778853621847 7.337367624810892e-06 6180
1778853624828 7.034795763993948e-06 6200
1778853627812 6.732223903177005e-06 6220
1778853630798 6.429652042360061e-06 6240
1778853646457 6.127080181543117e-06 6260
1778853649442 5.824508320726173e-06 6280
1778853652436 5.521936459909229e-06 6300
1778853655429 5.219364599092285e-06 6320
1778853658422 4.9167927382753406e-06 6340
1778853661412 4.6142208774583965e-06 6360
1778853664415 4.311649016641452e-06 6380
1778853667408 4.009077155824509e-06 6400
1778853670387 3.7065052950075647e-06 6420
1778853673364 3.40393343419062e-06 6440
1778853676356 3.1013615733736765e-06 6460
1778853679358 2.7987897125567325e-06 6480
1778853682341 2.4962178517397884e-06 6500
1778853697992 2.1936459909228443e-06 6520
1778853700989 1.8910741301059002e-06 6540
1778853703986 1.5885022692889562e-06 6560
1778853706975 1.2859304084720123e-06 6580
1778853709976 9.833585476550682e-07 6600
1778853712986 6.807866868381241e-07 6620
1778853716003 3.7821482602118004e-07 6640
1778853718967 7.5642965204236e-08 6660
