1778905384236 2.776513671875 20
1778905392638 2.7767303466796873 40
1778905401040 2.7737548828125 60
1778905409451 2.7723846435546875 80
1778905417864 2.7701568603515625 100
1778905426279 2.7693511962890627 120
1778905434695 2.7660980224609375 140
1778905443110 2.765771484375 160
1778905451524 2.7622344970703123 180
1778905459937 2.761944580078125 200
1778905468352 2.7588836669921877 220
1778905476768 2.755133056640625 240
1778905523798 2.7539764404296876 260
1778905532211 2.7555206298828123 280
1778905540620 2.751068115234375 300
1778905549027 2.7459869384765625 320
1778905557436 2.7502838134765626 340
1778905565844 2.7533203125 360
1778905574252 2.7468902587890627 380
1778905582660 2.7426544189453126 400
1778905591069 2.741790771484375 420
1778905599480 2.737353515625 440
1778905607888 2.7338836669921873 460
1778905616298 2.739447021484375 480
1778905624707 2.7370697021484376 500
1778905671516 2.7404144287109373 520
1778905679927 2.7351593017578124 540
1778905688334 2.7315185546875 560
1778905696742 2.7268951416015623 580
1778905705149 2.73494873046875 600
1778905713556 2.7288482666015623 620
1778905721962 2.7292999267578124 640
1778905730370 2.7171051025390627 660
1778905738778 2.7258331298828127 680
1778905747185 2.72657470703125 700
1778905755460 2.6897043228149413 720
1778905763868 2.718731689453125 740
1778905810953 2.71148681640625 760
1778905819358 2.7201385498046875 780
1778905827760 2.715966796875 800
1778905836161 2.7212921142578126 820
1778905844563 2.6901580810546877 840
1778905852963 2.7171234130859374 860
1778905861366 2.7178802490234375 880
1778905869767 2.7124114990234376 900
1778905878169 2.7009613037109377 920
1778905886571 2.699021911621094 940
1778905894973 2.7209442138671873 960
1778905903374 2.7023651123046877 980
1778905911776 2.7192047119140623 1000
1778905958819 2.6968948364257814 1020
1778905967225 2.705291748046875 1040
1778905975627 2.687760925292969 1060
1778905984030 2.696064758300781 1080
1778905992433 2.6991897583007813 1100
1778906000845 2.7164398193359376 1120
1778906009258 2.716563415527344 1140
1778906017673 2.69805908203125 1160
1778906026087 2.6926803588867188 1180
1778906034500 2.7133636474609375 1200
1778906042913 2.704270935058594 1220
1778906051327 2.707086181640625 1240
1778906098365 2.689251708984375 1260
1778906106769 2.699725341796875 1280
1778906115170 2.68963623046875 1300
1778906123572 2.6877655029296874 1320
1778906131974 2.687635803222656 1340
1778906140375 2.714654541015625 1360
1778906148777 2.6892105102539063 1380
1778906157188 2.692095947265625 1400
1778906165601 2.6778839111328123 1420
1778906173882 2.66555118560791 1440
1778906182296 2.67598876953125 1460
1778906190709 2.6749801635742188 1480
1778906199123 2.675286865234375 1500
1778906246152 2.684326171875 1520
1778906254556 2.683795166015625 1540
1778906262961 2.6861312866210936 1560
1778906271367 2.6992584228515626 1580
1778906279774 2.6914031982421873 1600
1778906288188 2.664692687988281 1620
1778906296601 2.686669921875 1640
1778906305015 2.663189697265625 1660
1778906313429 2.690771484375 1680
1778906321842 2.680226135253906 1700
1778906330255 2.6671768188476563 1720
1778906338669 2.6658050537109377 1740
1778906385964 2.678729248046875 1760
1778906394374 2.652392578125 1780
1778906402780 2.6732711791992188 1800
1778906411187 2.6760879516601563 1820
1778906419593 2.6659942626953126 1840
1778906428001 2.683857727050781 1860
1778906436408 2.66534423828125 1880
1778906444815 2.6688995361328125 1900
1778906453223 2.7130386352539064 1920
1778906461631 2.681024169921875 1940
1778906470043 2.695332336425781 1960
1778906478463 2.662054443359375 1980
1778906486884 2.676385498046875 2000
1778906533936 2.667897033691406 2020
1778906542349 2.664739990234375 2040
1778906550758 2.67799072265625 2060
1778906559164 2.6460281372070313 2080
1778906567572 2.686590576171875 2100
1778906575979 2.6694625854492187 2120
1778906584254 2.6307794570922853 2140
1778906592662 2.6618637084960937 2160
1778906601069 2.68017578125 2180
1778906609477 2.6452285766601564 2200
1778906617885 2.6849029541015623 2220
1778906626292 2.6582046508789063 2240
1778906673341 2.6714569091796876 2260
1778906681746 2.6753692626953125 2280
1778906690147 2.6664108276367187 2300
1778906698548 2.6827133178710936 2320
1778906706949 2.6783935546875 2340
1778906715351 2.6673858642578123 2360
1778906723753 2.669158935546875 2380
1778906732156 2.6603515625 2400
1778906740559 2.661851501464844 2420
1778906748961 2.663279724121094 2440
1778906757364 2.648046875 2460
1778906765767 2.682269287109375 2480
1778906774169 2.6390838623046875 2500
1778906821178 2.6475296020507812 2520
1778906829583 2.6594482421875 2540
1778906837984 2.657281494140625 2560
1778906846386 2.6746734619140624 2580
1778906854788 2.635304260253906 2600
1778906863189 2.6559188842773436 2620
1778906871590 2.6744613647460938 2640
1778906879992 2.647479248046875 2660
1778906888394 2.6455413818359377 2680
1778906896797 2.6493209838867187 2700
1778906905199 2.6607315063476564 2720
1778906913600 2.6469650268554688 2740
1778906960381 2.6690322875976564 2760
1778906968790 2.646678161621094 2780
1778906977195 2.655680847167969 2800
1778906985601 2.6571746826171876 2820
1778906994006 2.639971923828125 2840
1778907002280 2.6115901947021483 2860
1778907010685 2.6625732421875 2880
1778907019091 2.6836181640625 2900
1778907027496 2.663214111328125 2920
1778907035902 2.6525344848632812 2940
1778907044308 2.6437332153320314 2960
1778907052714 2.6190170288085937 2980
1778907061120 2.6381179809570314 3000
1778907108156 2.6366561889648437 3020
1778907116559 2.610968017578125 3040
1778907124960 2.6642486572265627 3060
1778907133362 2.660169982910156 3080
1778907141764 2.67103271484375 3100
1778907150165 2.6532913208007813 3120
1778907158569 2.641221618652344 3140
1778907166970 2.6734085083007812 3160
1778907175372 2.6633087158203126 3180
1778907183775 2.636735534667969 3200
1778907192177 2.6667495727539063 3220
1778907200579 2.6731292724609377 3240
1778907247823 2.651591491699219 3260
1778907256230 2.6405075073242186 3280
1778907264632 2.6360107421875 3300
1778907273033 2.664076232910156 3320
1778907281435 2.6562744140625 3340
1778907289845 2.670794677734375 3360
1778907298258 2.6611557006835938 3380
1778907306672 2.6461105346679688 3400
1778907315085 2.6219451904296873 3420
1778907323498 2.6600082397460936 3440
1778907331912 2.6776275634765625 3460
1778907340325 2.641401672363281 3480
1778907348739 2.622850036621094 3500
1778907395790 2.6789901733398436 3520
1778907404195 2.6585723876953127 3540
1778907412598 2.6341232299804687 3560
