1778713633661 1.0551211833953857 20
1778713634877 1.4795353412628174 40
1778713636097 2.4810702800750732 60
1778713637311 2.589341402053833 80
1778713638538 2.8654398918151855 100
1778713639765 1.920910358428955 120
1778713640985 2.4664058685302734 140
1778713642199 2.6333601474761963 160
1778713643413 2.208380699157715 180
1778713644625 2.5446698665618896 200
1778713645837 2.309736490249634 220
1778713647050 3.781282424926758 240
1778713656106 2.004176378250122 260
1778713657326 3.0755534172058105 280
1778713658541 1.992762804031372 300
1778713659757 3.4826011657714844 320
1778713660975 2.1701762676239014 340
1778713662195 3.1245927810668945 360
1778713663408 2.9615747928619385 380
1778713664625 2.9744226932525635 400
1778713665839 2.229513168334961 420
1778713667055 2.806325674057007 440
1778713668270 5.030135154724121 460
1778713669485 2.5161352157592773 480
1778713670704 2.664275884628296 500
1778713679746 2.7134971618652344 520
1778713680959 2.70295786857605 540
1778713682171 2.691084861755371 560
1778713683385 2.5579590797424316 580
1778713684600 2.852275848388672 600
1778713685814 2.650174379348755 620
1778713687029 3.590724229812622 640
1778713688244 3.911630153656006 660
1778713689458 4.362286567687988 680
1778713690671 3.3457846641540527 700
1778713691867 3.4412293434143066 720
1778713693085 2.0763561725616455 740
1778713702155 3.7262399196624756 760
1778713703372 2.5355637073516846 780
1778713704587 3.156881809234619 800
1778713705804 4.701743125915527 820
1778713707024 4.535628318786621 840
1778713708242 4.716311931610107 860
1778713709463 3.463336706161499 880
1778713710682 2.977134943008423 900
1778713711900 5.8092732429504395 920
1778713713117 4.244336128234863 940
1778713714336 5.410301208496094 960
1778713715563 6.299107074737549 980
1778713716782 4.187711238861084 1000
1778713725846 4.127760410308838 1020
1778713727067 9.016942024230957 1040
1778713728296 4.633074760437012 1060
1778713729527 3.7818543910980225 1080
1778713730757 4.467348098754883 1100
1778713731983 5.665451526641846 1120
1778713733212 3.310166835784912 1140
1778713734442 4.580288410186768 1160
1778713735660 6.2665696144104 1180
1778713736873 8.728041648864746 1200
1778713738092 11.228745460510254 1220
1778713739308 5.962954044342041 1240
1778713748204 3.188518524169922 1260
1778713749420 7.779143333435059 1280
1778713750637 3.24314284324646 1300
1778713751854 3.53145694732666 1320
1778713753072 4.302130699157715 1340
1778713754287 6.997255802154541 1360
1778713755505 4.254391670227051 1380
1778713756725 4.493435859680176 1400
1778713757952 9.11611270904541 1420
1778713759170 3.596606731414795 1440
1778713760390 3.175781488418579 1460
1778713761608 9.667646408081055 1480
1778713762828 5.757435321807861 1500
1778713771891 3.2535345554351807 1520
1778713773107 6.747567653656006 1540
1778713774326 6.839050769805908 1560
1778713775588 8.283232688903809 1580
1778713776795 6.533308982849121 1600
1778713778069 6.756185531616211 1620
1778713779297 6.375258445739746 1640
1778713780526 5.280029773712158 1660
1778713781754 6.107941150665283 1680
1778713782981 7.567643165588379 1700
1778713784202 3.737462043762207 1720
1778713785431 6.3523054122924805 1740
1778713794449 9.886959075927734 1760
1778713795665 9.30483341217041 1780
1778713796885 11.165781021118164 1800
1778713798100 8.755417823791504 1820
1778713799325 6.247436046600342 1840
1778713800552 6.649244785308838 1860
1778713801780 7.273013591766357 1880
1778713803000 8.42615795135498 1900
1778713804217 10.148548126220703 1920
1778713805434 8.066524505615234 1940
1778713806650 7.1457085609436035 1960
1778713807866 7.153858661651611 1980
1778713809084 3.006974458694458 2000
1778713818303 6.99617862701416 2020
1778713819519 8.115275382995605 2040
1778713820735 9.878950119018555 2060
1778713821950 4.17454719543457 2080
1778713823164 5.482451438903809 2100
1778713824378 6.778197288513184 2120
1778713825587 4.528273582458496 2140
1778713826803 6.23635196685791 2160
1778713828017 3.7867374420166016 2180
1778713829234 5.030609607696533 2200
1778713830451 6.868871688842773 2220
1778713831671 14.256876945495605 2240
1778713840518 4.755456924438477 2260
1778713841736 6.1057257652282715 2280
1778713842952 11.42595100402832 2300
1778713844169 14.043431282043457 2320
1778713845385 6.438726902008057 2340
1778713846603 3.6913411617279053 2360
1778713847819 8.031250953674316 2380
1778713849035 9.542861938476562 2400
1778713850251 9.585894584655762 2420
1778713851470 9.654263496398926 2440
1778713852684 7.526125907897949 2460
1778713853899 13.705270767211914 2480
1778713855113 12.224376678466797 2500
1778713864121 10.704320907592773 2520
1778713865339 8.6595458984375 2540
1778713866556 12.881653785705566 2560
1778713867773 11.980057716369629 2580
1778713868990 16.173131942749023 2600
1778713870209 8.0547513961792 2620
1778713871425 6.747251033782959 2640
1778713872641 8.235400199890137 2660
1778713873862 7.035159587860107 2680
1778713875079 10.268052101135254 2700
1778713876307 13.136844635009766 2720
1778713877525 6.6096415519714355 2740
1778713886591 6.785577297210693 2760
1778713887812 7.064150810241699 2780
1778713889034 14.908023834228516 2800
1778713890249 5.936802864074707 2820
1778713891474 9.27791690826416 2840
1778713892688 4.368124008178711 2860
1778713893917 10.260992050170898 2880
1778713895135 6.090106964111328 2900
1778713896362 6.396514892578125 2920
1778713897589 11.228996276855469 2940
1778713898809 6.294780254364014 2960
1778713900032 15.135777473449707 2980
1778713901259 14.598811149597168 3000
1778713910269 18.36972999572754 3020
1778713911485 20.18030548095703 3040
1778713912705 11.674854278564453 3060
1778713913912 7.029752254486084 3080
1778713915129 12.484039306640625 3100
1778713916344 4.921313762664795 3120
1778713917560 10.29991340637207 3140
1778713918774 16.301334381103516 3160
1778713919991 4.707085132598877 3180
1778713921218 5.781318187713623 3200
1778713922448 11.444971084594727 3220
1778713923674 9.064838409423828 3240
1778713932716 5.730593204498291 3260
1778713933946 11.766107559204102 3280
1778713935172 14.832169532775879 3300
1778713936401 4.679819583892822 3320
1778713937623 6.574473857879639 3340
1778713938845 4.410497665405273 3360
1778713940071 9.773239135742188 3380
1778713941296 1.717486023902893 3400
1778713942521 10.354695320129395 3420
1778713943741 3.724830150604248 3440
1778713944959 10.650934219360352 3460
1778713946178 8.270511627197266 3480
1778713947399 17.86701011657715 3500
1778713956436 15.899954795837402 3520
1778713957655 15.528732299804688 3540
1778713958919 7.726652145385742 3560
