1778713633661 0.6925 20
1778713634877 0.6634 40
1778713636097 0.6018 60
1778713637311 0.6273 80
1778713638538 0.6483 100
1778713639765 0.6336 120
1778713640985 0.6409 140
1778713642199 0.5986 160
1778713643413 0.6066 180
1778713644625 0.6304 200
1778713645837 0.6118 220
1778713647050 0.5491 240
1778713656106 0.6002 260
1778713657326 0.6022 280
1778713658541 0.5726 300
1778713659757 0.5794 320
1778713660975 0.5992 340
1778713662195 0.6052 360
1778713663408 0.5977 380
1778713664625 0.5839 400
1778713665839 0.5927 420
1778713667055 0.5475 440
1778713668270 0.5542 460
1778713669485 0.5837 480
1778713670704 0.5755 500
1778713679746 0.5374 520
1778713680959 0.5692 540
1778713682171 0.5546 560
1778713683385 0.5496 580
1778713684600 0.5444 600
1778713685814 0.57 620
1778713687029 0.5581 640
1778713688244 0.5619 660
1778713689458 0.5404 680
1778713690671 0.5562 700
1778713691867 0.5916 720
1778713693085 0.5269 740
1778713702155 0.484 760
1778713703372 0.503 780
1778713704587 0.5143 800
1778713705804 0.4827 820
1778713707024 0.5206 840
1778713708242 0.5196 860
1778713709463 0.4791 880
1778713710682 0.483 900
1778713711900 0.528 920
1778713713117 0.491 940
1778713714336 0.5147 960
1778713715563 0.4659 980
1778713716782 0.5027 1000
1778713725846 0.5018 1020
1778713727067 0.4621 1040
1778713728296 0.4719 1060
1778713729527 0.4859 1080
1778713730757 0.5017 1100
1778713731983 0.517 1120
1778713733212 0.4716 1140
1778713734442 0.5077 1160
1778713735660 0.4838 1180
1778713736873 0.503 1200
1778713738092 0.4581 1220
1778713739308 0.4867 1240
1778713748204 0.4961 1260
1778713749420 0.4955 1280
1778713750637 0.5432 1300
1778713751854 0.49 1320
1778713753072 0.481 1340
1778713754287 0.4864 1360
1778713755505 0.521 1380
1778713756725 0.5025 1400
1778713757952 0.4763 1420
1778713759170 0.4395 1440
1778713760390 0.3728 1460
1778713761608 0.4111 1480
1778713762828 0.3718 1500
1778713771891 0.4208 1520
1778713773107 0.3901 1540
1778713774326 0.3703 1560
1778713775588 0.4055 1580
1778713776795 0.403 1600
1778713778069 0.3449 1620
1778713779297 0.4244 1640
1778713780526 0.386 1660
1778713781754 0.4045 1680
1778713782981 0.3713 1700
1778713784202 0.3653 1720
1778713785431 0.3808 1740
1778713794449 0.4075 1760
1778713795665 0.3501 1780
1778713796885 0.361 1800
1778713798100 0.3696 1820
1778713799325 0.353 1840
1778713800552 0.4038 1860
1778713801780 0.3534 1880
1778713803000 0.3542 1900
1778713804217 0.4002 1920
1778713805434 0.3701 1940
1778713806650 0.3805 1960
1778713807866 0.395 1980
1778713809084 0.3884 2000
1778713818303 0.4172 2020
1778713819519 0.3823 2040
1778713820735 0.3933 2060
1778713821950 0.3516 2080
1778713823164 0.4114 2100
1778713824378 0.4137 2120
1778713825587 0.3539 2140
1778713826803 0.2793 2160
1778713828017 0.2719 2180
1778713829234 0.2534 2200
1778713830451 0.2786 2220
1778713831671 0.2806 2240
1778713840518 0.2478 2260
1778713841736 0.2598 2280
1778713842952 0.2692 2300
1778713844169 0.2659 2320
1778713845385 0.2797 2340
1778713846603 0.2523 2360
1778713847819 0.2921 2380
1778713849035 0.2499 2400
1778713850251 0.2804 2420
1778713851470 0.2597 2440
1778713852684 0.231 2460
1778713853899 0.2911 2480
1778713855113 0.2305 2500
1778713864121 0.2655 2520
1778713865339 0.2791 2540
1778713866556 0.2196 2560
1778713867773 0.2665 2580
1778713868990 0.2418 2600
1778713870209 0.238 2620
1778713871425 0.2825 2640
1778713872641 0.2751 2660
1778713873862 0.223 2680
1778713875079 0.2624 2700
1778713876307 0.2852 2720
1778713877525 0.2463 2740
1778713886591 0.2511 2760
1778713887812 0.2693 2780
1778713889034 0.2322 2800
1778713890249 0.218 2820
1778713891474 0.23 2840
1778713892688 0.2149 2860
1778713893917 0.1802 2880
1778713895135 0.1968 2900
1778713896362 0.1984 2920
1778713897589 0.1756 2940
1778713898809 0.2002 2960
1778713900032 0.1571 2980
1778713901259 0.1973 3000
1778713910269 0.1579 3020
1778713911485 0.2244 3040
1778713912705 0.177 3060
1778713913912 0.1814 3080
1778713915129 0.1671 3100
1778713916344 0.1606 3120
1778713917560 0.1729 3140
1778713918774 0.1695 3160
1778713919991 0.1476 3180
1778713921218 0.1402 3200
1778713922448 0.1621 3220
1778713923674 0.1659 3240
1778713932716 0.1743 3260
1778713933946 0.1924 3280
1778713935172 0.1458 3300
1778713936401 0.1697 3320
1778713937623 0.1511 3340
1778713938845 0.1652 3360
1778713940071 0.1492 3380
1778713941296 0.1596 3400
1778713942521 0.1787 3420
1778713943741 0.1245 3440
1778713944959 0.1547 3460
1778713946178 0.1723 3480
1778713947399 0.1893 3500
1778713956436 0.1934 3520
1778713957655 0.1692 3540
1778713958919 0.1527 3560
