1777652498102 1.4151220321655273 20
1777652501081 2.7306666374206543 40
1777652504035 0.9334545731544495 60
1777652506982 0.9159194827079773 80
1777652509914 1.0982288122177124 100
1777652512835 0.9070923924446106 120
1777652515760 1.0756795406341553 140
1777652518671 1.3582611083984375 160
1777652521596 1.451628565788269 180
1777652524511 2.3705787658691406 200
1777652527425 1.2494699954986572 220
1777652530346 1.4181759357452393 240
1777652541893 1.7920410633087158 260
1777652544813 2.0538620948791504 280
1777652547734 2.4325978755950928 300
1777652550649 2.202343702316284 320
1777652553567 1.6478286981582642 340
1777652556482 1.0042750835418701 360
1777652559400 1.9534791707992554 380
1777652562319 2.1887145042419434 400
1777652565248 1.537024736404419 420
1777652568180 1.7350075244903564 440
1777652571107 0.9842350482940674 460
1777652574032 2.0438039302825928 480
1777652576963 1.2765971422195435 500
1777652588541 1.8799470663070679 520
1777652591469 1.5165961980819702 540
1777652594396 2.1632721424102783 560
1777652597319 1.2779955863952637 580
1777652600243 3.362504243850708 600
1777652603173 1.3225146532058716 620
1777652606098 2.355924129486084 640
1777652609022 1.405077576637268 660
1777652611956 1.8263849020004272 680
1777652614880 2.3040590286254883 700
1777652617807 1.160640001296997 720
1777652620738 1.2397005558013916 740
1777652632318 1.2326875925064087 760
1777652635244 1.1994298696517944 780
1777652638175 2.174691915512085 800
1777652641104 1.862376093864441 820
1777652644028 2.400881767272949 840
1777652646959 2.4622628688812256 860
1777652649890 1.4874869585037231 880
1777652652827 1.371652603149414 900
1777652655756 1.2802623510360718 920
1777652658681 1.9336426258087158 940
1777652661610 4.146206855773926 960
1777652664539 1.7074193954467773 980
1777652667461 1.332577109336853 1000
1777652679056 1.131062626838684 1020
1777652681987 5.395692348480225 1040
1777652684910 1.9038130044937134 1060
1777652687835 1.332542896270752 1080
1777652690778 2.4609086513519287 1100
1777652693703 1.6190580129623413 1120
1777652696629 1.8003273010253906 1140
1777652699572 1.1161320209503174 1160
1777652702496 2.6125376224517822 1180
1777652705425 1.134521484375 1200
1777652708359 1.4742300510406494 1220
1777652711281 1.371948480606079 1240
1777652722868 2.8195667266845703 1260
1777652725799 1.3119717836380005 1280
1777652728724 1.3706234693527222 1300
1777652731654 3.2192466259002686 1320
1777652734585 1.6474915742874146 1340
1777652737516 3.627336263656616 1360
1777652740448 1.1291688680648804 1380
1777652743377 2.061392068862915 1400
1777652746303 1.459652066230774 1420
1777652749232 3.9174487590789795 1440
1777652752160 3.3147177696228027 1460
1777652755085 3.446382761001587 1480
1777652758023 1.5501656532287598 1500
1777652769619 1.4496840238571167 1520
1777652772550 2.6545143127441406 1540
1777652775481 4.6306281089782715 1560
1777652778414 1.257053256034851 1580
1777652781349 2.5794613361358643 1600
1777652784279 1.7457122802734375 1620
1777652787214 2.506284713745117 1640
1777652790141 2.562453508377075 1660
1777652793073 1.7292238473892212 1680
1777652796002 1.0746887922286987 1700
1777652798927 2.1524996757507324 1720
1777652801856 2.5542750358581543 1740
1777652813454 1.6564854383468628 1760
1777652816394 2.277566909790039 1780
1777652819176 1.5087929964065552 1800
1777652821959 3.1002566814422607 1820
1777652824742 2.7809460163116455 1840
1777652827529 1.9830303192138672 1860
1777652830311 3.338629961013794 1880
1777652833096 1.9372576475143433 1900
1777652835880 3.7418041229248047 1920
1777652838666 1.5396353006362915 1940
1777652841451 2.0684680938720703 1960
1777652844235 2.442561626434326 1980
1777652847020 1.5536820888519287 2000
1777652858271 1.2771986722946167 2020
1777652861052 3.219536066055298 2040
1777652863837 2.2765095233917236 2060
1777652866623 2.1800572872161865 2080
1777652869410 1.6188220977783203 2100
1777652872196 2.05029559135437 2120
1777652874980 1.7141879796981812 2140
1777652877764 2.1014790534973145 2160
1777652880549 1.6511231660842896 2180
1777652883333 2.039097785949707 2200
1777652886117 1.2135738134384155 2220
1777652888904 2.0372612476348877 2240
1777652899928 1.8978544473648071 2260
1777652902709 1.9049463272094727 2280
1777652905491 1.3554317951202393 2300
1777652908274 5.876341342926025 2320
1777652911056 1.7259783744812012 2340
1777652913842 1.7840296030044556 2360
1777652916625 1.2292455434799194 2380
1777652919411 3.205801486968994 2400
1777652922195 2.6456942558288574 2420
1777652924979 3.834266185760498 2440
1777652927768 2.413379669189453 2460
1777652930555 2.6023366451263428 2480
1777652933338 3.4001834392547607 2500
1777652944394 2.0694713592529297 2520
1777652947178 1.9318968057632446 2540
1777652949961 3.1858232021331787 2560
1777652952744 3.340118408203125 2580
1777652955531 2.325047016143799 2600
1777652958317 1.8338496685028076 2620
1777652961100 2.5207982063293457 2640
1777652963885 2.2656924724578857 2660
1777652966659 2.8419201374053955 2680
1777652969442 1.741267442703247 2700
1777652972226 4.2405524253845215 2720
1777652975010 1.7398003339767456 2740
1777652986026 7.139959812164307 2760
1777652988805 4.405416488647461 2780
1777652991589 3.017267942428589 2800
1777652994371 2.590113639831543 2820
1777652997151 1.8433066606521606 2840
1777652999933 1.7427438497543335 2860
1777653002715 3.451240301132202 2880
1777653005495 2.5389750003814697 2900
1777653008278 1.757826805114746 2920
1777653011058 2.3298380374908447 2940
1777653013838 2.8112781047821045 2960
1777653016621 2.4738874435424805 2980
1777653019402 2.3010151386260986 3000
1777653030427 2.3805456161499023 3020
1777653033206 2.15441632270813 3040
1777653035989 2.861191749572754 3060
1777653038771 1.5875385999679565 3080
1777653041555 3.3346736431121826 3100
1777653044336 1.5298161506652832 3120
1777653047122 2.856898546218872 3140
1777653049902 2.636251926422119 3160
1777653052682 2.156395673751831 3180
1777653055465 3.790867567062378 3200
1777653058249 2.920867681503296 3220
1777653061032 3.3431525230407715 3240
1777653072058 1.9899985790252686 3260
1777653074838 2.6141185760498047 3280
1777653077623 3.2156765460968018 3300
1777653080408 2.9447286128997803 3320
1777653083370 2.718162775039673 3340
1777653086153 2.8935821056365967 3360
1777653088939 1.9858840703964233 3380
1777653091721 2.9549295902252197 3400
1777653094508 2.8242979049682617 3420
1777653097291 3.1685168743133545 3440
1777653100076 3.9717698097229004 3460
1777653102856 1.557115077972412 3480
1777653105638 1.8970261812210083 3500
1777653116666 2.54838228225708 3520
1777653119453 2.6868245601654053 3540
1777653122239 4.482462406158447 3560
1777653125019 2.1961121559143066 3580
1777653127799 2.9330227375030518 3600
1777653130587 2.506277322769165 3620
1777653133367 3.5937085151672363 3640
1777653136150 2.1062510013580322 3660
1777653138934 2.3326895236968994 3680
1777653141718 6.412591934204102 3700
1777653144500 1.9026904106140137 3720
1777653147281 2.2400407791137695 3740
1777653158318 1.909943699836731 3760
1777653161100 3.895418882369995 3780
1777653163883 2.727025270462036 3800
1777653166668 4.194968223571777 3820
1777653169454 4.146221160888672 3840
1777653172239 3.716219425201416 3860
1777653175022 2.0671417713165283 3880
1777653177802 1.7702219486236572 3900
1777653180586 2.617029905319214 3920
1777653183370 2.1459479331970215 3940
1777653186152 5.826170921325684 3960
1777653188930 2.7146565914154053 3980
1777653191706 3.551248073577881 4000
1777653202733 2.8184902667999268 4020
1777653205516 3.7949979305267334 4040
1777653208298 2.958576202392578 4060
1777653211078 2.3574881553649902 4080
1777653213862 1.5420145988464355 4100
1777653216645 3.146637439727783 4120
1777653219427 2.379995584487915 4140
1777653222207 3.5967886447906494 4160
1777653224992 1.8263897895812988 4180
1777653227777 3.724832057952881 4200
1777653230558 2.663120746612549 4220
1777653233340 1.5319111347198486 4240
1777653244376 3.0700902938842773 4260
1777653247159 2.5405662059783936 4280
1777653249940 2.8577568531036377 4300
1777653252720 2.9799654483795166 4320
1777653255500 2.433302164077759 4340
1777653258284 2.5918126106262207 4360
1777653261066 3.1362810134887695 4380
1777653263850 1.3941407203674316 4400
1777653266635 2.38696551322937 4420
1777653269416 3.1353769302368164 4440
1777653272199 4.330689907073975 4460
1777653274983 2.2918648719787598 4480
1777653277765 3.110067367553711 4500
1777653288779 2.471118211746216 4520
1777653291562 5.266327381134033 4540
1777653294342 3.297854423522949 4560
1777653297124 1.616790533065796 4580
1777653299907 4.250087261199951 4600
1777653302693 2.5089974403381348 4620
1777653305477 3.0116374492645264 4640
1777653308256 3.9212355613708496 4660
1777653311041 2.2880687713623047 4680
1777653313821 3.325018882751465 4700
1777653316601 4.130410194396973 4720
1777653319382 3.4147372245788574 4740
1777653330415 3.6341090202331543 4760
1777653333199 3.01301646232605 4780
1777653335977 4.625332355499268 4800
1777653338758 2.980893850326538 4820
1777653341537 7.313387870788574 4840
1777653344319 1.6751521825790405 4860
1777653347101 4.0466156005859375 4880
1777653349883 3.894993305206299 4900
1777653352667 7.3914995193481445 4920
1777653355449 2.1891584396362305 4940
1777653358231 3.2323362827301025 4960
1777653361013 3.526890277862549 4980
1777653363792 7.063811779022217 5000
1777653374815 1.7064152956008911 5020
1777653377595 2.599578619003296 5040
1777653380374 3.939758062362671 5060
1777653383156 5.2936248779296875 5080
1777653385936 2.6575658321380615 5100
1777653388723 2.518839120864868 5120
1777653391507 3.1059467792510986 5140
1777653394288 2.2668416500091553 5160
1777653397068 2.3966100215911865 5180
1777653399848 2.735682487487793 5200
1777653402628 3.293323040008545 5220
1777653405411 1.0661168098449707 5240
1777653416466 2.3266940116882324 5260
1777653419248 3.3445746898651123 5280
1777653422033 2.0410237312316895 5300
1777653424816 3.985487461090088 5320
