1777652498102 1.1400000000000001e-05 20
1777652501081 2.3400000000000003e-05 40
1777652504035 2.9948844259189087e-05 60
1777652506982 2.9835164835164837e-05 80
1777652509914 2.9721485411140586e-05 100
1777652512835 2.9607805987116332e-05 120
1777652515760 2.949412656309208e-05 140
1777652518671 2.938044713906783e-05 160
1777652521596 2.926676771504358e-05 180
1777652524511 2.9153088291019325e-05 200
1777652527425 2.9039408866995075e-05 220
1777652530346 2.892572944297082e-05 240
1777652541893 2.8812050018946573e-05 260
1777652544813 2.869837059492232e-05 280
1777652547734 2.858469117089807e-05 300
1777652550649 2.8471011746873818e-05 320
1777652553567 2.8357332322849564e-05 340
1777652556482 2.8243652898825313e-05 360
1777652559400 2.8129973474801062e-05 380
1777652562319 2.801629405077681e-05 400
1777652565248 2.7902614626752557e-05 420
1777652568180 2.7788935202728306e-05 440
1777652571107 2.7675255778704052e-05 460
1777652574032 2.7561576354679805e-05 480
1777652576963 2.7447896930655554e-05 500
1777652588541 2.73342175066313e-05 520
1777652591469 2.722053808260705e-05 540
1777652594396 2.7106858658582795e-05 560
1777652597319 2.6993179234558548e-05 580
1777652600243 2.6879499810534294e-05 600
1777652603173 2.6765820386510043e-05 620
1777652606098 2.665214096248579e-05 640
1777652609022 2.6538461538461538e-05 660
1777652611956 2.6424782114437287e-05 680
1777652614880 2.6311102690413037e-05 700
1777652617807 2.6197423266388786e-05 720
1777652620738 2.6083743842364532e-05 740
1777652632318 2.597006441834028e-05 760
1777652635244 2.5856384994316027e-05 780
1777652638175 2.574270557029178e-05 800
1777652641104 2.5629026146267526e-05 820
1777652644028 2.5515346722243275e-05 840
1777652646959 2.540166729821902e-05 860
1777652649890 2.528798787419477e-05 880
1777652652827 2.5174308450170523e-05 900
1777652655756 2.506062902614627e-05 920
1777652658681 2.4946949602122018e-05 940
1777652661610 2.4833270178097764e-05 960
1777652664539 2.4719590754073513e-05 980
1777652667461 2.4605911330049262e-05 1000
1777652679056 2.449223190602501e-05 1020
1777652681987 2.4378552482000757e-05 1040
1777652684910 2.4264873057976507e-05 1060
1777652687835 2.4151193633952256e-05 1080
1777652690778 2.4037514209928e-05 1100
1777652693703 2.3923834785903754e-05 1120
1777652696629 2.38101553618795e-05 1140
1777652699572 2.369647593785525e-05 1160
1777652702496 2.3582796513830995e-05 1180
1777652705425 2.3469117089806745e-05 1200
1777652708359 2.3355437665782494e-05 1220
1777652711281 2.3241758241758243e-05 1240
1777652722868 2.3128078817733992e-05 1260
1777652725799 2.3014399393709738e-05 1280
1777652728724 2.2900719969685488e-05 1300
1777652731654 2.2787040545661237e-05 1320
1777652734585 2.2673361121636986e-05 1340
1777652737516 2.2559681697612732e-05 1360
1777652740448 2.244600227358848e-05 1380
1777652743377 2.2332322849564227e-05 1400
1777652746303 2.2218643425539976e-05 1420
1777652749232 2.2104964001515726e-05 1440
1777652752160 2.1991284577491475e-05 1460
1777652755085 2.1877605153467224e-05 1480
1777652758023 2.176392572944297e-05 1500
1777652769619 2.165024630541872e-05 1520
1777652772550 2.153656688139447e-05 1540
1777652775481 2.1422887457370218e-05 1560
1777652778414 2.1309208033345964e-05 1580
1777652781349 2.1195528609321713e-05 1600
1777652784279 2.108184918529746e-05 1620
1777652787214 2.096816976127321e-05 1640
1777652790141 2.085449033724896e-05 1660
1777652793073 2.0740810913224707e-05 1680
1777652796002 2.0627131489200456e-05 1700
1777652798927 2.0513452065176202e-05 1720
1777652801856 2.0399772641151954e-05 1740
1777652813454 2.02860932171277e-05 1760
1777652816394 2.017241379310345e-05 1780
1777652819176 2.0058734369079195e-05 1800
1777652821959 1.9945054945054945e-05 1820
1777652824742 1.9831375521030694e-05 1840
1777652827529 1.9717696097006443e-05 1860
1777652830311 1.9604016672982192e-05 1880
1777652833096 1.949033724895794e-05 1900
1777652835880 1.9376657824933688e-05 1920
1777652838666 1.9262978400909433e-05 1940
1777652841451 1.9149298976885186e-05 1960
1777652844235 1.9035619552860932e-05 1980
1777652847020 1.892194012883668e-05 2000
1777652858271 1.880826070481243e-05 2020
1777652861052 1.8694581280788176e-05 2040
1777652863837 1.858090185676393e-05 2060
1777652866623 1.8467222432739675e-05 2080
1777652869410 1.8353543008715424e-05 2100
1777652872196 1.823986358469117e-05 2120
1777652874980 1.812618416066692e-05 2140
1777652877764 1.8012504736642665e-05 2160
1777652880549 1.7898825312618418e-05 2180
1777652883333 1.7785145888594164e-05 2200
1777652886117 1.7671466464569913e-05 2220
1777652888904 1.7557787040545662e-05 2240
1777652899928 1.7444107616521408e-05 2260
1777652902709 1.733042819249716e-05 2280
1777652905491 1.7216748768472907e-05 2300
1777652908274 1.7103069344448656e-05 2320
1777652911056 1.6989389920424402e-05 2340
1777652913842 1.687571049640015e-05 2360
1777652916625 1.67620310723759e-05 2380
1777652919411 1.664835164835165e-05 2400
1777652922195 1.65346722243274e-05 2420
1777652924979 1.6420992800303145e-05 2440
1777652927768 1.6307313376278894e-05 2460
1777652930555 1.6193633952254643e-05 2480
1777652933338 1.6079954528230393e-05 2500
1777652944394 1.596627510420614e-05 2520
1777652947178 1.5852595680181888e-05 2540
1777652949961 1.5738916256157634e-05 2560
1777652952744 1.5625236832133383e-05 2580
1777652955531 1.5511557408109135e-05 2600
1777652958317 1.539787798408488e-05 2620
1777652961100 1.528419856006063e-05 2640
1777652963885 1.5170519136036376e-05 2660
1777652966659 1.5056839712012124e-05 2680
1777652969442 1.4943160287987875e-05 2700
1777652972226 1.4829480863963624e-05 2720
1777652975010 1.4715801439939372e-05 2740
1777652986026 1.460212201591512e-05 2760
1777652988805 1.4488442591890869e-05 2780
1777652991589 1.4374763167866616e-05 2800
1777652994371 1.4261083743842364e-05 2820
1777652997151 1.4147404319818113e-05 2840
1777652999933 1.403372489579386e-05 2860
1777653002715 1.392004547176961e-05 2880
1777653005495 1.380636604774536e-05 2900
1777653008278 1.3692686623721107e-05 2920
1777653011058 1.3579007199696856e-05 2940
1777653013838 1.3465327775672604e-05 2960
1777653016621 1.3351648351648351e-05 2980
1777653019402 1.32379689276241e-05 3000
1777653030427 1.3124289503599848e-05 3020
1777653033206 1.3010610079575597e-05 3040
1777653035989 1.2896930655551345e-05 3060
1777653038771 1.2783251231527094e-05 3080
1777653041555 1.2669571807502843e-05 3100
1777653044336 1.2555892383478591e-05 3120
1777653047122 1.244221295945434e-05 3140
1777653049902 1.2328533535430088e-05 3160
1777653052682 1.2214854111405835e-05 3180
1777653055465 1.2101174687381585e-05 3200
1777653058249 1.1987495263357332e-05 3220
1777653061032 1.187381583933308e-05 3240
1777653072058 1.1760136415308829e-05 3260
1777653074838 1.1646456991284578e-05 3280
1777653077623 1.1532777567260328e-05 3300
1777653080408 1.1419098143236075e-05 3320
1777653083370 1.1305418719211823e-05 3340
1777653086153 1.1191739295187572e-05 3360
1777653088939 1.107805987116332e-05 3380
1777653091721 1.0964380447139067e-05 3400
1777653094508 1.0850701023114816e-05 3420
1777653097291 1.0737021599090564e-05 3440
1777653100076 1.0623342175066315e-05 3460
1777653102856 1.0509662751042062e-05 3480
1777653105638 1.039598332701781e-05 3500
1777653116666 1.028230390299356e-05 3520
1777653119453 1.0168624478969307e-05 3540
1777653122239 1.0054945054945054e-05 3560
1777653125019 9.941265630920804e-06 3580
1777653127799 9.827586206896551e-06 3600
1777653130587 9.7139067828723e-06 3620
1777653133367 9.600227358848048e-06 3640
1777653136150 9.486547934823797e-06 3660
1777653138934 9.372868510799547e-06 3680
1777653141718 9.259189086775294e-06 3700
1777653144500 9.145509662751042e-06 3720
1777653147281 9.031830238726791e-06 3740
1777653158318 8.918150814702539e-06 3760
1777653161100 8.804471390678288e-06 3780
1777653163883 8.690791966654035e-06 3800
1777653166668 8.577112542629783e-06 3820
1777653169454 8.463433118605532e-06 3840
1777653172239 8.349753694581281e-06 3860
1777653175022 8.23607427055703e-06 3880
1777653177802 8.122394846532778e-06 3900
1777653180586 8.008715422508526e-06 3920
1777653183370 7.895035998484275e-06 3940
1777653186152 7.781356574460023e-06 3960
1777653188930 7.66767715043577e-06 3980
1777653191706 7.55399772641152e-06 4000
1777653202733 7.440318302387268e-06 4020
1777653205516 7.326638878363016e-06 4040
1777653208298 7.212959454338765e-06 4060
1777653211078 7.104964001515726e-06 4080
1777653213862 6.991284577491474e-06 4100
1777653216645 6.877605153467222e-06 4120
1777653219427 6.763925729442971e-06 4140
1777653222207 6.65024630541872e-06 4160
1777653224992 6.536566881394468e-06 4180
1777653227777 6.422887457370216e-06 4200
1777653230558 6.309208033345964e-06 4220
1777653233340 6.195528609321713e-06 4240
1777653244376 6.081849185297462e-06 4260
1777653247159 5.968169761273209e-06 4280
1777653249940 5.854490337248958e-06 4300
1777653252720 5.740810913224706e-06 4320
1777653255500 5.6271314892004555e-06 4340
1777653258284 5.513452065176203e-06 4360
1777653261066 5.3997726411519515e-06 4380
1777653263850 5.2860932171277e-06 4400
1777653266635 5.172413793103449e-06 4420
1777653269416 5.058734369079197e-06 4440
1777653272199 4.945054945054945e-06 4460
1777653274983 4.8313755210306936e-06 4480
1777653277765 4.717696097006442e-06 4500
1777653288779 4.60401667298219e-06 4520
1777653291562 4.490337248957939e-06 4540
1777653294342 4.376657824933687e-06 4560
1777653297124 4.262978400909436e-06 4580
1777653299907 4.149298976885183e-06 4600
1777653302693 4.0356195528609325e-06 4620
1777653305477 3.921940128836681e-06 4640
1777653308256 3.8082607048124293e-06 4660
1777653311041 3.6945812807881773e-06 4680
1777653313821 3.5809018567639257e-06 4700
1777653316601 3.467222432739674e-06 4720
1777653319382 3.3535430087154226e-06 4740
1777653330415 3.239863584691171e-06 4760
1777653333199 3.1261841606669194e-06 4780
1777653335977 3.012504736642668e-06 4800
1777653338758 2.898825312618416e-06 4820
1777653341537 2.7851458885941646e-06 4840
1777653344319 2.6714664645699126e-06 4860
1777653347101 2.5577870405456615e-06 4880
1777653349883 2.4441076165214095e-06 4900
1777653352667 2.330428192497158e-06 4920
1777653355449 2.2167487684729067e-06 4940
1777653358231 2.1030693444486547e-06 4960
1777653361013 1.9893899204244036e-06 4980
1777653363792 1.8757104964001516e-06 5000
1777653374815 1.7620310723759e-06 5020
1777653377595 1.6483516483516484e-06 5040
1777653380374 1.5346722243273968e-06 5060
1777653383156 1.4209928003031452e-06 5080
1777653385936 1.3073133762788934e-06 5100
1777653388723 1.1936339522546418e-06 5120
1777653391507 1.0799545282303903e-06 5140
1777653394288 9.662751042061387e-07 5160
1777653397068 8.525956801818871e-07 5180
1777653399848 7.389162561576355e-07 5200
1777653402628 6.252368321333839e-07 5220
1777653405411 5.115574081091322e-07 5240
1777653416466 3.9787798408488065e-07 5260
1777653419248 2.8419856006062906e-07 5280
1777653422033 1.7051913603637743e-07 5300
1777653424816 5.683971201212581e-08 5320
