1778902996600 3.8e-05 20
1778903003396 7.800000000000001e-05 40
1778903010045 9.78048780487805e-05 60
1778903016846 9.292682926829269e-05 80
1778903023496 8.804878048780489e-05 100
1778903030304 8.317073170731707e-05 120
1778903036963 7.829268292682928e-05 140
1778903043771 7.341463414634146e-05 160
1778903050579 6.853658536585367e-05 180
1778903057239 6.365853658536585e-05 200
1778903064046 5.878048780487805e-05 220
1778903070706 5.390243902439025e-05 240
1778903081033 4.902439024390244e-05 260
1778903087691 4.414634146341464e-05 280
1778903094494 3.9268292682926835e-05 300
1778903101297 3.4390243902439025e-05 320
1778903107952 2.951219512195122e-05 340
1778903114756 2.4634146341463414e-05 360
1778903121410 1.975609756097561e-05 380
1778903128212 1.4878048780487805e-05 400
1778903134867 1e-05 420
1778903141671 5.121951219512195e-06 440
1778903148324 2.439024390243903e-07 460
