1777555448058 0.6966 20
1777555484072 0.692 40
1777555520590 0.6837 60
1777555557066 0.6717 80
1777555594062 0.675 100
1777555630793 0.6809 120
1777555667804 0.6605 140
1777555704956 0.678 160
1777555742159 0.6684 180
1777555779342 0.6803 200
1777555816769 0.6721 220
1777555853947 0.6779 240
1777555914394 0.6799 260
1777555951632 0.676 280
1777555987600 0.6596 300
1777556024767 0.6589 320
1777556062192 0.6638 340
1777556099602 0.6547 360
1777556136631 0.6454 380
1777556173918 0.658 400
1777556211156 0.6498 420
1777556248450 0.6597 440
1777556285727 0.6771 460
1777556322785 0.6427 480
1777556359995 0.6469 500
1777556420397 0.6597 520
1777556457471 0.674 540
1777556494839 0.6691 560
1777556531167 0.6234 580
1777556568303 0.6235 600
1777556605554 0.6335 620
1777556643065 0.5719 640
1777556680387 0.6194 660
1777556717884 0.6023 680
1777556755245 0.6128 700
1777556792697 0.5678 720
1777556830048 0.6002 740
1777556891392 0.5873 760
1777556928734 0.6064 780
1777556965952 0.5658 800
1777557003202 0.5926 820
1777557040608 0.5601 840
1777557076561 0.4801 860
1777557113685 0.4942 880
1777557150962 0.4865 900
1777557188252 0.4994 920
1777557225516 0.5054 940
1777557262572 0.4677 960
1777557300012 0.5033 980
1777557337320 0.4866 1000
1777557398257 0.4745 1020
1777557435789 0.4682 1040
1777557473144 0.4911 1060
1777557510622 0.4611 1080
1777557548086 0.4504 1100
1777557585341 0.5142 1120
1777557621231 0.4141 1140
1777557658596 0.389 1160
1777557695930 0.3819 1180
1777557732879 0.391 1200
1777557770162 0.4052 1220
1777557807588 0.3646 1240
1777557868415 0.3587 1260
1777557905651 0.3943 1280
1777557942983 0.367 1300
1777557980179 0.403 1320
1777558017343 0.3677 1340
1777558054488 0.348 1360
1777558091916 0.3501 1380
1777558129078 0.3135 1400
1777558164963 0.2927 1420
1777558202397 0.2793 1440
1777558239828 0.2297 1460
1777558277255 0.2683 1480
1777558314321 0.3017 1500
1777558375070 0.2539 1520
1777558412316 0.2709 1540
1777558449625 0.2737 1560
1777558486776 0.2605 1580
1777558523833 0.3139 1600
1777558561093 0.3202 1620
1777558598192 0.2712 1640
1777558635427 0.257 1660
1777558672445 0.259 1680
1777558708283 0.2368 1700
1777558745522 0.209 1720
1777558782570 0.1733 1740
1777558843706 0.1815 1760
1777558880960 0.219 1780
1777558918102 0.2013 1800
1777558955264 0.1908 1820
1777558992312 0.1907 1840
1777559029421 0.2027 1860
1777559066427 0.1753 1880
1777559103511 0.1592 1900
1777559140680 0.2103 1920
1777559177997 0.184 1940
1777559215184 0.1329 1960
1777559251058 0.1734 1980
1777559288260 0.1601 2000
1777559349243 0.1216 2020
1777559386415 0.1198 2040
1777559423579 0.1359 2060
1777559460607 0.1284 2080
1777559497515 0.1581 2100
1777559534457 0.0915 2120
1777559571362 0.1237 2140
1777559608512 0.1287 2160
1777559645513 0.1283 2180
1777559682851 0.1139 2200
1777559720054 0.1139 2220
1777559757077 0.1402 2240
1777559816376 0.1163 2260
1777559853408 0.1062 2280
1777559890315 0.0858 2300
1777559927394 0.0897 2320
1777559964722 0.0702 2340
1777560001835 0.1148 2360
1777560039079 0.0996 2380
1777560076259 0.0907 2400
1777560113073 0.0704 2420
1777560150042 0.0776 2440
1777560186581 0.0823 2460
1777560223623 0.1001 2480
1777560260803 0.071 2500
1777560321328 0.1064 2520
1777560356941 0.0945 2540
1777560394003 0.0393 2560
1777560430810 0.048 2580
1777560467882 0.0537 2600
1777560504635 0.0772 2620
1777560541758 0.0478 2640
1777560578669 0.0437 2660
1777560615904 0.0815 2680
1777560652891 0.0647 2700
1777560690009 0.0633 2720
1777560727189 0.0798 2740
1777560787313 0.0505 2760
1777560824448 0.0803 2780
1777560861749 0.0718 2800
1777560897244 0.0897 2820
