1778710295779 1.7955306768417358 20
1778710297856 1.3865621089935303 40
1778710299938 1.2530876398086548 60
1778710302022 1.11224365234375 80
1778710304103 1.044784665107727 100
1778710306182 1.3120840787887573 120
1778710308263 1.3494198322296143 140
1778710310349 1.0767405033111572 160
1778710312435 2.272953748703003 180
1778710314520 1.1817246675491333 200
1778710316605 1.309708833694458 220
1778710318690 1.885510802268982 240
1778710326584 1.166554570198059 260
1778710328675 1.4206645488739014 280
1778710330766 1.1662728786468506 300
1778710332854 1.1765819787979126 320
1778710334944 1.6221938133239746 340
1778710337031 3.339111328125 360
1778710339126 3.2838590145111084 380
1778710341216 1.4615005254745483 400
1778710343310 2.322103261947632 420
1778710345406 3.2907907962799072 440
1778710347497 1.6598458290100098 460
1778710349590 2.1191749572753906 480
1778710351687 2.305459499359131 500
1778710359506 2.745272636413574 520
1778710361600 2.16127872467041 540
1778710363693 2.488884449005127 560
1778710365784 2.0283448696136475 580
1778710367879 1.6098051071166992 600
1778710369968 1.893768072128296 620
1778710372060 3.815338611602783 640
1778710374152 6.300119400024414 660
1778710376239 1.8247008323669434 680
1778710378333 2.3342978954315186 700
1778710380428 3.0116069316864014 720
1778710382518 2.0367612838745117 740
1778710390342 2.4718966484069824 760
1778710392433 1.2311335802078247 780
1778710394524 3.084724187850952 800
1778710396616 2.681666851043701 820
1778710398706 2.2735886573791504 840
1778710400795 2.6631553173065186 860
1778710402877 5.151838302612305 880
1778710404961 0.8409702181816101 900
1778710407055 3.0325927734375 920
1778710409151 5.306671142578125 940
1778710411249 3.496445655822754 960
1778710413343 2.336423635482788 980
1778710415437 2.547712802886963 1000
1778710423277 2.086172342300415 1020
1778710425340 2.3404276371002197 1040
1778710427433 1.930004596710205 1060
1778710429519 1.9051764011383057 1080
1778710431610 1.2396420240402222 1100
1778710433702 3.4576237201690674 1120
1778710435798 2.216233015060425 1140
1778710437888 2.9050588607788086 1160
1778710439981 0.6626537442207336 1180
1778710442076 1.691430687904358 1200
1778710444170 2.8378398418426514 1220
1778710446262 2.3619911670684814 1240
1778710454096 2.1203367710113525 1260
1778710456193 3.1919608116149902 1280
1778710458292 2.1164896488189697 1300
1778710460388 2.235020160675049 1320
1778710462481 2.3332178592681885 1340
1778710464582 2.1052236557006836 1360
1778710466684 2.8258864879608154 1380
1778710468785 3.732344388961792 1400
1778710470882 1.5528416633605957 1420
1778710472985 3.4138708114624023 1440
1778710475084 4.2709479331970215 1460
1778710477189 3.0509610176086426 1480
1778710479288 2.8538665771484375 1500
1778710487106 3.3922500610351562 1520
1778710489195 2.8529045581817627 1540
1778710491278 3.3998982906341553 1560
1778710493371 1.8132938146591187 1580
1778710495458 2.5024900436401367 1600
1778710497544 3.0443787574768066 1620
1778710499635 2.246478319168091 1640
1778710501725 2.20878267288208 1660
1778710503928 3.2931559085845947 1680
1778710506039 3.5304598808288574 1700
1778710508130 2.290208578109741 1720
1778710510223 2.654442310333252 1740
1778710518082 2.6925156116485596 1760
1778710520178 0.8892953395843506 1780
1778710522273 1.008711814880371 1800
1778710524370 3.0343334674835205 1820
1778710526465 2.5367932319641113 1840
1778710528556 3.9696202278137207 1860
1778710530653 3.9763681888580322 1880
1778710532747 1.7053775787353516 1900
1778710534839 4.387444496154785 1920
1778710536931 1.6367747783660889 1940
1778710539030 4.226987838745117 1960
1778710541124 2.167741060256958 1980
1778710543218 5.434389591217041 2000
1778710551062 2.773873805999756 2020
1778710553155 2.841815233230591 2040
1778710555217 3.972892999649048 2060
1778710557314 1.8894150257110596 2080
1778710559419 0.8230390548706055 2100
1778710561519 2.232107639312744 2120
1778710563617 2.776188850402832 2140
1778710565714 2.6616432666778564 2160
1778710567804 3.138136863708496 2180
1778710569904 3.3169710636138916 2200
1778710572002 3.4600672721862793 2220
1778710574103 0.6512171030044556 2240
1778710581976 1.700406789779663 2260
1778710584079 4.840667724609375 2280
1778710586188 2.0909390449523926 2300
1778710588295 0.5412660837173462 2320
1778710590396 5.792363166809082 2340
1778710592499 1.0184556245803833 2360
1778710594605 3.9892826080322266 2380
1778710596708 1.4079372882843018 2400
1778710598796 4.002615928649902 2420
1778710600900 5.817939281463623 2440
1778710603009 2.3549411296844482 2460
1778710605108 2.1383938789367676 2480
1778710607206 3.3152897357940674 2500
1778710615063 0.7701101303100586 2520
1778710617163 2.284458875656128 2540
1778710619262 2.6002843379974365 2560
1778710621363 2.439697027206421 2580
1778710623455 3.827711820602417 2600
1778710625549 3.3923208713531494 2620
1778710627646 4.631875514984131 2640
1778710629733 3.3105952739715576 2660
1778710631823 2.1003739833831787 2680
1778710633922 2.020681381225586 2700
1778710636031 3.324256658554077 2720
1778710638127 4.2050089836120605 2740
1778710646033 0.9625360369682312 2760
1778710648129 4.038722515106201 2780
1778710650227 1.0582081079483032 2800
1778710652321 5.698897361755371 2820
1778710654424 3.2848758697509766 2840
1778710656533 0.6965930461883545 2860
1778710658639 2.3092219829559326 2880
1778710660743 1.7904247045516968 2900
1778710662845 2.008744239807129 2920
1778710664948 1.4438177347183228 2940
1778710667051 3.244070291519165 2960
1778710669152 2.143310546875 2980
1778710671261 3.653672933578491 3000
1778710679103 2.5642759799957275 3020
1778710681197 1.8273301124572754 3040
1778710683292 3.3445937633514404 3060
1778710685450 2.5678930282592773 3080
1778710687619 5.400093078613281 3100
1778710689712 1.323737382888794 3120
1778710691808 1.8879889249801636 3140
1778710693903 1.413916826248169 3160
1778710696003 0.6942061185836792 3180
1778710698104 0.8015925288200378 3200
1778710700207 0.4976499676704407 3220
1778710702307 7.421934127807617 3240
1778710710141 3.9388856887817383 3260
1778710712246 1.6553313732147217 3280
1778710714346 3.5926995277404785 3300
1778710716443 2.821645975112915 3320
1778710718541 1.2882055044174194 3340
1778710720932 6.898664474487305 3360
1778710723032 4.8610334396362305 3380
1778710725141 4.817936897277832 3400
1778710727246 3.8157753944396973 3420
1778710729348 3.419416904449463 3440
1778710731453 4.206664562225342 3460
1778710733560 2.9174015522003174 3480
1778710735661 3.3804526329040527 3500
1778710743502 3.4365298748016357 3520
1778710745603 4.153073310852051 3540
1778710747713 4.189952850341797 3560
1778710749819 4.2545952796936035 3580
1778710751926 6.0329909324646 3600
1778710754030 6.939466953277588 3620
1778710756127 3.7182345390319824 3640
1778710758229 3.5170412063598633 3660
1778710760337 1.4812164306640625 3680
1778710762442 1.7895704507827759 3700
1778710764551 4.771510124206543 3720
1778710766656 4.628700256347656 3740
1778710774502 1.5353507995605469 3760
1778710776610 5.46838903427124 3780
1778710778716 5.882024765014648 3800
1778710780811 2.2251853942871094 3820
1778710782913 3.1683950424194336 3840
1778710785019 4.503574848175049 3860
1778710787123 0.3865474760532379 3880
1778710789221 5.7895660400390625 3900
1778710791326 0.725629448890686 3920
1778710793427 4.7328104972839355 3940
1778710795536 2.421027421951294 3960
1778710797645 7.363868236541748 3980
1778710799749 2.781972885131836 4000
1778710807636 1.0346264839172363 4020
1778710809735 4.706847667694092 4040
1778710811834 4.162208557128906 4060
1778710813929 4.696695804595947 4080
1778710816032 7.88585090637207 4100
1778710818105 3.4526801109313965 4120
1778710820205 2.238405227661133 4140
1778710822304 0.5794079899787903 4160
1778710824408 6.596353054046631 4180
1778710826510 4.3089423179626465 4200
1778710828607 0.7358890771865845 4220
1778710830704 5.315173149108887 4240
1778710838618 7.8261942863464355 4260
1778710840715 4.6688761711120605 4280
1778710842820 3.664595365524292 4300
1778710844922 0.8152846693992615 4320
1778710847022 1.832653284072876 4340
1778710849123 5.1754231452941895 4360
1778710851227 2.778632402420044 4380
1778710853330 4.868224143981934 4400
1778710855431 2.277691125869751 4420
1778710857532 4.406681537628174 4440
1778710859632 7.478616237640381 4460
1778710861735 4.75386381149292 4480
1778710863836 1.9875270128250122 4500
1778710871744 10.661264419555664 4520
1778710873844 3.0343058109283447 4540
1778710875947 8.990987777709961 4560
1778710878056 4.978456974029541 4580
1778710880161 2.5791068077087402 4600
1778710882266 5.724734783172607 4620
1778710884375 3.922675132751465 4640
1778710886481 6.770665168762207 4660
1778710888583 5.493030548095703 4680
1778710890681 6.508700847625732 4700
1778710892783 2.204857349395752 4720
1778710894884 3.2065811157226562 4740
1778710902733 3.1380064487457275 4760
1778710904830 4.791982650756836 4780
1778710906930 5.619096279144287 4800
1778710909032 3.2228479385375977 4820
1778710911131 0.8229888081550598 4840
1778710913232 6.547849655151367 4860
1778710915331 4.627854824066162 4880
1778710917430 0.8230943083763123 4900
1778710919529 1.6127022504806519 4920
1778710921632 3.8899970054626465 4940
1778710923734 5.905946254730225 4960
1778710925839 0.34080129861831665 4980
1778710927940 5.707232475280762 5000
1778710935772 1.1416049003601074 5020
1778710937870 4.281994342803955 5040
1778710939972 1.5677475929260254 5060
1778710942075 4.280084609985352 5080
1778710944170 0.479368656873703 5100
1778710946268 3.4641640186309814 5120
