1779321625055 0.8801342844963074 20
1779321625398 0.7959534525871277 40
1779321625732 0.3129539489746094 60
1779321626070 0.567523181438446 80
1779321626376 0.45256271958351135 100
1779321626686 0.8653277158737183 120
1779321627040 0.4802832007408142 140
1779321627331 0.3849640488624573 160
1779321627617 0.4868941009044647 180
1779321627927 0.3907340168952942 200
1779321628248 0.5377475619316101 220
1779321628555 0.6789044737815857 240
1779321632808 0.4301053583621979 260
1779321633086 0.36798229813575745 280
1779321633391 0.5030615329742432 300
1779321633628 0.47127223014831543 320
1779321633889 0.46757110953330994 340
1779321634140 0.3825339078903198 360
1779321634422 0.3511163890361786 380
1779321634739 0.3672727048397064 400
1779321635032 0.4121677875518799 420
1779321635327 0.7299190759658813 440
1779321635640 0.4097733497619629 460
1779321635925 0.37895312905311584 480
1779321636187 0.44901368021965027 500
1779321640352 0.4053712785243988 520
1779321640634 0.3450130522251129 540
1779321640892 0.5503275990486145 560
1779321641141 0.367917537689209 580
1779321641462 0.45198220014572144 600
1779321641800 0.39807331562042236 620
1779321642122 0.32325661182403564 640
1779321642428 0.4635099768638611 660
1779321642706 0.3765496015548706 680
1779321642991 0.44190046191215515 700
1779321643287 0.4227553606033325 720
1779321643573 0.4560825526714325 740
1779321648031 0.35813668370246887 760
1779321648312 0.3389633893966675 780
1779321648614 0.4624692499637604 800
1779321648903 0.8856253027915955 820
1779321649216 0.35785624384880066 840
1779321649522 0.42019814252853394 860
1779321649816 0.7222302556037903 880
1779321650112 0.37134236097335815 900
1779321650426 0.43843209743499756 920
1779321650718 0.6199038624763489 940
1779321650991 0.4883100986480713 960
1779321651325 0.3822399377822876 980
1779321651638 0.34064796566963196 1000
1779321656589 0.420939177274704 1020
1779321656873 0.39574185013771057 1040
1779321657184 0.42127725481987 1060
1779321657498 0.638827383518219 1080
1779321657779 0.34207797050476074 1100
1779321658070 0.7405579090118408 1120
1779321658376 0.3775627613067627 1140
1779321658656 0.5664131045341492 1160
1779321658974 0.44498178362846375 1180
1779321659294 0.4071432948112488 1200
1779321659543 0.3658595383167267 1220
1779321659793 0.33850353956222534 1240
1779321665426 0.5448508262634277 1260
1779321665769 0.38638195395469666 1280
1779321666097 0.43711450695991516 1300
1779321666396 0.5617288947105408 1320
1779321666783 0.5029486417770386 1340
1779321667074 0.4762992858886719 1360
1779321667390 0.8670064806938171 1380
1779321667713 0.6795061826705933 1400
1779321668040 0.3765271306037903 1420
1779321668370 0.43823057413101196 1440
1779321668743 0.42237216234207153 1460
1779321669139 0.3207891583442688 1480
1779321669530 0.4404660165309906 1500
1779321674581 0.3282305598258972 1520
1779321674948 0.35964152216911316 1540
1779321675322 0.34939685463905334 1560
1779321675613 0.5112530589103699 1580
1779321675958 0.531029999256134 1600
1779321676271 0.5876718759536743 1620
1779321676557 0.4497063457965851 1640
1779321676838 0.3198425769805908 1660
1779321677138 0.36730533838272095 1680
1779321677439 0.35461145639419556 1700
1779321677737 0.3645873963832855 1720
1779321678035 0.36010050773620605 1740
1779321682272 0.44648972153663635 1760
1779321682620 0.5410304069519043 1780
1779321682951 0.42424166202545166 1800
1779321683260 0.4143419861793518 1820
1779321683521 0.6641063690185547 1840
1779321683770 0.40283992886543274 1860
1779321684027 0.336729496717453 1880
1779321684299 0.3398957848548889 1900
1779321684582 0.3300052285194397 1920
1779321684848 0.3877033591270447 1940
1779321685160 0.4270952045917511 1960
1779321685503 0.4642692804336548 1980
1779321685801 0.46379920840263367 2000
1779321690424 0.5373473763465881 2020
1779321690688 0.3757644295692444 2040
1779321690961 0.45666396617889404 2060
1779321691292 0.54825359582901 2080
1779321691646 0.37822794914245605 2100
1779321691966 0.3319343328475952 2120
1779321692275 0.5436543822288513 2140
1779321692564 0.3163965046405792 2160
1779321692854 0.4487161636352539 2180
1779321693157 0.38201868534088135 2200
1779321693470 0.41121721267700195 2220
1779321693814 0.34607774019241333 2240
1779321698442 0.37420323491096497 2260
1779321698701 0.3388919234275818 2280
1779321698977 0.778738260269165 2300
1779321699237 0.43457022309303284 2320
1779321699494 0.3825393617153168 2340
1779321699764 0.44806361198425293 2360
1779321700028 0.33716389536857605 2380
1779321700284 0.4202394485473633 2400
1779321700557 0.37605053186416626 2420
1779321700832 0.3382883071899414 2440
1779321701114 0.6219744682312012 2460
1779321701423 0.378762811422348 2480
1779321701704 0.3582306504249573 2500
1779321706350 0.45691564679145813 2520
1779321706668 0.3354038894176483 2540
1779321706947 0.532886803150177 2560
1779321707241 0.5176810026168823 2580
1779321707553 0.3732492923736572 2600
1779321707867 0.3917151391506195 2620
1779321708172 0.3116299510002136 2640
1779321708487 0.36647579073905945 2660
1779321708858 0.343952476978302 2680
1779321709169 0.4423171877861023 2700
1779321709513 0.39546841382980347 2720
1779321709835 0.32063788175582886 2740
1779321715320 0.45699790120124817 2760
1779321715644 0.30953294038772583 2780
1779321715935 0.5907062292098999 2800
1779321716200 0.7867060899734497 2820
1779321716504 0.5384482145309448 2840
1779321716821 0.43410199880599976 2860
1779321717120 0.40619125962257385 2880
1779321717429 0.35196468234062195 2900
1779321717710 0.3249979019165039 2920
1779321717975 0.35101592540740967 2940
1779321718341 0.40518030524253845 2960
1779321718613 0.42692485451698303 2980
1779321718903 0.3539242148399353 3000
1779321724618 0.3975304663181305 3020
1779321724909 0.5015102624893188 3040
1779321725199 0.3278430998325348 3060
1779321725490 0.33917707204818726 3080
1779321725842 0.3515692353248596 3100
1779321726162 0.42566004395484924 3120
1779321726548 0.5475057363510132 3140
1779321726857 0.3687896132469177 3160
1779321727170 0.6415389180183411 3180
1779321727460 0.4339239299297333 3200
1779321727766 0.40811172127723694 3220
1779321728030 0.3476802408695221 3240
1779321734415 0.36210447549819946 3260
1779321734682 0.5780846476554871 3280
1779321734944 0.572766125202179 3300
1779321735251 0.35212069749832153 3320
1779321735535 0.3716225028038025 3340
1779321735827 0.4072430729866028 3360
1779321736126 0.48876601457595825 3380
1779321736411 0.35568249225616455 3400
1779321736684 0.42794734239578247 3420
1779321736918 0.707374632358551 3440
1779321737136 0.4310230612754822 3460
1779321737361 0.37337151169776917 3480
1779321737603 0.7911249399185181 3500
1779321743129 0.6028566360473633 3520
1779321743461 0.9034311771392822 3540
1779321743787 0.3457426428794861 3560
1779321744062 0.43373122811317444 3580
1779321744335 0.3098083436489105 3600
1779321744614 0.5808277130126953 3620
1779321744896 0.6732804179191589 3640
1779321745199 0.5556706786155701 3660
1779321745487 0.35000747442245483 3680
1779321745805 0.5556788444519043 3700
1779321746182 0.3490030765533447 3720
1779321746480 0.5222817659378052 3740
1779321750837 0.38892096281051636 3760
1779321751139 0.3910786211490631 3780
1779321751411 0.33272019028663635 3800
1779321751696 0.4523702561855316 3820
1779321752107 0.3619008958339691 3840
1779321752500 0.5478108525276184 3860
1779321752822 0.7678545713424683 3880
1779321753152 0.3970099985599518 3900
1779321753487 0.5600212216377258 3920
1779321753803 0.345027357339859 3940
1779321754234 0.40546107292175293 3960
1779321754656 0.4137866795063019 3980
1779321755031 0.4414876699447632 4000
1779321759393 0.602249026298523 4020
1779321759661 0.35908758640289307 4040
1779321759954 0.43834730982780457 4060
1779321760239 0.3203388452529907 4080
1779321760503 0.38815876841545105 4100
1779321760752 0.40523791313171387 4120
1779321761012 0.33523643016815186 4140
1779321761279 0.5481937527656555 4160
1779321761546 0.38082846999168396 4180
1779321761819 0.5965668559074402 4200
1779321762123 0.37481722235679626 4220
1779321762408 0.3952665627002716 4240
1779321767051 0.45990580320358276 4260
1779321767374 0.3366093039512634 4280
1779321767663 0.35430657863616943 4300
1779321767942 0.3021146357059479 4320
1779321768233 0.41726067662239075 4340
1779321768521 0.4648269712924957 4360
1779321768811 0.3550015091896057 4380
1779321769145 0.44951677322387695 4400
1779321769429 0.34572890400886536 4420
1779321769756 0.5049659609794617 4440
1779321770049 0.41091737151145935 4460
1779321770340 0.4702489376068115 4480
1779321770626 0.8991414308547974 4500
1779321775055 0.46625465154647827 4520
1779321775426 0.8257455825805664 4540
1779321775779 0.3752654194831848 4560
1779321776110 0.39841529726982117 4580
1779321776464 0.32042717933654785 4600
1779321776776 0.41002437472343445 4620
1779321777105 0.5577854514122009 4640
1779321777455 0.3473909795284271 4660
1779321777761 0.3465751111507416 4680
1779321778066 0.4426092505455017 4700
1779321778372 0.4081016480922699 4720
1779321778680 0.5719586610794067 4740
1779321783373 0.6982964873313904 4760
1779321783667 0.3914039731025696 4780
1779321783970 0.3403664231300354 4800
1779321784271 0.458179235458374 4820
1779321784568 0.49295133352279663 4840
1779321784852 0.8113044500350952 4860
1779321785137 0.3272972106933594 4880
1779321785425 0.29117146134376526 4900
1779321785758 0.3138106167316437 4920
1779321786098 0.29995110630989075 4940
1779321786387 0.33258429169654846 4960
1779321786722 0.30750882625579834 4980
1779321787018 0.3499579429626465 5000
1779321791579 0.34605488181114197 5020
1779321791868 0.7455835938453674 5040
1779321792197 0.556041419506073 5060
1779321792565 0.48867684602737427 5080
1779321792881 0.41247323155403137 5100
1779321793159 0.3817114233970642 5120
1779321793474 0.6940778493881226 5140
1779321793839 0.5025190711021423 5160
1779321794189 0.3535240590572357 5180
1779321794514 0.38866937160491943 5200
1779321794840 0.5222141146659851 5220
1779321795163 0.6216792464256287 5240
1779321799957 0.3952597975730896 5260
1779321800266 0.5147098898887634 5280
1779321800600 0.597385585308075 5300
1779321800920 0.4781832695007324 5320
1779321801349 0.4488369822502136 5340
1779321801796 0.3630756735801697 5360
1779321802109 0.668147087097168 5380
1779321802449 0.33237171173095703 5400
1779321802774 0.39955174922943115 5420
1779321803111 0.37869057059288025 5440
1779321803446 0.3327750265598297 5460
1779321803778 0.36408674716949463 5480
1779321804097 0.34437912702560425 5500
1779321808637 0.3850466012954712 5520
1779321808990 0.4370986819267273 5540
1779321809384 0.45606857538223267 5560
1779321809729 0.6235445141792297 5580
1779321810052 0.33149126172065735 5600
1779321810389 0.3357766568660736 5620
1779321810728 0.621631383895874 5640
1779321811062 0.35487300157546997 5660
1779321811387 0.5457243919372559 5680
1779321811726 0.343660831451416 5700
1779321812063 0.4530183970928192 5720
1779321812365 0.4079941511154175 5740
1779321817278 0.4742937684059143 5760
1779321817573 0.37729692459106445 5780
1779321817884 0.44048571586608887 5800
1779321818196 0.41777506470680237 5820
1779321818508 0.340023934841156 5840
1779321818831 0.3686474859714508 5860
1779321819132 0.3921717405319214 5880
1779321819421 0.4405542016029358 5900
1779321819755 0.3800579309463501 5920
1779321820102 0.37007060647010803 5940
1779321820420 0.4142811596393585 5960
1779321820764 0.444011926651001 5980
1779321821094 0.444116473197937 6000
1779321825773 0.35903966426849365 6020
1779321826114 0.3093971610069275 6040
1779321826482 0.35151752829551697 6060
1779321826837 0.32992902398109436 6080
1779321827185 0.3906922936439514 6100
1779321827546 0.4574655592441559 6120
1779321827889 0.37280264496803284 6140
1779321828214 0.6673917770385742 6160
1779321828535 0.33777838945388794 6180
1779321828874 0.3118070662021637 6200
1779321829206 0.3589710295200348 6220
1779321829519 0.48961901664733887 6240
1779321834227 0.42800724506378174 6260
1779321834521 0.35054752230644226 6280
1779321834849 0.32177844643592834 6300
1779321835161 0.4197424650192261 6320
1779321835449 0.33241790533065796 6340
1779321835731 0.48642662167549133 6360
1779321836003 0.3821956217288971 6380
1779321836312 0.38488340377807617 6400
1779321836582 0.35432639718055725 6420
1779321836860 0.33264538645744324 6440
1779321837139 0.6409986019134521 6460
1779321837437 0.6763686537742615 6480
1779321837709 0.6483758687973022 6500
1779321841994 0.44106513261795044 6520
1779321842281 0.3470214009284973 6540
1779321842568 0.4847082793712616 6560
1779321842875 0.44185420870780945 6580
1779321843225 0.384539395570755 6600
1779321843552 0.4015491008758545 6620
1779321843878 0.442309707403183 6640
1779321844219 0.3637457489967346 6660
