1779314704116 0.015015015015015015 20
1779314704944 0.03003003003003003 40
1779314705877 0.04504504504504504 60
1779314706775 0.06006006006006006 80
1779314707580 0.07507507507507508 100
1779314708365 0.09009009009009009 120
1779314709196 0.10510510510510511 140
1779314710061 0.12012012012012012 160
1779314710933 0.13513513513513514 180
1779314711776 0.15015015015015015 200
1779314712775 0.16516516516516516 220
1779314713631 0.18018018018018017 240
1779314715821 0.18768768768768768 250
1779314717677 0.19519519519519518 260
1779314718478 0.21021021021021022 280
1779314719404 0.22522522522522523 300
1779314720322 0.24024024024024024 320
1779314721205 0.2552552552552553 340
1779314721985 0.2702702702702703 360
1779314722822 0.2852852852852853 380
1779314723651 0.3003003003003003 400
1779314724421 0.3153153153153153 420
1779314725215 0.3303303303303303 440
1779314726041 0.34534534534534533 460
1779314726890 0.36036036036036034 480
1779314727737 0.37537537537537535 500
1779314729433 0.37537537537537535 500
1779314731864 0.39039039039039036 520
1779314732715 0.40540540540540543 540
1779314733576 0.42042042042042044 560
1779314734434 0.43543543543543545 580
1779314735253 0.45045045045045046 600
1779314736071 0.46546546546546547 620
1779314736884 0.4804804804804805 640
1779314737863 0.4954954954954955 660
1779314738708 0.5105105105105106 680
1779314739634 0.5255255255255256 700
1779314740507 0.5405405405405406 720
1779314741394 0.5555555555555556 740
1779314743552 0.5630630630630631 750
1779314746328 0.5705705705705706 760
1779314747174 0.5855855855855856 780
1779314748199 0.6006006006006006 800
1779314749192 0.6156156156156156 820
1779314749942 0.6306306306306306 840
1779314750745 0.6456456456456456 860
1779314751512 0.6606606606606606 880
1779314752286 0.6756756756756757 900
1779314753006 0.6906906906906907 920
1779314753666 0.7057057057057057 940
1779314754322 0.7207207207207207 960
1779314754994 0.7357357357357357 980
1779314755642 0.7507507507507507 1000
1779314757002 0.7507507507507507 1000
1779314759222 0.7657657657657657 1020
1779314759888 0.7807807807807807 1040
1779314760582 0.7957957957957958 1060
1779314761335 0.8108108108108109 1080
1779314762036 0.8258258258258259 1100
1779314762713 0.8408408408408409 1120
1779314763429 0.8558558558558559 1140
1779314764173 0.8708708708708709 1160
1779314764939 0.8858858858858859 1180
1779314765696 0.9009009009009009 1200
1779314766486 0.9159159159159159 1220
1779314767338 0.9309309309309309 1240
1779314769262 0.9384384384384384 1250
1779314771540 0.9459459459459459 1260
1779314772334 0.960960960960961 1280
1779314773190 0.975975975975976 1300
1779314774042 0.990990990990991 1320
1779314774896 1.006006006006006 1340
1779314775719 1.021021021021021 1360
1779314776498 1.0360360360360361 1380
1779314777429 1.0510510510510511 1400
1779314778226 1.0660660660660661 1420
1779314779041 1.0810810810810811 1440
1779314779956 1.0960960960960962 1460
1779314780740 1.1111111111111112 1480
1779314781619 1.1261261261261262 1500
1779314783282 1.1261261261261262 1500
1779314786145 1.1411411411411412 1520
1779314786970 1.1561561561561562 1540
1779314787798 1.1711711711711712 1560
1779314788745 1.1861861861861862 1580
1779314789629 1.2012012012012012 1600
1779314790505 1.2162162162162162 1620
1779314791327 1.2312312312312312 1640
1779314792105 1.2462462462462462 1660
1779314792919 1.2612612612612613 1680
1779314793716 1.2762762762762763 1700
1779314794523 1.2912912912912913 1720
1779314795461 1.3063063063063063 1740
1779314797773 1.3138138138138138 1750
1779314800022 1.3213213213213213 1760
1779314800792 1.3363363363363363 1780
1779314801562 1.3513513513513513 1800
1779314802478 1.3663663663663663 1820
1779314803349 1.3813813813813813 1840
1779314804217 1.3963963963963963 1860
1779314805098 1.4114114114114114 1880
1779314805897 1.4264264264264264 1900
1779314806593 1.4414414414414414 1920
1779314807290 1.4564564564564564 1940
1779314808007 1.4714714714714714 1960
1779314808754 1.4864864864864864 1980
1779314809585 1.5015015015015014 2000
1779314811396 1.5015015015015014 2000
1779314813937 1.5165165165165164 2020
1779314814774 1.5315315315315314 2040
1779314815585 1.5465465465465464 2060
1779314816391 1.5615615615615615 2080
1779314817239 1.5765765765765765 2100
1779314818032 1.5915915915915915 2120
1779314818885 1.6066066066066065 2140
1779314819767 1.6216216216216215 2160
1779314820682 1.6366366366366365 2180
1779314821742 1.6516516516516515 2200
1779314822841 1.6666666666666665 2220
1779314823774 1.6816816816816815 2240
1779314825849 1.689189189189189 2250
1779314828237 1.6966966966966965 2260
1779314829093 1.7117117117117115 2280
1779314830030 1.7267267267267268 2300
1779314830886 1.7417417417417418 2320
1779314832058 1.7567567567567568 2340
1779314833070 1.7717717717717718 2360
1779314833882 1.7867867867867868 2380
1779314834604 1.8018018018018018 2400
1779314835314 1.8168168168168168 2420
1779314836026 1.8318318318318318 2440
1779314836775 1.8468468468468469 2460
1779314837582 1.8618618618618619 2480
1779314838399 1.8768768768768769 2500
1779314840122 1.8768768768768769 2500
1779314842982 1.8918918918918919 2520
1779314843950 1.906906906906907 2540
1779314844974 1.921921921921922 2560
1779314845864 1.936936936936937 2580
1779314846732 1.951951951951952 2600
1779314847642 1.966966966966967 2620
1779314848441 1.981981981981982 2640
1779314849393 1.996996996996997 2660
1779314850243 2.012012012012012 2680
1779314851096 2.027027027027027 2700
1779314851982 2.042042042042042 2720
1779314852856 2.057057057057057 2740
1779314855358 2.0645645645645647 2750
1779314857919 2.0720720720720722 2760
1779314858717 2.0870870870870872 2780
1779314859562 2.1021021021021022 2800
1779314860493 2.1171171171171173 2820
1779314861236 2.1321321321321323 2840
1779314862028 2.1471471471471473 2860
1779314862815 2.1621621621621623 2880
1779314863587 2.1771771771771773 2900
1779314864559 2.1921921921921923 2920
1779314865606 2.2072072072072073 2940
1779314866614 2.2222222222222223 2960
1779314867399 2.2372372372372373 2980
1779314868257 2.2522522522522523 3000
1779314870001 2.2522522522522523 3000
1779314872763 2.2672672672672673 3020
1779314873691 2.2822822822822824 3040
1779314874556 2.2972972972972974 3060
1779314875529 2.3123123123123124 3080
1779314876365 2.3273273273273274 3100
1779314877278 2.3423423423423424 3120
1779314878100 2.3573573573573574 3140
1779314878980 2.3723723723723724 3160
1779314879795 2.3873873873873874 3180
1779314880794 2.4024024024024024 3200
1779314881759 2.4174174174174174 3220
1779314882707 2.4324324324324325 3240
1779314884857 2.43993993993994 3250
1779314887352 2.4474474474474475 3260
1779314888124 2.4624624624624625 3280
1779314888893 2.4774774774774775 3300
1779314889765 2.4924924924924925 3320
1779314890834 2.5075075075075075 3340
1779314891708 2.5225225225225225 3360
1779314892831 2.5375375375375375 3380
1779314893633 2.5525525525525525 3400
1779314894454 2.5675675675675675 3420
1779314895304 2.5825825825825826 3440
1779314896115 2.5975975975975976 3460
1779314897001 2.6126126126126126 3480
1779314897790 2.6276276276276276 3500
1779314899447 2.6276276276276276 3500
1779314902557 2.6426426426426426 3520
1779314903464 2.6576576576576576 3540
1779314904436 2.6726726726726726 3560
1779314905277 2.6876876876876876 3580
1779314906156 2.7027027027027026 3600
1779314906996 2.7177177177177176 3620
1779314907793 2.7327327327327327 3640
1779314908689 2.7477477477477477 3660
1779314909586 2.7627627627627627 3680
1779314910449 2.7777777777777777 3700
1779314911193 2.7927927927927927 3720
1779314911980 2.8078078078078077 3740
1779314913777 2.815315315315315 3750
1779314915387 2.8228228228228227 3760
1779314916116 2.8378378378378377 3780
1779314916828 2.8528528528528527 3800
1779314917528 2.8678678678678677 3820
1779314918260 2.8828828828828827 3840
1779314919025 2.8978978978978978 3860
1779314919768 2.9129129129129128 3880
1779314920500 2.9279279279279278 3900
1779314921217 2.942942942942943 3920
1779314922013 2.957957957957958 3940
1779314922786 2.972972972972973 3960
1779314923612 2.987987987987988 3980
1779314924505 3.003003003003003 4000
1779314926262 3.003003003003003 4000
1779314929471 3.018018018018018 4020
1779314930379 3.033033033033033 4040
1779314931239 3.048048048048048 4060
1779314932125 3.063063063063063 4080
1779314932974 3.078078078078078 4100
1779314933975 3.093093093093093 4120
1779314934934 3.108108108108108 4140
1779314935882 3.123123123123123 4160
1779314936854 3.138138138138138 4180
1779314937819 3.153153153153153 4200
1779314938812 3.1681681681681684 4220
1779314939780 3.1831831831831834 4240
1779314942186 3.190690690690691 4250
1779314944561 3.1981981981981984 4260
1779314945466 3.2132132132132134 4280
1779314946281 3.2282282282282284 4300
1779314947091 3.2432432432432434 4320
1779314947924 3.2582582582582584 4340
1779314948763 3.2732732732732734 4360
1779314950092 3.2882882882882885 4380
1779314951214 3.3033033033033035 4400
1779314952101 3.3183183183183185 4420
1779314952932 3.3333333333333335 4440
1779314953781 3.3483483483483485 4460
1779314954653 3.3633633633633635 4480
1779314955441 3.3783783783783785 4500
1779314957157 3.3783783783783785 4500
1779314959646 3.3933933933933935 4520
1779314960670 3.4084084084084085 4540
1779314961597 3.4234234234234235 4560
1779314962420 3.4384384384384385 4580
1779314963196 3.4534534534534536 4600
1779314964061 3.4684684684684686 4620
1779314965020 3.4834834834834836 4640
1779314965896 3.4984984984984986 4660
1779314966742 3.5135135135135136 4680
1779314967624 3.5285285285285286 4700
1779314968429 3.5435435435435436 4720
1779314969178 3.5585585585585586 4740
1779314971419 3.566066066066066 4750
1779314973710 3.5735735735735736 4760
1779314974543 3.5885885885885886 4780
1779314975346 3.6036036036036037 4800
1779314976186 3.6186186186186187 4820
1779314976996 3.6336336336336337 4840
1779314977817 3.6486486486486487 4860
1779314978688 3.6636636636636637 4880
1779314979502 3.6786786786786787 4900
1779314980427 3.6936936936936937 4920
1779314981425 3.7087087087087087 4940
1779314982372 3.7237237237237237 4960
1779314983168 3.7387387387387387 4980
1779314984021 3.7537537537537538 5000
1779314985707 3.7537537537537538 5000
1779314988346 3.7687687687687688 5020
1779314989085 3.7837837837837838 5040
1779314989843 3.798798798798799 5060
1779314990739 3.813813813813814 5080
1779314991616 3.828828828828829 5100
1779314992664 3.843843843843844 5120
1779314993599 3.858858858858859 5140
1779314994447 3.873873873873874 5160
1779314995257 3.888888888888889 5180
1779314996056 3.903903903903904 5200
1779314996896 3.918918918918919 5220
1779314997801 3.933933933933934 5240
1779314999980 3.9414414414414414 5250
1779315002140 3.948948948948949 5260
1779315002974 3.963963963963964 5280
1779315003836 3.978978978978979 5300
1779315004534 3.993993993993994 5320
1779315005177 4.009009009009009 5340
1779315005814 4.024024024024024 5360
1779315006450 4.039039039039039 5380
1779315007093 4.054054054054054 5400
1779315007740 4.069069069069069 5420
1779315008388 4.084084084084084 5440
1779315009031 4.099099099099099 5460
1779315009684 4.114114114114114 5480
1779315010490 4.129129129129129 5500
1779315012059 4.129129129129129 5500
1779315014491 4.1441441441441444 5520
1779315015208 4.1591591591591595 5540
1779315015980 4.1741741741741745 5560
1779315016705 4.1891891891891895 5580
1779315017433 4.2042042042042045 5600
1779315018154 4.2192192192192195 5620
1779315019258 4.2342342342342345 5640
1779315020035 4.2492492492492495 5660
1779315020799 4.2642642642642645 5680
1779315021484 4.2792792792792795 5700
1779315022254 4.2942942942942945 5720
1779315022945 4.3093093093093096 5740
1779315024598 4.316816816816817 5750
1779315026184 4.324324324324325 5760
1779315026879 4.33933933933934 5780
1779315027601 4.354354354354355 5800
1779315028405 4.36936936936937 5820
1779315029257 4.384384384384385 5840
1779315030077 4.3993993993994 5860
1779315030829 4.414414414414415 5880
1779315031532 4.42942942942943 5900
1779315032250 4.444444444444445 5920
1779315032934 4.45945945945946 5940
1779315033595 4.474474474474475 5960
1779315034336 4.48948948948949 5980
1779315035066 4.504504504504505 6000
1779315036658 4.504504504504505 6000
1779315038833 4.51951951951952 6020
1779315039483 4.534534534534535 6040
1779315040141 4.54954954954955 6060
1779315040797 4.564564564564565 6080
1779315041435 4.57957957957958 6100
1779315042098 4.594594594594595 6120
1779315042748 4.60960960960961 6140
1779315043433 4.624624624624625 6160
1779315044071 4.63963963963964 6180
1779315044721 4.654654654654655 6200
1779315045418 4.66966966966967 6220
1779315046100 4.684684684684685 6240
1779315047963 4.692192192192192 6250
1779315049957 4.6996996996997 6260
1779315050763 4.714714714714715 6280
1779315051519 4.72972972972973 6300
1779315052287 4.744744744744745 6320
1779315053051 4.75975975975976 6340
1779315053741 4.774774774774775 6360
1779315054504 4.78978978978979 6380
1779315055178 4.804804804804805 6400
1779315055830 4.81981981981982 6420
1779315056477 4.834834834834835 6440
1779315057167 4.84984984984985 6460
1779315057833 4.864864864864865 6480
1779315058484 4.87987987987988 6500
1779315059803 4.87987987987988 6500
1779315062321 4.894894894894895 6520
1779315063255 4.90990990990991 6540
1779315064043 4.924924924924925 6560
1779315064802 4.93993993993994 6580
1779315065513 4.954954954954955 6600
1779315066222 4.96996996996997 6620
1779315066924 4.984984984984985 6640
1779315067644 5.0 6660
1779315069572 5.0 6660
1779315071270 5.0 6660
1779315073312 5.0 6660
1779315075688 5.0 0
