1778708849688 0.015015015015015015 20
1778708851096 0.03003003003003003 40
1778708852510 0.04504504504504504 60
1778708853922 0.06006006006006006 80
1778708855329 0.07507507507507508 100
1778708856738 0.09009009009009009 120
1778708858157 0.10510510510510511 140
1778708859569 0.12012012012012012 160
1778708860985 0.13513513513513514 180
1778708862552 0.15015015015015015 200
1778708864074 0.16516516516516516 220
1778708865493 0.18018018018018017 240
1778708868104 0.18768768768768768 250
1778708869250 0.19519519519519518 260
1778708870666 0.21021021021021022 280
1778708872077 0.22522522522522523 300
1778708873488 0.24024024024024024 320
1778708874912 0.2552552552552553 340
1778708876329 0.2702702702702703 360
1778708877751 0.2852852852852853 380
1778708879174 0.3003003003003003 400
1778708880594 0.3153153153153153 420
1778708882014 0.3303303303303303 440
1778708883440 0.34534534534534533 460
1778708884860 0.36036036036036034 480
1778708886283 0.37537537537537535 500
1778708888176 0.37537537537537535 500
1778708890061 0.39039039039039036 520
1778708891471 0.40540540540540543 540
1778708892880 0.42042042042042044 560
1778708894289 0.43543543543543545 580
1778708895727 0.45045045045045046 600
1778708897140 0.46546546546546547 620
1778708898556 0.4804804804804805 640
1778708899970 0.4954954954954955 660
1778708901391 0.5105105105105106 680
1778708902812 0.5255255255255256 700
1778708904251 0.5405405405405406 720
1778708905667 0.5555555555555556 740
1778708908268 0.5630630630630631 750
1778708909462 0.5705705705705706 760
1778708910885 0.5855855855855856 780
1778708912306 0.6006006006006006 800
1778708913720 0.6156156156156156 820
1778708915130 0.6306306306306306 840
1778708916540 0.6456456456456456 860
1778708917957 0.6606606606606606 880
1778708919370 0.6756756756756757 900
1778708920788 0.6906906906906907 920
1778708922196 0.7057057057057057 940
1778708923606 0.7207207207207207 960
1778708925017 0.7357357357357357 980
1778708926429 0.7507507507507507 1000
1778708928317 0.7507507507507507 1000
1778708930196 0.7657657657657657 1020
1778708931618 0.7807807807807807 1040
1778708933041 0.7957957957957958 1060
1778708934480 0.8108108108108109 1080
1778708935964 0.8258258258258259 1100
1778708937390 0.8408408408408409 1120
1778708938831 0.8558558558558559 1140
1778708940253 0.8708708708708709 1160
1778708941671 0.8858858858858859 1180
1778708943079 0.9009009009009009 1200
1778708944492 0.9159159159159159 1220
1778708945901 0.9309309309309309 1240
1778708948498 0.9384384384384384 1250
1778708949675 0.9459459459459459 1260
1778708951107 0.960960960960961 1280
1778708952534 0.975975975975976 1300
1778708953945 0.990990990990991 1320
1778708955382 1.006006006006006 1340
1778708956794 1.021021021021021 1360
1778708958195 1.0360360360360361 1380
1778708959616 1.0510510510510511 1400
1778708961033 1.0660660660660661 1420
1778708962438 1.0810810810810811 1440
1778708963879 1.0960960960960962 1460
1778708965295 1.1111111111111112 1480
1778708966700 1.1261261261261262 1500
1778708968572 1.1261261261261262 1500
1778708970491 1.1411411411411412 1520
1778708971903 1.1561561561561562 1540
1778708973325 1.1711711711711712 1560
1778708974747 1.1861861861861862 1580
1778708976160 1.2012012012012012 1600
1778708977566 1.2162162162162162 1620
1778708978970 1.2312312312312312 1640
1778708980389 1.2462462462462462 1660
1778708981840 1.2612612612612613 1680
1778708983260 1.2762762762762763 1700
1778708984684 1.2912912912912913 1720
1778708986102 1.3063063063063063 1740
1778708988718 1.3138138138138138 1750
1778708989941 1.3213213213213213 1760
1778708991357 1.3363363363363363 1780
1778708992773 1.3513513513513513 1800
1778708994189 1.3663663663663663 1820
1778708995602 1.3813813813813813 1840
1778708997021 1.3963963963963963 1860
1778708998425 1.4114114114114114 1880
1778708999841 1.4264264264264264 1900
1778709001253 1.4414414414414414 1920
1778709002675 1.4564564564564564 1940
1778709004095 1.4714714714714714 1960
1778709005512 1.4864864864864864 1980
1778709006925 1.5015015015015014 2000
1778709008822 1.5015015015015014 2000
1778709010701 1.5165165165165164 2020
1778709012129 1.5315315315315314 2040
1778709013561 1.5465465465465464 2060
1778709014976 1.5615615615615615 2080
1778709016398 1.5765765765765765 2100
1778709017812 1.5915915915915915 2120
1778709019223 1.6066066066066065 2140
1778709020648 1.6216216216216215 2160
1778709022050 1.6366366366366365 2180
1778709023454 1.6516516516516515 2200
1778709024861 1.6666666666666665 2220
1778709026267 1.6816816816816815 2240
1778709028867 1.689189189189189 2250
1778709030010 1.6966966966966965 2260
1778709031421 1.7117117117117115 2280
1778709032824 1.7267267267267268 2300
1778709034262 1.7417417417417418 2320
1778709035679 1.7567567567567568 2340
1778709037092 1.7717717717717718 2360
1778709038506 1.7867867867867868 2380
1778709039924 1.8018018018018018 2400
1778709041338 1.8168168168168168 2420
1778709042763 1.8318318318318318 2440
1778709044323 1.8468468468468469 2460
1778709045844 1.8618618618618619 2480
1778709047251 1.8768768768768769 2500
1778709049154 1.8768768768768769 2500
1778709051032 1.8918918918918919 2520
1778709052446 1.906906906906907 2540
1778709053861 1.921921921921922 2560
1778709055274 1.936936936936937 2580
1778709056697 1.951951951951952 2600
1778709058110 1.966966966966967 2620
1778709059526 1.981981981981982 2640
1778709060938 1.996996996996997 2660
1778709062352 2.012012012012012 2680
1778709063759 2.027027027027027 2700
1778709065167 2.042042042042042 2720
1778709066576 2.057057057057057 2740
1778709069161 2.0645645645645647 2750
1778709070324 2.0720720720720722 2760
1778709071738 2.0870870870870872 2780
1778709073151 2.1021021021021022 2800
1778709074574 2.1171171171171173 2820
1778709075992 2.1321321321321323 2840
1778709077411 2.1471471471471473 2860
1778709078825 2.1621621621621623 2880
1778709080260 2.1771771771771773 2900
1778709081673 2.1921921921921923 2920
1778709083088 2.2072072072072073 2940
1778709084506 2.2222222222222223 2960
1778709085920 2.2372372372372373 2980
1778709087335 2.2522522522522523 3000
1778709089228 2.2522522522522523 3000
1778709091118 2.2672672672672673 3020
1778709092539 2.2822822822822824 3040
1778709093962 2.2972972972972974 3060
1778709095380 2.3123123123123124 3080
1778709096810 2.3273273273273274 3100
1778709098240 2.3423423423423424 3120
1778709099643 2.3573573573573574 3140
1778709101069 2.3723723723723724 3160
1778709102480 2.3873873873873874 3180
1778709103885 2.4024024024024024 3200
1778709105592 2.4174174174174174 3220
1778709107006 2.4324324324324325 3240
1778709109605 2.43993993993994 3250
1778709110760 2.4474474474474475 3260
1778709112175 2.4624624624624625 3280
1778709113592 2.4774774774774775 3300
1778709115004 2.4924924924924925 3320
1778709116424 2.5075075075075075 3340
1778709117851 2.5225225225225225 3360
1778709119272 2.5375375375375375 3380
1778709120697 2.5525525525525525 3400
1778709122111 2.5675675675675675 3420
1778709123528 2.5825825825825826 3440
1778709124954 2.5975975975975976 3460
1778709126393 2.6126126126126126 3480
1778709127809 2.6276276276276276 3500
1778709129696 2.6276276276276276 3500
1778709131602 2.6426426426426426 3520
1778709133017 2.6576576576576576 3540
1778709134433 2.6726726726726726 3560
1778709135857 2.6876876876876876 3580
1778709137278 2.7027027027027026 3600
1778709138693 2.7177177177177176 3620
1778709140112 2.7327327327327327 3640
1778709141537 2.7477477477477477 3660
1778709142949 2.7627627627627627 3680
1778709144374 2.7777777777777777 3700
1778709145795 2.7927927927927927 3720
1778709147214 2.8078078078078077 3740
1778709149827 2.815315315315315 3750
1778709150999 2.8228228228228227 3760
1778709152423 2.8378378378378377 3780
1778709153846 2.8528528528528527 3800
1778709155275 2.8678678678678677 3820
1778709156709 2.8828828828828827 3840
1778709158137 2.8978978978978978 3860
1778709159559 2.9129129129129128 3880
1778709160973 2.9279279279279278 3900
1778709162399 2.942942942942943 3920
1778709163826 2.957957957957958 3940
1778709165250 2.972972972972973 3960
1778709166677 2.987987987987988 3980
1778709168110 3.003003003003003 4000
1778709170009 3.003003003003003 4000
1778709171911 3.018018018018018 4020
1778709173332 3.033033033033033 4040
1778709174751 3.048048048048048 4060
1778709176175 3.063063063063063 4080
1778709177610 3.078078078078078 4100
1778709179030 3.093093093093093 4120
1778709180474 3.108108108108108 4140
1778709181885 3.123123123123123 4160
1778709183299 3.138138138138138 4180
1778709184702 3.153153153153153 4200
1778709186115 3.1681681681681684 4220
1778709187527 3.1831831831831834 4240
1778709190141 3.190690690690691 4250
1778709191316 3.1981981981981984 4260
1778709192728 3.2132132132132134 4280
1778709194172 3.2282282282282284 4300
1778709195585 3.2432432432432434 4320
1778709197005 3.2582582582582584 4340
1778709198421 3.2732732732732734 4360
1778709199827 3.2882882882882885 4380
1778709201239 3.3033033033033035 4400
1778709202660 3.3183183183183185 4420
1778709204077 3.3333333333333335 4440
1778709205504 3.3483483483483485 4460
1778709206926 3.3633633633633635 4480
1778709208337 3.3783783783783785 4500
1778709210242 3.3783783783783785 4500
1778709212108 3.3933933933933935 4520
1778709213522 3.4084084084084085 4540
1778709214940 3.4234234234234235 4560
1778709216360 3.4384384384384385 4580
1778709217780 3.4534534534534536 4600
1778709219206 3.4684684684684686 4620
1778709220636 3.4834834834834836 4640
1778709222057 3.4984984984984986 4660
1778709223480 3.5135135135135136 4680
1778709224992 3.5285285285285286 4700
1778709226611 3.5435435435435436 4720
1778709228031 3.5585585585585586 4740
1778709230649 3.566066066066066 4750
1778709231862 3.5735735735735736 4760
1778709233275 3.5885885885885886 4780
1778709234690 3.6036036036036037 4800
1778709236106 3.6186186186186187 4820
1778709237519 3.6336336336336337 4840
1778709238937 3.6486486486486487 4860
1778709240348 3.6636636636636637 4880
1778709241771 3.6786786786786787 4900
1778709243187 3.6936936936936937 4920
1778709244600 3.7087087087087087 4940
1778709246015 3.7237237237237237 4960
1778709247456 3.7387387387387387 4980
1778709248901 3.7537537537537538 5000
1778709250812 3.7537537537537538 5000
1778709252702 3.7687687687687688 5020
1778709254120 3.7837837837837838 5040
1778709255543 3.798798798798799 5060
1778709256963 3.813813813813814 5080
1778709258384 3.828828828828829 5100
1778709259800 3.843843843843844 5120
1778709261219 3.858858858858859 5140
1778709262644 3.873873873873874 5160
1778709264063 3.888888888888889 5180
1778709265486 3.903903903903904 5200
1778709266909 3.918918918918919 5220
1778709268333 3.933933933933934 5240
1778709270950 3.9414414414414414 5250
1778709272128 3.948948948948949 5260
1778709273558 3.963963963963964 5280
1778709274993 3.978978978978979 5300
1778709276427 3.993993993993994 5320
1778709277851 4.009009009009009 5340
1778709279272 4.024024024024024 5360
1778709280700 4.039039039039039 5380
1778709282118 4.054054054054054 5400
1778709283537 4.069069069069069 5420
1778709284954 4.084084084084084 5440
1778709286370 4.099099099099099 5460
1778709287788 4.114114114114114 5480
1778709289206 4.129129129129129 5500
1778709291106 4.129129129129129 5500
1778709292987 4.1441441441441444 5520
1778709294392 4.1591591591591595 5540
1778709295808 4.1741741741741745 5560
1778709297229 4.1891891891891895 5580
1778709298647 4.2042042042042045 5600
1778709300061 4.2192192192192195 5620
1778709301468 4.2342342342342345 5640
1778709302892 4.2492492492492495 5660
1778709304315 4.2642642642642645 5680
1778709305731 4.2792792792792795 5700
1778709307157 4.2942942942942945 5720
1778709308588 4.3093093093093096 5740
1778709311182 4.316816816816817 5750
1778709312324 4.324324324324325 5760
1778709313739 4.33933933933934 5780
1778709315146 4.354354354354355 5800
1778709316558 4.36936936936937 5820
1778709317989 4.384384384384385 5840
1778709319428 4.3993993993994 5860
1778709320850 4.414414414414415 5880
1778709322281 4.42942942942943 5900
1778709323694 4.444444444444445 5920
1778709325131 4.45945945945946 5940
1778709326542 4.474474474474475 5960
1778709327970 4.48948948948949 5980
1778709329375 4.504504504504505 6000
1778709331266 4.504504504504505 6000
1778709333153 4.51951951951952 6020
1778709334567 4.534534534534535 6040
1778709335984 4.54954954954955 6060
1778709337395 4.564564564564565 6080
1778709338796 4.57957957957958 6100
1778709340221 4.594594594594595 6120
1778709341632 4.60960960960961 6140
1778709343040 4.624624624624625 6160
1778709344447 4.63963963963964 6180
1778709345852 4.654654654654655 6200
1778709347257 4.66966966966967 6220
1778709348666 4.684684684684685 6240
1778709351265 4.692192192192192 6250
1778709352430 4.6996996996997 6260
1778709353853 4.714714714714715 6280
1778709355261 4.72972972972973 6300
1778709356681 4.744744744744745 6320
1778709358104 4.75975975975976 6340
1778709359516 4.774774774774775 6360
1778709360949 4.78978978978979 6380
1778709362372 4.804804804804805 6400
1778709363791 4.81981981981982 6420
1778709365197 4.834834834834835 6440
1778709366619 4.84984984984985 6460
1778709368035 4.864864864864865 6480
1778709369449 4.87987987987988 6500
1778709371351 4.87987987987988 6500
1778709373512 4.894894894894895 6520
1778709374925 4.90990990990991 6540
1778709376342 4.924924924924925 6560
1778709377765 4.93993993993994 6580
1778709379182 4.954954954954955 6600
1778709380597 4.96996996996997 6620
1778709382009 4.984984984984985 6640
1778709383431 5.0 6660
1778709383910 5.0 6660
1778709385832 5.0 6660
1778709388172 5.0 6660
1778709390893 5.0 0
