1778708849688 1.1400000000000001e-05 20
1778708851096 2.3400000000000003e-05 40
1778708852510 2.9959152798789713e-05 60
1778708853922 2.986838124054463e-05 80
1778708855329 2.977760968229955e-05 100
1778708856738 2.9686838124054462e-05 120
1778708858157 2.959606656580938e-05 140
1778708859569 2.9505295007564295e-05 160
1778708860985 2.9414523449319215e-05 180
1778708862552 2.9323751891074132e-05 200
1778708864074 2.923298033282905e-05 220
1778708865493 2.9142208774583965e-05 240
1778708869250 2.905143721633888e-05 260
1778708870666 2.8960665658093798e-05 280
1778708872077 2.8869894099848715e-05 300
1778708873488 2.8779122541603634e-05 320
1778708874912 2.8688350983358548e-05 340
1778708876329 2.8597579425113464e-05 360
1778708877751 2.850680786686838e-05 380
1778708879174 2.84160363086233e-05 400
1778708880594 2.8325264750378217e-05 420
1778708882014 2.823449319213313e-05 440
1778708883440 2.8143721633888047e-05 460
1778708884860 2.8052950075642967e-05 480
1778708886283 2.7962178517397883e-05 500
1778708890061 2.78714069591528e-05 520
1778708891471 2.778063540090772e-05 540
1778708892880 2.7689863842662633e-05 560
1778708894289 2.759909228441755e-05 580
1778708895727 2.7508320726172466e-05 600
1778708897140 2.7417549167927386e-05 620
1778708898556 2.7326777609682302e-05 640
1778708899970 2.7236006051437215e-05 660
1778708901391 2.7145234493192132e-05 680
1778708902812 2.7054462934947052e-05 700
1778708904251 2.696369137670197e-05 720
1778708905667 2.6872919818456885e-05 740
1778708909462 2.6782148260211798e-05 760
1778708910885 2.6691376701966718e-05 780
1778708912306 2.6600605143721634e-05 800
1778708913720 2.650983358547655e-05 820
1778708915130 2.641906202723147e-05 840
1778708916540 2.6328290468986387e-05 860
1778708917957 2.62375189107413e-05 880
1778708919370 2.6146747352496217e-05 900
1778708920788 2.6055975794251137e-05 920
1778708922196 2.5965204236006053e-05 940
1778708923606 2.587443267776097e-05 960
1778708925017 2.5783661119515883e-05 980
1778708926429 2.5692889561270803e-05 1000
1778708930196 2.560211800302572e-05 1020
1778708931618 2.5511346444780636e-05 1040
1778708933041 2.5420574886535553e-05 1060
1778708934480 2.532980332829047e-05 1080
1778708935964 2.5239031770045386e-05 1100
1778708937390 2.5148260211800302e-05 1120
1778708938831 2.505748865355522e-05 1140
1778708940253 2.496671709531014e-05 1160
1778708941671 2.4875945537065055e-05 1180
1778708943079 2.4785173978819968e-05 1200
1778708944492 2.4694402420574888e-05 1220
1778708945901 2.4603630862329805e-05 1240
1778708949675 2.451285930408472e-05 1260
1778708951107 2.4422087745839638e-05 1280
1778708952534 2.4331316187594554e-05 1300
1778708953945 2.424054462934947e-05 1320
1778708955382 2.4149773071104387e-05 1340
1778708956794 2.4059001512859304e-05 1360
1778708958195 2.3968229954614224e-05 1380
1778708959616 2.3877458396369137e-05 1400
1778708961033 2.3786686838124053e-05 1420
1778708962438 2.369591527987897e-05 1440
1778708963879 2.360514372163389e-05 1460
1778708965295 2.3514372163388806e-05 1480
1778708966700 2.3423600605143723e-05 1500
1778708970491 2.333282904689864e-05 1520
1778708971903 2.3242057488653556e-05 1540
1778708973325 2.3151285930408472e-05 1560
1778708974747 2.306051437216339e-05 1580
1778708976160 2.296974281391831e-05 1600
1778708977566 2.2878971255673222e-05 1620
1778708978970 2.278819969742814e-05 1640
1778708980389 2.2697428139183055e-05 1660
1778708981840 2.2606656580937975e-05 1680
1778708983260 2.251588502269289e-05 1700
1778708984684 2.2425113464447805e-05 1720
1778708986102 2.233434190620272e-05 1740
1778708989941 2.224357034795764e-05 1760
1778708991357 2.2152798789712558e-05 1780
1778708992773 2.2062027231467474e-05 1800
1778708994189 2.197125567322239e-05 1820
1778708995602 2.1880484114977307e-05 1840
1778708997021 2.1789712556732224e-05 1860
1778708998425 2.169894099848714e-05 1880
1778708999841 2.160816944024206e-05 1900
1778709001253 2.1517397881996977e-05 1920
1778709002675 2.142662632375189e-05 1940
1778709004095 2.1335854765506806e-05 1960
1778709005512 2.1245083207261726e-05 1980
1778709006925 2.1154311649016643e-05 2000
1778709010701 2.106354009077156e-05 2020
1778709012129 2.0972768532526472e-05 2040
1778709013561 2.0881996974281392e-05 2060
1778709014976 2.079122541603631e-05 2080
1778709016398 2.0700453857791225e-05 2100
1778709017812 2.0609682299546145e-05 2120
1778709019223 2.0518910741301062e-05 2140
1778709020648 2.0428139183055975e-05 2160
1778709022050 2.033736762481089e-05 2180
1778709023454 2.024659606656581e-05 2200
1778709024861 2.0155824508320728e-05 2220
1778709026267 2.0065052950075644e-05 2240
1778709030010 1.9974281391830558e-05 2260
1778709031421 1.9883509833585478e-05 2280
1778709032824 1.9792738275340394e-05 2300
1778709034262 1.970196671709531e-05 2320
1778709035679 1.9611195158850227e-05 2340
1778709037092 1.9520423600605144e-05 2360
1778709038506 1.942965204236006e-05 2380
1778709039924 1.9338880484114977e-05 2400
1778709041338 1.9248108925869897e-05 2420
1778709042763 1.9157337367624813e-05 2440
1778709044323 1.906656580937973e-05 2460
1778709045844 1.8975794251134643e-05 2480
1778709047251 1.8885022692889563e-05 2500
1778709051032 1.879425113464448e-05 2520
1778709052446 1.8703479576399396e-05 2540
1778709053861 1.8612708018154312e-05 2560
1778709055274 1.852193645990923e-05 2580
1778709056697 1.8431164901664145e-05 2600
1778709058110 1.8340393343419062e-05 2620
1778709059526 1.824962178517398e-05 2640
1778709060938 1.8158850226928898e-05 2660
1778709062352 1.806807866868381e-05 2680
1778709063759 1.7977307110438728e-05 2700
1778709065167 1.7886535552193648e-05 2720
1778709066576 1.7795763993948564e-05 2740
1778709070324 1.770499243570348e-05 2760
1778709071738 1.7614220877458397e-05 2780
1778709073151 1.7523449319213314e-05 2800
1778709074574 1.743267776096823e-05 2820
1778709075992 1.7341906202723147e-05 2840
1778709077411 1.7251134644478063e-05 2860
1778709078825 1.7160363086232983e-05 2880
1778709080260 1.7069591527987897e-05 2900
1778709081673 1.6978819969742813e-05 2920
1778709083088 1.688804841149773e-05 2940
1778709084506 1.679727685325265e-05 2960
1778709085920 1.6706505295007566e-05 2980
1778709087335 1.661573373676248e-05 3000
1778709091118 1.65249621785174e-05 3020
1778709092539 1.6434190620272316e-05 3040
1778709093962 1.6343419062027232e-05 3060
1778709095380 1.625264750378215e-05 3080
1778709096810 1.6161875945537065e-05 3100
1778709098240 1.607110438729198e-05 3120
1778709099643 1.5980332829046898e-05 3140
1778709101069 1.5889561270801815e-05 3160
1778709102480 1.5798789712556735e-05 3180
1778709103885 1.570801815431165e-05 3200
1778709105592 1.5617246596066564e-05 3220
1778709107006 1.552647503782148e-05 3240
1778709110760 1.54357034795764e-05 3260
1778709112175 1.5344931921331317e-05 3280
1778709113592 1.5254160363086232e-05 3300
1778709115004 1.5163388804841152e-05 3320
1778709116424 1.5072617246596067e-05 3340
1778709117851 1.4981845688350983e-05 3360
1778709119272 1.4891074130105902e-05 3380
1778709120697 1.4800302571860816e-05 3400
1778709122111 1.4709531013615735e-05 3420
1778709123528 1.4618759455370651e-05 3440
1778709124954 1.4527987897125568e-05 3460
1778709126393 1.4437216338880484e-05 3480
1778709127809 1.43464447806354e-05 3500
1778709131602 1.4255673222390317e-05 3520
1778709133017 1.4164901664145235e-05 3540
1778709134433 1.407413010590015e-05 3560
1778709135857 1.3983358547655068e-05 3580
1778709137278 1.3892586989409985e-05 3600
1778709138693 1.3801815431164902e-05 3620
1778709140112 1.371104387291982e-05 3640
1778709141537 1.3620272314674735e-05 3660
1778709142949 1.3529500756429653e-05 3680
1778709144374 1.343872919818457e-05 3700
1778709145795 1.3347957639939486e-05 3720
1778709147214 1.3257186081694402e-05 3740
1778709150999 1.316641452344932e-05 3760
1778709152423 1.3075642965204235e-05 3780
1778709153846 1.2984871406959154e-05 3800
1778709155275 1.289409984871407e-05 3820
1778709156709 1.2803328290468987e-05 3840
1778709158137 1.2712556732223903e-05 3860
1778709159559 1.262178517397882e-05 3880
1778709160973 1.2531013615733736e-05 3900
1778709162399 1.2440242057488654e-05 3920
1778709163826 1.2349470499243571e-05 3940
1778709165250 1.2258698940998488e-05 3960
1778709166677 1.2167927382753404e-05 3980
1778709168110 1.207715582450832e-05 4000
1778709171911 1.1986384266263239e-05 4020
1778709173332 1.1895612708018154e-05 4040
1778709174751 1.1809379727685326e-05 4060
1778709176175 1.1718608169440242e-05 4080
1778709177610 1.1627836611195159e-05 4100
1778709179030 1.1537065052950075e-05 4120
1778709180474 1.1446293494704993e-05 4140
1778709181885 1.1355521936459908e-05 4160
1778709183299 1.1264750378214827e-05 4180
1778709184702 1.1173978819969743e-05 4200
1778709186115 1.108320726172466e-05 4220
1778709187527 1.0992435703479578e-05 4240
1778709191316 1.0901664145234493e-05 4260
1778709192728 1.081089258698941e-05 4280
1778709194172 1.0720121028744327e-05 4300
1778709195585 1.0629349470499244e-05 4320
1778709197005 1.053857791225416e-05 4340
1778709198421 1.0447806354009079e-05 4360
1778709199827 1.0357034795763993e-05 4380
1778709201239 1.0266263237518912e-05 4400
1778709202660 1.0175491679273827e-05 4420
1778709204077 1.0084720121028745e-05 4440
1778709205504 9.993948562783661e-06 4460
1778709206926 9.903177004538578e-06 4480
1778709208337 9.812405446293494e-06 4500
1778709212108 9.721633888048413e-06 4520
1778709213522 9.630862329803327e-06 4540
1778709214940 9.540090771558246e-06 4560
1778709216360 9.449319213313162e-06 4580
1778709217780 9.358547655068079e-06 4600
1778709219206 9.267776096822997e-06 4620
1778709220636 9.177004538577912e-06 4640
1778709222057 9.08623298033283e-06 4660
1778709223480 8.995461422087746e-06 4680
1778709224992 8.904689863842663e-06 4700
1778709226611 8.81391830559758e-06 4720
1778709228031 8.723146747352496e-06 4740
1778709231862 8.632375189107412e-06 4760
1778709233275 8.54160363086233e-06 4780
1778709234690 8.450832072617246e-06 4800
1778709236106 8.360060514372164e-06 4820
1778709237519 8.26928895612708e-06 4840
1778709238937 8.178517397881997e-06 4860
1778709240348 8.087745839636915e-06 4880
1778709241771 7.99697428139183e-06 4900
1778709243187 7.906202723146748e-06 4920
1778709244600 7.815431164901665e-06 4940
1778709246015 7.724659606656581e-06 4960
1778709247456 7.633888048411498e-06 4980
1778709248901 7.543116490166415e-06 5000
1778709252702 7.4523449319213315e-06 5020
1778709254120 7.361573373676249e-06 5040
1778709255543 7.2708018154311654e-06 5060
1778709256963 7.180030257186082e-06 5080
1778709258384 7.0892586989409985e-06 5100
1778709259800 6.998487140695916e-06 5120
1778709261219 6.907715582450832e-06 5140
1778709262644 6.816944024205749e-06 5160
1778709264063 6.726172465960665e-06 5180
1778709265486 6.635400907715583e-06 5200
1778709266909 6.544629349470499e-06 5220
1778709268333 6.453857791225416e-06 5240
1778709272128 6.363086232980332e-06 5260
1778709273558 6.27231467473525e-06 5280
1778709274993 6.181543116490166e-06 5300
1778709276427 6.090771558245084e-06 5320
1778709277851 6e-06 5340
1778709279272 5.9092284417549175e-06 5360
1778709280700 5.818456883509834e-06 5380
1778709282118 5.7276853252647506e-06 5400
1778709283537 5.636913767019667e-06 5420
1778709284954 5.5461422087745845e-06 5440
1778709286370 5.455370650529501e-06 5460
1778709287788 5.3645990922844175e-06 5480
1778709289206 5.273827534039334e-06 5500
1778709292987 5.183055975794251e-06 5520
1778709294392 5.092284417549168e-06 5540
1778709295808 5.0015128593040845e-06 5560
1778709297229 4.910741301059001e-06 5580
1778709298647 4.819969742813918e-06 5600
1778709300061 4.729198184568836e-06 5620
1778709301468 4.638426626323752e-06 5640
1778709302892 4.547655068078669e-06 5660
1778709304315 4.456883509833586e-06 5680
1778709305731 4.366111951588503e-06 5700
1778709307157 4.275340393343419e-06 5720
1778709308588 4.184568835098336e-06 5740
1778709312324 4.093797276853253e-06 5760
1778709313739 4.00302571860817e-06 5780
1778709315146 3.912254160363086e-06 5800
1778709316558 3.821482602118003e-06 5820
1778709317989 3.7307110438729196e-06 5840
1778709319428 3.639939485627837e-06 5860
1778709320850 3.5491679273827535e-06 5880
1778709322281 3.4583963691376704e-06 5900
1778709323694 3.367624810892587e-06 5920
1778709325131 3.276853252647504e-06 5940
1778709326542 3.1860816944024204e-06 5960
1778709327970 3.0953101361573374e-06 5980
1778709329375 3.004538577912254e-06 6000
1778709333153 2.9137670196671713e-06 6020
1778709334567 2.822995461422088e-06 6040
1778709335984 2.736762481089259e-06 6060
1778709337395 2.6459909228441755e-06 6080
1778709338796 2.5552193645990925e-06 6100
1778709340221 2.464447806354009e-06 6120
1778709341632 2.373676248108926e-06 6140
1778709343040 2.2829046898638425e-06 6160
1778709344447 2.19213313161876e-06 6180
1778709345852 2.1013615733736764e-06 6200
1778709347257 2.0105900151285933e-06 6220
1778709348666 1.91981845688351e-06 6240
1778709352430 1.8290468986384266e-06 6260
1778709353853 1.7382753403933433e-06 6280
1778709355261 1.6475037821482603e-06 6300
1778709356681 1.556732223903177e-06 6320
1778709358104 1.4659606656580937e-06 6340
1778709359516 1.3751891074130105e-06 6360
1778709360949 1.2889561270801817e-06 6380
1778709362372 1.1981845688350984e-06 6400
1778709363791 1.1074130105900151e-06 6420
1778709365197 1.0166414523449319e-06 6440
1778709366619 9.258698940998487e-07 6460
1778709368035 8.350983358547656e-07 6480
1778709369449 7.443267776096823e-07 6500
1778709373512 6.535552193645991e-07 6520
1778709374925 5.627836611195159e-07 6540
1778709376342 4.720121028744327e-07 6560
1778709377765 3.8124054462934946e-07 6580
1778709379182 2.9046898638426624e-07 6600
1778709380597 1.9969742813918306e-07 6620
1778709382009 1.0892586989409985e-07 6640
1778709383431 1.815431164901664e-08 6660
