1778708849688 0.6995 20
1778708851096 0.6818 40
1778708852510 0.6535 60
1778708853922 0.6225 80
1778708855329 0.5882 100
1778708856738 0.5469 120
1778708858157 0.4775 140
1778708859569 0.5035 160
1778708860985 0.5013 180
1778708862552 0.5034 200
1778708864074 0.4597 220
1778708865493 0.4236 240
1778708869250 0.4318 260
1778708870666 0.4756 280
1778708872077 0.4277 300
1778708873488 0.4317 320
1778708874912 0.4645 340
1778708876329 0.4437 360
1778708877751 0.4278 380
1778708879174 0.4038 400
1778708880594 0.4102 420
1778708882014 0.4329 440
1778708883440 0.417 460
1778708884860 0.42 480
1778708886283 0.4438 500
1778708890061 0.4054 520
1778708891471 0.4627 540
1778708892880 0.3616 560
1778708894289 0.3627 580
1778708895727 0.3987 600
1778708897140 0.3936 620
1778708898556 0.412 640
1778708899970 0.4131 660
1778708901391 0.4085 680
1778708902812 0.4182 700
1778708904251 0.3822 720
1778708905667 0.4043 740
1778708909462 0.385 760
1778708910885 0.3805 780
1778708912306 0.3688 800
1778708913720 0.3697 820
1778708915130 0.3929 840
1778708916540 0.3935 860
1778708917957 0.356 880
1778708919370 0.4614 900
1778708920788 0.3594 920
1778708922196 0.3487 940
1778708923606 0.3638 960
1778708925017 0.3718 980
1778708926429 0.3814 1000
1778708930196 0.4448 1020
1778708931618 0.3599 1040
1778708933041 0.3908 1060
1778708934480 0.3973 1080
1778708935964 0.3586 1100
1778708937390 0.4048 1120
1778708938831 0.3519 1140
1778708940253 0.3954 1160
1778708941671 0.3899 1180
1778708943079 0.41 1200
1778708944492 0.3765 1220
1778708945901 0.3866 1240
1778708949675 0.4134 1260
1778708951107 0.3862 1280
1778708952534 0.3687 1300
1778708953945 0.3735 1320
1778708955382 0.3229 1340
1778708956794 0.3964 1360
1778708958195 0.3308 1380
1778708959616 0.3807 1400
1778708961033 0.3445 1420
1778708962438 0.3364 1440
1778708963879 0.3311 1460
1778708965295 0.3543 1480
1778708966700 0.3803 1500
1778708970491 0.3516 1520
1778708971903 0.3583 1540
1778708973325 0.3732 1560
1778708974747 0.3287 1580
1778708976160 0.333 1600
1778708977566 0.3403 1620
1778708978970 0.3415 1640
1778708980389 0.3351 1660
1778708981840 0.3187 1680
1778708983260 0.3773 1700
1778708984684 0.3438 1720
1778708986102 0.3609 1740
1778708989941 0.344 1760
1778708991357 0.3269 1780
1778708992773 0.3539 1800
1778708994189 0.3261 1820
1778708995602 0.3315 1840
1778708997021 0.3104 1860
1778708998425 0.3659 1880
1778708999841 0.3231 1900
1778709001253 0.3427 1920
1778709002675 0.3618 1940
1778709004095 0.3256 1960
1778709005512 0.3197 1980
1778709006925 0.3118 2000
1778709010701 0.3569 2020
1778709012129 0.355 2040
1778709013561 0.296 2060
1778709014976 0.3437 2080
1778709016398 0.3215 2100
1778709017812 0.3095 2120
1778709019223 0.3122 2140
1778709020648 0.3665 2160
1778709022050 0.3395 2180
1778709023454 0.2873 2200
1778709024861 0.346 2220
1778709026267 0.3461 2240
1778709030010 0.3298 2260
1778709031421 0.3233 2280
1778709032824 0.3793 2300
1778709034262 0.3683 2320
1778709035679 0.3147 2340
1778709037092 0.3195 2360
1778709038506 0.3348 2380
1778709039924 0.3284 2400
1778709041338 0.3213 2420
1778709042763 0.2993 2440
1778709044323 0.3604 2460
1778709045844 0.3546 2480
1778709047251 0.3126 2500
1778709051032 0.3288 2520
1778709052446 0.3305 2540
1778709053861 0.3298 2560
1778709055274 0.3705 2580
1778709056697 0.328 2600
1778709058110 0.293 2620
1778709059526 0.3447 2640
1778709060938 0.3374 2660
1778709062352 0.3085 2680
1778709063759 0.3332 2700
1778709065167 0.2962 2720
1778709066576 0.3204 2740
1778709070324 0.296 2760
1778709071738 0.3318 2780
1778709073151 0.2419 2800
1778709074574 0.3288 2820
1778709075992 0.2739 2840
1778709077411 0.299 2860
1778709078825 0.3892 2880
1778709080260 0.3543 2900
1778709081673 0.2877 2920
1778709083088 0.2896 2940
1778709084506 0.2596 2960
1778709085920 0.2901 2980
1778709087335 0.2747 3000
1778709091118 0.2578 3020
1778709092539 0.277 3040
1778709093962 0.3162 3060
1778709095380 0.2949 3080
1778709096810 0.3059 3100
1778709098240 0.2893 3120
1778709099643 0.3321 3140
1778709101069 0.3045 3160
1778709102480 0.2749 3180
1778709103885 0.2728 3200
1778709105592 0.2951 3220
1778709107006 0.3336 3240
1778709110760 0.2671 3260
1778709112175 0.2689 3280
1778709113592 0.2662 3300
1778709115004 0.2761 3320
1778709116424 0.2755 3340
1778709117851 0.3141 3360
1778709119272 0.2638 3380
1778709120697 0.3057 3400
1778709122111 0.2838 3420
1778709123528 0.3295 3440
1778709124954 0.3126 3460
1778709126393 0.2757 3480
1778709127809 0.3154 3500
1778709131602 0.2895 3520
1778709133017 0.282 3540
1778709134433 0.335 3560
1778709135857 0.3173 3580
1778709137278 0.2832 3600
1778709138693 0.3284 3620
1778709140112 0.2791 3640
1778709141537 0.3033 3660
1778709142949 0.2878 3680
1778709144374 0.2929 3700
1778709145795 0.2863 3720
1778709147214 0.3175 3740
1778709150999 0.2763 3760
1778709152423 0.3189 3780
1778709153846 0.3039 3800
1778709155275 0.305 3820
1778709156709 0.281 3840
1778709158137 0.288 3860
1778709159559 0.3002 3880
1778709160973 0.3035 3900
1778709162399 0.2619 3920
1778709163826 0.2902 3940
1778709165250 0.2845 3960
1778709166677 0.3163 3980
1778709168110 0.2666 4000
1778709171911 0.2978 4020
1778709173332 0.2706 4040
1778709174751 0.2929 4060
1778709176175 0.2248 4080
1778709177610 0.2829 4100
1778709179030 0.2315 4120
1778709180474 0.2829 4140
1778709181885 0.2653 4160
1778709183299 0.2402 4180
1778709184702 0.2598 4200
1778709186115 0.2396 4220
1778709187527 0.2828 4240
1778709191316 0.287 4260
1778709192728 0.2427 4280
1778709194172 0.2385 4300
1778709195585 0.2629 4320
1778709197005 0.2437 4340
1778709198421 0.2952 4360
1778709199827 0.2799 4380
1778709201239 0.2968 4400
1778709202660 0.2484 4420
1778709204077 0.2502 4440
1778709205504 0.2596 4460
1778709206926 0.2841 4480
1778709208337 0.2347 4500
1778709212108 0.2441 4520
1778709213522 0.2887 4540
1778709214940 0.2484 4560
1778709216360 0.2458 4580
1778709217780 0.273 4600
1778709219206 0.2481 4620
1778709220636 0.2653 4640
1778709222057 0.2779 4660
1778709223480 0.2715 4680
1778709224992 0.2687 4700
1778709226611 0.2682 4720
1778709228031 0.2307 4740
1778709231862 0.3008 4760
1778709233275 0.2898 4780
1778709234690 0.3366 4800
1778709236106 0.2806 4820
1778709237519 0.279 4840
1778709238937 0.276 4860
1778709240348 0.2372 4880
1778709241771 0.2613 4900
1778709243187 0.2983 4920
1778709244600 0.2613 4940
1778709246015 0.2899 4960
1778709247456 0.3045 4980
1778709248901 0.2645 5000
1778709252702 0.3024 5020
1778709254120 0.2377 5040
1778709255543 0.2536 5060
1778709256963 0.2533 5080
1778709258384 0.2321 5100
1778709259800 0.2559 5120
1778709261219 0.3008 5140
1778709262644 0.2513 5160
1778709264063 0.2579 5180
1778709265486 0.2494 5200
1778709266909 0.2311 5220
1778709268333 0.262 5240
1778709272128 0.2352 5260
1778709273558 0.2744 5280
1778709274993 0.2525 5300
1778709276427 0.2962 5320
1778709277851 0.2593 5340
1778709279272 0.2324 5360
1778709280700 0.2223 5380
1778709282118 0.2097 5400
1778709283537 0.2444 5420
1778709284954 0.2442 5440
1778709286370 0.2635 5460
1778709287788 0.2575 5480
1778709289206 0.2251 5500
1778709292987 0.2126 5520
1778709294392 0.2456 5540
1778709295808 0.2393 5560
1778709297229 0.2433 5580
1778709298647 0.2683 5600
1778709300061 0.3014 5620
1778709301468 0.2615 5640
1778709302892 0.2135 5660
1778709304315 0.2429 5680
1778709305731 0.2377 5700
1778709307157 0.2326 5720
1778709308588 0.2493 5740
1778709312324 0.2548 5760
1778709313739 0.2335 5780
1778709315146 0.2378 5800
1778709316558 0.2259 5820
1778709317989 0.2427 5840
1778709319428 0.2293 5860
1778709320850 0.2551 5880
1778709322281 0.2466 5900
1778709323694 0.2447 5920
1778709325131 0.256 5940
1778709326542 0.2708 5960
1778709327970 0.2169 5980
1778709329375 0.2315 6000
1778709333153 0.2233 6020
1778709334567 0.2218 6040
1778709335984 0.2537 6060
1778709337395 0.2195 6080
1778709338796 0.2354 6100
1778709340221 0.2589 6120
1778709341632 0.2408 6140
1778709343040 0.2189 6160
1778709344447 0.2512 6180
1778709345852 0.229 6200
1778709347257 0.2125 6220
1778709348666 0.2243 6240
1778709352430 0.2612 6260
1778709353853 0.2431 6280
1778709355261 0.2301 6300
1778709356681 0.2258 6320
1778709358104 0.2532 6340
1778709359516 0.2526 6360
1778709360949 0.2152 6380
1778709362372 0.2297 6400
1778709363791 0.2585 6420
1778709365197 0.2495 6440
1778709366619 0.2529 6460
1778709368035 0.2451 6480
1778709369449 0.2495 6500
1778709373512 0.1987 6520
1778709374925 0.1999 6540
1778709376342 0.2352 6560
1778709377765 0.2548 6580
1778709379182 0.2523 6600
1778709380597 0.2729 6620
1778709382009 0.242 6640
1778709383431 0.2098 6660
