1778711858139 0.021953896816684963 20
1778711858724 0.043907793633369926 40
1778711859322 0.06586169045005488 60
1778711859914 0.08781558726673985 80
1778711860506 0.10976948408342481 100
1778711861099 0.13172338090010977 120
1778711861692 0.15367727771679474 140
1778711862285 0.1756311745334797 160
1778711862891 0.19758507135016465 180
1778711863489 0.21953896816684962 200
1778711864078 0.2414928649835346 220
1778711864669 0.26344676180021953 240
1778711866732 0.27442371020856204 250
1778711868329 0.2854006586169045 260
1778711868917 0.30735455543358947 280
1778711869513 0.32930845225027444 300
1778711870119 0.3512623490669594 320
1778711870729 0.3732162458836443 340
1778711871332 0.3951701427003293 360
1778711871921 0.41712403951701427 380
1778711872511 0.43907793633369924 400
1778711873101 0.4610318331503842 420
1778711873692 0.4829857299670692 440
1778711874285 0.5049396267837541 460
1778711874875 0.5268935236004391 480
1778711875464 0.5488474204171241 500
1778711877260 0.5488474204171241 500
1778711879176 0.570801317233809 520
1778711879764 0.5927552140504939 540
1778711880358 0.6147091108671789 560
1778711880950 0.6366630076838639 580
1778711881552 0.6586169045005489 600
1778711882142 0.6805708013172338 620
1778711882731 0.7025246981339188 640
1778711883320 0.7244785949506037 660
1778711883910 0.7464324917672887 680
1778711884501 0.7683863885839737 700
1778711885090 0.7903402854006586 720
1778711885679 0.8122941822173436 740
1778711887757 0.823271130625686 750
1778711889201 0.8342480790340285 760
1778711889790 0.8562019758507134 780
1778711890382 0.8781558726673985 800
1778711890964 0.9001097694840834 820
1778711891553 0.9220636663007684 840
1778711892139 0.9440175631174533 860
1778711892730 0.9659714599341384 880
1778711893316 0.9879253567508233 900
1778711893905 1.0098792535675083 920
1778711894494 1.031833150384193 940
1778711895085 1.0537870472008781 960
1778711895675 1.0757409440175631 980
1778711896265 1.0976948408342482 1000
1778711898035 1.0976948408342482 1000
1778711900098 1.119648737650933 1020
1778711900688 1.141602634467618 1040
1778711901278 1.163556531284303 1060
1778711901874 1.1855104281009878 1080
1778711902461 1.2074643249176729 1100
1778711903048 1.2294182217343579 1120
1778711903638 1.2513721185510427 1140
1778711904241 1.2733260153677277 1160
1778711904849 1.2952799121844127 1180
1778711905443 1.3172338090010978 1200
1778711906037 1.3391877058177828 1220
1778711906629 1.3611416026344676 1240
1778711908713 1.37211855104281 1250
1778711910347 1.3830954994511526 1260
1778711910936 1.4050493962678376 1280
1778711911524 1.4270032930845225 1300
1778711912123 1.4489571899012075 1320
1778711912717 1.4709110867178925 1340
1778711913314 1.4928649835345773 1360
1778711913910 1.5148188803512623 1380
1778711914510 1.5367727771679474 1400
1778711915102 1.5587266739846322 1420
1778711915693 1.5806805708013172 1440
1778711916285 1.6026344676180022 1460
1778711916874 1.624588364434687 1480
1778711917477 1.6465422612513723 1500
1778711919256 1.6465422612513723 1500
1778711920985 1.668496158068057 1520
1778711921575 1.690450054884742 1540
1778711922166 1.7124039517014271 1560
1778711922755 1.734357848518112 1580
1778711923344 1.756311745334797 1600
1778711923940 1.778265642151482 1620
1778711924529 1.8002195389681668 1640
1778711925118 1.8221734357848518 1660
1778711925708 1.8441273326015368 1680
1778711926297 1.8660812294182216 1700
1778711926888 1.8880351262349067 1720
1778711927475 1.9099890230515917 1740
1778711929541 1.920965971459934 1750
1778711931313 1.9319429198682765 1760
1778711931903 1.9538968166849617 1780
1778711932493 1.9758507135016465 1800
1778711933082 1.9978046103183313 1820
1778711933674 2.0197585071350166 1840
1778711934263 2.0417124039517014 1860
1778711934857 2.063666300768386 1880
1778711935447 2.0856201975850714 1900
1778711936044 2.1075740944017562 1920
1778711936636 2.129527991218441 1940
1778711937226 2.1514818880351263 1960
1778711937819 2.173435784851811 1980
1778711938422 2.1953896816684964 2000
1778711940206 2.1953896816684964 2000
1778711941964 2.217343578485181 2020
1778711942561 2.239297475301866 2040
1778711943150 2.261251372118551 2060
1778711943738 2.283205268935236 2080
1778711944326 2.305159165751921 2100
1778711944914 2.327113062568606 2120
1778711945503 2.349066959385291 2140
1778711946090 2.3710208562019757 2160
1778711946679 2.392974753018661 2180
1778711947257 2.4149286498353457 2200
1778711947853 2.436882546652031 2220
1778711948443 2.4588364434687158 2240
1778711950508 2.469813391877058 2250
1778711952312 2.4807903402854006 2260
1778711952903 2.5027442371020854 2280
1778711953493 2.5246981339187706 2300
1778711954081 2.5466520307354554 2320
1778711954670 2.5686059275521407 2340
1778711955259 2.5905598243688255 2360
1778711955847 2.6125137211855103 2380
1778711956448 2.6344676180021955 2400
1778711957063 2.6564215148188803 2420
1778711957686 2.6783754116355656 2440
1778711958367 2.7003293084522504 2460
1778711958957 2.722283205268935 2480
1778711959549 2.74423710208562 2500
1778711961352 2.74423710208562 2500
1778711963096 2.7661909989023052 2520
1778711963688 2.78814489571899 2540
1778711964280 2.8100987925356753 2560
1778711964870 2.83205268935236 2580
1778711965459 2.854006586169045 2600
1778711966049 2.8759604829857297 2620
1778711966637 2.897914379802415 2640
1778711967228 2.9198682766190998 2660
1778711967822 2.941822173435785 2680
1778711968411 2.96377607025247 2700
1778711968999 2.9857299670691546 2720
1778711969594 3.00768386388584 2740
1778711971651 3.0186608122941823 2750
1778711973267 3.0296377607025247 2760
1778711973857 3.0515916575192095 2780
1778711974448 3.0735455543358947 2800
1778711975038 3.0954994511525795 2820
1778711975626 3.1174533479692643 2840
1778711976215 3.1394072447859496 2860
1778711976803 3.1613611416026344 2880
1778711977388 3.1833150384193196 2900
1778711977977 3.2052689352360044 2920
1778711978561 3.2272228320526892 2940
1778711979143 3.2491767288693745 2960
1778711979733 3.2711306256860593 2980
1778711980321 3.293084522502744 3000
1778711982106 3.293084522502744 3000
1778711984018 3.3150384193194293 3020
1778711984604 3.336992316136114 3040
1778711985180 3.358946212952799 3060
1778711985767 3.380900109769484 3080
1778711986352 3.402854006586169 3100
1778711986939 3.4248079034028542 3120
1778711987528 3.446761800219539 3140
1778711988121 3.468715697036224 3160
1778711988712 3.4906695938529086 3180
1778711989298 3.512623490669594 3200
1778711989887 3.5345773874862787 3220
1778711990472 3.556531284302964 3240
1778711992548 3.5675082327113063 3250
1778711994135 3.5784851811196488 3260
1778711994722 3.6004390779363336 3280
1778711995311 3.622392974753019 3300
1778711995899 3.6443468715697036 3320
1778711996488 3.666300768386389 3340
1778711997076 3.6882546652030737 3360
1778711997662 3.7102085620197585 3380
1778711998252 3.7321624588364433 3400
1778711998841 3.7541163556531285 3420
1778711999430 3.7760702524698133 3440
1778712000017 3.7980241492864986 3460
1778712000605 3.8199780461031834 3480
1778712001192 3.841931942919868 3500
1778712003014 3.841931942919868 3500
1778712004940 3.863885839736553 3520
1778712005529 3.885839736553238 3540
1778712006117 3.907793633369923 3560
1778712006704 3.9297475301866083 3580
1778712007292 3.951701427003293 3600
1778712007880 3.973655323819978 3620
1778712008469 3.995609220636663 3640
1778712009059 4.017563117453348 3660
1778712009648 4.039517014270033 3680
1778712010238 4.061470911086718 3700
1778712010827 4.083424807903403 3720
1778712011417 4.105378704720088 3740
1778712013488 4.11635565312843 3750
1778712015099 4.127332601536772 3760
1778712015687 4.149286498353458 3780
1778712016275 4.171240395170143 3800
1778712016863 4.193194291986828 3820
1778712017452 4.2151481888035125 3840
1778712018042 4.237102085620197 3860
1778712018632 4.259055982436882 3880
1778712019218 4.281009879253568 3900
1778712019809 4.302963776070253 3920
1778712020399 4.324917672886937 3940
1778712020987 4.346871569703622 3960
1778712021575 4.368825466520307 3980
1778712022164 4.390779363336993 4000
1778712023951 4.390779363336993 4000
1778712025861 4.4127332601536775 4020
1778712026450 4.434687156970362 4040
1778712027042 4.456641053787047 4060
1778712027631 4.478594950603732 4080
1778712028219 4.500548847420417 4100
1778712028828 4.522502744237102 4120
1778712029423 4.544456641053787 4140
1778712030012 4.566410537870472 4160
1778712030600 4.588364434687157 4180
1778712031188 4.610318331503842 4200
1778712031777 4.632272228320527 4220
1778712032366 4.654226125137212 4240
1778712034440 4.6652030735455545 4250
1778712036057 4.676180021953897 4260
1778712036644 4.698133918770582 4280
1778712037234 4.7200878155872665 4300
1778712037823 4.742041712403951 4320
1778712038411 4.763995609220637 4340
1778712039001 4.785949506037322 4360
1778712039592 4.807903402854007 4380
1778712040182 4.829857299670691 4400
1778712040768 4.851811196487376 4420
1778712041359 4.873765093304062 4440
1778712041948 4.895718990120747 4460
1778712042538 4.9176728869374315 4480
1778712043126 4.939626783754116 4500
1778712044905 4.939626783754116 4500
1778712046825 4.961580680570801 4520
1778712047413 4.983534577387486 4540
1778712049258 5.0 4555
1778712051226 5.0 4555
1778712051558 5.0 4555
1778712052481 5.0 0
