1778161330121 0.014025245441795231 20
1778161337096 0.028050490883590462 40
1778161344087 0.04207573632538569 60
1778161351097 0.056100981767180924 80
1778161358126 0.07012622720897616 100
1778161365182 0.08415147265077139 120
1778161372251 0.09817671809256662 140
1778161379328 0.11220196353436185 160
1778161386435 0.12622720897615708 180
1778161393558 0.1402524544179523 200
1778161400694 0.15427769985974754 220
1778161407849 0.16830294530154277 240
1778161433125 0.1753155680224404 250
1778161437229 0.182328190743338 260
1778161444440 0.19635343618513323 280
1778161451664 0.21037868162692847 300
1778161458900 0.2244039270687237 320
1778161466148 0.23842917251051893 340
1778161473405 0.25245441795231416 360
1778161480670 0.2664796633941094 380
1778161487947 0.2805049088359046 400
1778161495220 0.29453015427769985 420
1778161502493 0.3085553997194951 440
1778161509773 0.3225806451612903 460
1778161517048 0.33660589060308554 480
1778161524344 0.3506311360448808 500
1778161546523 0.3506311360448808 500
1778161554387 0.364656381486676 520
1778161561699 0.37868162692847124 540
1778161569016 0.39270687237026647 560
1778161576330 0.4067321178120617 580
1778161583649 0.42075736325385693 600
1778161590983 0.43478260869565216 620
1778161598303 0.4488078541374474 640
1778161605636 0.4628330995792426 660
1778161612963 0.47685834502103785 680
1778161620292 0.4908835904628331 700
1778161627625 0.5049088359046283 720
1778161634972 0.5189340813464236 740
1778161660995 0.5259467040673211 750
1778161665167 0.5329593267882188 760
1778161672509 0.5469845722300141 780
1778161679860 0.5610098176718092 800
1778161687215 0.5750350631136045 820
1778161694574 0.5890603085553997 840
1778161701944 0.603085553997195 860
1778161709311 0.6171107994389902 880
1778161716679 0.6311360448807855 900
1778161724040 0.6451612903225806 920
1778161731414 0.6591865357643759 940
1778161738789 0.6732117812061711 960
1778161746160 0.6872370266479664 980
1778161753548 0.7012622720897616 1000
1778161776012 0.7012622720897616 1000
1778161783898 0.7152875175315568 1020
1778161791286 0.729312762973352 1040
1778161798667 0.7433380084151473 1060
1778161806049 0.7573632538569425 1080
1778161813439 0.7713884992987378 1100
1778161820815 0.7854137447405329 1120
1778161828203 0.7994389901823282 1140
1778161835578 0.8134642356241234 1160
1778161842952 0.8274894810659187 1180
1778161850326 0.8415147265077139 1200
1778161857706 0.8555399719495091 1220
1778161865091 0.8695652173913043 1240
1778161891275 0.876577840112202 1250
1778161895496 0.8835904628330996 1260
1778161902887 0.8976157082748948 1280
1778161910267 0.9116409537166901 1300
1778161917648 0.9256661991584852 1320
1778161925049 0.9396914446002805 1340
1778161932439 0.9537166900420757 1360
1778161939822 0.967741935483871 1380
1778161947217 0.9817671809256662 1400
1778161954601 0.9957924263674615 1420
1778161961813 1.0098176718092566 1440
1778161969218 1.023842917251052 1460
1778161976617 1.0378681626928472 1480
1778161984002 1.0518934081346423 1500
1778162006473 1.0518934081346423 1500
1778162014339 1.0659186535764376 1520
1778162021721 1.0799438990182328 1540
1778162029097 1.0939691444600281 1560
1778162036476 1.1079943899018232 1580
1778162043859 1.1220196353436185 1600
1778162051234 1.1360448807854138 1620
1778162058613 1.150070126227209 1640
1778162065990 1.1640953716690041 1660
1778162073366 1.1781206171107994 1680
1778162080751 1.1921458625525947 1700
1778162088140 1.20617110799439 1720
1778162095516 1.220196353436185 1740
1778162121673 1.2272089761570828 1750
1778162125891 1.2342215988779803 1760
1778162133267 1.2482468443197756 1780
1778162140648 1.262272089761571 1800
1778162148031 1.276297335203366 1820
1778162155424 1.2903225806451613 1840
1778162162817 1.3043478260869565 1860
1778162170222 1.3183730715287518 1880
1778162177628 1.3323983169705471 1900
1778162185034 1.3464235624123422 1920
1778162192424 1.3604488078541375 1940
1778162199813 1.3744740532959328 1960
1778162207206 1.3884992987377278 1980
1778162214608 1.402524544179523 2000
1778162237126 1.402524544179523 2000
1778162245054 1.4165497896213184 2020
1778162252487 1.4305750350631137 2040
1778162259893 1.444600280504909 2060
1778162267293 1.458625525946704 2080
1778162274690 1.4726507713884993 2100
1778162282098 1.4866760168302946 2120
1778162289502 1.5007012622720897 2140
1778162296903 1.514726507713885 2160
1778162304303 1.5287517531556802 2180
1778162311722 1.5427769985974753 2200
1778162319138 1.5568022440392708 2220
1778162326541 1.5708274894810659 2240
1778162352725 1.5778401122019634 2250
1778162356951 1.5848527349228612 2260
1778162364362 1.5988779803646564 2280
1778162371780 1.6129032258064515 2300
1778162379180 1.6269284712482468 2320
1778162386569 1.640953716690042 2340
1778162393965 1.6549789621318372 2360
1778162401358 1.6690042075736327 2380
1778162408736 1.6830294530154277 2400
1778162416131 1.697054698457223 2420
1778162423523 1.7110799438990183 2440
1778162430904 1.7251051893408134 2460
1778162438300 1.7391304347826086 2480
1778162445676 1.753155680224404 2500
1778162468145 1.753155680224404 2500
1778162476093 1.767180925666199 2520
1778162483472 1.7812061711079945 2540
1778162490860 1.7952314165497896 2560
1778162498241 1.8092566619915849 2580
1778162505632 1.8232819074333801 2600
1778162513029 1.8373071528751752 2620
1778162520420 1.8513323983169705 2640
1778162527829 1.8653576437587658 2660
1778162535225 1.8793828892005608 2680
1778162542620 1.8934081346423564 2700
1778162550019 1.9074333800841514 2720
1778162557434 1.9214586255259467 2740
1778162583664 1.9284712482468445 2750
1778162587880 1.935483870967742 2760
1778162595297 1.949509116409537 2780
1778162602706 1.9635343618513323 2800
1778162610120 1.9775596072931276 2820
1778162617529 1.9915848527349227 2840
1778162624767 2.005610098176718 2860
1778162632176 2.0196353436185133 2880
1778162639573 2.0336605890603083 2900
1778162646972 2.047685834502104 2920
1778162654363 2.061711079943899 2940
1778162661762 2.0757363253856944 2960
1778162669166 2.0897615708274895 2980
1778162676558 2.1037868162692845 3000
1778162699044 2.1037868162692845 3000
1778162706938 2.11781206171108 3020
1778162714323 2.131837307152875 3040
1778162721706 2.1458625525946706 3060
1778162729099 2.1598877980364657 3080
1778162736496 2.1739130434782608 3100
1778162743880 2.1879382889200563 3120
1778162751272 2.2019635343618513 3140
1778162758670 2.2159887798036464 3160
1778162766356 2.230014025245442 3180
1778162773754 2.244039270687237 3200
1778162781150 2.258064516129032 3220
1778162788559 2.2720897615708275 3240
1778162814731 2.279102384291725 3250
1778162818930 2.2861150070126226 3260
1778162826328 2.300140252454418 3280
1778162833734 2.314165497896213 3300
1778162841131 2.3281907433380082 3320
1778162848523 2.3422159887798037 3340
1778162855913 2.356241234221599 3360
1778162863310 2.3702664796633943 3380
1778162870717 2.3842917251051894 3400
1778162878116 2.3983169705469845 3420
1778162885503 2.41234221598878 3440
1778162892893 2.426367461430575 3460
1778162900286 2.44039270687237 3480
1778162907682 2.4544179523141656 3500
1778162930142 2.4544179523141656 3500
1778162930711 2.4544179523141656 3500
1778162953205 2.4544179523141656 3500
1778162981279 2.4544179523141656 3500
1778162981932 2.4544179523141656 0
