1778161330121 1.4922345876693726 20
1778161337096 1.5597959756851196 40
1778161344087 2.005980968475342 60
1778161351097 1.082436442375183 80
1778161358126 4.23929500579834 100
1778161365182 2.076707601547241 120
1778161372251 2.371122121810913 140
1778161379328 1.2717193365097046 160
1778161386435 1.9732002019882202 180
1778161393558 2.673633098602295 200
1778161400694 1.8758320808410645 220
1778161407849 2.319758176803589 240
1778161437229 3.2184524536132812 260
1778161444440 3.2567696571350098 280
1778161451664 2.0373756885528564 300
1778161458900 2.967090129852295 320
1778161466148 2.1614818572998047 340
1778161473405 1.491405963897705 360
1778161480670 2.4723525047302246 380
1778161487947 1.6921794414520264 400
1778161495220 1.824327826499939 420
1778161502493 1.515223503112793 440
1778161509773 1.028850793838501 460
1778161517048 1.316816806793213 480
1778161524344 1.4128005504608154 500
1778161554387 1.2204500436782837 520
1778161561699 2.4318392276763916 540
1778161569016 2.3686187267303467 560
1778161576330 1.4671761989593506 580
1778161583649 1.1175850629806519 600
1778161590983 1.6758208274841309 620
1778161598303 2.2768421173095703 640
1778161605636 1.7153517007827759 660
1778161612963 1.9339803457260132 680
1778161620292 1.8249613046646118 700
1778161627625 2.1044135093688965 720
1778161634972 2.059879779815674 740
1778161665167 1.2425241470336914 760
1778161672509 1.2269837856292725 780
1778161679860 1.393031358718872 800
1778161687215 1.7022700309753418 820
1778161694574 1.6672728061676025 840
1778161701944 1.6107325553894043 860
1778161709311 2.9774670600891113 880
1778161716679 1.7808762788772583 900
1778161724040 3.3824033737182617 920
1778161731414 2.1435837745666504 940
1778161738789 2.297966241836548 960
1778161746160 1.241892695426941 980
1778161753548 1.428900122642517 1000
1778161783898 1.3431727886199951 1020
1778161791286 1.3044140338897705 1040
1778161798667 1.2429606914520264 1060
1778161806049 1.154327630996704 1080
1778161813439 1.5330384969711304 1100
1778161820815 0.9402080774307251 1120
1778161828203 1.289584994316101 1140
1778161835578 1.0663975477218628 1160
1778161842952 2.2473342418670654 1180
1778161850326 1.5970027446746826 1200
1778161857706 2.09618878364563 1220
1778161865091 1.716022253036499 1240
1778161895496 3.2389655113220215 1260
1778161902887 2.076869249343872 1280
1778161910267 2.0315396785736084 1300
1778161917648 0.9435418248176575 1320
1778161925049 1.063196063041687 1340
1778161932439 0.8848322033882141 1360
1778161939822 1.0601431131362915 1380
1778161947217 1.4118114709854126 1400
1778161954601 1.1711539030075073 1420
1778161961813 1.685332179069519 1440
1778161969218 2.2740375995635986 1460
1778161976617 2.226569890975952 1480
1778161984002 3.348684310913086 1500
1778162014339 1.066098928451538 1520
1778162021721 1.3007285594940186 1540
1778162029097 1.6868644952774048 1560
1778162036476 0.9513786435127258 1580
1778162043859 1.626183271408081 1600
1778162051234 1.5840718746185303 1620
1778162058613 1.9753330945968628 1640
1778162065990 1.114710807800293 1660
1778162073366 1.8856500387191772 1680
1778162080751 2.2326695919036865 1700
1778162088140 1.628015160560608 1720
1778162095516 0.9189844131469727 1740
1778162125891 1.3884165287017822 1760
1778162133267 2.6258442401885986 1780
1778162140648 1.399251937866211 1800
1778162148031 0.9174723029136658 1820
1778162155424 1.1238465309143066 1840
1778162162817 1.4217474460601807 1860
1778162170222 1.1408847570419312 1880
1778162177628 1.22573983669281 1900
1778162185034 0.9266373515129089 1920
1778162192424 2.7939915657043457 1940
1778162199813 1.022950291633606 1960
1778162207206 1.397327184677124 1980
1778162214608 1.3458112478256226 2000
1778162245054 1.9670183658599854 2020
1778162252487 1.3616982698440552 2040
1778162259893 1.1066100597381592 2060
1778162267293 0.7229641079902649 2080
1778162274690 1.4505366086959839 2100
1778162282098 1.828242540359497 2120
1778162289502 4.04277229309082 2140
1778162296903 1.1464883089065552 2160
1778162304303 0.993359386920929 2180
1778162311722 1.7517049312591553 2200
1778162319138 1.3718063831329346 2220
1778162326541 2.3984384536743164 2240
1778162356951 1.2751922607421875 2260
1778162364362 0.901351809501648 2280
1778162371780 3.5471198558807373 2300
1778162379180 2.628408432006836 2320
1778162386569 1.7754545211791992 2340
1778162393965 1.2980756759643555 2360
1778162401358 2.1736137866973877 2380
1778162408736 1.974645733833313 2400
1778162416131 1.1388379335403442 2420
1778162423523 2.428478956222534 2440
1778162430904 1.1423135995864868 2460
1778162438300 1.513015866279602 2480
1778162445676 1.7262855768203735 2500
1778162476093 1.8594093322753906 2520
1778162483472 2.149937868118286 2540
1778162490860 2.5544893741607666 2560
1778162498241 2.118699550628662 2580
1778162505632 0.8709467053413391 2600
1778162513029 1.689309000968933 2620
1778162520420 1.0289568901062012 2640
1778162527829 1.1987547874450684 2660
1778162535225 0.784028947353363 2680
1778162542620 0.9521019458770752 2700
1778162550019 1.0807026624679565 2720
1778162557434 3.430433511734009 2740
1778162587880 1.1917601823806763 2760
1778162595297 2.378509283065796 2780
1778162602706 1.367281198501587 2800
1778162610120 1.306653380393982 2820
1778162617529 2.6563282012939453 2840
1778162624767 1.3956317901611328 2860
1778162632176 1.4958807229995728 2880
1778162639573 1.2211836576461792 2900
1778162646972 2.807199716567993 2920
1778162654363 1.8906077146530151 2940
1778162661762 2.007617712020874 2960
1778162669166 1.3483237028121948 2980
1778162676558 1.9957643747329712 3000
1778162706938 1.5427727699279785 3020
1778162714323 1.200602412223816 3040
1778162721706 2.0114476680755615 3060
1778162729099 2.6836307048797607 3080
1778162736496 1.6269727945327759 3100
1778162743880 2.170785665512085 3120
1778162751272 2.0314736366271973 3140
1778162758670 1.815172791481018 3160
1778162766356 2.1252477169036865 3180
1778162773754 1.6441000699996948 3200
1778162781150 1.9551972150802612 3220
1778162788559 1.4332690238952637 3240
1778162818930 2.796625852584839 3260
1778162826328 3.0658085346221924 3280
1778162833734 3.264728307723999 3300
1778162841131 2.076462507247925 3320
1778162848523 2.073429584503174 3340
1778162855913 2.1878557205200195 3360
1778162863310 2.5855655670166016 3380
1778162870717 1.6459842920303345 3400
1778162878116 1.8423830270767212 3420
1778162885503 2.7414515018463135 3440
1778162892893 2.6534247398376465 3460
1778162900286 2.3317668437957764 3480
1778162907682 1.829803705215454 3500
