1778290959565 0.6935 20
1778290962468 0.6931 40
1778290965372 0.6862 60
1778290968277 0.6483 80
1778290971175 0.6054 100
1778290974092 0.5038 120
1778290977000 0.485 140
1778290979915 0.4731 160
1778290982824 0.4155 180
1778290985740 0.3805 200
1778290988650 0.3268 220
1778290991564 0.3506 240
1778290995759 0.328 260
1778290998666 0.333 280
1778291001576 0.2386 300
1778291004486 0.2585 320
1778291007392 0.2312 340
1778291010293 0.2368 360
1778291013197 0.1914 380
1778291016103 0.1544 400
1778291019015 0.1618 420
1778291021920 0.1635 440
1778291024824 0.1824 460
1778291027727 0.0987 480
1778291030636 0.1261 500
1778291034817 0.1197 520
1778291037731 0.1441 540
1778291040634 0.107 560
1778291043549 0.1195 580
1778291046455 0.0868 600
1778291049366 0.0716 620
1778291052272 0.0955 640
1778291055182 0.0559 660
1778291058086 0.0718 680
1778291060998 0.0616 700
1778291063903 0.0737 720
1778291066803 0.0566 740
1778291070839 0.0599 760
1778291073744 0.0465 780
1778291076648 0.058 800
1778291079554 0.0466 820
1778291082459 0.052 840
1778291085363 0.0504 860
1778291088269 0.0465 880
1778291091171 0.0555 900
1778291094076 0.0386 920
