1778305120466 0.038910505836575876 20
1778305125435 0.07782101167315175 40
1778305130384 0.11673151750972763 60
1778305135358 0.1556420233463035 80
1778305140329 0.19455252918287938 100
1778305145281 0.23346303501945526 120
1778305150257 0.2723735408560311 140
1778305155181 0.311284046692607 160
1778305160151 0.35019455252918286 180
1778305165140 0.38910505836575876 200
1778305170157 0.4280155642023346 220
1778305175095 0.4669260700389105 240
1778305184727 0.48638132295719844 250
1778305188649 0.5058365758754864 260
1778305193617 0.5447470817120622 280
1778305198569 0.5836575875486382 300
1778305203501 0.622568093385214 320
1778305208463 0.6614785992217899 340
1778305213455 0.7003891050583657 360
1778305218465 0.7392996108949417 380
1778305223454 0.7782101167315175 400
1778305228384 0.8171206225680934 420
1778305233259 0.8560311284046692 440
1778305238206 0.8949416342412452 460
1778305243193 0.933852140077821 480
1778305248176 0.9727626459143969 500
1778305255089 0.9727626459143969 500
1778305261839 1.0116731517509727 520
1778305266818 1.0505836575875487 540
1778305272169 1.0894941634241244 560
1778305277137 1.1284046692607004 580
1778305282074 1.1673151750972763 600
1778305287073 1.206225680933852 620
1778305291961 1.245136186770428 640
1778305296842 1.2840466926070038 660
1778305301809 1.3229571984435797 680
1778305306827 1.3618677042801557 700
1778305311828 1.4007782101167314 720
1778305316737 1.4396887159533074 740
1778305326137 1.4591439688715953 750
1778305330399 1.4785992217898833 760
1778305335385 1.517509727626459 780
1778305340277 1.556420233463035 800
1778305345222 1.595330739299611 820
1778305350245 1.6342412451361867 840
1778305355216 1.6731517509727627 860
1778305360161 1.7120622568093387 880
1778305365156 1.7509727626459144 900
1778305370099 1.7898832684824901 920
1778305375024 1.8287937743190663 940
1778305379974 1.867704280155642 960
1778305384910 1.9066147859922178 980
1778305389820 1.9455252918287937 1000
1778305396622 1.9455252918287937 1000
1778305402879 1.9844357976653697 1020
1778305407768 2.0233463035019454 1040
1778305413035 2.062256809338521 1060
1778305418041 2.1011673151750974 1080
1778305423047 2.140077821011673 1100
1778305428000 2.178988326848249 1120
1778305433100 2.217898832684825 1140
1778305438140 2.2568093385214008 1160
1778305443049 2.2957198443579765 1180
1778305447949 2.3346303501945527 1200
1778305452919 2.3735408560311284 1220
1778305457928 2.412451361867704 1240
1778305467376 2.4319066147859925 1250
1778305471849 2.4513618677042803 1260
1778305476833 2.490272373540856 1280
1778305481786 2.529182879377432 1300
1778305486836 2.5680933852140075 1320
1778305491939 2.6070038910505837 1340
1778305496963 2.6459143968871595 1360
1778305501957 2.6848249027237356 1380
1778305506980 2.7237354085603114 1400
1778305512020 2.762645914396887 1420
1778305516994 2.801556420233463 1440
1778305521996 2.840466926070039 1460
1778305527016 2.8793774319066148 1480
1778305531879 2.9182879377431905 1500
1778305538817 2.9182879377431905 1500
1778305545518 2.9571984435797667 1520
1778305550487 2.9961089494163424 1540
1778305555386 3.035019455252918 1560
1778305560380 3.0739299610894943 1580
1778305565416 3.11284046692607 1600
1778305570396 3.151750972762646 1620
1778305575365 3.190661478599222 1640
1778305580334 3.2295719844357977 1660
1778305585298 3.2684824902723735 1680
1778305590232 3.307392996108949 1700
1778305595217 3.3463035019455254 1720
1778305600212 3.385214007782101 1740
1778305609680 3.404669260700389 1750
1778305613559 3.424124513618677 1760
1778305618535 3.463035019455253 1780
1778305623467 3.501945525291829 1800
1778305628339 3.5408560311284045 1820
1778305633315 3.5797665369649807 1840
1778305638268 3.6186770428015564 1860
1778305643288 3.657587548638132 1880
1778305648226 3.6964980544747084 1900
1778305653141 3.735408560311284 1920
1778305658388 3.77431906614786 1940
1778305663341 3.8132295719844356 1960
1778305668326 3.8521400778210118 1980
1778305673312 3.8910505836575875 2000
1778305680124 3.8910505836575875 2000
1778305686581 3.9299610894941637 2020
1778305691480 3.9688715953307394 2040
1778305696411 4.007782101167315 2060
1778305701358 4.046692607003891 2080
1778305706333 4.085603112840467 2100
1778305711303 4.124513618677042 2120
1778305716295 4.163424124513619 2140
1778305721252 4.202334630350195 2160
1778305726132 4.2412451361867705 2180
1778305731012 4.280155642023346 2200
1778305735982 4.319066147859922 2220
1778305740972 4.357976653696498 2240
1778305750335 4.377431906614786 2250
1778305754428 4.396887159533074 2260
1778305759401 4.43579766536965 2280
1778305764361 4.474708171206226 2300
1778305769315 4.5136186770428015 2320
1778305774271 4.552529182879377 2340
1778305779273 4.591439688715953 2360
1778305784290 4.630350194552529 2380
1778305789326 4.669260700389105 2400
1778305794340 4.708171206225681 2420
1778305799297 4.747081712062257 2440
1778305804259 4.785992217898833 2460
1778305809259 4.824902723735408 2480
1778305814511 4.863813229571985 2500
1778305821501 4.863813229571985 2500
1778305827867 4.902723735408561 2520
1778305832824 4.941634241245136 2540
1778305837800 4.980544747081712 2560
1778305841741 5.0 2570
1778305848864 5.0 2570
1778305857598 5.0 2570
1778305858342 5.0 0
