1778305120466 4.88899040222168 20
1778305125435 2.031916618347168 40
1778305130384 1.5657517910003662 60
1778305135358 1.7503690719604492 80
1778305140329 4.522116661071777 100
1778305145281 4.823827266693115 120
1778305150257 5.266226291656494 140
1778305155181 6.697595119476318 160
1778305160151 5.140863418579102 180
1778305165140 5.595032691955566 200
1778305170157 5.601956844329834 220
1778305175095 6.839999198913574 240
1778305188649 7.258570671081543 260
1778305193617 6.761260986328125 280
1778305198569 7.567224025726318 300
1778305203501 7.837992191314697 320
1778305208463 7.263211250305176 340
1778305213455 7.548073768615723 360
1778305218465 4.009616851806641 380
1778305223454 6.403287410736084 400
1778305228384 6.040133476257324 420
1778305233259 4.246158123016357 440
1778305238206 4.5466814041137695 460
1778305243193 6.862881183624268 480
1778305248176 4.049017906188965 500
1778305261839 2.5665173530578613 520
1778305266818 6.75764799118042 540
1778305272169 6.071010112762451 560
1778305277137 6.504542827606201 580
1778305282074 4.27957820892334 600
1778305287073 6.194169998168945 620
1778305291961 4.065495491027832 640
1778305296842 5.461013317108154 660
1778305301809 5.530897617340088 680
1778305306827 4.859669208526611 700
1778305311828 3.91232967376709 720
1778305316737 6.523553848266602 740
1778305330399 6.807092666625977 760
1778305335385 6.056589126586914 780
1778305340277 5.619231700897217 800
1778305345222 5.138617992401123 820
1778305350245 5.869882106781006 840
1778305355216 8.847538948059082 860
1778305360161 6.544303894042969 880
1778305365156 5.958061695098877 900
1778305370099 2.909276008605957 920
1778305375024 7.322215557098389 940
1778305379974 4.920783042907715 960
1778305384910 6.246980667114258 980
1778305389820 6.568832874298096 1000
1778305402879 4.772177696228027 1020
1778305407768 4.439138412475586 1040
1778305413035 8.241223335266113 1060
1778305418041 4.00449800491333 1080
1778305423047 9.94095516204834 1100
1778305428000 6.3961100578308105 1120
1778305433100 3.733980655670166 1140
1778305438140 7.489106178283691 1160
1778305443049 8.945488929748535 1180
1778305447949 6.206857204437256 1200
1778305452919 4.411941051483154 1220
1778305457928 8.416996002197266 1240
1778305471849 7.940351963043213 1260
1778305476833 5.422684669494629 1280
1778305481786 3.795985460281372 1300
1778305486836 6.237913608551025 1320
1778305491939 6.1651997566223145 1340
1778305496963 3.392638921737671 1360
1778305501957 3.2819252014160156 1380
1778305506980 4.960973262786865 1400
1778305512020 21.96261215209961 1420
1778305516994 6.78518009185791 1440
1778305521996 7.269509315490723 1460
1778305527016 2.1004638671875 1480
1778305531879 2.8560497760772705 1500
1778305545518 4.184847831726074 1520
1778305550487 6.5834245681762695 1540
1778305555386 4.999166488647461 1560
1778305560380 3.411860704421997 1580
1778305565416 10.634769439697266 1600
1778305570396 7.445533275604248 1620
1778305575365 3.7333295345306396 1640
1778305580334 2.1911211013793945 1660
1778305585298 3.4620795249938965 1680
1778305590232 6.409958362579346 1700
1778305595217 5.685781955718994 1720
1778305600212 4.319823741912842 1740
1778305613559 6.655215263366699 1760
1778305618535 5.623771667480469 1780
1778305623467 11.159553527832031 1800
1778305628339 5.999629974365234 1820
1778305633315 7.391308307647705 1840
1778305638268 5.607162952423096 1860
1778305643288 3.891871213912964 1880
1778305648226 7.063055992126465 1900
1778305653141 1.0125279426574707 1920
1778305658388 1.7014224529266357 1940
1778305663341 4.186129570007324 1960
1778305668326 3.145108222961426 1980
1778305673312 3.0914180278778076 2000
1778305686581 4.137662410736084 2020
1778305691480 5.116226673126221 2040
1778305696411 7.038651943206787 2060
1778305701358 5.233309268951416 2080
1778305706333 4.0829758644104 2100
1778305711303 0.3703177869319916 2120
1778305716295 0.8643474578857422 2140
1778305721252 0.4046514928340912 2160
1778305726132 8.057229995727539 2180
1778305731012 8.205986976623535 2200
1778305735982 6.5369768142700195 2220
1778305740972 3.941964864730835 2240
1778305754428 8.394987106323242 2260
1778305759401 4.141672134399414 2280
1778305764361 1.7636282444000244 2300
1778305769315 1.5051541328430176 2320
1778305774271 1.4216996431350708 2340
1778305779273 5.228940963745117 2360
1778305784290 3.3928885459899902 2380
1778305789326 0.8792226910591125 2400
1778305794340 7.597228050231934 2420
1778305799297 4.365959644317627 2440
1778305804259 1.4856150150299072 2460
1778305809259 6.256865501403809 2480
1778305814511 4.202637195587158 2500
1778305827867 9.272005081176758 2520
1778305832824 8.170105934143066 2540
1778305837800 1.4841400384902954 2560
