1778305120466 1.1400000000000001e-05 20
1778305125435 2.3400000000000003e-05 40
1778305130384 2.9892857142857143e-05 60
1778305135358 2.9654761904761908e-05 80
1778305140329 2.9416666666666666e-05 100
1778305145281 2.917857142857143e-05 120
1778305150257 2.894047619047619e-05 140
1778305155181 2.8702380952380956e-05 160
1778305160151 2.8464285714285714e-05 180
1778305165140 2.8226190476190478e-05 200
1778305170157 2.798809523809524e-05 220
1778305175095 2.7750000000000004e-05 240
1778305188649 2.751190476190476e-05 260
1778305193617 2.7273809523809523e-05 280
1778305198569 2.7035714285714287e-05 300
1778305203501 2.6797619047619048e-05 320
1778305208463 2.655952380952381e-05 340
1778305213455 2.632142857142857e-05 360
1778305218465 2.6083333333333335e-05 380
1778305223454 2.5845238095238096e-05 400
1778305228384 2.5607142857142857e-05 420
1778305233259 2.5369047619047618e-05 440
1778305238206 2.5130952380952383e-05 460
1778305243193 2.4892857142857144e-05 480
1778305248176 2.4654761904761905e-05 500
1778305261839 2.4416666666666666e-05 520
1778305266818 2.417857142857143e-05 540
1778305272169 2.3940476190476192e-05 560
1778305277137 2.3702380952380953e-05 580
1778305282074 2.3464285714285714e-05 600
1778305287073 2.322619047619048e-05 620
1778305291961 2.298809523809524e-05 640
1778305296842 2.275e-05 660
1778305301809 2.2511904761904762e-05 680
1778305306827 2.2273809523809526e-05 700
1778305311828 2.2035714285714287e-05 720
1778305316737 2.179761904761905e-05 740
1778305330399 2.155952380952381e-05 760
1778305335385 2.1321428571428574e-05 780
1778305340277 2.1083333333333332e-05 800
1778305345222 2.0845238095238096e-05 820
1778305350245 2.0607142857142858e-05 840
1778305355216 2.0369047619047622e-05 860
1778305360161 2.013095238095238e-05 880
1778305365156 1.9892857142857144e-05 900
1778305370099 1.9654761904761905e-05 920
1778305375024 1.9416666666666667e-05 940
1778305379974 1.9178571428571428e-05 960
1778305384910 1.894047619047619e-05 980
1778305389820 1.8702380952380953e-05 1000
1778305402879 1.8464285714285714e-05 1020
1778305407768 1.8226190476190476e-05 1040
1778305413035 1.7988095238095237e-05 1060
1778305418041 1.775e-05 1080
1778305423047 1.7511904761904762e-05 1100
1778305428000 1.7273809523809523e-05 1120
1778305433100 1.7035714285714285e-05 1140
1778305438140 1.679761904761905e-05 1160
1778305443049 1.655952380952381e-05 1180
1778305447949 1.632142857142857e-05 1200
1778305452919 1.6083333333333332e-05 1220
1778305457928 1.5845238095238097e-05 1240
1778305471849 1.5607142857142858e-05 1260
1778305476833 1.536904761904762e-05 1280
1778305481786 1.513095238095238e-05 1300
1778305486836 1.4892857142857143e-05 1320
1778305491939 1.4654761904761904e-05 1340
1778305496963 1.4416666666666667e-05 1360
1778305501957 1.4178571428571428e-05 1380
1778305506980 1.3940476190476191e-05 1400
1778305512020 1.3702380952380952e-05 1420
1778305516994 1.3464285714285715e-05 1440
1778305521996 1.3226190476190476e-05 1460
1778305527016 1.2988095238095239e-05 1480
1778305531879 1.275e-05 1500
1778305545518 1.2511904761904763e-05 1520
1778305550487 1.2273809523809524e-05 1540
1778305555386 1.2035714285714287e-05 1560
1778305560380 1.1797619047619048e-05 1580
1778305565416 1.155952380952381e-05 1600
1778305570396 1.1321428571428572e-05 1620
1778305575365 1.1083333333333335e-05 1640
1778305580334 1.0845238095238096e-05 1660
1778305585298 1.0607142857142858e-05 1680
1778305590232 1.036904761904762e-05 1700
1778305595217 1.0130952380952382e-05 1720
1778305600212 9.892857142857143e-06 1740
1778305613559 9.654761904761906e-06 1760
1778305618535 9.416666666666667e-06 1780
1778305623467 9.17857142857143e-06 1800
1778305628339 8.940476190476191e-06 1820
1778305633315 8.702380952380954e-06 1840
1778305638268 8.464285714285714e-06 1860
1778305643288 8.226190476190476e-06 1880
1778305648226 7.988095238095238e-06 1900
1778305653141 7.75e-06 1920
1778305658388 7.511904761904762e-06 1940
1778305663341 7.273809523809524e-06 1960
1778305668326 7.035714285714286e-06 1980
1778305673312 6.797619047619048e-06 2000
1778305686581 6.559523809523809e-06 2020
1778305691480 6.321428571428571e-06 2040
1778305696411 6.083333333333333e-06 2060
1778305701358 5.845238095238095e-06 2080
1778305706333 5.607142857142857e-06 2100
1778305711303 5.369047619047619e-06 2120
1778305716295 5.130952380952381e-06 2140
1778305721252 4.892857142857143e-06 2160
1778305726132 4.654761904761905e-06 2180
1778305731012 4.416666666666667e-06 2200
1778305735982 4.178571428571429e-06 2220
1778305740972 3.940476190476191e-06 2240
1778305754428 3.7023809523809525e-06 2260
1778305759401 3.4642857142857145e-06 2280
1778305764361 3.2261904761904764e-06 2300
1778305769315 2.988095238095238e-06 2320
1778305774271 2.75e-06 2340
1778305779273 2.511904761904762e-06 2360
1778305784290 2.273809523809524e-06 2380
1778305789326 2.0357142857142854e-06 2400
1778305794340 1.7976190476190478e-06 2420
1778305799297 1.5595238095238095e-06 2440
1778305804259 1.3214285714285715e-06 2460
1778305809259 1.0833333333333333e-06 2480
1778305814511 8.452380952380952e-07 2500
1778305827867 6.071428571428572e-07 2520
1778305832824 3.6904761904761906e-07 2540
1778305837800 1.3095238095238097e-07 2560
