1778314770151 1.5978400707244873 20
1778314774163 3.3035290241241455 40
1778314778182 1.5074896812438965 60
1778314782161 3.334742307662964 80
1778314786180 7.396373748779297 100
1778314790230 4.986164093017578 120
1778314794309 3.4040422439575195 140
1778314798336 6.189508438110352 160
1778314802449 6.845335006713867 180
1778314806492 10.436151504516602 200
1778314810523 8.358926773071289 220
1778314814578 6.954793930053711 240
1778314821419 6.844283580780029 260
1778314825484 6.166167736053467 280
1778314829548 4.815011501312256 300
1778314833591 4.397385120391846 320
1778314837669 2.945268392562866 340
1778314841740 4.703349590301514 360
1778314845824 3.146050214767456 380
1778314849871 4.3509650230407715 400
1778314853916 5.9769792556762695 420
1778314857946 5.92758846282959 440
1778314862000 0.7956769466400146 460
1778314866059 7.392558574676514 480
1778314870100 5.171844482421875 500
1778314876592 15.244444847106934 520
1778314880654 5.694772243499756 540
1778314884707 5.1072845458984375 560
1778314888784 4.651102542877197 580
1778314892821 6.220423221588135 600
1778314896870 2.3727431297302246 620
1778314900922 7.396154403686523 640
1778314904926 4.604556560516357 660
1778314908965 2.4366602897644043 680
1778314913025 2.5150859355926514 700
1778314917078 1.9923776388168335 720
1778314921120 8.114044189453125 740
1778314927428 1.8867275714874268 760
1778314931750 8.114958763122559 780
1778314935798 0.3255617618560791 800
1778314939829 1.8600915670394897 820
1778314943852 4.981961727142334 840
1778314947895 14.585464477539062 860
1778314951908 6.440402030944824 880
1778314955959 5.209826946258545 900
1778314959983 0.2769619822502136 920
