1778188710362 0.017777777777777778 20
1778188727492 0.035555555555555556 40
1778188744633 0.05333333333333334 60
1778188761353 0.07111111111111111 80
1778188778274 0.08888888888888889 100
1778188795203 0.10666666666666667 120
1778188811904 0.12444444444444444 140
1778188828613 0.14222222222222222 160
1778188845316 0.16 180
1778188862044 0.17777777777777778 200
1778188878744 0.19555555555555557 220
1778188895464 0.21333333333333335 240
1778188956695 0.2222222222222222 250
1778188965498 0.2311111111111111 260
1778188982219 0.24888888888888888 280
1778188998927 0.26666666666666666 300
1778189015647 0.28444444444444444 320
1778189032357 0.3022222222222222 340
1778189049081 0.32 360
1778189065785 0.3377777777777778 380
1778189082496 0.35555555555555557 400
1778189099421 0.37333333333333335 420
1778189116347 0.39111111111111113 440
1778189133277 0.4088888888888889 460
1778189150207 0.4266666666666667 480
1778189167142 0.4444444444444444 500
1778189219965 0.4444444444444444 500
1778189237380 0.4622222222222222 520
1778189254082 0.48 540
1778189270789 0.49777777777777776 560
1778189287498 0.5155555555555555 580
1778189304204 0.5333333333333333 600
1778189321048 0.5511111111111111 620
1778189337758 0.5688888888888889 640
1778189354480 0.5866666666666667 660
1778189371188 0.6044444444444445 680
1778189387904 0.6222222222222222 700
1778189404613 0.64 720
1778189421327 0.6577777777777778 740
1778189482796 0.6666666666666666 750
1778189491601 0.6755555555555556 760
1778189508305 0.6933333333333334 780
1778189525008 0.7111111111111111 800
1778189541711 0.7288888888888889 820
1778189558539 0.7466666666666667 840
1778189575253 0.7644444444444445 860
1778189591956 0.7822222222222223 880
1778189608888 0.8 900
1778189625814 0.8177777777777778 920
1778189642743 0.8355555555555556 940
1778189659466 0.8533333333333334 960
1778189676405 0.8711111111111111 980
1778189693114 0.8888888888888888 1000
1778189746195 0.8888888888888888 1000
1778189763607 0.9066666666666666 1020
1778189780748 0.9244444444444444 1040
1778189797683 0.9422222222222222 1060
1778189814599 0.96 1080
1778189831302 0.9777777777777777 1100
1778189848006 0.9955555555555555 1120
1778189864710 1.0133333333333334 1140
1778189881418 1.031111111111111 1160
1778189898126 1.048888888888889 1180
1778189914836 1.0666666666666667 1200
1778189931543 1.0844444444444445 1220
1778189948254 1.1022222222222222 1240
1778190009467 1.1111111111111112 1250
1778190018348 1.12 1260
1778190035056 1.1377777777777778 1280
1778190051773 1.1555555555555554 1300
1778190068478 1.1733333333333333 1320
1778190085198 1.1911111111111112 1340
1778190101896 1.208888888888889 1360
1778190118611 1.2266666666666666 1380
1778190135314 1.2444444444444445 1400
1778190152022 1.2622222222222224 1420
1778190168738 1.28 1440
1778190185447 1.2977777777777777 1460
1778190202287 1.3155555555555556 1480
1778190218996 1.3333333333333333 1500
1778190272168 1.3333333333333333 1500
1778190289326 1.3511111111111112 1520
1778190306031 1.3688888888888888 1540
1778190322746 1.3866666666666667 1560
1778190339464 1.4044444444444444 1580
1778190356178 1.4222222222222223 1600
1778190373139 1.44 1620
1778190389839 1.4577777777777778 1640
1778190406554 1.4755555555555555 1660
1778190423387 1.4933333333333334 1680
1778190440319 1.511111111111111 1700
1778190457026 1.528888888888889 1720
1778190473736 1.5466666666666666 1740
1778190535412 1.5555555555555556 1750
1778190544234 1.5644444444444443 1760
1778190560939 1.5822222222222222 1780
1778190577640 1.6 1800
1778190594341 1.6177777777777778 1820
1778190611050 1.6355555555555554 1840
1778190627751 1.6533333333333333 1860
1778190644442 1.6711111111111112 1880
1778190661156 1.6888888888888889 1900
1778190677857 1.7066666666666666 1920
1778190694551 1.7244444444444444 1940
1778190711249 1.7422222222222223 1960
1778190727950 1.76 1980
1778190745070 1.7777777777777777 2000
1778190797967 1.7777777777777777 2000
1778190815198 1.7955555555555556 2020
1778190831902 1.8133333333333335 2040
1778190848616 1.8311111111111111 2060
1778190865327 1.8488888888888888 2080
1778190882036 1.8666666666666667 2100
1778190898742 1.8844444444444446 2120
1778190915456 1.9022222222222223 2140
1778190932161 1.92 2160
1778190948875 1.9377777777777778 2180
1778190965592 1.9555555555555557 2200
1778190982300 1.9733333333333334 2220
1778190999506 1.991111111111111 2240
1778191060811 2.0 2250
1778191069597 2.008888888888889 2260
1778191086307 2.026666666666667 2280
1778191103016 2.0444444444444443 2300
1778191119720 2.062222222222222 2320
1778191136438 2.08 2340
1778191153145 2.097777777777778 2360
1778191169858 2.1155555555555554 2380
1778191186573 2.1333333333333333 2400
1778191203422 2.151111111111111 2420
1778191220129 2.168888888888889 2440
1778191236837 2.1866666666666665 2460
1778191253543 2.2044444444444444 2480
1778191270246 2.2222222222222223 2500
1778191323369 2.2222222222222223 2500
1778191340530 2.24 2520
1778191357245 2.2577777777777777 2540
1778191373945 2.2755555555555556 2560
1778191390890 2.2933333333333334 2580
1778191407606 2.311111111111111 2600
1778191424308 2.328888888888889 2620
1778191441032 2.3466666666666667 2640
1778191457948 2.3644444444444446 2660
1778191474659 2.3822222222222225 2680
1778191491372 2.4 2700
1778191508081 2.417777777777778 2720
1778191524802 2.4355555555555557 2740
1778191586062 2.4444444444444446 2750
1778191594855 2.453333333333333 2760
1778191611576 2.471111111111111 2780
1778191628279 2.488888888888889 2800
1778191644991 2.506666666666667 2820
1778191661695 2.5244444444444447 2840
1778191678402 2.542222222222222 2860
1778191695105 2.56 2880
1778191711807 2.5777777777777775 2900
1778191728758 2.5955555555555554 2920
1778191745454 2.6133333333333333 2940
1778191762150 2.631111111111111 2960
1778191779206 2.648888888888889 2980
1778191796116 2.6666666666666665 3000
1778191849262 2.6666666666666665 3000
1778191866439 2.6844444444444444 3020
1778191883136 2.7022222222222223 3040
1778191899837 2.7199999999999998 3060
1778191916536 2.7377777777777776 3080
1778191933245 2.7555555555555555 3100
1778191949941 2.7733333333333334 3120
1778191966652 2.7911111111111113 3140
1778191983347 2.8088888888888888 3160
1778192000051 2.8266666666666667 3180
1778192016742 2.8444444444444446 3200
1778192033437 2.862222222222222 3220
1778192050141 2.88 3240
1778192111357 2.888888888888889 3250
1778192120451 2.897777777777778 3260
1778192137375 2.9155555555555557 3280
1778192154099 2.9333333333333336 3300
1778192170806 2.951111111111111 3320
1778192187513 2.968888888888889 3340
1778192204244 2.986666666666667 3360
1778192220944 3.0044444444444443 3380
1778192237643 3.022222222222222 3400
1778192254340 3.04 3420
1778192271039 3.057777777777778 3440
1778192287872 3.0755555555555554 3460
1778192304565 3.0933333333333333 3480
1778192321267 3.111111111111111 3500
1778192374455 3.111111111111111 3500
1778192391660 3.128888888888889 3520
1778192408363 3.1466666666666665 3540
1778192425070 3.1644444444444444 3560
1778192441783 3.1822222222222223 3580
1778192458496 3.2 3600
1778192475200 3.2177777777777776 3620
1778192491901 3.2355555555555555 3640
1778192508604 3.2533333333333334 3660
1778192525301 3.2711111111111113 3680
1778192542011 3.2888888888888888 3700
1778192558713 3.3066666666666666 3720
1778192575418 3.3244444444444445 3740
1778192636650 3.3333333333333335 3750
1778192645691 3.3422222222222224 3760
1778192662413 3.36 3780
1778192679127 3.3777777777777778 3800
1778192695825 3.3955555555555557 3820
1778192712542 3.413333333333333 3840
1778192729248 3.431111111111111 3860
1778192745951 3.448888888888889 3880
1778192763098 3.466666666666667 3900
1778192779817 3.4844444444444447 3920
1778192796517 3.502222222222222 3940
1778192813462 3.52 3960
1778192830185 3.537777777777778 3980
1778192846900 3.5555555555555554 4000
1778192899739 3.5555555555555554 4000
1778192917062 3.5733333333333333 4020
1778192933762 3.591111111111111 4040
1778192950472 3.608888888888889 4060
1778192967193 3.626666666666667 4080
1778192983894 3.6444444444444444 4100
1778193000603 3.6622222222222223 4120
1778193017310 3.68 4140
1778193034022 3.6977777777777776 4160
1778193050736 3.7155555555555555 4180
1778193067457 3.7333333333333334 4200
1778193084160 3.7511111111111113 4220
1778193100894 3.7688888888888887 4240
1778193162401 3.7777777777777777 4250
1778193171208 3.7866666666666666 4260
1778193187929 3.8044444444444445 4280
1778193204633 3.822222222222222 4300
1778193221595 3.84 4320
1778193238305 3.8577777777777778 4340
1778193255017 3.8755555555555556 4360
1778193271735 3.8933333333333335 4380
1778193288436 3.911111111111111 4400
1778193305151 3.928888888888889 4420
1778193321854 3.9466666666666668 4440
1778193338567 3.964444444444444 4460
1778193355277 3.982222222222222 4480
1778193371992 4.0 4500
1778193424908 4.0 4500
1778193442082 4.017777777777778 4520
1778193458784 4.035555555555556 4540
1778193475505 4.053333333333334 4560
1778193492212 4.071111111111111 4580
1778193508913 4.088888888888889 4600
1778193525622 4.1066666666666665 4620
1778193542327 4.124444444444444 4640
1778193559033 4.142222222222222 4660
1778193575866 4.16 4680
1778193592829 4.177777777777778 4700
1778193609526 4.195555555555556 4720
1778193626224 4.213333333333333 4740
1778193687738 4.222222222222222 4750
1778193696551 4.231111111111111 4760
1778193713264 4.248888888888889 4780
1778193729968 4.266666666666667 4800
1778193746681 4.2844444444444445 4820
1778193763388 4.302222222222222 4840
1778193780104 4.32 4860
1778193796805 4.337777777777778 4880
1778193813507 4.355555555555555 4900
1778193830339 4.373333333333333 4920
1778193847046 4.391111111111111 4940
1778193863750 4.408888888888889 4960
1778193880457 4.426666666666667 4980
1778193897165 4.444444444444445 5000
1778193950316 4.444444444444445 5000
1778193967500 4.4622222222222225 5020
1778193984200 4.48 5040
1778194000898 4.497777777777777 5060
1778194017594 4.515555555555555 5080
1778194034298 4.533333333333333 5100
1778194051231 4.551111111111111 5120
1778194067949 4.568888888888889 5140
1778194084869 4.586666666666667 5160
1778194101801 4.604444444444445 5180
1778194118514 4.622222222222222 5200
1778194135644 4.64 5220
1778194152784 4.657777777777778 5240
1778194214041 4.666666666666667 5250
1778194222826 4.6755555555555555 5260
1778194239540 4.693333333333333 5280
1778194256247 4.711111111111111 5300
1778194272958 4.728888888888889 5320
1778194289655 4.746666666666667 5340
1778194306371 4.764444444444445 5360
1778194323292 4.782222222222222 5380
1778194339994 4.8 5400
1778194356695 4.817777777777778 5420
1778194373406 4.835555555555556 5440
1778194390103 4.8533333333333335 5460
1778194406808 4.871111111111111 5480
1778194423511 4.888888888888889 5500
1778194476459 4.888888888888889 5500
1778194493642 4.906666666666666 5520
1778194510365 4.924444444444444 5540
1778194527069 4.942222222222222 5560
1778194543782 4.96 5580
1778194560486 4.977777777777778 5600
1778194577200 4.995555555555556 5620
1778194593905 5.013333333333334 5640
1778194610601 5.0311111111111115 5660
1778194627311 5.0488888888888885 5680
1778194644011 5.066666666666666 5700
1778194660723 5.084444444444444 5720
1778194677423 5.102222222222222 5740
1778194738881 5.111111111111111 5750
1778194747665 5.12 5760
1778194764363 5.137777777777778 5780
1778194781060 5.155555555555556 5800
1778194798084 5.173333333333334 5820
1778194814990 5.191111111111111 5840
1778194831918 5.208888888888889 5860
1778194849065 5.226666666666667 5880
1778194865770 5.2444444444444445 5900
1778194882910 5.262222222222222 5920
1778194899622 5.28 5940
1778194916553 5.297777777777778 5960
1778194933460 5.315555555555555 5980
1778194950613 5.333333333333333 6000
1778195003698 5.333333333333333 6000
1778195020852 5.351111111111111 6020
1778195037563 5.368888888888889 6040
1778195054276 5.386666666666667 6060
1778195070971 5.404444444444445 6080
1778195087684 5.4222222222222225 6100
1778195104602 5.44 6120
1778195121303 5.457777777777777 6140
1778195138223 5.475555555555555 6160
1778195155367 5.493333333333333 6180
1778195172068 5.511111111111111 6200
1778195188781 5.528888888888889 6220
1778195205931 5.546666666666667 6240
1778195267167 5.555555555555555 6250
1778195275958 5.564444444444445 6260
1778195292683 5.582222222222223 6280
1778195309390 5.6 6300
1778195326105 5.6177777777777775 6320
1778195342811 5.635555555555555 6340
1778195359532 5.653333333333333 6360
1778195376374 5.671111111111111 6380
1778195393084 5.688888888888889 6400
1778195409790 5.706666666666667 6420
1778195426504 5.724444444444444 6440
1778195443216 5.742222222222222 6460
1778195459930 5.76 6480
1778195476639 5.777777777777778 6500
1778195529767 5.777777777777778 6500
1778195546945 5.795555555555556 6520
1778195563660 5.8133333333333335 6540
1778195580364 5.831111111111111 6560
1778195597081 5.848888888888889 6580
1778195613793 5.866666666666667 6600
1778195630517 5.884444444444444 6620
1778195647235 5.902222222222222 6640
1778195663949 5.92 6660
1778195680656 5.937777777777778 6680
1778195697365 5.955555555555556 6700
1778195714078 5.973333333333334 6720
1778195730789 5.9911111111111115 6740
1778195792059 6.0 6750
1778195800906 6.0088888888888885 6760
1778195817613 6.026666666666666 6780
1778195834311 6.044444444444444 6800
1778195851025 6.062222222222222 6820
1778195867726 6.08 6840
1778195884429 6.097777777777778 6860
1778195901137 6.115555555555556 6880
1778195917848 6.133333333333334 6900
1778195934548 6.151111111111111 6920
1778195951263 6.168888888888889 6940
1778195967963 6.1866666666666665 6960
1778195984678 6.204444444444444 6980
1778196001386 6.222222222222222 7000
1778196054322 6.222222222222222 7000
1778196071546 6.24 7020
1778196088259 6.257777777777778 7040
1778196104986 6.275555555555556 7060
1778196121703 6.293333333333333 7080
1778196138423 6.311111111111111 7100
1778196155127 6.328888888888889 7120
1778196171840 6.346666666666667 7140
1778196188551 6.364444444444445 7160
1778196205411 6.3822222222222225 7180
1778196222157 6.4 7200
1778196238863 6.417777777777777 7220
1778196255571 6.435555555555555 7240
1778196317029 6.444444444444445 7250
1778196325862 6.453333333333333 7260
1778196342562 6.471111111111111 7280
1778196359262 6.488888888888889 7300
1778196375977 6.506666666666667 7320
1778196392687 6.524444444444445 7340
1778196409387 6.542222222222223 7360
1778196426107 6.5600000000000005 7380
1778196442810 6.5777777777777775 7400
1778196459527 6.595555555555555 7420
1778196476361 6.613333333333333 7440
1778196493087 6.631111111111111 7460
1778196509794 6.648888888888889 7480
1778196526516 6.666666666666667 7500
1778196579735 6.666666666666667 7500
1778196596914 6.684444444444445 7520
1778196613634 6.702222222222222 7540
1778196630338 6.72 7560
1778196647062 6.737777777777778 7580
1778196663773 6.7555555555555555 7600
1778196680734 6.773333333333333 7620
1778196697440 6.791111111111111 7640
1778196714143 6.808888888888889 7660
1778196730860 6.826666666666666 7680
1778196747567 6.844444444444444 7700
1778196764280 6.862222222222222 7720
1778196780988 6.88 7740
1778196842423 6.888888888888889 7750
1778196851285 6.897777777777778 7760
1778196868001 6.915555555555556 7780
1778196884915 6.933333333333334 7800
1778196901849 6.9511111111111115 7820
1778196918551 6.968888888888889 7840
1778196935463 6.986666666666666 7860
1778196952397 7.004444444444444 7880
1778196969107 7.022222222222222 7900
1778196986035 7.04 7920
1778197002739 7.057777777777778 7940
1778197019660 7.075555555555556 7960
1778197036590 7.093333333333334 7980
1778197053294 7.111111111111111 8000
1778197106133 7.111111111111111 8000
1778197123443 7.128888888888889 8020
1778197140140 7.1466666666666665 8040
1778197157085 7.164444444444444 8060
1778197174016 7.182222222222222 8080
1778197190932 7.2 8100
1778197208083 7.217777777777778 8120
1778197224791 7.235555555555556 8140
1778197241513 7.253333333333333 8160
1778197258439 7.271111111111111 8180
1778197275367 7.288888888888889 8200
1778197292083 7.306666666666667 8220
1778197308791 7.3244444444444445 8240
1778197370357 7.333333333333333 8250
1778197379410 7.342222222222222 8260
1778197396112 7.36 8280
1778197412826 7.377777777777778 8300
1778197429514 7.395555555555555 8320
1778197446225 7.413333333333333 8340
1778197462929 7.431111111111111 8360
1778197479639 7.448888888888889 8380
1778197496333 7.466666666666667 8400
1778197513037 7.484444444444445 8420
1778197529732 7.502222222222223 8440
1778197546435 7.52 8460
1778197563150 7.5377777777777775 8480
1778197579847 7.555555555555555 8500
1778197632756 7.555555555555555 8500
1778197649944 7.573333333333333 8520
1778197666650 7.591111111111111 8540
1778197683353 7.608888888888889 8560
1778197700296 7.626666666666667 8580
1778197717248 7.644444444444445 8600
1778197733952 7.662222222222223 8620
1778197750663 7.68 8640
1778197767366 7.697777777777778 8660
1778197784080 7.7155555555555555 8680
1778197800774 7.733333333333333 8700
1778197817493 7.751111111111111 8720
1778197834197 7.768888888888889 8740
1778197895438 7.777777777777778 8750
1778197904253 7.786666666666667 8760
1778197920973 7.804444444444444 8780
1778197937685 7.822222222222222 8800
1778197954391 7.84 8820
1778197971108 7.857777777777778 8840
1778197987814 7.875555555555556 8860
1778198004523 7.8933333333333335 8880
1778198021231 7.911111111111111 8900
1778198038073 7.928888888888888 8920
1778198054773 7.946666666666666 8940
1778198071490 7.964444444444444 8960
1778198088227 7.982222222222222 8980
1778198104930 8.0 9000
1778198158024 8.0 9000
1778198175200 8.017777777777777 9020
1778198191927 8.035555555555556 9040
1778198208633 8.053333333333333 9060
1778198225339 8.071111111111112 9080
1778198242055 8.088888888888889 9100
1778198258761 8.106666666666667 9120
1778198275484 8.124444444444444 9140
1778198292192 8.142222222222221 9160
1778198308904 8.16 9180
1778198325612 8.177777777777777 9200
1778198342322 8.195555555555556 9220
1778198359044 8.213333333333333 9240
1778198420322 8.222222222222221 9250
1778198429127 8.231111111111112 9260
1778198445835 8.248888888888889 9280
1778198462546 8.266666666666667 9300
1778198479257 8.284444444444444 9320
1778198495977 8.302222222222222 9340
1778198512678 8.32 9360
1778198529404 8.337777777777777 9380
1778198546107 8.355555555555556 9400
1778198562968 8.373333333333333 9420
1778198579675 8.391111111111112 9440
1778198596392 8.408888888888889 9460
1778198613097 8.426666666666666 9480
1778198629802 8.444444444444445 9500
1778198682977 8.444444444444445 9500
1778198700133 8.462222222222222 9520
1778198716850 8.48 9540
1778198733551 8.497777777777777 9560
1778198750253 8.515555555555556 9580
1778198766959 8.533333333333333 9600
1778198783670 8.551111111111112 9620
1778198800374 8.568888888888889 9640
1778198817086 8.586666666666666 9660
1778198833788 8.604444444444445 9680
1778198850488 8.622222222222222 9700
1778198867207 8.64 9720
1778198884276 8.657777777777778 9740
1778198945827 8.666666666666666 9750
1778198954619 8.675555555555556 9760
1778198971325 8.693333333333333 9780
1778198988042 8.71111111111111 9800
1778199004744 8.72888888888889 9820
1778199021449 8.746666666666666 9840
1778199038163 8.764444444444445 9860
1778199054871 8.782222222222222 9880
1778199071584 8.8 9900
1778199088289 8.817777777777778 9920
1778199105006 8.835555555555555 9940
1778199121713 8.853333333333333 9960
1778199138417 8.87111111111111 9980
1778199155126 8.88888888888889 10000
1778199208122 8.88888888888889 10000
1778199225366 8.906666666666666 10020
1778199242281 8.924444444444445 10040
1778199259000 8.942222222222222 10060
1778199276143 8.96 10080
1778199292852 8.977777777777778 10100
1778199309996 8.995555555555555 10120
1778199326923 9.013333333333334 10140
1778199343852 9.03111111111111 10160
1778199360571 9.04888888888889 10180
1778199377712 9.066666666666666 10200
1778199394624 9.084444444444445 10220
1778199411560 9.102222222222222 10240
1778199472858 9.11111111111111 10250
1778199481775 9.12 10260
1778199498481 9.137777777777778 10280
1778199515209 9.155555555555555 10300
1778199531935 9.173333333333334 10320
1778199548641 9.19111111111111 10340
1778199565360 9.20888888888889 10360
1778199582066 9.226666666666667 10380
1778199598793 9.244444444444444 10400
1778199615496 9.262222222222222 10420
1778199632201 9.28 10440
1778199648924 9.297777777777778 10460
1778199665629 9.315555555555555 10480
1778199682349 9.333333333333334 10500
1778199735195 9.333333333333334 10500
1778199752448 9.351111111111111 10520
1778199769194 9.36888888888889 10540
1778199786127 9.386666666666667 10560
1778199802850 9.404444444444444 10580
1778199819560 9.422222222222222 10600
1778199836265 9.44 10620
1778199852975 9.457777777777778 10640
1778199869672 9.475555555555555 10660
1778199886386 9.493333333333334 10680
1778199903093 9.511111111111111 10700
1778199919813 9.528888888888888 10720
1778199936518 9.546666666666667 10740
1778199997764 9.555555555555555 10750
1778200006602 9.564444444444444 10760
1778200023317 9.582222222222223 10780
1778200040040 9.6 10800
1778200056751 9.617777777777778 10820
1778200073600 9.635555555555555 10840
1778200090309 9.653333333333332 10860
1778200107018 9.671111111111111 10880
1778200123726 9.688888888888888 10900
1778200140439 9.706666666666667 10920
1778200157145 9.724444444444444 10940
1778200173994 9.742222222222223 10960
1778200190701 9.76 10980
1778200207406 9.777777777777779 11000
1778200260543 9.777777777777779 11000
1778200277839 9.795555555555556 11020
1778200294562 9.813333333333333 11040
1778200311263 9.831111111111111 11060
1778200327977 9.848888888888888 11080
1778200344686 9.866666666666667 11100
1778200361404 9.884444444444444 11120
1778200378112 9.902222222222223 11140
1778200394817 9.92 11160
1778200411533 9.937777777777779 11180
1778200428233 9.955555555555556 11200
1778200444951 9.973333333333333 11220
1778200461652 9.991111111111111 11240
1778200522879 10.0 11250
1778200523397 10.0 11250
1778200575998 10.0 11250
1778200681175 10.0 11250
1778200681519 10.0 0
