1778188710362 3.1743128299713135 20
1778188727492 2.7849342823028564 40
1778188744633 4.558764934539795 60
1778188761353 2.797356605529785 80
1778188778274 3.4545209407806396 100
1778188795203 4.55280876159668 120
1778188811904 1.805129885673523 140
1778188828613 4.764645576477051 160
1778188845316 2.0990519523620605 180
1778188862044 2.23750901222229 200
1778188878744 3.748883008956909 220
1778188895464 2.0579538345336914 240
1778188965498 3.892800807952881 260
1778188982219 3.5480217933654785 280
1778188998927 3.507382392883301 300
1778189015647 4.846390247344971 320
1778189032357 2.0654993057250977 340
1778189049081 4.145172119140625 360
1778189065785 1.93050217628479 380
1778189082496 3.516571283340454 400
1778189099421 3.624739170074463 420
1778189116347 3.0355262756347656 440
1778189133277 2.024381399154663 460
1778189150207 2.434647560119629 480
1778189167142 1.892009973526001 500
1778189237380 3.86784029006958 520
1778189254082 2.160565137863159 540
1778189270789 1.8461450338363647 560
1778189287498 2.8553080558776855 580
1778189304204 2.0668442249298096 600
1778189321048 4.136493682861328 620
1778189337758 3.434218406677246 640
1778189354480 3.118251323699951 660
1778189371188 2.486652135848999 680
1778189387904 3.966430902481079 700
1778189404613 2.6802852153778076 720
1778189421327 2.1040198802948 740
1778189491601 2.536590099334717 760
1778189508305 2.533294677734375 780
1778189525008 2.443134069442749 800
1778189541711 2.76516056060791 820
1778189558539 1.8594861030578613 840
1778189575253 2.4382927417755127 860
1778189591956 2.41391921043396 880
1778189608888 1.658037543296814 900
1778189625814 3.4229400157928467 920
1778189642743 2.1651790142059326 940
1778189659466 1.6300935745239258 960
1778189676405 6.430293560028076 980
1778189693114 4.448202610015869 1000
1778189763607 2.384610891342163 1020
1778189780748 4.032288551330566 1040
1778189797683 3.7277302742004395 1060
1778189814599 2.233835458755493 1080
1778189831302 2.6493008136749268 1100
1778189848006 2.1247081756591797 1120
1778189864710 2.8377840518951416 1140
1778189881418 4.304988384246826 1160
1778189898126 3.2146825790405273 1180
1778189914836 3.0286643505096436 1200
1778189931543 3.812674045562744 1220
1778189948254 2.5547211170196533 1240
1778190018348 3.0235822200775146 1260
1778190035056 3.0252442359924316 1280
1778190051773 1.908140778541565 1300
1778190068478 1.9841763973236084 1320
1778190085198 2.8014209270477295 1340
1778190101896 3.809739589691162 1360
1778190118611 2.0007474422454834 1380
1778190135314 4.226734161376953 1400
1778190152022 1.9368761777877808 1420
1778190168738 2.7880871295928955 1440
1778190185447 5.482327938079834 1460
1778190202287 2.2373127937316895 1480
1778190218996 2.91929292678833 1500
1778190289326 2.530930757522583 1520
1778190306031 4.160989761352539 1540
1778190322746 2.0420479774475098 1560
1778190339464 2.0955023765563965 1580
1778190356178 3.5754945278167725 1600
1778190373139 1.7937670946121216 1620
1778190389839 2.0194849967956543 1640
1778190406554 3.063356637954712 1660
1778190423387 3.5296335220336914 1680
1778190440319 3.265997886657715 1700
1778190457026 3.887911319732666 1720
1778190473736 2.062467098236084 1740
1778190544234 3.2782986164093018 1760
1778190560939 1.82555091381073 1780
1778190577640 4.180388927459717 1800
1778190594341 4.077756881713867 1820
1778190611050 4.726940155029297 1840
1778190627751 1.927885890007019 1860
1778190644442 2.3756511211395264 1880
1778190661156 4.5979790687561035 1900
1778190677857 3.5997698307037354 1920
1778190694551 3.2655582427978516 1940
1778190711249 4.015583038330078 1960
1778190727950 2.726125955581665 1980
1778190745070 3.606144428253174 2000
1778190815198 4.27777624130249 2020
1778190831902 2.739109992980957 2040
1778190848616 2.7704997062683105 2060
1778190865327 2.843306064605713 2080
1778190882036 2.6975033283233643 2100
1778190898742 2.6336076259613037 2120
1778190915456 2.0689711570739746 2140
1778190932161 2.1154773235321045 2160
1778190948875 2.889035224914551 2180
1778190965592 2.6079282760620117 2200
1778190982300 2.9442505836486816 2220
1778190999506 2.6967344284057617 2240
1778191069597 4.27536678314209 2260
1778191086307 2.209766387939453 2280
1778191103016 5.14747428894043 2300
1778191119720 3.3745923042297363 2320
1778191136438 2.1467432975769043 2340
1778191153145 3.4558465480804443 2360
1778191169858 2.3947107791900635 2380
1778191186573 2.1773767471313477 2400
1778191203422 2.0650646686553955 2420
1778191220129 4.989854335784912 2440
1778191236837 3.6158127784729004 2460
1778191253543 3.7793471813201904 2480
1778191270246 3.121490001678467 2500
1778191340530 4.367591381072998 2520
1778191357245 2.517472267150879 2540
1778191373945 3.4782137870788574 2560
1778191390890 3.203659772872925 2580
1778191407606 4.090736389160156 2600
1778191424308 4.27088737487793 2620
1778191441032 2.8966269493103027 2640
1778191457948 3.576871633529663 2660
1778191474659 2.9768548011779785 2680
1778191491372 4.063872337341309 2700
1778191508081 4.170292854309082 2720
1778191524802 2.3153157234191895 2740
1778191594855 2.3417961597442627 2760
1778191611576 3.517341136932373 2780
1778191628279 2.44946026802063 2800
1778191644991 3.3679420948028564 2820
1778191661695 2.690187692642212 2840
1778191678402 5.657240867614746 2860
1778191695105 3.7553281784057617 2880
1778191711807 1.8108816146850586 2900
1778191728758 3.321176528930664 2920
1778191745454 4.605047702789307 2940
1778191762150 1.9585895538330078 2960
1778191779206 2.738666296005249 2980
1778191796116 3.274672031402588 3000
1778191866439 3.8379929065704346 3020
1778191883136 1.8413039445877075 3040
1778191899837 3.0921132564544678 3060
1778191916536 6.216214656829834 3080
1778191933245 2.728278875350952 3100
1778191949941 4.379792213439941 3120
1778191966652 4.659997463226318 3140
1778191983347 5.029987335205078 3160
1778192000051 6.857257843017578 3180
1778192016742 3.0724165439605713 3200
1778192033437 4.199246883392334 3220
1778192050141 6.589771270751953 3240
1778192120451 3.2410736083984375 3260
1778192137375 4.746992588043213 3280
1778192154099 3.468296766281128 3300
1778192170806 3.815115213394165 3320
1778192187513 2.3854565620422363 3340
1778192204244 3.805299758911133 3360
1778192220944 2.5646297931671143 3380
1778192237643 2.2040770053863525 3400
1778192254340 4.0107035636901855 3420
1778192271039 4.695415496826172 3440
1778192287872 3.6348748207092285 3460
1778192304565 7.926702499389648 3480
1778192321267 2.6405253410339355 3500
1778192391660 3.575824737548828 3520
1778192408363 3.5546023845672607 3540
1778192425070 2.3629608154296875 3560
1778192441783 2.5414798259735107 3580
1778192458496 3.5188634395599365 3600
1778192475200 4.504847526550293 3620
1778192491901 3.4850540161132812 3640
1778192508604 5.810141563415527 3660
1778192525301 3.182981014251709 3680
1778192542011 4.06931209564209 3700
1778192558713 6.693056106567383 3720
1778192575418 2.236360788345337 3740
1778192645691 5.47287654876709 3760
1778192662413 3.777360200881958 3780
1778192679127 3.8628387451171875 3800
1778192695825 3.636672019958496 3820
1778192712542 4.467672824859619 3840
1778192729248 2.1699776649475098 3860
1778192745951 4.6808013916015625 3880
1778192763098 5.883703708648682 3900
1778192779817 3.5996053218841553 3920
1778192796517 7.508009433746338 3940
1778192813462 3.269798755645752 3960
1778192830185 8.242324829101562 3980
1778192846900 5.933388710021973 4000
1778192917062 7.648066997528076 4020
1778192933762 4.1234025955200195 4040
1778192950472 6.520537376403809 4060
1778192967193 11.58953857421875 4080
1778192983894 5.7293572425842285 4100
1778193000603 6.963406085968018 4120
1778193017310 3.1096291542053223 4140
1778193034022 3.825446128845215 4160
1778193050736 7.434290409088135 4180
1778193067457 3.2312402725219727 4200
1778193084160 5.565774917602539 4220
1778193100894 4.249763011932373 4240
1778193171208 4.372349739074707 4260
1778193187929 4.45623779296875 4280
1778193204633 6.080188751220703 4300
1778193221595 4.560657978057861 4320
1778193238305 9.42633056640625 4340
1778193255017 4.11842155456543 4360
1778193271735 6.831602573394775 4380
1778193288436 4.518379211425781 4400
1778193305151 7.066744804382324 4420
1778193321854 2.601412773132324 4440
1778193338567 2.3793845176696777 4460
1778193355277 5.743636131286621 4480
1778193371992 6.6533122062683105 4500
1778193442082 3.5485706329345703 4520
1778193458784 6.005093097686768 4540
1778193475505 6.762869834899902 4560
1778193492212 2.9809510707855225 4580
1778193508913 3.912217617034912 4600
1778193525622 2.7720024585723877 4620
1778193542327 4.840245723724365 4640
1778193559033 5.635476112365723 4660
1778193575866 5.186153888702393 4680
1778193592829 2.8308534622192383 4700
1778193609526 1.8626854419708252 4720
1778193626224 6.548814296722412 4740
1778193696551 5.293365001678467 4760
1778193713264 11.561777114868164 4780
1778193729968 4.226322174072266 4800
1778193746681 3.031170606613159 4820
1778193763388 11.186991691589355 4840
1778193780104 6.109175205230713 4860
1778193796805 9.18551254272461 4880
1778193813507 5.096636772155762 4900
1778193830339 4.227560520172119 4920
1778193847046 5.054449558258057 4940
1778193863750 26.52716827392578 4960
1778193880457 9.629039764404297 4980
1778193897165 5.656416893005371 5000
1778193967500 10.731351852416992 5020
1778193984200 8.036808967590332 5040
1778194000898 5.724316596984863 5060
1778194017594 1.4545729160308838 5080
1778194034298 5.2465434074401855 5100
1778194051231 8.728394508361816 5120
1778194067949 4.312824249267578 5140
1778194084869 3.365640640258789 5160
1778194101801 6.238255977630615 5180
1778194118514 6.794851303100586 5200
1778194135644 2.850714683532715 5220
1778194152784 4.406942367553711 5240
1778194222826 4.08159065246582 5260
1778194239540 2.416677474975586 5280
1778194256247 3.526244640350342 5300
1778194272958 5.720104694366455 5320
1778194289655 8.585575103759766 5340
1778194306371 2.9012975692749023 5360
1778194323292 12.944032669067383 5380
1778194339994 3.631577730178833 5400
1778194356695 6.8569817543029785 5420
1778194373406 11.457096099853516 5440
1778194390103 2.813525676727295 5460
1778194406808 14.675894737243652 5480
1778194423511 6.981647491455078 5500
1778194493642 4.260760307312012 5520
1778194510365 1.583187460899353 5540
1778194527069 5.8341875076293945 5560
1778194543782 7.016070365905762 5580
1778194560486 9.34206485748291 5600
1778194577200 1.8047090768814087 5620
1778194593905 12.987010955810547 5640
1778194610601 3.3340327739715576 5660
1778194627311 6.9059858322143555 5680
1778194644011 5.732429027557373 5700
1778194660723 17.83000946044922 5720
1778194677423 9.502737998962402 5740
1778194747665 1.3516608476638794 5760
1778194764363 5.448386192321777 5780
1778194781060 5.173337459564209 5800
1778194798084 7.403827667236328 5820
1778194814990 6.127476215362549 5840
1778194831918 13.367431640625 5860
1778194849065 2.992013454437256 5880
1778194865770 3.6156725883483887 5900
1778194882910 11.133800506591797 5920
1778194899622 4.453982353210449 5940
1778194916553 6.8529157638549805 5960
1778194933460 29.22379493713379 5980
1778194950613 3.684904098510742 6000
1778195020852 2.552677631378174 6020
1778195037563 21.71599769592285 6040
1778195054276 21.533597946166992 6060
1778195070971 4.985251426696777 6080
1778195087684 4.09619140625 6100
1778195104602 8.82809829711914 6120
1778195121303 2.3064160346984863 6140
1778195138223 25.791166305541992 6160
1778195155367 9.606011390686035 6180
1778195172068 6.62327241897583 6200
1778195188781 4.811929702758789 6220
1778195205931 2.017214059829712 6240
1778195275958 22.234302520751953 6260
1778195292683 16.36768341064453 6280
1778195309390 3.9608395099639893 6300
1778195326105 3.9922611713409424 6320
1778195342811 4.704911231994629 6340
1778195359532 10.665250778198242 6360
1778195376374 15.607730865478516 6380
1778195393084 6.4935688972473145 6400
1778195409790 12.858378410339355 6420
1778195426504 4.21974515914917 6440
1778195443216 9.569775581359863 6460
1778195459930 0.4693244397640228 6480
1778195476639 6.450097560882568 6500
1778195546945 13.221430778503418 6520
1778195563660 5.396846771240234 6540
1778195580364 8.088666915893555 6560
1778195597081 2.1425085067749023 6580
1778195613793 18.65392303466797 6600
1778195630517 22.773916244506836 6620
1778195647235 15.862549781799316 6640
1778195663949 30.22624969482422 6660
1778195680656 4.994995594024658 6680
1778195697365 25.627182006835938 6700
1778195714078 4.403281211853027 6720
1778195730789 17.743663787841797 6740
1778195800906 1.0709571838378906 6760
1778195817613 9.547952651977539 6780
1778195834311 2.0970489978790283 6800
1778195851025 2.3714239597320557 6820
1778195867726 3.4693942070007324 6840
1778195884429 17.07114028930664 6860
1778195901137 45.454715728759766 6880
1778195917848 1.6993011236190796 6900
1778195934548 7.547757625579834 6920
1778195951263 0.7301446795463562 6940
1778195967963 3.5588676929473877 6960
1778195984678 1.5583304166793823 6980
1778196001386 0.5596926212310791 7000
1778196071546 9.301807403564453 7020
1778196088259 5.485448360443115 7040
1778196104986 9.328028678894043 7060
1778196121703 2.7767300605773926 7080
1778196138423 3.371518135070801 7100
1778196155127 4.41193962097168 7120
1778196171840 17.516319274902344 7140
1778196188551 21.951316833496094 7160
1778196205411 1.6283466815948486 7180
1778196222157 8.447761535644531 7200
1778196238863 16.926769256591797 7220
1778196255571 4.319057464599609 7240
1778196325862 11.064518928527832 7260
1778196342562 6.755258083343506 7280
1778196359262 0.4611908793449402 7300
1778196375977 10.72360610961914 7320
1778196392687 21.92836570739746 7340
1778196409387 7.095194339752197 7360
1778196426107 0.24194280803203583 7380
1778196442810 8.146574020385742 7400
1778196459527 0.7041974067687988 7420
1778196476361 6.313939094543457 7440
1778196493087 9.196920394897461 7460
1778196509794 20.5353946685791 7480
1778196526516 1.7547451257705688 7500
1778196596914 22.666461944580078 7520
1778196613634 10.090636253356934 7540
1778196630338 7.662587642669678 7560
1778196647062 3.739130973815918 7580
1778196663773 23.037466049194336 7600
1778196680734 16.64202880859375 7620
1778196697440 2.9366352558135986 7640
1778196714143 24.111101150512695 7660
1778196730860 21.919620513916016 7680
1778196747567 6.3319621086120605 7700
1778196764280 7.241816997528076 7720
1778196780988 3.222738265991211 7740
1778196851285 24.808910369873047 7760
1778196868001 37.72163391113281 7780
1778196884915 0.8873047828674316 7800
1778196901849 2.307150363922119 7820
1778196918551 12.414652824401855 7840
1778196935463 15.948575019836426 7860
1778196952397 1.7616714239120483 7880
1778196969107 9.630865097045898 7900
1778196986035 0.9329556822776794 7920
1778197002739 18.539047241210938 7940
1778197019660 2.239795446395874 7960
1778197036590 7.561026096343994 7980
1778197053294 0.9997237920761108 8000
1778197123443 17.262243270874023 8020
1778197140140 0.39070194959640503 8040
1778197157085 14.346531867980957 8060
1778197174016 17.353357315063477 8080
1778197190932 20.47017478942871 8100
1778197208083 1.245447039604187 8120
1778197224791 16.28845977783203 8140
1778197241513 24.628700256347656 8160
1778197258439 2.728686809539795 8180
1778197275367 0.5634913444519043 8200
1778197292083 0.1960454285144806 8220
1778197308791 0.914138674736023 8240
1778197379410 2.128077983856201 8260
1778197396112 2.1908023357391357 8280
1778197412826 0.186930850148201 8300
1778197429514 0.4473612606525421 8320
1778197446225 9.869495391845703 8340
1778197462929 31.424381256103516 8360
1778197479639 1.3262850046157837 8380
1778197496333 19.224422454833984 8400
1778197513037 1.4014651775360107 8420
1778197529732 26.52783203125 8440
1778197546435 2.825222969055176 8460
1778197563150 23.350528717041016 8480
1778197579847 0.4701734781265259 8500
1778197649944 1.0486845970153809 8520
1778197666650 16.17551040649414 8540
1778197683353 0.8264355063438416 8560
1778197700296 0.6719193458557129 8580
1778197717248 0.209316685795784 8600
1778197733952 0.8977482914924622 8620
1778197750663 0.473377525806427 8640
1778197767366 7.675632476806641 8660
1778197784080 2.1180341243743896 8680
1778197800774 3.87463641166687 8700
1778197817493 0.09228288382291794 8720
1778197834197 50.63243103027344 8740
1778197904253 34.463069915771484 8760
1778197920973 4.167180061340332 8780
1778197937685 10.586883544921875 8800
1778197954391 2.8298985958099365 8820
1778197971108 10.610629081726074 8840
1778197987814 0.4779113829135895 8860
1778198004523 21.537683486938477 8880
1778198021231 0.3519873321056366 8900
1778198038073 9.174890518188477 8920
1778198054773 3.459047555923462 8940
1778198071490 3.416779041290283 8960
1778198088227 18.1071720123291 8980
1778198104930 5.657662391662598 9000
1778198175200 1.008098840713501 9020
1778198191927 12.385030746459961 9040
1778198208633 2.3269999027252197 9060
1778198225339 3.6349291801452637 9080
1778198242055 3.7665302753448486 9100
1778198258761 0.9373583793640137 9120
1778198275484 1.5345293283462524 9140
1778198292192 45.0051155090332 9160
1778198308904 8.262419700622559 9180
1778198325612 0.14510942995548248 9200
1778198342322 2.3181560039520264 9220
1778198359044 1.8441317081451416 9240
1778198429127 1.1789631843566895 9260
1778198445835 0.933487594127655 9280
1778198462546 0.1244870200753212 9300
1778198479257 6.798250198364258 9320
1778198495977 6.3219170570373535 9340
1778198512678 1.861538052558899 9360
1778198529404 0.7897527813911438 9380
1778198546107 0.03856731578707695 9400
1778198562968 2.0588953495025635 9420
1778198579675 1.3344756364822388 9440
1778198596392 0.2329234480857849 9460
1778198613097 0.28245943784713745 9480
1778198629802 23.846677780151367 9500
1778198700133 0.1320040225982666 9520
1778198716850 14.167623519897461 9540
1778198733551 3.653205633163452 9560
1778198750253 3.066549062728882 9580
1778198766959 18.174373626708984 9600
1778198783670 5.116964817047119 9620
1778198800374 11.303293228149414 9640
1778198817086 21.817535400390625 9660
1778198833788 4.253326892852783 9680
1778198850488 2.143650531768799 9700
1778198867207 2.029125690460205 9720
1778198884276 17.00208282470703 9740
1778198954619 15.016079902648926 9760
1778198971325 10.283195495605469 9780
1778198988042 0.45776620507240295 9800
1778199004744 5.619986534118652 9820
1778199021449 0.12573808431625366 9840
1778199038163 0.07942663878202438 9860
1778199054871 0.5899884104728699 9880
1778199071584 0.12085828185081482 9900
1778199088289 0.5479883551597595 9920
1778199105006 21.58722686767578 9940
1778199121713 0.14069248735904694 9960
1778199138417 13.98521614074707 9980
1778199155126 0.10997890681028366 10000
1778199225366 32.77330017089844 10020
1778199242281 5.080574989318848 10040
1778199259000 0.13908103108406067 10060
1778199276143 2.222790479660034 10080
1778199292852 0.008196840062737465 10100
1778199309996 3.620612621307373 10120
1778199326923 9.77017593383789 10140
1778199343852 1.164811611175537 10160
1778199360571 0.21754102408885956 10180
1778199377712 11.7273530960083 10200
1778199394624 4.439751625061035 10220
1778199411560 23.515565872192383 10240
1778199481775 0.24837137758731842 10260
1778199498481 0.6395686864852905 10280
1778199515209 0.2006264626979828 10300
1778199531935 216.7644500732422 10320
1778199548641 17.795936584472656 10340
1778199565360 0.510287344455719 10360
1778199582066 0.041257280856370926 10380
1778199598793 1.906590223312378 10400
1778199615496 2.1463775634765625 10420
1778199632201 19.787900924682617 10440
1778199648924 16.90543556213379 10460
1778199665629 0.18479320406913757 10480
1778199682349 0.39734601974487305 10500
1778199752448 9.585305213928223 10520
1778199769194 0.9917663335800171 10540
1778199786127 1.7100656032562256 10560
1778199802850 60.57518768310547 10580
1778199819560 0.1254369467496872 10600
1778199836265 7.374937057495117 10620
1778199852975 9.064360618591309 10640
1778199869672 0.18686282634735107 10660
1778199886386 7.215097904205322 10680
1778199903093 2.0671515464782715 10700
1778199919813 0.06954644620418549 10720
1778199936518 13.432982444763184 10740
1778200006602 0.006826723460108042 10760
1778200023317 0.6725329160690308 10780
1778200040040 0.22965310513973236 10800
1778200056751 0.11659824848175049 10820
1778200073600 0.05078834667801857 10840
1778200090309 0.035730548202991486 10860
1778200107018 0.04977641627192497 10880
1778200123726 0.6140741109848022 10900
1778200140439 0.019769668579101562 10920
1778200157145 3.145380735397339 10940
1778200173994 1.425319790840149 10960
1778200190701 0.16260161995887756 10980
1778200207406 2.6609551906585693 11000
1778200277839 4.49416971206665 11020
1778200294562 0.644555926322937 11040
1778200311263 1.248856544494629 11060
1778200327977 6.8187575340271 11080
1778200344686 0.6400509476661682 11100
1778200361404 1.8938409090042114 11120
1778200378112 3.512211561203003 11140
1778200394817 0.5530897974967957 11160
1778200411533 0.09125368297100067 11180
1778200428233 0.5137019753456116 11200
1778200444951 1.141049861907959 11220
1778200461652 0.8941587805747986 11240
