1778188710362 1.1400000000000001e-05 20
1778188727492 2.3400000000000003e-05 40
1778188744633 2.9975892857142858e-05 60
1778188761353 2.9922321428571428e-05 80
1778188778274 2.986875e-05 100
1778188795203 2.981517857142857e-05 120
1778188811904 2.9761607142857144e-05 140
1778188828613 2.9708035714285717e-05 160
1778188845316 2.9654464285714286e-05 180
1778188862044 2.960089285714286e-05 200
1778188878744 2.954732142857143e-05 220
1778188895464 2.9493750000000002e-05 240
1778188965498 2.944017857142857e-05 260
1778188982219 2.9386607142857145e-05 280
1778188998927 2.9333035714285718e-05 300
1778189015647 2.9279464285714287e-05 320
1778189032357 2.9225892857142857e-05 340
1778189049081 2.9172321428571427e-05 360
1778189065785 2.911875e-05 380
1778189082496 2.9065178571428573e-05 400
1778189099421 2.9011607142857142e-05 420
1778189116347 2.8958035714285715e-05 440
1778189133277 2.8904464285714285e-05 460
1778189150207 2.8850892857142858e-05 480
1778189167142 2.8797321428571428e-05 500
1778189237380 2.874375e-05 520
1778189254082 2.8690178571428574e-05 540
1778189270789 2.8636607142857143e-05 560
1778189287498 2.8583035714285716e-05 580
1778189304204 2.8529464285714286e-05 600
1778189321048 2.847589285714286e-05 620
1778189337758 2.8422321428571432e-05 640
1778189354480 2.8368750000000002e-05 660
1778189371188 2.8315178571428575e-05 680
1778189387904 2.826160714285714e-05 700
1778189404613 2.8208035714285714e-05 720
1778189421327 2.8154464285714284e-05 740
1778189491601 2.8100892857142857e-05 760
1778189508305 2.804732142857143e-05 780
1778189525008 2.799375e-05 800
1778189541711 2.7940178571428572e-05 820
1778189558539 2.7886607142857142e-05 840
1778189575253 2.7833035714285715e-05 860
1778189591956 2.7779464285714288e-05 880
1778189608888 2.7725892857142858e-05 900
1778189625814 2.767232142857143e-05 920
1778189642743 2.761875e-05 940
1778189659466 2.7565178571428574e-05 960
1778189676405 2.7511607142857143e-05 980
1778189693114 2.7458035714285716e-05 1000
1778189763607 2.740446428571429e-05 1020
1778189780748 2.7350892857142855e-05 1040
1778189797683 2.729732142857143e-05 1060
1778189814599 2.7243749999999998e-05 1080
1778189831302 2.719017857142857e-05 1100
1778189848006 2.7136607142857144e-05 1120
1778189864710 2.7083035714285714e-05 1140
1778189881418 2.7029464285714287e-05 1160
1778189898126 2.6975892857142857e-05 1180
1778189914836 2.692232142857143e-05 1200
1778189931543 2.686875e-05 1220
1778189948254 2.6815178571428572e-05 1240
1778190018348 2.6761607142857145e-05 1260
1778190035056 2.6708035714285715e-05 1280
1778190051773 2.6654464285714288e-05 1300
1778190068478 2.6600892857142858e-05 1320
1778190085198 2.654732142857143e-05 1340
1778190101896 2.6493750000000004e-05 1360
1778190118611 2.6440178571428573e-05 1380
1778190135314 2.6386607142857143e-05 1400
1778190152022 2.6333035714285713e-05 1420
1778190168738 2.6279464285714286e-05 1440
1778190185447 2.6225892857142855e-05 1460
1778190202287 2.6172321428571428e-05 1480
1778190218996 2.611875e-05 1500
1778190289326 2.606517857142857e-05 1520
1778190306031 2.6011607142857144e-05 1540
1778190322746 2.5958035714285714e-05 1560
1778190339464 2.5904464285714287e-05 1580
1778190356178 2.585089285714286e-05 1600
1778190373139 2.579732142857143e-05 1620
1778190389839 2.5743750000000002e-05 1640
1778190406554 2.5690178571428572e-05 1660
1778190423387 2.5636607142857145e-05 1680
1778190440319 2.5583035714285715e-05 1700
1778190457026 2.5529464285714288e-05 1720
1778190473736 2.5475892857142857e-05 1740
1778190544234 2.5422321428571427e-05 1760
1778190560939 2.536875e-05 1780
1778190577640 2.531517857142857e-05 1800
1778190594341 2.5261607142857143e-05 1820
1778190611050 2.5208035714285716e-05 1840
1778190627751 2.5154464285714285e-05 1860
1778190644442 2.510089285714286e-05 1880
1778190661156 2.5047321428571428e-05 1900
1778190677857 2.499375e-05 1920
1778190694551 2.4940178571428574e-05 1940
1778190711249 2.4886607142857144e-05 1960
1778190727950 2.4833035714285717e-05 1980
1778190745070 2.4779464285714286e-05 2000
1778190815198 2.472589285714286e-05 2020
1778190831902 2.467232142857143e-05 2040
1778190848616 2.4618750000000002e-05 2060
1778190865327 2.4565178571428575e-05 2080
1778190882036 2.451160714285714e-05 2100
1778190898742 2.4458035714285714e-05 2120
1778190915456 2.4404464285714284e-05 2140
1778190932161 2.4350892857142857e-05 2160
1778190948875 2.429732142857143e-05 2180
1778190965592 2.424375e-05 2200
1778190982300 2.4190178571428573e-05 2220
1778190999506 2.4136607142857142e-05 2240
1778191069597 2.4083035714285715e-05 2260
1778191086307 2.4029464285714285e-05 2280
1778191103016 2.3975892857142858e-05 2300
1778191119720 2.392232142857143e-05 2320
1778191136438 2.386875e-05 2340
1778191153145 2.3815178571428574e-05 2360
1778191169858 2.3761607142857143e-05 2380
1778191186573 2.3708035714285717e-05 2400
1778191203422 2.365446428571429e-05 2420
1778191220129 2.3600892857142856e-05 2440
1778191236837 2.354732142857143e-05 2460
1778191253543 2.349375e-05 2480
1778191270246 2.344017857142857e-05 2500
1778191340530 2.338660714285714e-05 2520
1778191357245 2.3333035714285714e-05 2540
1778191373945 2.3279464285714287e-05 2560
1778191390890 2.3225892857142857e-05 2580
1778191407606 2.317232142857143e-05 2600
1778191424308 2.311875e-05 2620
1778191441032 2.3065178571428573e-05 2640
1778191457948 2.3011607142857146e-05 2660
1778191474659 2.2958035714285715e-05 2680
1778191491372 2.2904464285714288e-05 2700
1778191508081 2.2850892857142858e-05 2720
1778191524802 2.279732142857143e-05 2740
1778191594855 2.274375e-05 2760
1778191611576 2.2690178571428574e-05 2780
1778191628279 2.2636607142857143e-05 2800
1778191644991 2.2583035714285713e-05 2820
1778191661695 2.2529464285714286e-05 2840
1778191678402 2.2475892857142856e-05 2860
1778191695105 2.242232142857143e-05 2880
1778191711807 2.236875e-05 2900
1778191728758 2.231517857142857e-05 2920
1778191745454 2.2261607142857144e-05 2940
1778191762150 2.2208035714285714e-05 2960
1778191779206 2.2154464285714287e-05 2980
1778191796116 2.2100892857142857e-05 3000
1778191866439 2.204732142857143e-05 3020
1778191883136 2.1993750000000003e-05 3040
1778191899837 2.1940178571428572e-05 3060
1778191916536 2.1886607142857145e-05 3080
1778191933245 2.1833035714285715e-05 3100
1778191949941 2.1779464285714288e-05 3120
1778191966652 2.1725892857142858e-05 3140
1778191983347 2.1672321428571427e-05 3160
1778192000051 2.161875e-05 3180
1778192016742 2.156517857142857e-05 3200
1778192033437 2.1511607142857143e-05 3220
1778192050141 2.1458035714285713e-05 3240
1778192120451 2.1404464285714286e-05 3260
1778192137375 2.135089285714286e-05 3280
1778192154099 2.129732142857143e-05 3300
1778192170806 2.124375e-05 3320
1778192187513 2.119017857142857e-05 3340
1778192204244 2.1136607142857144e-05 3360
1778192220944 2.1083035714285717e-05 3380
1778192237643 2.1029464285714287e-05 3400
1778192254340 2.097589285714286e-05 3420
1778192271039 2.092232142857143e-05 3440
1778192287872 2.0868750000000002e-05 3460
1778192304565 2.0815178571428572e-05 3480
1778192321267 2.0761607142857142e-05 3500
1778192391660 2.0708035714285715e-05 3520
1778192408363 2.0654464285714284e-05 3540
1778192425070 2.0600892857142857e-05 3560
1778192441783 2.0547321428571427e-05 3580
1778192458496 2.049375e-05 3600
1778192475200 2.0440178571428573e-05 3620
1778192491901 2.0386607142857143e-05 3640
1778192508604 2.0333035714285716e-05 3660
1778192525301 2.0279464285714285e-05 3680
1778192542011 2.022589285714286e-05 3700
1778192558713 2.0172321428571428e-05 3720
1778192575418 2.011875e-05 3740
1778192645691 2.0065178571428574e-05 3760
1778192662413 2.0011607142857144e-05 3780
1778192679127 1.9958035714285717e-05 3800
1778192695825 1.9904464285714286e-05 3820
1778192712542 1.9850892857142856e-05 3840
1778192729248 1.979732142857143e-05 3860
1778192745951 1.974375e-05 3880
1778192763098 1.9690178571428572e-05 3900
1778192779817 1.963660714285714e-05 3920
1778192796517 1.9583035714285714e-05 3940
1778192813462 1.9529464285714284e-05 3960
1778192830185 1.9475892857142857e-05 3980
1778192846900 1.942232142857143e-05 4000
1778192917062 1.936875e-05 4020
1778192933762 1.9315178571428573e-05 4040
1778192950472 1.9261607142857143e-05 4060
1778192967193 1.9208035714285716e-05 4080
1778192983894 1.915446428571429e-05 4100
1778193000603 1.9100892857142858e-05 4120
1778193017310 1.904732142857143e-05 4140
1778193034022 1.899375e-05 4160
1778193050736 1.8940178571428574e-05 4180
1778193067457 1.888660714285714e-05 4200
1778193084160 1.8833035714285713e-05 4220
1778193100894 1.8779464285714286e-05 4240
1778193171208 1.8725892857142856e-05 4260
1778193187929 1.867232142857143e-05 4280
1778193204633 1.861875e-05 4300
1778193221595 1.856517857142857e-05 4320
1778193238305 1.8511607142857145e-05 4340
1778193255017 1.8458035714285714e-05 4360
1778193271735 1.8404464285714287e-05 4380
1778193288436 1.8350892857142857e-05 4400
1778193305151 1.829732142857143e-05 4420
1778193321854 1.824375e-05 4440
1778193338567 1.8190178571428573e-05 4460
1778193355277 1.8136607142857146e-05 4480
1778193371992 1.8083035714285715e-05 4500
1778193442082 1.802946428571429e-05 4520
1778193458784 1.7975892857142855e-05 4540
1778193475505 1.7922321428571428e-05 4560
1778193492212 1.786875e-05 4580
1778193508913 1.781517857142857e-05 4600
1778193525622 1.7761607142857143e-05 4620
1778193542327 1.7708035714285713e-05 4640
1778193559033 1.7654464285714286e-05 4660
1778193575866 1.760089285714286e-05 4680
1778193592829 1.754732142857143e-05 4700
1778193609526 1.7493750000000002e-05 4720
1778193626224 1.744017857142857e-05 4740
1778193696551 1.7386607142857144e-05 4760
1778193713264 1.7333035714285714e-05 4780
1778193729968 1.7279464285714287e-05 4800
1778193746681 1.722589285714286e-05 4820
1778193763388 1.717232142857143e-05 4840
1778193780104 1.7118750000000003e-05 4860
1778193796805 1.7065178571428572e-05 4880
1778193813507 1.7011607142857142e-05 4900
1778193830339 1.6958035714285715e-05 4920
1778193847046 1.6904464285714285e-05 4940
1778193863750 1.6850892857142858e-05 4960
1778193880457 1.6797321428571427e-05 4980
1778193897165 1.674375e-05 5000
1778193967500 1.669017857142857e-05 5020
1778193984200 1.6636607142857143e-05 5040
1778194000898 1.6583035714285716e-05 5060
1778194017594 1.6529464285714286e-05 5080
1778194034298 1.647589285714286e-05 5100
1778194051231 1.642232142857143e-05 5120
1778194067949 1.636875e-05 5140
1778194084869 1.6315178571428574e-05 5160
1778194101801 1.6261607142857144e-05 5180
1778194118514 1.6208035714285717e-05 5200
1778194135644 1.6154464285714287e-05 5220
1778194152784 1.6100892857142856e-05 5240
1778194222826 1.6047321428571426e-05 5260
1778194239540 1.599375e-05 5280
1778194256247 1.5940178571428572e-05 5300
1778194272958 1.5886607142857142e-05 5320
1778194289655 1.5833035714285715e-05 5340
1778194306371 1.5779464285714284e-05 5360
1778194323292 1.5725892857142858e-05 5380
1778194339994 1.567232142857143e-05 5400
1778194356695 1.561875e-05 5420
1778194373406 1.5565178571428573e-05 5440
1778194390103 1.5511607142857143e-05 5460
1778194406808 1.5458035714285716e-05 5480
1778194423511 1.5404464285714286e-05 5500
1778194493642 1.535089285714286e-05 5520
1778194510365 1.529732142857143e-05 5540
1778194527069 1.5243750000000001e-05 5560
1778194543782 1.5190178571428574e-05 5580
1778194560486 1.5136607142857142e-05 5600
1778194577200 1.5083035714285714e-05 5620
1778194593905 1.5029464285714285e-05 5640
1778194610601 1.4975892857142858e-05 5660
1778194627311 1.4922321428571428e-05 5680
1778194644011 1.486875e-05 5700
1778194660723 1.4815178571428572e-05 5720
1778194677423 1.4761607142857143e-05 5740
1778194747665 1.4708035714285715e-05 5760
1778194764363 1.4654464285714286e-05 5780
1778194781060 1.4600892857142857e-05 5800
1778194798084 1.454732142857143e-05 5820
1778194814990 1.4493750000000002e-05 5840
1778194831918 1.4440178571428571e-05 5860
1778194849065 1.4386607142857143e-05 5880
1778194865770 1.4333035714285714e-05 5900
1778194882910 1.4279464285714285e-05 5920
1778194899622 1.4225892857142858e-05 5940
1778194916553 1.417232142857143e-05 5960
1778194933460 1.4118750000000001e-05 5980
1778194950613 1.4065178571428572e-05 6000
1778195020852 1.4011607142857142e-05 6020
1778195037563 1.3958035714285713e-05 6040
1778195054276 1.3904464285714286e-05 6060
1778195070971 1.3850892857142858e-05 6080
1778195087684 1.3797321428571429e-05 6100
1778195104602 1.374375e-05 6120
1778195121303 1.3690178571428572e-05 6140
1778195138223 1.3636607142857143e-05 6160
1778195155367 1.3583035714285716e-05 6180
1778195172068 1.3529464285714286e-05 6200
1778195188781 1.3475892857142857e-05 6220
1778195205931 1.3422321428571428e-05 6240
1778195275958 1.336875e-05 6260
1778195292683 1.3315178571428571e-05 6280
1778195309390 1.3261607142857144e-05 6300
1778195326105 1.3208035714285715e-05 6320
1778195342811 1.3154464285714287e-05 6340
1778195359532 1.3100892857142858e-05 6360
1778195376374 1.3047321428571428e-05 6380
1778195393084 1.2993749999999999e-05 6400
1778195409790 1.2940178571428572e-05 6420
1778195426504 1.2886607142857143e-05 6440
1778195443216 1.2833035714285715e-05 6460
1778195459930 1.2779464285714286e-05 6480
1778195476639 1.2725892857142857e-05 6500
1778195546945 1.2672321428571429e-05 6520
1778195563660 1.2618750000000002e-05 6540
1778195580364 1.2565178571428571e-05 6560
1778195597081 1.2511607142857143e-05 6580
1778195613793 1.2458035714285714e-05 6600
1778195630517 1.2404464285714285e-05 6620
1778195647235 1.2350892857142857e-05 6640
1778195663949 1.229732142857143e-05 6660
1778195680656 1.2243750000000001e-05 6680
1778195697365 1.2190178571428572e-05 6700
1778195714078 1.2136607142857142e-05 6720
1778195730789 1.2083035714285713e-05 6740
1778195800906 1.2029464285714285e-05 6760
1778195817613 1.1975892857142858e-05 6780
1778195834311 1.192232142857143e-05 6800
1778195851025 1.186875e-05 6820
1778195867726 1.1815178571428572e-05 6840
1778195884429 1.1761607142857143e-05 6860
1778195901137 1.1708035714285715e-05 6880
1778195917848 1.1654464285714286e-05 6900
1778195934548 1.1600892857142857e-05 6920
1778195951263 1.1547321428571429e-05 6940
1778195967963 1.149375e-05 6960
1778195984678 1.1440178571428571e-05 6980
1778196001386 1.1386607142857143e-05 7000
1778196071546 1.1333035714285716e-05 7020
1778196088259 1.1279464285714287e-05 7040
1778196104986 1.1225892857142858e-05 7060
1778196121703 1.1172321428571428e-05 7080
1778196138423 1.111875e-05 7100
1778196155127 1.106517857142857e-05 7120
1778196171840 1.1011607142857144e-05 7140
1778196188551 1.0958035714285715e-05 7160
1778196205411 1.0904464285714286e-05 7180
1778196222157 1.0850892857142858e-05 7200
1778196238863 1.0797321428571429e-05 7220
1778196255571 1.074375e-05 7240
1778196325862 1.0690178571428572e-05 7260
1778196342562 1.0636607142857143e-05 7280
1778196359262 1.0583035714285714e-05 7300
1778196375977 1.0529464285714286e-05 7320
1778196392687 1.0475892857142857e-05 7340
1778196409387 1.0422321428571428e-05 7360
1778196426107 1.0368750000000001e-05 7380
1778196442810 1.0315178571428573e-05 7400
1778196459527 1.0261607142857142e-05 7420
1778196476361 1.0208035714285714e-05 7440
1778196493087 1.0154464285714285e-05 7460
1778196509794 1.0100892857142858e-05 7480
1778196526516 1.004732142857143e-05 7500
1778196596914 9.99375e-06 7520
1778196613634 9.940178571428572e-06 7540
1778196630338 9.886607142857143e-06 7560
1778196647062 9.833035714285715e-06 7580
1778196663773 9.779464285714286e-06 7600
1778196680734 9.725892857142857e-06 7620
1778196697440 9.672321428571429e-06 7640
1778196714143 9.61875e-06 7660
1778196730860 9.565178571428571e-06 7680
1778196747567 9.511607142857143e-06 7700
1778196764280 9.458035714285716e-06 7720
1778196780988 9.404464285714287e-06 7740
1778196851285 9.350892857142858e-06 7760
1778196868001 9.297321428571428e-06 7780
1778196884915 9.24375e-06 7800
1778196901849 9.19017857142857e-06 7820
1778196918551 9.136607142857144e-06 7840
1778196935463 9.083035714285715e-06 7860
1778196952397 9.029464285714286e-06 7880
1778196969107 8.975892857142858e-06 7900
1778196986035 8.922321428571429e-06 7920
1778197002739 8.86875e-06 7940
1778197019660 8.815178571428572e-06 7960
1778197036590 8.761607142857143e-06 7980
1778197053294 8.708035714285714e-06 8000
1778197123443 8.654464285714286e-06 8020
1778197140140 8.600892857142857e-06 8040
1778197157085 8.547321428571428e-06 8060
1778197174016 8.493750000000001e-06 8080
1778197190932 8.440178571428573e-06 8100
1778197208083 8.386607142857142e-06 8120
1778197224791 8.333035714285714e-06 8140
1778197241513 8.279464285714285e-06 8160
1778197258439 8.225892857142856e-06 8180
1778197275367 8.17232142857143e-06 8200
1778197292083 8.11875e-06 8220
1778197308791 8.065178571428572e-06 8240
1778197379410 8.011607142857144e-06 8260
1778197396112 7.958035714285715e-06 8280
1778197412826 7.904464285714284e-06 8300
1778197429514 7.850892857142858e-06 8320
1778197446225 7.797321428571429e-06 8340
1778197462929 7.74375e-06 8360
1778197479639 7.690178571428572e-06 8380
1778197496333 7.636607142857143e-06 8400
1778197513037 7.583035714285715e-06 8420
1778197529732 7.529464285714286e-06 8440
1778197546435 7.475892857142857e-06 8460
1778197563150 7.422321428571429e-06 8480
1778197579847 7.36875e-06 8500
1778197649944 7.315178571428571e-06 8520
1778197666650 7.261607142857143e-06 8540
1778197683353 7.208035714285714e-06 8560
1778197700296 7.154464285714286e-06 8580
1778197717248 7.100892857142857e-06 8600
1778197733952 7.047321428571428e-06 8620
1778197750663 6.99375e-06 8640
1778197767366 6.940178571428572e-06 8660
1778197784080 6.886607142857143e-06 8680
1778197800774 6.833035714285714e-06 8700
1778197817493 6.779464285714286e-06 8720
1778197834197 6.725892857142857e-06 8740
1778197904253 6.672321428571429e-06 8760
1778197920973 6.61875e-06 8780
1778197937685 6.565178571428571e-06 8800
1778197954391 6.511607142857143e-06 8820
1778197971108 6.458035714285715e-06 8840
1778197987814 6.404464285714286e-06 8860
1778198004523 6.3508928571428575e-06 8880
1778198021231 6.297321428571429e-06 8900
1778198038073 6.24375e-06 8920
1778198054773 6.190178571428572e-06 8940
1778198071490 6.136607142857143e-06 8960
1778198088227 6.083035714285714e-06 8980
1778198104930 6.029464285714286e-06 9000
1778198175200 5.975892857142858e-06 9020
1778198191927 5.922321428571428e-06 9040
1778198208633 5.86875e-06 9060
1778198225339 5.815178571428572e-06 9080
1778198242055 5.761607142857143e-06 9100
1778198258761 5.708035714285715e-06 9120
1778198275484 5.654464285714286e-06 9140
1778198292192 5.600892857142857e-06 9160
1778198308904 5.547321428571429e-06 9180
1778198325612 5.4937500000000006e-06 9200
1778198342322 5.440178571428571e-06 9220
1778198359044 5.386607142857143e-06 9240
1778198429127 5.3330357142857146e-06 9260
1778198445835 5.279464285714286e-06 9280
1778198462546 5.225892857142857e-06 9300
1778198479257 5.1723214285714286e-06 9320
1778198495977 5.11875e-06 9340
1778198512678 5.065178571428572e-06 9360
1778198529404 5.0116071428571434e-06 9380
1778198546107 4.958035714285714e-06 9400
1778198562968 4.904464285714286e-06 9420
1778198579675 4.8508928571428574e-06 9440
1778198596392 4.797321428571429e-06 9460
1778198613097 4.74375e-06 9480
1778198629802 4.6901785714285714e-06 9500
1778198700133 4.636607142857143e-06 9520
1778198716850 4.583035714285715e-06 9540
1778198733551 4.529464285714286e-06 9560
1778198750253 4.475892857142857e-06 9580
1778198766959 4.422321428571429e-06 9600
1778198783670 4.36875e-06 9620
1778198800374 4.315178571428572e-06 9640
1778198817086 4.261607142857143e-06 9660
1778198833788 4.208035714285714e-06 9680
1778198850488 4.154464285714286e-06 9700
1778198867207 4.100892857142858e-06 9720
1778198884276 4.047321428571428e-06 9740
1778198954619 3.99375e-06 9760
1778198971325 3.940178571428572e-06 9780
1778198988042 3.886607142857143e-06 9800
1778199004744 3.8330357142857145e-06 9820
1778199021449 3.7794642857142854e-06 9840
1778199038163 3.725892857142857e-06 9860
1778199054871 3.672321428571429e-06 9880
1778199071584 3.61875e-06 9900
1778199088289 3.5651785714285716e-06 9920
1778199105006 3.511607142857143e-06 9940
1778199121713 3.4580357142857143e-06 9960
1778199138417 3.4044642857142856e-06 9980
1778199155126 3.3508928571428574e-06 10000
1778199225366 3.2973214285714287e-06 10020
1778199242281 3.24375e-06 10040
1778199259000 3.190178571428572e-06 10060
1778199276143 3.1366071428571427e-06 10080
1778199292852 3.0830357142857145e-06 10100
1778199309996 3.029464285714286e-06 10120
1778199326923 2.975892857142857e-06 10140
1778199343852 2.9223214285714285e-06 10160
1778199360571 2.8687500000000003e-06 10180
1778199377712 2.815178571428571e-06 10200
1778199394624 2.761607142857143e-06 10220
1778199411560 2.7080357142857147e-06 10240
1778199481775 2.6544642857142856e-06 10260
1778199498481 2.6008928571428574e-06 10280
1778199515209 2.5473214285714287e-06 10300
1778199531935 2.49375e-06 10320
1778199548641 2.4401785714285714e-06 10340
1778199565360 2.386607142857143e-06 10360
1778199582066 2.333035714285714e-06 10380
1778199598793 2.279464285714286e-06 10400
1778199615496 2.225892857142857e-06 10420
1778199632201 2.1723214285714285e-06 10440
1778199648924 2.11875e-06 10460
1778199665629 2.0651785714285716e-06 10480
1778199682349 2.011607142857143e-06 10500
1778199752448 1.9580357142857143e-06 10520
1778199769194 1.9044642857142858e-06 10540
1778199786127 1.8508928571428571e-06 10560
1778199802850 1.7973214285714285e-06 10580
1778199819560 1.74375e-06 10600
1778199836265 1.6901785714285716e-06 10620
1778199852975 1.636607142857143e-06 10640
1778199869672 1.5830357142857145e-06 10660
1778199886386 1.5294642857142858e-06 10680
1778199903093 1.4758928571428571e-06 10700
1778199919813 1.4223214285714287e-06 10720
1778199936518 1.36875e-06 10740
1778200006602 1.3151785714285714e-06 10760
1778200023317 1.261607142857143e-06 10780
1778200040040 1.2080357142857142e-06 10800
1778200056751 1.1544642857142858e-06 10820
1778200073600 1.1008928571428573e-06 10840
1778200090309 1.0473214285714287e-06 10860
1778200107018 9.9375e-07 10880
1778200123726 9.401785714285715e-07 10900
1778200140439 8.866071428571429e-07 10920
1778200157145 8.330357142857143e-07 10940
1778200173994 7.794642857142857e-07 10960
1778200190701 7.258928571428571e-07 10980
1778200207406 6.723214285714287e-07 11000
1778200277839 6.1875e-07 11020
1778200294562 5.651785714285714e-07 11040
1778200311263 5.116071428571429e-07 11060
1778200327977 4.580357142857143e-07 11080
1778200344686 4.044642857142857e-07 11100
1778200361404 3.5089285714285716e-07 11120
1778200378112 2.9732142857142855e-07 11140
1778200394817 2.4375e-07 11160
1778200411533 1.901785714285714e-07 11180
1778200428233 1.3660714285714285e-07 11200
1778200444951 8.303571428571428e-08 11220
1778200461652 2.946428571428572e-08 11240
