1778635647686 0.015016424213984044 20
1778635668572 0.03003284842796809 40
1778635689846 0.04504927264195214 60
1778635710859 0.06006569685593618 80
1778635731378 0.07508212106992022 100
1778635750865 0.09009854528390428 120
1778635772955 0.10511496949788832 140
1778635793634 0.12013139371187236 160
1778635813815 0.1351478179258564 180
1778635834800 0.15016424213984045 200
1778635856127 0.1651806663538245 220
1778635877567 0.18019709056780855 240
1778635963347 0.18770530267480057 250
1778635978228 0.19521351478179258 260
1778635999612 0.21022993899577663 280
1778636020097 0.22524636320976069 300
1778636042589 0.2402627874237447 320
1778636064578 0.25527921163772876 340
1778636084617 0.2702956358517128 360
1778636105653 0.28531206006569687 380
1778636127228 0.3003284842796809 400
1778636148385 0.3153449084936649 420
1778636170247 0.330361332707649 440
1778636192254 0.34537775692163303 460
1778636215317 0.3603941811356171 480
1778636237204 0.37541060534960113 500
1778636312795 0.37541060534960113 500
1778636338449 0.39042702956358516 520
1778636359330 0.40544345377756924 540
1778636378965 0.42045987799155327 560
1778636398510 0.4354763022055373 580
1778636414724 0.45049272641952137 600
1778636430928 0.4655091506335054 620
1778636446933 0.4805255748474894 640
1778636462897 0.4955419990614735 660
1778636479795 0.5105584232754575 680
1778636497266 0.5255748474894416 700
1778636514237 0.5405912717034256 720
1778636530577 0.5556076959174097 740
1778636616726 0.5631159080244017 750
1778636630224 0.5706241201313937 760
1778636651595 0.5856405443453777 780
1778636669257 0.6006569685593618 800
1778636684311 0.6156733927733459 820
1778636699196 0.6306898169873298 840
1778636714379 0.6457062412013139 860
1778636730242 0.660722665415298 880
1778636746409 0.675739089629282 900
1778636761862 0.6907555138432661 920
1778636777988 0.7057719380572501 940
1778636793177 0.7207883622712342 960
1778636814675 0.7358047864852182 980
1778636837649 0.7508212106992023 1000
1778636914409 0.7508212106992023 1000
1778636940651 0.7658376349131863 1020
1778636962610 0.7808540591271703 1040
1778636985142 0.7958704833411544 1060
1778637006451 0.8108869075551385 1080
1778637026585 0.8259033317691225 1100
1778637047702 0.8409197559831065 1120
1778637069501 0.8559361801970906 1140
1778637091755 0.8709526044110746 1160
1778637113607 0.8859690286250587 1180
1778637135178 0.9009854528390427 1200
1778637156089 0.9160018770530267 1220
1778637176801 0.9310183012670108 1240
