1778635647686 0.5695652961730957 20
1778635668572 1.6562691926956177 40
1778635689846 0.31528303027153015 60
1778635710859 2.2451789379119873 80
1778635731378 1.8236074447631836 100
1778635750865 1.6060518026351929 120
1778635772955 1.4140819311141968 140
1778635793634 1.5726828575134277 160
1778635813815 0.6473227143287659 180
1778635834800 3.011075019836426 200
1778635856127 0.2969885766506195 220
1778635877567 0.6674506068229675 240
1778635978228 0.8079918622970581 260
1778635999612 0.5954076051712036 280
1778636020097 0.6754163503646851 300
1778636042589 2.0758135318756104 320
1778636064578 0.81241774559021 340
1778636084617 0.6569784283638 360
1778636105653 0.9998435974121094 380
1778636127228 1.4148062467575073 400
1778636148385 0.5913811922073364 420
1778636170247 1.2036100625991821 440
1778636192254 0.5522868633270264 460
1778636215317 1.3670520782470703 480
1778636237204 0.3488912284374237 500
1778636338449 1.58774995803833 520
1778636359330 0.813235878944397 540
1778636378965 0.8226354718208313 560
1778636398510 1.0460652112960815 580
1778636414724 0.8210864067077637 600
1778636430928 2.978188991546631 620
1778636446933 0.31233882904052734 640
1778636462897 0.9759529232978821 660
1778636479795 1.3281525373458862 680
1778636497266 0.6001300811767578 700
1778636514237 1.383505940437317 720
1778636530577 1.7270926237106323 740
1778636630224 0.4606539309024811 760
1778636651595 0.9576889276504517 780
1778636669257 0.8023287653923035 800
1778636684311 0.43614083528518677 820
1778636699196 0.5660138130187988 840
1778636714379 1.3732391595840454 860
1778636730242 0.5713385939598083 880
1778636746409 0.5229520201683044 900
1778636761862 0.5288958549499512 920
1778636777988 1.186873435974121 940
1778636793177 0.8807873129844666 960
1778636814675 0.5350859761238098 980
1778636837649 1.8323475122451782 1000
1778636940651 2.116024971008301 1020
1778636962610 0.5583369135856628 1040
1778636985142 0.852457582950592 1060
1778637006451 0.4220640957355499 1080
1778637026585 0.5573868155479431 1100
1778637047702 1.6396660804748535 1120
1778637069501 0.5577402114868164 1140
1778637091755 1.6700726747512817 1160
1778637113607 0.4411577582359314 1180
1778637135178 2.1164300441741943 1200
1778637156089 1.1610732078552246 1220
1778637176801 0.5889548063278198 1240
