1778635647686 1.1400000000000001e-05 20
1778635668572 2.3400000000000003e-05 40
1778635689846 2.9948844259189087e-05 60
1778635710859 2.9835164835164837e-05 80
1778635731378 2.9721485411140586e-05 100
1778635750865 2.9607805987116332e-05 120
1778635772955 2.949412656309208e-05 140
1778635793634 2.938044713906783e-05 160
1778635813815 2.926676771504358e-05 180
1778635834800 2.9153088291019325e-05 200
1778635856127 2.9039408866995075e-05 220
1778635877567 2.892572944297082e-05 240
1778635978228 2.8812050018946573e-05 260
1778635999612 2.869837059492232e-05 280
1778636020097 2.858469117089807e-05 300
1778636042589 2.8471011746873818e-05 320
1778636064578 2.8357332322849564e-05 340
1778636084617 2.8243652898825313e-05 360
1778636105653 2.8129973474801062e-05 380
1778636127228 2.801629405077681e-05 400
1778636148385 2.7902614626752557e-05 420
1778636170247 2.7788935202728306e-05 440
1778636192254 2.7675255778704052e-05 460
1778636215317 2.7561576354679805e-05 480
1778636237204 2.7447896930655554e-05 500
1778636338449 2.73342175066313e-05 520
1778636359330 2.722053808260705e-05 540
1778636378965 2.7106858658582795e-05 560
1778636398510 2.6993179234558548e-05 580
1778636414724 2.6879499810534294e-05 600
1778636430928 2.6765820386510043e-05 620
1778636446933 2.665214096248579e-05 640
1778636462897 2.6538461538461538e-05 660
1778636479795 2.6424782114437287e-05 680
1778636497266 2.6311102690413037e-05 700
1778636514237 2.6197423266388786e-05 720
1778636530577 2.6083743842364532e-05 740
1778636630224 2.597006441834028e-05 760
1778636651595 2.5856384994316027e-05 780
1778636669257 2.574270557029178e-05 800
1778636684311 2.5629026146267526e-05 820
1778636699196 2.5515346722243275e-05 840
1778636714379 2.540166729821902e-05 860
1778636730242 2.528798787419477e-05 880
1778636746409 2.5174308450170523e-05 900
1778636761862 2.506062902614627e-05 920
1778636777988 2.4946949602122018e-05 940
1778636793177 2.4833270178097764e-05 960
1778636814675 2.4719590754073513e-05 980
1778636837649 2.4605911330049262e-05 1000
1778636940651 2.449223190602501e-05 1020
1778636962610 2.4378552482000757e-05 1040
1778636985142 2.4264873057976507e-05 1060
1778637006451 2.4151193633952256e-05 1080
1778637026585 2.4037514209928e-05 1100
1778637047702 2.3923834785903754e-05 1120
1778637069501 2.38101553618795e-05 1140
1778637091755 2.369647593785525e-05 1160
1778637113607 2.3582796513830995e-05 1180
1778637135178 2.3469117089806745e-05 1200
1778637156089 2.3355437665782494e-05 1220
1778637176801 2.3241758241758243e-05 1240
