1779069876861 0.038910505836575876 20
1779069891063 0.07782101167315175 40
1779069905281 0.11673151750972763 60
1779069919495 0.1556420233463035 80
1779069933633 0.19455252918287938 100
1779069947742 0.23346303501945526 120
1779069961901 0.2723735408560311 140
1779069976070 0.311284046692607 160
1779069990216 0.35019455252918286 180
1779070004412 0.38910505836575876 200
1779070018740 0.4280155642023346 220
1779070033066 0.4669260700389105 240
1779070057542 0.48638132295719844 250
1779070066111 0.5058365758754864 260
1779070080257 0.5447470817120622 280
1779070094711 0.5836575875486382 300
1779070108863 0.622568093385214 320
1779070123163 0.6614785992217899 340
1779070137494 0.7003891050583657 360
1779070151264 0.7392996108949417 380
1779070164955 0.7782101167315175 400
1779070178666 0.8171206225680934 420
1779070192387 0.8560311284046692 440
1779070206137 0.8949416342412452 460
1779070219773 0.933852140077821 480
1779070233412 0.9727626459143969 500
1779070249258 0.9727626459143969 500
1779070264446 1.0116731517509727 520
1779070278691 1.0505836575875487 540
1779070292927 1.0894941634241244 560
1779070307139 1.1284046692607004 580
1779070321560 1.1673151750972763 600
1779070335807 1.206225680933852 620
1779070350016 1.245136186770428 640
1779070364260 1.2840466926070038 660
1779070378518 1.3229571984435797 680
1779070392781 1.3618677042801557 700
1779070407041 1.4007782101167314 720
1779070421296 1.4396887159533074 740
1779070445821 1.4591439688715953 750
1779070454715 1.4785992217898833 760
1779070469009 1.517509727626459 780
1779070483254 1.556420233463035 800
1779070497493 1.595330739299611 820
1779070511754 1.6342412451361867 840
1779070525993 1.6731517509727627 860
1779070540281 1.7120622568093387 880
1779070554499 1.7509727626459144 900
1779070569010 1.7898832684824901 920
1779070583296 1.8287937743190663 940
1779070597508 1.867704280155642 960
1779070611686 1.9066147859922178 980
1779070626058 1.9455252918287937 1000
1779070643710 1.9455252918287937 1000
1779070659567 1.9844357976653697 1020
1779070673571 2.0233463035019454 1040
1779070687370 2.062256809338521 1060
1779070701033 2.1011673151750974 1080
1779070714766 2.140077821011673 1100
1779070728412 2.178988326848249 1120
1779070742179 2.217898832684825 1140
1779070755951 2.2568093385214008 1160
1779070769749 2.2957198443579765 1180
1779070781743 2.3346303501945527 1200
1779070796246 2.3735408560311284 1220
1779070810472 2.412451361867704 1240
1779070834824 2.4319066147859925 1250
1779070843476 2.4513618677042803 1260
1779070857699 2.490272373540856 1280
1779070871814 2.529182879377432 1300
1779070885894 2.5680933852140075 1320
1779070900044 2.6070038910505837 1340
1779070914339 2.6459143968871595 1360
1779070928616 2.6848249027237356 1380
1779070942886 2.7237354085603114 1400
1779070957125 2.762645914396887 1420
1779070971364 2.801556420233463 1440
1779070985596 2.840466926070039 1460
1779070999756 2.8793774319066148 1480
1779071014045 2.9182879377431905 1500
1779071031776 2.9182879377431905 1500
1779071047264 2.9571984435797667 1520
1779071061562 2.9961089494163424 1540
1779071075420 3.035019455252918 1560
1779071089730 3.0739299610894943 1580
1779071104025 3.11284046692607 1600
1779071118299 3.151750972762646 1620
1779071132564 3.190661478599222 1640
1779071146823 3.2295719844357977 1660
1779071161048 3.2684824902723735 1680
1779071175277 3.307392996108949 1700
1779071189621 3.3463035019455254 1720
1779071203923 3.385214007782101 1740
1779071228150 3.404669260700389 1750
1779071235883 3.424124513618677 1760
1779071249608 3.463035019455253 1780
1779071263641 3.501945525291829 1800
1779071277349 3.5408560311284045 1820
1779071291096 3.5797665369649807 1840
1779071304816 3.6186770428015564 1860
1779071317433 3.657587548638132 1880
1779071330375 3.6964980544747084 1900
1779071344502 3.735408560311284 1920
1779071358669 3.77431906614786 1940
1779071372839 3.8132295719844356 1960
1779071387082 3.8521400778210118 1980
1779071401426 3.8910505836575875 2000
1779071418860 3.8910505836575875 2000
1779071434588 3.9299610894941637 2020
1779071448845 3.9688715953307394 2040
1779071462737 4.007782101167315 2060
1779071477031 4.046692607003891 2080
1779071491703 4.085603112840467 2100
1779071506000 4.124513618677042 2120
1779071520237 4.163424124513619 2140
1779071534392 4.202334630350195 2160
1779071548441 4.2412451361867705 2180
1779071562739 4.280155642023346 2200
1779071577003 4.319066147859922 2220
1779071591250 4.357976653696498 2240
1779071615914 4.377431906614786 2250
1779071624908 4.396887159533074 2260
1779071639052 4.43579766536965 2280
1779071653193 4.474708171206226 2300
1779071667341 4.5136186770428015 2320
1779071681434 4.552529182879377 2340
1779071695602 4.591439688715953 2360
1779071709705 4.630350194552529 2380
1779071724112 4.669260700389105 2400
1779071738254 4.708171206225681 2420
1779071752524 4.747081712062257 2440
1779071766445 4.785992217898833 2460
1779071780121 4.824902723735408 2480
1779071793855 4.863813229571985 2500
1779071810931 4.863813229571985 2500
1779071826255 4.902723735408561 2520
1779071839959 4.941634241245136 2540
1779071853472 4.980544747081712 2560
1779071859938 5.0 2570
1779071877457 5.0 2570
1779071898708 5.0 2570
1779071921073 5.0 0
