1779069876861 4.6388468742370605 20
1779069891063 1.7925630807876587 40
1779069905281 2.5272552967071533 60
1779069919495 3.6373138427734375 80
1779069933633 3.095059394836426 100
1779069947742 3.9479947090148926 120
1779069961901 5.319169521331787 140
1779069976070 4.897243499755859 160
1779069990216 4.548862934112549 180
1779070004412 3.7559847831726074 200
1779070018740 3.9614510536193848 220
1779070033066 5.376658916473389 240
1779070066111 6.358392238616943 260
1779070080257 4.310727596282959 280
1779070094711 8.212162017822266 300
1779070108863 7.693197250366211 320
1779070123163 6.638323783874512 340
1779070137494 6.905786991119385 360
1779070151264 6.219825267791748 380
1779070164955 4.702409744262695 400
1779070178666 7.385586738586426 420
1779070192387 6.247433662414551 440
1779070206137 5.682575225830078 460
1779070219773 5.163516044616699 480
1779070233412 5.837519645690918 500
1779070264446 2.541428565979004 520
1779070278691 12.889966011047363 540
1779070292927 6.8879523277282715 560
1779070307139 8.066588401794434 580
1779070321560 4.081327438354492 600
1779070335807 5.346845626831055 620
1779070350016 6.838902473449707 640
1779070364260 3.125032424926758 660
1779070378518 6.533863544464111 680
1779070392781 6.695671558380127 700
1779070407041 2.982675552368164 720
1779070421296 7.307432174682617 740
1779070454715 3.06758451461792 760
1779070469009 4.367244243621826 780
1779070483254 4.377904891967773 800
1779070497493 4.4240570068359375 820
1779070511754 3.2259628772735596 840
1779070525993 4.943053722381592 860
1779070540281 4.5092363357543945 880
1779070554499 3.810774564743042 900
1779070569010 8.029032707214355 920
1779070583296 9.485014915466309 940
1779070597508 4.398299694061279 960
1779070611686 4.917457103729248 980
1779070626058 3.6175169944763184 1000
1779070659567 3.4761669635772705 1020
1779070673571 6.222554683685303 1040
1779070687370 4.754985809326172 1060
1779070701033 6.245533466339111 1080
1779070714766 4.622228145599365 1100
1779070728412 4.616745471954346 1120
1779070742179 7.028421401977539 1140
1779070755951 5.61061429977417 1160
1779070769749 3.16886830329895 1180
1779070781743 5.5362229347229 1200
1779070796246 4.190025806427002 1220
1779070810472 6.058624267578125 1240
1779070843476 7.282800674438477 1260
1779070857699 3.8118724822998047 1280
1779070871814 4.016458511352539 1300
1779070885894 3.3918933868408203 1320
1779070900044 5.848291397094727 1340
1779070914339 3.0345165729522705 1360
1779070928616 4.381197929382324 1380
1779070942886 5.554654598236084 1400
1779070957125 4.216960906982422 1420
1779070971364 5.006398677825928 1440
1779070985596 5.867464065551758 1460
1779070999756 4.875051021575928 1480
1779071014045 4.889120101928711 1500
1779071047264 4.4590678215026855 1520
1779071061562 5.59697151184082 1540
1779071075420 4.166704177856445 1560
1779071089730 3.2137818336486816 1580
1779071104025 3.895538091659546 1600
1779071118299 6.157779216766357 1620
1779071132564 5.69258451461792 1640
1779071146823 4.223605632781982 1660
1779071161048 6.415688514709473 1680
1779071175277 4.076097011566162 1700
1779071189621 5.3418707847595215 1720
1779071203923 8.33936882019043 1740
1779071235883 4.001108646392822 1760
1779071249608 4.47792911529541 1780
1779071263641 3.239863395690918 1800
1779071277349 2.760348081588745 1820
1779071291096 4.177434921264648 1840
1779071304816 4.9565348625183105 1860
1779071317433 4.464300155639648 1880
1779071330375 5.542965412139893 1900
1779071344502 3.517137289047241 1920
1779071358669 5.150516033172607 1940
1779071372839 5.516677379608154 1960
1779071387082 6.145115375518799 1980
1779071401426 3.83959698677063 2000
1779071434588 7.6933135986328125 2020
1779071448845 3.4958906173706055 2040
1779071462737 4.993204116821289 2060
1779071477031 4.343522548675537 2080
1779071491703 3.706821918487549 2100
1779071506000 2.6670608520507812 2120
1779071520237 5.509494304656982 2140
1779071534392 5.586435317993164 2160
1779071548441 5.037675857543945 2180
1779071562739 4.690164566040039 2200
1779071577003 5.876668930053711 2220
1779071591250 5.757534027099609 2240
1779071624908 3.288447380065918 2260
1779071639052 6.722226619720459 2280
1779071653193 5.220611095428467 2300
1779071667341 5.8354363441467285 2320
1779071681434 4.307198524475098 2340
1779071695602 5.871998310089111 2360
1779071709705 4.250085830688477 2380
1779071724112 4.199455261230469 2400
1779071738254 8.717047691345215 2420
1779071752524 3.7372937202453613 2440
1779071766445 5.548486232757568 2460
1779071780121 5.97899055480957 2480
1779071793855 4.150928497314453 2500
1779071826255 4.647263050079346 2520
1779071839959 4.474287986755371 2540
1779071853472 8.357463836669922 2560
