1779069876861 0.9914 20
1779069891063 0.9968 40
1779069905281 0.9917 60
1779069919495 1.0092 80
1779069933633 0.9983 100
1779069947742 0.9182 120
1779069961901 0.859 140
1779069976070 0.8245 160
1779069990216 0.7787 180
1779070004412 0.7256 200
1779070018740 0.7418 220
1779070033066 0.7171 240
1779070066111 0.6732 260
1779070080257 0.5802 280
1779070094711 0.5623 300
1779070108863 0.5502 320
1779070123163 0.5232 340
1779070137494 0.5549 360
1779070151264 0.4733 380
1779070164955 0.4725 400
1779070178666 0.4618 420
1779070192387 0.4719 440
1779070206137 0.4589 460
1779070219773 0.4517 480
1779070233412 0.4083 500
1779070264446 0.475 520
1779070278691 0.4677 540
1779070292927 0.3915 560
1779070307139 0.4135 580
1779070321560 0.3982 600
1779070335807 0.3776 620
1779070350016 0.3962 640
1779070364260 0.4106 660
1779070378518 0.3856 680
1779070392781 0.4296 700
1779070407041 0.3869 720
1779070421296 0.3725 740
1779070454715 0.4101 760
1779070469009 0.3556 780
1779070483254 0.401 800
1779070497493 0.3817 820
1779070511754 0.3791 840
1779070525993 0.3886 860
1779070540281 0.3651 880
1779070554499 0.3361 900
1779070569010 0.3813 920
1779070583296 0.3679 940
1779070597508 0.3665 960
1779070611686 0.4066 980
1779070626058 0.3816 1000
1779070659567 0.3469 1020
1779070673571 0.3318 1040
1779070687370 0.3504 1060
1779070701033 0.3469 1080
1779070714766 0.3354 1100
1779070728412 0.3485 1120
1779070742179 0.3234 1140
1779070755951 0.3784 1160
1779070769749 0.3369 1180
1779070781743 0.3296 1200
1779070796246 0.3209 1220
1779070810472 0.355 1240
1779070843476 0.3406 1260
1779070857699 0.2769 1280
1779070871814 0.3476 1300
1779070885894 0.3145 1320
1779070900044 0.3102 1340
1779070914339 0.3042 1360
1779070928616 0.3287 1380
1779070942886 0.3331 1400
1779070957125 0.3162 1420
1779070971364 0.3337 1440
1779070985596 0.3587 1460
1779070999756 0.3198 1480
1779071014045 0.2796 1500
1779071047264 0.3166 1520
1779071061562 0.3079 1540
1779071075420 0.3294 1560
1779071089730 0.284 1580
1779071104025 0.309 1600
1779071118299 0.3146 1620
1779071132564 0.2857 1640
1779071146823 0.2918 1660
1779071161048 0.2922 1680
1779071175277 0.3049 1700
1779071189621 0.2881 1720
1779071203923 0.3099 1740
1779071235883 0.3052 1760
1779071249608 0.2779 1780
1779071263641 0.297 1800
1779071277349 0.2904 1820
1779071291096 0.2694 1840
1779071304816 0.2833 1860
1779071317433 0.2843 1880
1779071330375 0.2787 1900
1779071344502 0.2714 1920
1779071358669 0.3085 1940
1779071372839 0.2832 1960
1779071387082 0.2468 1980
1779071401426 0.2609 2000
1779071434588 0.281 2020
1779071448845 0.2795 2040
1779071462737 0.3125 2060
1779071477031 0.3035 2080
1779071491703 0.2694 2100
1779071506000 0.2499 2120
1779071520237 0.2782 2140
1779071534392 0.258 2160
1779071548441 0.2319 2180
1779071562739 0.2651 2200
1779071577003 0.2532 2220
1779071591250 0.2438 2240
1779071624908 0.2691 2260
1779071639052 0.2861 2280
1779071653193 0.2689 2300
1779071667341 0.2546 2320
1779071681434 0.2559 2340
1779071695602 0.2422 2360
1779071709705 0.3004 2380
1779071724112 0.2631 2400
1779071738254 0.2443 2420
1779071752524 0.202 2440
1779071766445 0.2622 2460
1779071780121 0.2759 2480
1779071793855 0.2661 2500
1779071826255 0.2565 2520
1779071839959 0.2708 2540
1779071853472 0.2456 2560
