1778712818142 1.08e-05 20
1778712818742 2.2800000000000002e-05 40
1778712819321 2.9882022471910112e-05 60
1778712819902 2.9561797752808993e-05 80
1778712820496 2.9224719101123598e-05 100
1778712821095 2.8887640449438203e-05 120
1778712821685 2.8550561797752808e-05 140
1778712822275 2.8213483146067417e-05 160
1778712822867 2.7876404494382025e-05 180
1778712823459 2.753932584269663e-05 200
1778712824051 2.7202247191011236e-05 220
1778712824642 2.686516853932584e-05 240
1778712826956 2.652808988764045e-05 260
1778712827549 2.6191011235955058e-05 280
1778712828144 2.5853932584269663e-05 300
1778712828750 2.551685393258427e-05 320
1778712829346 2.5179775280898877e-05 340
1778712829940 2.4842696629213483e-05 360
1778712830530 2.450561797752809e-05 380
1778712831123 2.4168539325842696e-05 400
1778712831717 2.3831460674157305e-05 420
1778712832308 2.349438202247191e-05 440
1778712832902 2.3157303370786515e-05 460
1778712833498 2.2820224719101124e-05 480
1778712834102 2.2483146067415733e-05 500
1778712836228 2.2146067415730338e-05 520
1778712836819 2.1808988764044943e-05 540
1778712837408 2.1471910112359548e-05 560
1778712837997 2.113483146067416e-05 580
1778712838587 2.0797752808988765e-05 600
1778712839178 2.046067415730337e-05 620
1778712839787 2.0123595505617976e-05 640
1778712840392 1.9786516853932584e-05 660
1778712840987 1.9449438202247193e-05 680
1778712841594 1.9112359550561798e-05 700
1778712842206 1.8775280898876403e-05 720
1778712842824 1.8438202247191012e-05 740
1778712845124 1.8117977528089886e-05 760
1778712845727 1.7780898876404495e-05 780
1778712846337 1.7443820224719103e-05 800
1778712846951 1.710674157303371e-05 820
1778712847561 1.6769662921348314e-05 840
1778712848176 1.643258426966292e-05 860
1778712848788 1.609550561797753e-05 880
1778712849401 1.5758426966292136e-05 900
1778712850010 1.542134831460674e-05 920
1778712850621 1.5084269662921347e-05 940
1778712851226 1.4747191011235955e-05 960
1778712851818 1.4410112359550562e-05 980
1778712852411 1.4073033707865169e-05 1000
1778712854881 1.3735955056179776e-05 1020
1778712855471 1.3398876404494381e-05 1040
1778712856063 1.306179775280899e-05 1060
1778712856653 1.2724719101123595e-05 1080
1778712857242 1.2387640449438203e-05 1100
1778712857833 1.2050561797752809e-05 1120
1778712858423 1.1713483146067416e-05 1140
1778712859013 1.1376404494382022e-05 1160
1778712859604 1.103932584269663e-05 1180
1778712860194 1.0702247191011236e-05 1200
1778712860786 1.0365168539325843e-05 1220
1778712861378 1.0028089887640448e-05 1240
1778712863695 9.691011235955057e-06 1260
1778712864285 9.353932584269662e-06 1280
1778712864880 9.01685393258427e-06 1300
1778712865512 8.679775280898876e-06 1320
1778712866158 8.342696629213483e-06 1340
1778712866844 8.00561797752809e-06 1360
1778712867434 7.668539325842697e-06 1380
1778712868030 7.331460674157303e-06 1400
1778712868632 6.99438202247191e-06 1420
1778712869234 6.657303370786517e-06 1440
1778712869835 6.3202247191011235e-06 1460
1778712870426 5.98314606741573e-06 1480
1778712871024 5.6460674157303365e-06 1500
1778712873143 5.308988764044943e-06 1520
1778712873746 4.97191011235955e-06 1540
1778712874346 4.634831460674157e-06 1560
1778712874937 4.297752808988764e-06 1580
1778712875527 3.960674157303371e-06 1600
1778712876123 3.623595505617978e-06 1620
1778712876714 3.2865168539325844e-06 1640
1778712877304 2.9494382022471913e-06 1660
1778712877896 2.6123595505617978e-06 1680
1778712878489 2.2752808988764047e-06 1700
1778712879082 1.9382022471910116e-06 1720
1778712879674 1.601123595505618e-06 1740
1778712882142 1.2640449438202247e-06 1760
1778712882742 9.269662921348314e-07 1780
1778712883335 5.898876404494382e-07 1800
1778712883926 2.5280898876404493e-07 1820
