1778707996894 0.015015015015015015 20
1778707997481 0.03003003003003003 40
1778707998064 0.04504504504504504 60
1778707998671 0.06006006006006006 80
1778707999264 0.07507507507507508 100
1778707999839 0.09009009009009009 120
1778708000431 0.10510510510510511 140
1778708001017 0.12012012012012012 160
1778708001601 0.13513513513513514 180
1778708002185 0.15015015015015015 200
1778708002769 0.16516516516516516 220
1778708003353 0.18018018018018017 240
1778708005957 0.18768768768768768 250
1778708007557 0.19519519519519518 260
1778708008150 0.21021021021021022 280
1778708008769 0.22522522522522523 300
1778708009374 0.24024024024024024 320
1778708009964 0.2552552552552553 340
1778708010550 0.2702702702702703 360
1778708011138 0.2852852852852853 380
1778708011721 0.3003003003003003 400
1778708012304 0.3153153153153153 420
1778708012896 0.3303303303303303 440
1778708013485 0.34534534534534533 460
1778708014077 0.36036036036036034 480
1778708014659 0.37537537537537535 500
1778708017009 0.37537537537537535 500
1778708018742 0.39039039039039036 520
1778708019329 0.40540540540540543 540
1778708019911 0.42042042042042044 560
1778708020496 0.43543543543543545 580
1778708021083 0.45045045045045046 600
1778708021668 0.46546546546546547 620
1778708022271 0.4804804804804805 640
1778708022872 0.4954954954954955 660
1778708023474 0.5105105105105106 680
1778708024072 0.5255255255255256 700
1778708024655 0.5405405405405406 720
1778708025239 0.5555555555555556 740
1778708027825 0.5630630630630631 750
1778708029556 0.5705705705705706 760
1778708030143 0.5855855855855856 780
1778708030726 0.6006006006006006 800
1778708031309 0.6156156156156156 820
1778708031893 0.6306306306306306 840
1778708032479 0.6456456456456456 860
1778708033065 0.6606606606606606 880
1778708033649 0.6756756756756757 900
1778708034234 0.6906906906906907 920
1778708034817 0.7057057057057057 940
1778708035402 0.7207207207207207 960
1778708035987 0.7357357357357357 980
1778708036572 0.7507507507507507 1000
1778708038885 0.7507507507507507 1000
1778708040808 0.7657657657657657 1020
1778708041396 0.7807807807807807 1040
1778708041980 0.7957957957957958 1060
1778708042566 0.8108108108108109 1080
1778708043150 0.8258258258258259 1100
1778708043736 0.8408408408408409 1120
1778708044321 0.8558558558558559 1140
1778708044914 0.8708708708708709 1160
1778708045497 0.8858858858858859 1180
1778708046081 0.9009009009009009 1200
1778708046666 0.9159159159159159 1220
1778708047250 0.9309309309309309 1240
1778708049847 0.9384384384384384 1250
1778708051477 0.9459459459459459 1260
1778708052062 0.960960960960961 1280
1778708052648 0.975975975975976 1300
1778708053232 0.990990990990991 1320
1778708053820 1.006006006006006 1340
1778708054405 1.021021021021021 1360
1778708054990 1.0360360360360361 1380
1778708055573 1.0510510510510511 1400
1778708056160 1.0660660660660661 1420
1778708056748 1.0810810810810811 1440
1778708057333 1.0960960960960962 1460
1778708057917 1.1111111111111112 1480
1778708058502 1.1261261261261262 1500
1778708060798 1.1261261261261262 1500
1778708062535 1.1411411411411412 1520
1778708063118 1.1561561561561562 1540
1778708063700 1.1711711711711712 1560
1778708064281 1.1861861861861862 1580
1778708064863 1.2012012012012012 1600
1778708065447 1.2162162162162162 1620
1778708066028 1.2312312312312312 1640
1778708066611 1.2462462462462462 1660
1778708067194 1.2612612612612613 1680
1778708067777 1.2762762762762763 1700
1778708068359 1.2912912912912913 1720
1778708068942 1.3063063063063063 1740
1778708071564 1.3138138138138138 1750
1778708073299 1.3213213213213213 1760
1778708073890 1.3363363363363363 1780
1778708074474 1.3513513513513513 1800
1778708075095 1.3663663663663663 1820
1778708075700 1.3813813813813813 1840
1778708076284 1.3963963963963963 1860
1778708076869 1.4114114114114114 1880
1778708077454 1.4264264264264264 1900
1778708078039 1.4414414414414414 1920
1778708078627 1.4564564564564564 1940
1778708079216 1.4714714714714714 1960
1778708079801 1.4864864864864864 1980
1778708080385 1.5015015015015014 2000
1778708082707 1.5015015015015014 2000
1778708084643 1.5165165165165164 2020
1778708085229 1.5315315315315314 2040
1778708085818 1.5465465465465464 2060
1778708086403 1.5615615615615615 2080
1778708086988 1.5765765765765765 2100
1778708087573 1.5915915915915915 2120
1778708088163 1.6066066066066065 2140
1778708088750 1.6216216216216215 2160
1778708089336 1.6366366366366365 2180
1778708089923 1.6516516516516515 2200
1778708090509 1.6666666666666665 2220
1778708091099 1.6816816816816815 2240
1778708093717 1.689189189189189 2250
1778708095351 1.6966966966966965 2260
1778708095938 1.7117117117117115 2280
1778708096522 1.7267267267267268 2300
1778708097106 1.7417417417417418 2320
1778708097691 1.7567567567567568 2340
1778708098276 1.7717717717717718 2360
1778708098861 1.7867867867867868 2380
1778708099447 1.8018018018018018 2400
1778708100033 1.8168168168168168 2420
1778708100620 1.8318318318318318 2440
1778708101205 1.8468468468468469 2460
1778708101789 1.8618618618618619 2480
1778708102372 1.8768768768768769 2500
1778708104683 1.8768768768768769 2500
1778708106614 1.8918918918918919 2520
1778708107199 1.906906906906907 2540
1778708107786 1.921921921921922 2560
1778708108371 1.936936936936937 2580
1778708108960 1.951951951951952 2600
1778708109542 1.966966966966967 2620
1778708110130 1.981981981981982 2640
1778708110715 1.996996996996997 2660
1778708111303 2.012012012012012 2680
1778708111887 2.027027027027027 2700
1778708112475 2.042042042042042 2720
1778708113062 2.057057057057057 2740
1778708115679 2.0645645645645647 2750
1778708117115 2.0720720720720722 2760
1778708117704 2.0870870870870872 2780
1778708118292 2.1021021021021022 2800
1778708118881 2.1171171171171173 2820
1778708119467 2.1321321321321323 2840
1778708120052 2.1471471471471473 2860
1778708120641 2.1621621621621623 2880
1778708121226 2.1771771771771773 2900
1778708121810 2.1921921921921923 2920
1778708122395 2.2072072072072073 2940
1778708122981 2.2222222222222223 2960
1778708123564 2.2372372372372373 2980
1778708124149 2.2522522522522523 3000
1778708126463 2.2522522522522523 3000
1778708128379 2.2672672672672673 3020
1778708128967 2.2822822822822824 3040
1778708129554 2.2972972972972974 3060
1778708130163 2.3123123123123124 3080
1778708130756 2.3273273273273274 3100
1778708131340 2.3423423423423424 3120
1778708131934 2.3573573573573574 3140
1778708132534 2.3723723723723724 3160
1778708133135 2.3873873873873874 3180
1778708133736 2.4024024024024024 3200
1778708134341 2.4174174174174174 3220
1778708134952 2.4324324324324325 3240
1778708137816 2.43993993993994 3250
1778708139439 2.4474474474474475 3260
1778708140026 2.4624624624624625 3280
1778708140633 2.4774774774774775 3300
1778708141249 2.4924924924924925 3320
1778708141853 2.5075075075075075 3340
1778708142461 2.5225225225225225 3360
1778708143068 2.5375375375375375 3380
1778708143658 2.5525525525525525 3400
1778708144242 2.5675675675675675 3420
1778708144830 2.5825825825825826 3440
1778708145421 2.5975975975975976 3460
1778708146007 2.6126126126126126 3480
1778708146590 2.6276276276276276 3500
1778708148906 2.6276276276276276 3500
1778708150790 2.6426426426426426 3520
1778708151394 2.6576576576576576 3540
1778708151981 2.6726726726726726 3560
1778708152569 2.6876876876876876 3580
1778708153154 2.7027027027027026 3600
1778708153739 2.7177177177177176 3620
1778708154323 2.7327327327327327 3640
1778708154907 2.7477477477477477 3660
1778708155491 2.7627627627627627 3680
1778708156075 2.7777777777777777 3700
1778708156658 2.7927927927927927 3720
1778708157249 2.8078078078078077 3740
1778708159861 2.815315315315315 3750
1778708161495 2.8228228228228227 3760
1778708162088 2.8378378378378377 3780
1778708162678 2.8528528528528527 3800
1778708163282 2.8678678678678677 3820
1778708163881 2.8828828828828827 3840
1778708164473 2.8978978978978978 3860
1778708165058 2.9129129129129128 3880
1778708165645 2.9279279279279278 3900
1778708166244 2.942942942942943 3920
1778708166836 2.957957957957958 3940
1778708167420 2.972972972972973 3960
1778708168009 2.987987987987988 3980
1778708168599 3.003003003003003 4000
1778708170912 3.003003003003003 4000
1778708172974 3.018018018018018 4020
1778708173560 3.033033033033033 4040
1778708174161 3.048048048048048 4060
1778708174754 3.063063063063063 4080
1778708175338 3.078078078078078 4100
1778708175921 3.093093093093093 4120
1778708176513 3.108108108108108 4140
1778708177124 3.123123123123123 4160
1778708177723 3.138138138138138 4180
1778708178307 3.153153153153153 4200
1778708178890 3.1681681681681684 4220
1778708179474 3.1831831831831834 4240
1778708182104 3.190690690690691 4250
1778708183550 3.1981981981981984 4260
1778708184145 3.2132132132132134 4280
1778708184745 3.2282282282282284 4300
1778708185346 3.2432432432432434 4320
1778708185929 3.2582582582582584 4340
1778708186520 3.2732732732732734 4360
1778708187123 3.2882882882882885 4380
1778708187730 3.3033033033033035 4400
1778708188337 3.3183183183183185 4420
1778708188939 3.3333333333333335 4440
1778708189533 3.3483483483483485 4460
1778708190121 3.3633633633633635 4480
1778708190704 3.3783783783783785 4500
1778708193111 3.3783783783783785 4500
1778708195048 3.3933933933933935 4520
1778708195632 3.4084084084084085 4540
1778708196217 3.4234234234234235 4560
1778708196819 3.4384384384384385 4580
1778708197436 3.4534534534534536 4600
1778708198036 3.4684684684684686 4620
1778708198631 3.4834834834834836 4640
1778708199215 3.4984984984984986 4660
1778708199799 3.5135135135135136 4680
1778708200383 3.5285285285285286 4700
1778708200967 3.5435435435435436 4720
1778708201552 3.5585585585585586 4740
1778708204154 3.566066066066066 4750
1778708205787 3.5735735735735736 4760
1778708206371 3.5885885885885886 4780
1778708206955 3.6036036036036037 4800
1778708207539 3.6186186186186187 4820
1778708208122 3.6336336336336337 4840
1778708208707 3.6486486486486487 4860
1778708209289 3.6636636636636637 4880
1778708209873 3.6786786786786787 4900
1778708210457 3.6936936936936937 4920
1778708211041 3.7087087087087087 4940
1778708211630 3.7237237237237237 4960
1778708212214 3.7387387387387387 4980
1778708212801 3.7537537537537538 5000
1778708215152 3.7537537537537538 5000
1778708217073 3.7687687687687688 5020
1778708217657 3.7837837837837838 5040
1778708218241 3.798798798798799 5060
1778708218824 3.813813813813814 5080
1778708219407 3.828828828828829 5100
1778708219989 3.843843843843844 5120
1778708220573 3.858858858858859 5140
1778708221157 3.873873873873874 5160
1778708221743 3.888888888888889 5180
1778708222324 3.903903903903904 5200
1778708222904 3.918918918918919 5220
1778708223490 3.933933933933934 5240
1778708226103 3.9414414414414414 5250
1778708227727 3.948948948948949 5260
1778708228314 3.963963963963964 5280
1778708228918 3.978978978978979 5300
1778708229519 3.993993993993994 5320
1778708230128 4.009009009009009 5340
1778708230734 4.024024024024024 5360
1778708231339 4.039039039039039 5380
1778708231945 4.054054054054054 5400
1778708232548 4.069069069069069 5420
1778708233151 4.084084084084084 5440
1778708233763 4.099099099099099 5460
1778708234358 4.114114114114114 5480
1778708234955 4.129129129129129 5500
1778708237276 4.129129129129129 5500
1778708239205 4.1441441441441444 5520
1778708239800 4.1591591591591595 5540
1778708240388 4.1741741741741745 5560
1778708240972 4.1891891891891895 5580
1778708241565 4.2042042042042045 5600
1778708242159 4.2192192192192195 5620
1778708242750 4.2342342342342345 5640
1778708243353 4.2492492492492495 5660
1778708243955 4.2642642642642645 5680
1778708244546 4.2792792792792795 5700
1778708245141 4.2942942942942945 5720
1778708245728 4.3093093093093096 5740
1778708248328 4.316816816816817 5750
1778708249956 4.324324324324325 5760
1778708250539 4.33933933933934 5780
1778708251123 4.354354354354355 5800
1778708251707 4.36936936936937 5820
1778708252291 4.384384384384385 5840
1778708252875 4.3993993993994 5860
1778708253461 4.414414414414415 5880
1778708254044 4.42942942942943 5900
1778708254627 4.444444444444445 5920
1778708255223 4.45945945945946 5940
1778708255806 4.474474474474475 5960
1778708256390 4.48948948948949 5980
1778708256974 4.504504504504505 6000
1778708259290 4.504504504504505 6000
1778708261205 4.51951951951952 6020
1778708261790 4.534534534534535 6040
1778708262374 4.54954954954955 6060
1778708262959 4.564564564564565 6080
1778708263543 4.57957957957958 6100
1778708264128 4.594594594594595 6120
1778708264714 4.60960960960961 6140
1778708265296 4.624624624624625 6160
1778708265880 4.63963963963964 6180
1778708266466 4.654654654654655 6200
1778708267052 4.66966966966967 6220
1778708267638 4.684684684684685 6240
1778708270241 4.692192192192192 6250
1778708271878 4.6996996996997 6260
1778708272460 4.714714714714715 6280
1778708273044 4.72972972972973 6300
1778708273632 4.744744744744745 6320
1778708274215 4.75975975975976 6340
1778708274797 4.774774774774775 6360
1778708275381 4.78978978978979 6380
1778708275964 4.804804804804805 6400
1778708276547 4.81981981981982 6420
1778708277131 4.834834834834835 6440
1778708277715 4.84984984984985 6460
1778708278300 4.864864864864865 6480
1778708278884 4.87987987987988 6500
1778708281198 4.87987987987988 6500
1778708283139 4.894894894894895 6520
1778708283730 4.90990990990991 6540
1778708284319 4.924924924924925 6560
1778708284905 4.93993993993994 6580
1778708285490 4.954954954954955 6600
1778708286074 4.96996996996997 6620
1778708286664 4.984984984984985 6640
1778708287249 5.0 6660
1778708288667 5.0 6660
1778708291176 5.0 6660
1778708294471 5.0 6660
1778708298369 5.0 0
