1778707996894 0.6962 20
1778707997481 0.6844 40
1778707998064 0.6488 60
1778707998671 0.6112 80
1778707999264 0.5529 100
1778707999839 0.5454 120
1778708000431 0.4645 140
1778708001017 0.5323 160
1778708001601 0.5003 180
1778708002185 0.5352 200
1778708002769 0.4498 220
1778708003353 0.4348 240
1778708007557 0.4398 260
1778708008150 0.4668 280
1778708008769 0.4313 300
1778708009374 0.4606 320
1778708009964 0.4698 340
1778708010550 0.4552 360
1778708011138 0.4226 380
1778708011721 0.4069 400
1778708012304 0.4064 420
1778708012896 0.4168 440
1778708013485 0.4279 460
1778708014077 0.4347 480
1778708014659 0.451 500
1778708018742 0.4063 520
1778708019329 0.4475 540
1778708019911 0.3815 560
1778708020496 0.3685 580
1778708021083 0.4146 600
1778708021668 0.4041 620
1778708022271 0.4055 640
1778708022872 0.4164 660
1778708023474 0.3944 680
1778708024072 0.4073 700
1778708024655 0.3954 720
1778708025239 0.4128 740
1778708029556 0.4145 760
1778708030143 0.3895 780
1778708030726 0.3774 800
1778708031309 0.3982 820
1778708031893 0.4025 840
1778708032479 0.4104 860
1778708033065 0.3812 880
1778708033649 0.4659 900
1778708034234 0.386 920
1778708034817 0.3548 940
1778708035402 0.4021 960
1778708035987 0.3826 980
1778708036572 0.4274 1000
1778708040808 0.4629 1020
1778708041396 0.3966 1040
1778708041980 0.4231 1060
1778708042566 0.4261 1080
1778708043150 0.3785 1100
1778708043736 0.4294 1120
1778708044321 0.3761 1140
1778708044914 0.4523 1160
1778708045497 0.3947 1180
1778708046081 0.4354 1200
1778708046666 0.3842 1220
1778708047250 0.389 1240
1778708051477 0.4394 1260
1778708052062 0.4263 1280
1778708052648 0.4069 1300
1778708053232 0.4386 1320
1778708053820 0.3975 1340
1778708054405 0.4045 1360
1778708054990 0.3374 1380
1778708055573 0.3921 1400
1778708056160 0.3305 1420
1778708056748 0.3435 1440
1778708057333 0.3365 1460
1778708057917 0.3174 1480
1778708058502 0.3441 1500
1778708062535 0.3653 1520
1778708063118 0.3267 1540
1778708063700 0.3854 1560
1778708064281 0.3782 1580
1778708064863 0.3431 1600
1778708065447 0.3408 1620
1778708066028 0.3271 1640
1778708066611 0.3321 1660
1778708067194 0.2895 1680
1778708067777 0.3786 1700
1778708068359 0.3359 1720
1778708068942 0.3606 1740
1778708073299 0.355 1760
1778708073890 0.3164 1780
1778708074474 0.3311 1800
1778708075095 0.2949 1820
1778708075700 0.3341 1840
1778708076284 0.313 1860
1778708076869 0.3401 1880
1778708077454 0.3572 1900
1778708078039 0.3625 1920
1778708078627 0.3314 1940
1778708079216 0.3506 1960
1778708079801 0.3421 1980
1778708080385 0.3256 2000
1778708084643 0.3663 2020
1778708085229 0.3406 2040
1778708085818 0.3429 2060
1778708086403 0.3304 2080
1778708086988 0.3155 2100
1778708087573 0.2996 2120
1778708088163 0.3166 2140
1778708088750 0.3365 2160
1778708089336 0.3397 2180
1778708089923 0.3032 2200
1778708090509 0.3432 2220
1778708091099 0.35 2240
1778708095351 0.3313 2260
1778708095938 0.3204 2280
1778708096522 0.3576 2300
1778708097106 0.3628 2320
1778708097691 0.312 2340
1778708098276 0.3391 2360
1778708098861 0.3384 2380
1778708099447 0.3468 2400
1778708100033 0.3396 2420
1778708100620 0.2954 2440
1778708101205 0.3478 2460
1778708101789 0.3449 2480
1778708102372 0.3019 2500
1778708106614 0.2899 2520
1778708107199 0.3218 2540
1778708107786 0.3421 2560
1778708108371 0.3549 2580
1778708108960 0.322 2600
1778708109542 0.3011 2620
1778708110130 0.3453 2640
1778708110715 0.3723 2660
1778708111303 0.2926 2680
1778708111887 0.2646 2700
1778708112475 0.2344 2720
1778708113062 0.2558 2740
1778708117115 0.2499 2760
1778708117704 0.2696 2780
1778708118292 0.1804 2800
1778708118881 0.2716 2820
1778708119467 0.2545 2840
1778708120052 0.245 2860
1778708120641 0.343 2880
1778708121226 0.2938 2900
1778708121810 0.2576 2920
1778708122395 0.2464 2940
1778708122981 0.2232 2960
1778708123564 0.225 2980
1778708124149 0.2269 3000
1778708128379 0.2106 3020
1778708128967 0.2014 3040
1778708129554 0.2179 3060
1778708130163 0.2214 3080
1778708130756 0.2574 3100
1778708131340 0.2876 3120
1778708131934 0.2666 3140
1778708132534 0.2514 3160
1778708133135 0.1957 3180
1778708133736 0.2358 3200
1778708134341 0.2063 3220
1778708134952 0.2731 3240
1778708139439 0.2296 3260
1778708140026 0.2465 3280
1778708140633 0.2537 3300
1778708141249 0.2502 3320
1778708141853 0.2497 3340
1778708142461 0.2571 3360
1778708143068 0.2251 3380
1778708143658 0.244 3400
1778708144242 0.223 3420
1778708144830 0.2734 3440
1778708145421 0.2489 3460
1778708146007 0.2169 3480
1778708146590 0.263 3500
1778708150790 0.2546 3520
1778708151394 0.233 3540
1778708151981 0.2499 3560
1778708152569 0.2489 3580
1778708153154 0.2674 3600
1778708153739 0.2563 3620
1778708154323 0.218 3640
1778708154907 0.2377 3660
1778708155491 0.2694 3680
1778708156075 0.2787 3700
1778708156658 0.2582 3720
1778708157249 0.258 3740
1778708161495 0.2675 3760
1778708162088 0.262 3780
1778708162678 0.2155 3800
1778708163282 0.2736 3820
1778708163881 0.2453 3840
1778708164473 0.2723 3860
1778708165058 0.2427 3880
1778708165645 0.2648 3900
1778708166244 0.2105 3920
1778708166836 0.2464 3940
1778708167420 0.2389 3960
1778708168009 0.2607 3980
1778708168599 0.226 4000
1778708172974 0.2061 4020
1778708173560 0.1934 4040
1778708174161 0.1874 4060
1778708174754 0.1364 4080
1778708175338 0.1649 4100
1778708175921 0.1889 4120
1778708176513 0.1755 4140
1778708177124 0.16 4160
1778708177723 0.1384 4180
1778708178307 0.1774 4200
1778708178890 0.1239 4220
1778708179474 0.1721 4240
1778708183550 0.164 4260
1778708184145 0.1553 4280
1778708184745 0.1341 4300
1778708185346 0.1338 4320
1778708185929 0.157 4340
1778708186520 0.1709 4360
1778708187123 0.1548 4380
1778708187730 0.2052 4400
1778708188337 0.1309 4420
1778708188939 0.1647 4440
1778708189533 0.1712 4460
1778708190121 0.15 4480
1778708190704 0.1529 4500
1778708195048 0.1421 4520
1778708195632 0.1806 4540
1778708196217 0.1701 4560
1778708196819 0.1406 4580
1778708197436 0.165 4600
1778708198036 0.1497 4620
1778708198631 0.154 4640
1778708199215 0.1822 4660
1778708199799 0.1643 4680
1778708200383 0.1676 4700
1778708200967 0.1674 4720
1778708201552 0.1524 4740
1778708205787 0.1643 4760
1778708206371 0.1477 4780
1778708206955 0.1997 4800
1778708207539 0.1642 4820
1778708208122 0.1236 4840
1778708208707 0.1447 4860
1778708209289 0.1803 4880
1778708209873 0.1457 4900
1778708210457 0.2009 4920
1778708211041 0.1549 4940
1778708211630 0.167 4960
1778708212214 0.1904 4980
1778708212801 0.2082 5000
1778708217073 0.1751 5020
1778708217657 0.1519 5040
1778708218241 0.1516 5060
1778708218824 0.1536 5080
1778708219407 0.1601 5100
1778708219989 0.1849 5120
1778708220573 0.1852 5140
1778708221157 0.1602 5160
1778708221743 0.1374 5180
1778708222324 0.1465 5200
1778708222904 0.1435 5220
1778708223490 0.1697 5240
1778708227727 0.1545 5260
1778708228314 0.1613 5280
1778708228918 0.1551 5300
1778708229519 0.1785 5320
1778708230128 0.1376 5340
1778708230734 0.1149 5360
1778708231339 0.1004 5380
1778708231945 0.0746 5400
1778708232548 0.1101 5420
1778708233151 0.0996 5440
1778708233763 0.0926 5460
1778708234358 0.1239 5480
1778708234955 0.1202 5500
1778708239205 0.0852 5520
1778708239800 0.0935 5540
1778708240388 0.0911 5560
1778708240972 0.1256 5580
1778708241565 0.0996 5600
1778708242159 0.1304 5620
1778708242750 0.1546 5640
1778708243353 0.0878 5660
1778708243955 0.1221 5680
1778708244546 0.1197 5700
1778708245141 0.1269 5720
1778708245728 0.1217 5740
1778708249956 0.0819 5760
1778708250539 0.0858 5780
1778708251123 0.1006 5800
1778708251707 0.0823 5820
1778708252291 0.0869 5840
1778708252875 0.0868 5860
1778708253461 0.1382 5880
1778708254044 0.1115 5900
1778708254627 0.1164 5920
1778708255223 0.1225 5940
1778708255806 0.1574 5960
1778708256390 0.0875 5980
1778708256974 0.0736 6000
1778708261205 0.0731 6020
1778708261790 0.1322 6040
1778708262374 0.1541 6060
1778708262959 0.1087 6080
1778708263543 0.0982 6100
1778708264128 0.1048 6120
1778708264714 0.0615 6140
1778708265296 0.1171 6160
1778708265880 0.0952 6180
1778708266466 0.0763 6200
1778708267052 0.0897 6220
1778708267638 0.0722 6240
1778708271878 0.0965 6260
1778708272460 0.1262 6280
1778708273044 0.0712 6300
1778708273632 0.1245 6320
1778708274215 0.0903 6340
1778708274797 0.1176 6360
1778708275381 0.1196 6380
1778708275964 0.0845 6400
1778708276547 0.1104 6420
1778708277131 0.1105 6440
1778708277715 0.1258 6460
1778708278300 0.1067 6480
1778708278884 0.1359 6500
1778708283139 0.1033 6520
1778708283730 0.0882 6540
1778708284319 0.0776 6560
1778708284905 0.096 6580
1778708285490 0.1306 6600
1778708286074 0.0976 6620
1778708286664 0.1298 6640
1778708287249 0.102 6660
