1777292401406 2.2021 20
1777292411112 2.213 40
1777292420826 2.2102 60
1777292430587 2.1988 80
1777292440356 2.2129 100
1777292450192 2.1932 120
1777292460042 2.1933 140
1777292469974 2.1857 160
1777292479913 2.1779 180
1777292489974 2.1915 200
1777292500075 2.1844 220
1777292510170 2.189 240
1777292627482 2.1834 260
1777292637817 2.1965 280
1777292648287 2.1925 300
1777292658748 2.2204 320
1777292669310 2.1874 340
1777292679849 2.1979 360
1777292690390 2.1849 380
1777292701028 2.1769 400
1777292711655 2.1909 420
1777292722198 2.1797 440
1777292732715 2.1802 460
1777292743321 2.2035 480
1777292753969 2.1487 500
1777292913052 2.1995 520
1777292923214 2.1978 540
1777292933432 2.1727 560
1777292943651 2.1505 580
1777292953904 2.2057 600
1777292964257 2.2153 620
1777292974678 2.2116 640
1777292985066 2.1936 660
1777292995568 2.1677 680
1777293006050 2.1825 700
1777293016574 2.1677 720
1777293027087 2.2164 740
1777293150255 2.1956 760
1777293160936 2.1896 780
1777293171502 2.1894 800
1777293182142 2.196 820
1777293192741 2.1596 840
1777293203325 2.1837 860
1777293213921 2.177 880
1777293224507 2.1972 900
1777293235149 2.1812 920
1777293245718 2.1979 940
1777293256392 2.2021 960
1777293267044 2.1709 980
1777293277763 2.1794 1000
1777293435136 2.2149 1020
1777293445351 2.2308 1040
1777293455577 2.2153 1060
1777293465917 2.2018 1080
1777293476188 2.1999 1100
1777293486507 2.1698 1120
1777293496794 2.2194 1140
1777293507190 2.2112 1160
1777293517560 2.1966 1180
1777293528043 2.225 1200
1777293538533 2.1993 1220
1777293549085 2.2164 1240
1777293672287 2.1816 1260
1777293682908 2.1985 1280
1777293693571 2.2138 1300
1777293704241 2.182 1320
1777293714810 2.2374 1340
1777293725437 2.152 1360
1777293736096 2.1778 1380
1777293746793 2.1854 1400
1777293757449 2.184 1420
1777293768052 2.224 1440
1777293778629 2.2091 1460
1777293789205 2.2181 1480
1777293799773 2.2171 1500
1777293960193 2.1743 1520
1777293970364 2.2272 1540
1777293980565 2.2036 1560
1777293990861 2.1979 1580
1777294001190 2.1702 1600
1777294011518 2.2185 1620
1777294021879 2.2181 1640
1777294032276 2.2037 1660
1777294042704 2.172 1680
1777294053096 2.1702 1700
1777294063546 2.2157 1720
1777294074029 2.1927 1740
1777294196574 2.2373 1760
1777294207142 2.2065 1780
1777294217745 2.2029 1800
1777294228392 2.1937 1820
1777294238975 2.18 1840
1777294249636 2.1998 1860
1777294260205 2.1646 1880
1777294270810 2.2134 1900
1777294281379 2.2053 1920
1777294291976 2.1991 1940
1777294302520 2.2025 1960
1777294313071 2.2217 1980
1777294323604 2.2112 2000
