1777549804152 0.07111111111111111 20
1777549840101 0.14222222222222222 40
1777549876239 0.21333333333333335 60
1777549912360 0.28444444444444444 80
1777549948592 0.35555555555555557 100
1777549984880 0.4266666666666667 120
1777550021837 0.49777777777777776 140
1777550058784 0.5688888888888889 160
1777550095551 0.64 180
1777550132355 0.7111111111111111 200
1777550169267 0.7822222222222223 220
1777550205707 0.8533333333333334 240
1777550245342 0.8888888888888888 250
1777550284060 0.9244444444444444 260
1777550320633 0.9955555555555555 280
1777550356116 1.064 300
1777550393043 1.1351111111111112 320
1777550430007 1.2062222222222223 340
1777550466409 1.2773333333333334 360
1777550503091 1.3484444444444446 380
1777550540014 1.4195555555555557 400
1777550576842 1.4906666666666666 420
1777550613938 1.561777777777778 440
1777550650734 1.6328888888888888 460
1777550687307 1.704 480
1777550724278 1.775111111111111 500
1777550745506 1.775111111111111 500
1777550804002 1.8462222222222222 520
1777550840299 1.9173333333333333 540
1777550876761 1.9884444444444445 560
1777550912070 2.056888888888889 580
1777550948622 2.128 600
1777550985241 2.1991111111111112 620
1777551022042 2.2702222222222224 640
1777551058678 2.3413333333333335 660
1777551095399 2.4124444444444446 680
1777551132306 2.4835555555555557 700
1777551168883 2.554666666666667 720
1777551205589 2.6257777777777775 740
1777551245048 2.6613333333333333 750
1777551265579 2.696888888888889 760
1777551302281 2.768 780
1777551339248 2.8391111111111114 800
1777551375764 2.910222222222222 820
1777551412671 2.981333333333333 840
1777551448033 3.049777777777778 860
1777551484680 3.120888888888889 880
1777551521413 3.192 900
1777551558285 3.2631111111111113 920
1777551594984 3.3342222222222224 940
1777551631759 3.405333333333333 960
1777551668482 3.4764444444444447 980
1777551705348 3.5475555555555554 1000
1777551726526 3.5475555555555554 1000
1777551764972 3.618666666666667 1020
1777551801513 3.6897777777777776 1040
1777551838394 3.7608888888888887 1060
1777551875255 3.832 1080
1777551911941 3.903111111111111 1100
1777551948825 3.974222222222222 1120
1777551983972 4.042666666666666 1140
1777552020987 4.113777777777778 1160
1777552057725 4.184888888888889 1180
1777552094437 4.256 1200
1777552131160 4.327111111111111 1220
1777552168008 4.3982222222222225 1240
1777552207565 4.433777777777777 1250
1777552228280 4.469333333333333 1260
1777552265125 4.540444444444445 1280
1777552301822 4.611555555555555 1300
1777552338453 4.682666666666667 1320
1777552375273 4.753777777777778 1340
1777552411754 4.824888888888889 1360
1777552448377 4.896 1380
1777552485012 4.9671111111111115 1400
1777552520697 5.035555555555556 1420
1777552557446 5.1066666666666665 1440
1777552594022 5.177777777777778 1460
1777552630789 5.248888888888889 1480
1777552667447 5.32 1500
1777552688542 5.32 1500
1777552727629 5.391111111111111 1520
1777552764583 5.4622222222222225 1540
1777552801037 5.533333333333333 1560
1777552837744 5.604444444444445 1580
1777552874607 5.6755555555555555 1600
1777552911293 5.746666666666667 1620
1777552948191 5.817777777777778 1640
1777552985352 5.888888888888889 1660
1777553022401 5.96 1680
1777553058066 6.028444444444444 1700
1777553094804 6.099555555555556 1720
1777553131811 6.1706666666666665 1740
1777553171155 6.206222222222222 1750
1777553191379 6.241777777777778 1760
1777553228130 6.312888888888889 1780
1777553264816 6.384 1800
1777553302032 6.455111111111111 1820
1777553338572 6.526222222222223 1840
1777553375254 6.597333333333333 1860
1777553411824 6.668444444444445 1880
1777553448863 6.7395555555555555 1900
1777553485461 6.810666666666666 1920
1777553522175 6.881777777777778 1940
1777553558831 6.952888888888889 1960
1777553594261 7.021333333333334 1980
1777553630964 7.092444444444444 2000
1777553652124 7.092444444444444 2000
1777553690855 7.163555555555556 2020
1777553727404 7.234666666666667 2040
1777553764166 7.305777777777778 2060
1777553800797 7.376888888888889 2080
1777553837542 7.448 2100
1777553874534 7.519111111111111 2120
1777553911488 7.590222222222222 2140
1777553948121 7.661333333333333 2160
1777553984725 7.732444444444445 2180
1777554021612 7.803555555555556 2200
1777554058483 7.874666666666666 2220
1777554095191 7.945777777777778 2240
1777554134714 7.981333333333334 2250
1777554153786 8.014222222222223 2260
1777554190563 8.085333333333333 2280
1777554227347 8.156444444444444 2300
1777554263825 8.227555555555556 2320
1777554300215 8.298666666666668 2340
1777554336948 8.369777777777777 2360
1777554373702 8.440888888888889 2380
1777554410532 8.512 2400
1777554447053 8.583111111111112 2420
1777554483974 8.654222222222222 2440
1777554521123 8.725333333333333 2460
1777554557578 8.796444444444445 2480
1777554594148 8.867555555555555 2500
1777554615261 8.867555555555555 2500
1777554653435 8.938666666666666 2520
1777554688723 9.007111111111112 2540
1777554725283 9.078222222222223 2560
1777554762013 9.149333333333333 2580
1777554798882 9.220444444444444 2600
1777554835807 9.291555555555556 2620
1777554872600 9.362666666666666 2640
1777554909352 9.433777777777777 2660
1777554946119 9.504888888888889 2680
1777554982797 9.576 2700
1777555019636 9.64711111111111 2720
1777555056063 9.718222222222222 2740
1777555095525 9.753777777777778 2750
1777555116401 9.789333333333333 2760
1777555152845 9.860444444444445 2780
1777555189303 9.931555555555555 2800
1777555224487 10.0 2820
1777555226300 10.0 2820
1777555247822 10.0 2820
1777555292142 10.0 2820
1777555299599 10.0 0
