1777549804152 7.2000000000000005e-06 20
1777549840101 1.5200000000000002e-05 40
1777549876239 1.9942238267148016e-05 60
1777549912360 1.980505415162455e-05 80
1777549948592 1.9660649819494585e-05 100
1777549984880 1.9516245487364622e-05 120
1777550021837 1.937184115523466e-05 140
1777550058784 1.9227436823104693e-05 160
1777550095551 1.909025270758123e-05 180
1777550132355 1.8945848375451266e-05 200
1777550169267 1.8801444043321303e-05 220
1777550205707 1.8657039711191337e-05 240
1777550284060 1.8512635379061374e-05 260
1777550320633 1.836823104693141e-05 280
1777550356116 1.8223826714801446e-05 300
1777550393043 1.807942238267148e-05 320
1777550430007 1.7935018050541517e-05 340
1777550466409 1.7790613718411554e-05 360
1777550503091 1.7646209386281588e-05 380
1777550540014 1.7501805054151625e-05 400
1777550576842 1.7357400722021663e-05 420
1777550613938 1.72129963898917e-05 440
1777550650734 1.7068592057761734e-05 460
1777550687307 1.692418772563177e-05 480
1777550724278 1.677978339350181e-05 500
1777550804002 1.6635379061371843e-05 520
1777550840299 1.6490974729241876e-05 540
1777550876761 1.6346570397111914e-05 560
1777550912070 1.620216606498195e-05 580
1777550948622 1.6057761732851985e-05 600
1777550985241 1.5913357400722022e-05 620
1777551022042 1.576895306859206e-05 640
1777551058678 1.5624548736462094e-05 660
1777551095399 1.548014440433213e-05 680
1777551132306 1.5342960288808666e-05 700
1777551168883 1.5198555956678702e-05 720
1777551205589 1.5054151624548739e-05 740
1777551265579 1.4909747292418775e-05 760
1777551302281 1.476534296028881e-05 780
1777551339248 1.4620938628158846e-05 800
1777551375764 1.4476534296028881e-05 820
1777551412671 1.4332129963898917e-05 840
1777551448033 1.4187725631768954e-05 860
1777551484680 1.404332129963899e-05 880
1777551521413 1.3913357400722023e-05 900
1777551558285 1.3768953068592058e-05 920
1777551594984 1.3624548736462096e-05 940
1777551631759 1.3480144404332131e-05 960
1777551668482 1.3335740072202169e-05 980
1777551705348 1.3191335740072204e-05 1000
1777551764972 1.3046931407942238e-05 1020
1777551801513 1.2902527075812274e-05 1040
1777551838394 1.2758122743682311e-05 1060
1777551875255 1.2613718411552347e-05 1080
1777551911941 1.2469314079422382e-05 1100
1777551948825 1.232490974729242e-05 1120
1777551983972 1.2180505415162455e-05 1140
1777552020987 1.2036101083032493e-05 1160
1777552057725 1.1891696750902528e-05 1180
1777552094437 1.1747292418772564e-05 1200
1777552131160 1.1602888086642601e-05 1220
1777552168008 1.1458483754512637e-05 1240
1777552228280 1.1314079422382674e-05 1260
1777552265125 1.116967509025271e-05 1280
1777552301822 1.1025270758122744e-05 1300
1777552338453 1.088086642599278e-05 1320
1777552375273 1.0736462093862817e-05 1340
1777552411754 1.0592057761732852e-05 1360
1777552448377 1.0447653429602888e-05 1380
1777552485012 1.0303249097472925e-05 1400
1777552520697 1.015884476534296e-05 1420
1777552557446 1.0014440433212998e-05 1440
1777552594022 9.870036101083034e-06 1460
1777552630789 9.72563176895307e-06 1480
1777552667447 9.581227436823105e-06 1500
1777552727629 9.43682310469314e-06 1520
1777552764583 9.292418772563178e-06 1540
1777552801037 9.148014440433214e-06 1560
1777552837744 9.00361010830325e-06 1580
1777552874607 8.859205776173286e-06 1600
1777552911293 8.714801444043322e-06 1620
1777552948191 8.570397111913358e-06 1640
1777552985352 8.425992779783393e-06 1660
1777553022401 8.28158844765343e-06 1680
1777553058066 8.137184115523466e-06 1700
1777553094804 7.992779783393504e-06 1720
1777553131811 7.84837545126354e-06 1740
1777553191379 7.703971119133575e-06 1760
1777553228130 7.55956678700361e-06 1780
1777553264816 7.415162454873647e-06 1800
1777553302032 7.270758122743683e-06 1820
1777553338572 7.126353790613719e-06 1840
1777553375254 6.981949458483755e-06 1860
1777553411824 6.837545126353791e-06 1880
1777553448863 6.693140794223827e-06 1900
1777553485461 6.555956678700362e-06 1920
1777553522175 6.411552346570397e-06 1940
1777553558831 6.267148014440434e-06 1960
1777553594261 6.12274368231047e-06 1980
1777553630964 5.978339350180505e-06 2000
1777553690855 5.8339350180505415e-06 2020
1777553727404 5.689530685920578e-06 2040
1777553764166 5.5451263537906145e-06 2060
1777553800797 5.40072202166065e-06 2080
1777553837542 5.2563176895306866e-06 2100
1777553874534 5.111913357400723e-06 2120
1777553911488 4.967509025270759e-06 2140
1777553948121 4.823104693140795e-06 2160
1777553984725 4.678700361010831e-06 2180
1777554021612 4.534296028880867e-06 2200
1777554058483 4.389891696750903e-06 2220
1777554095191 4.245487364620938e-06 2240
1777554153786 4.101083032490975e-06 2260
1777554190563 3.956678700361011e-06 2280
1777554227347 3.812274368231047e-06 2300
1777554263825 3.6678700361010834e-06 2320
1777554300215 3.5234657039711195e-06 2340
1777554336948 3.379061371841155e-06 2360
1777554373702 3.2346570397111916e-06 2380
1777554410532 3.0902527075812276e-06 2400
1777554447053 2.945848375451264e-06 2420
1777554483974 2.8014440433212997e-06 2440
1777554521123 2.657039711191336e-06 2460
1777554557578 2.512635379061372e-06 2480
1777554594148 2.3682310469314082e-06 2500
1777554653435 2.2238267148014443e-06 2520
1777554688723 2.0794223826714803e-06 2540
1777554725283 1.9350180505415164e-06 2560
1777554762013 1.7906137184115524e-06 2580
1777554798882 1.6462093862815887e-06 2600
1777554835807 1.5018050541516247e-06 2620
1777554872600 1.357400722021661e-06 2640
1777554909352 1.2129963898916968e-06 2660
1777554946119 1.068592057761733e-06 2680
1777554982797 9.24187725631769e-07 2700
1777555019636 7.797833935018051e-07 2720
1777555056063 6.353790613718413e-07 2740
1777555116401 4.909747292418773e-07 2760
1777555152845 3.465703971119134e-07 2780
1777555189303 2.0216606498194947e-07 2800
1777555224487 5.776173285198556e-08 2820
