1777549804152 0.6951 20
1777549840101 0.6901 40
1777549876239 0.6837 60
1777549912360 0.6883 80
1777549948592 0.6925 100
1777549984880 0.6914 120
1777550021837 0.6891 140
1777550058784 0.6918 160
1777550095551 0.6894 180
1777550132355 0.6876 200
1777550169267 0.691 220
1777550205707 0.6872 240
1777550284060 0.693 260
1777550320633 0.6918 280
1777550356116 0.6725 300
1777550393043 0.681 320
1777550430007 0.6695 340
1777550466409 0.6631 360
1777550503091 0.6683 380
1777550540014 0.6719 400
1777550576842 0.6725 420
1777550613938 0.6722 440
1777550650734 0.6806 460
1777550687307 0.6822 480
1777550724278 0.671 500
1777550804002 0.6621 520
1777550840299 0.6622 540
1777550876761 0.6588 560
1777550912070 0.6579 580
1777550948622 0.6452 600
1777550985241 0.6492 620
1777551022042 0.6336 640
1777551058678 0.6495 660
1777551095399 0.6693 680
1777551132306 0.6541 700
1777551168883 0.6426 720
1777551205589 0.6444 740
1777551265579 0.6489 760
1777551302281 0.6179 780
1777551339248 0.6252 800
1777551375764 0.66 820
1777551412671 0.6309 840
1777551448033 0.5885 860
1777551484680 0.5818 880
1777551521413 0.621 900
1777551558285 0.5849 920
1777551594984 0.5859 940
1777551631759 0.5985 960
1777551668482 0.5833 980
1777551705348 0.5946 1000
1777551764972 0.5772 1020
1777551801513 0.5568 1040
1777551838394 0.5666 1060
1777551875255 0.5825 1080
1777551911941 0.5649 1100
1777551948825 0.5992 1120
1777551983972 0.5239 1140
1777552020987 0.4979 1160
1777552057725 0.5064 1180
1777552094437 0.5065 1200
1777552131160 0.5224 1220
1777552168008 0.5031 1240
1777552228280 0.4903 1260
1777552265125 0.496 1280
1777552301822 0.4836 1300
1777552338453 0.5079 1320
1777552375273 0.5036 1340
1777552411754 0.4982 1360
1777552448377 0.4809 1380
1777552485012 0.4808 1400
1777552520697 0.4415 1420
1777552557446 0.4002 1440
1777552594022 0.39 1460
1777552630789 0.4027 1480
1777552667447 0.4126 1500
1777552727629 0.406 1520
1777552764583 0.4233 1540
1777552801037 0.3546 1560
1777552837744 0.4193 1580
1777552874607 0.4173 1600
1777552911293 0.39 1620
1777552948191 0.3925 1640
1777552985352 0.3686 1660
1777553022401 0.3976 1680
1777553058066 0.3487 1700
1777553094804 0.3259 1720
1777553131811 0.3198 1740
1777553191379 0.3271 1760
1777553228130 0.3392 1780
1777553264816 0.2957 1800
1777553302032 0.326 1820
1777553338572 0.2704 1840
1777553375254 0.3128 1860
1777553411824 0.3492 1880
1777553448863 0.3499 1900
1777553485461 0.3182 1920
1777553522175 0.3193 1940
1777553558831 0.3446 1960
1777553594261 0.3369 1980
1777553630964 0.2868 2000
1777553690855 0.2511 2020
1777553727404 0.2426 2040
1777553764166 0.2784 2060
1777553800797 0.2408 2080
1777553837542 0.2522 2100
1777553874534 0.278 2120
1777553911488 0.2221 2140
1777553948121 0.2452 2160
1777553984725 0.2763 2180
1777554021612 0.2324 2200
1777554058483 0.2154 2220
1777554095191 0.2141 2240
1777554153786 0.261 2260
1777554190563 0.2213 2280
1777554227347 0.174 2300
1777554263825 0.1795 2320
1777554300215 0.1814 2340
1777554336948 0.1981 2360
1777554373702 0.1819 2380
1777554410532 0.1839 2400
1777554447053 0.1948 2420
1777554483974 0.1702 2440
1777554521123 0.1512 2460
1777554557578 0.1815 2480
1777554594148 0.2055 2500
1777554653435 0.1798 2520
1777554688723 0.2139 2540
1777554725283 0.1651 2560
1777554762013 0.1413 2580
1777554798882 0.1507 2600
1777554835807 0.1711 2620
1777554872600 0.131 2640
1777554909352 0.1413 2660
1777554946119 0.148 2680
1777554982797 0.1646 2700
1777555019636 0.1629 2720
1777555056063 0.1475 2740
1777555116401 0.1475 2760
1777555152845 0.1515 2780
1777555189303 0.1502 2800
1777555224487 0.1436 2820
