1778916990609 32.647518157958984 20
1778917009592 188.46681213378906 40
1778917028573 73.73789978027344 60
1778917047553 439.3271789550781 80
1778917066532 120.79767608642578 100
1778917085511 261.8190002441406 120
1778917104491 50.26218032836914 140
1778917123472 72.2990951538086 160
1778917142453 115.26109313964844 180
1778917161430 255.63865661621094 200
1778917180411 183.08010864257812 220
1778917199389 158.2757568359375 240
1778917263413 108.23548126220703 260
1778917282388 96.12841033935547 280
1778917301361 301.56768798828125 300
1778917320335 99.93092346191406 320
1778917339309 43.377655029296875 340
1778917358285 133.61465454101562 360
1778917377260 92.15119934082031 380
1778917396235 88.4671401977539 400
1778917415209 65.24844360351562 420
1778917434184 109.50067901611328 440
1778917453159 74.14517974853516 460
1778917472134 58.828243255615234 480
1778917491108 36.58300018310547 500
1778917555183 50.04352951049805 520
1778917574168 80.707763671875 540
1778917593268 85.35114288330078 560
1778917612256 55.79317092895508 580
1778917631243 83.78766632080078 600
1778917650231 68.58119201660156 620
1778917669219 78.98184967041016 640
1778917688206 86.38987731933594 660
1778917707193 81.58250427246094 680
1778917726180 87.8776626586914 700
1778917745167 47.37662887573242 720
1778917764152 58.00919723510742 740
1778917828182 74.0966796875 760
1778917847136 114.07111358642578 780
1778917866123 91.67626190185547 800
1778917885110 32.30248260498047 820
1778917904095 64.54949188232422 840
1778917923081 75.70075988769531 860
1778917942067 72.70240783691406 880
1778917961053 95.84211730957031 900
1778917980038 49.93515396118164 920
1778917999024 62.76140213012695 940
1778918018010 58.03849411010742 960
1778918036996 106.30239868164062 980
1778918055981 71.82467651367188 1000
1778918120019 114.84150695800781 1020
1778918138496 109.77102661132812 1040
1778918157481 38.61021041870117 1060
1778918176466 94.48242950439453 1080
1778918195451 37.852779388427734 1100
1778918214435 66.35485076904297 1120
1778918233539 87.04463958740234 1140
1778918252526 156.06109619140625 1160
1778918271512 372.1844482421875 1180
1778918290499 69.08446502685547 1200
1778918309484 67.41568756103516 1220
1778918328471 61.416507720947266 1240
1778918392518 45.13817596435547 1260
1778918411503 16.597583770751953 1280
1778918430491 40.47136688232422 1300
1778918449479 46.730587005615234 1320
1778918468464 112.59617614746094 1340
1778918487449 75.97168731689453 1360
1778918506436 58.38603591918945 1380
1778918525421 43.99384307861328 1400
1778918544408 45.483036041259766 1420
1778918563394 53.26581573486328 1440
1778918582381 57.724891662597656 1460
1778918601368 26.557825088500977 1480
1778918620354 41.6808967590332 1500
1778918683855 151.19418334960938 1520
1778918702827 58.88650131225586 1540
1778918721799 47.84499740600586 1560
1778918740770 86.92606353759766 1580
1778918759745 22.116670608520508 1600
1778918778718 58.57632064819336 1620
1778918797690 63.05446243286133 1640
1778918816663 70.08939361572266 1660
1778918835635 39.46603012084961 1680
1778918854723 32.6333122253418 1700
1778918873710 43.55423355102539 1720
1778918892696 24.1102237701416 1740
1778918957277 51.181922912597656 1760
1778918976250 48.329063415527344 1780
1778918995224 65.36945343017578 1800
1778919014195 100.33667755126953 1820
1778919033169 53.868404388427734 1840
1778919052143 19.190689086914062 1860
1778919071116 103.26309204101562 1880
1778919090088 12.854909896850586 1900
1778919109062 59.176204681396484 1920
1778919128035 51.332542419433594 1940
1778919147008 34.61679458618164 1960
1778919165981 52.068355560302734 1980
1778919184954 102.69031524658203 2000
1778919248461 123.32810974121094 2020
1778919267433 72.84149932861328 2040
1778919285893 43.941593170166016 2060
1778919304865 15.786639213562012 2080
1778919323837 34.290061950683594 2100
1778919342808 29.36335563659668 2120
1778919361779 43.27865219116211 2140
1778919380751 153.78517150878906 2160
1778919399721 74.39250183105469 2180
1778919418693 7.556891918182373 2200
1778919437664 23.1761417388916 2220
1778919456635 26.312702178955078 2240
1778919521206 53.56360626220703 2260
1778919540287 32.19992446899414 2280
1778919559258 64.9277572631836 2300
1778919578228 105.14779663085938 2320
1778919597199 34.29671859741211 2340
1778919616166 86.2901840209961 2360
1778919635137 29.113296508789062 2380
1778919654105 22.16176986694336 2400
1778919673075 21.772634506225586 2420
1778919692044 145.92117309570312 2440
1778919711013 50.021732330322266 2460
1778919729980 21.8016300201416 2480
1778919748950 76.51917266845703 2500
1778919812998 48.46546936035156 2520
1778919831980 73.51364135742188 2540
1778919850963 36.373416900634766 2560
1778919869944 36.27204132080078 2580
1778919888925 55.85504150390625 2600
1778919907907 101.23672485351562 2620
1778919926888 66.81207275390625 2640
1778919945869 98.83382415771484 2660
1778919964850 10.6718111038208 2680
1778919983832 51.675601959228516 2700
1778920002814 29.886672973632812 2720
1778920021796 29.197628021240234 2740
1778920085238 24.23233413696289 2760
1778920104218 72.58192443847656 2780
1778920123197 20.74778175354004 2800
1778920142176 77.55986022949219 2820
1778920161270 78.45488739013672 2840
1778920180251 13.175458908081055 2860
1778920199232 41.07954406738281 2880
1778920218214 45.86173629760742 2900
1778920237193 87.30396270751953 2920
1778920256175 34.89381408691406 2940
1778920275157 55.48750305175781 2960
1778920294140 1.9826610088348389 2980
1778920313121 15.636630058288574 3000
1778920377061 43.82592010498047 3020
1778920396004 17.42674446105957 3040
1778920414970 4.886315822601318 3060
1778920433950 15.23908519744873 3080
1778920452420 10.098085403442383 3100
1778920471400 12.014480590820312 3120
1778920490379 20.466402053833008 3140
1778920509361 52.4412727355957 3160
1778920528341 92.95003509521484 3180
1778920547321 36.14057159423828 3200
1778920566301 48.43240737915039 3220
1778920585272 22.488197326660156 3240
1778920649859 2.367079019546509 3260
1778920668804 86.50942993164062 3280
1778920687751 8.436287879943848 3300
1778920706697 39.116554260253906 3320
1778920725643 33.522865295410156 3340
1778920744589 51.59891891479492 3360
1778920763534 48.49949264526367 3380
1778920782491 12.187579154968262 3400
1778920801570 55.397640228271484 3420
1778920820550 86.50314331054688 3440
1778920839535 8.870512962341309 3460
1778920858517 72.85800170898438 3480
1778920877497 1.2944852113723755 3500
1778920941544 3.8682162761688232 3520
1778920960491 28.240541458129883 3540
1778920979440 69.03585052490234 3560
1778920998388 151.51617431640625 3580
1778921017335 81.12187194824219 3600
1778921036283 28.066192626953125 3620
1778921055232 7.379011154174805 3640
1778921074180 0.3105446398258209 3660
1778921093126 10.921196937561035 3680
1778921112072 1.828765869140625 3700
1778921131020 80.27332305908203 3720
1778921149968 3.894538640975952 3740
1778921213296 26.10000228881836 3760
1778921232262 11.081292152404785 3780
1778921251230 59.833499908447266 3800
1778921270196 36.64894104003906 3820
1778921289162 12.36324691772461 3840
1778921308128 62.67720031738281 3860
1778921327094 35.9925537109375 3880
1778921346061 14.434685707092285 3900
1778921365027 149.26263427734375 3920
1778921383993 24.62018394470215 3940
1778921402959 3.3597543239593506 3960
1778921422040 19.608760833740234 3980
1778921441010 64.45264434814453 4000
1778921505546 33.95953369140625 4020
1778921524514 34.28850173950195 4040
1778921543481 67.1279296875 4060
1778921562447 12.195253372192383 4080
1778921581412 203.99533081054688 4100
1778921599868 62.253944396972656 4120
1778921618834 22.110679626464844 4140
1778921637801 134.7934112548828 4160
1778921656767 10.382828712463379 4180
1778921675733 2.6663336753845215 4200
1778921694699 1.2124191522598267 4220
1778921713665 10.990950584411621 4240
1778921777175 17.466697692871094 4260
1778921796159 141.97024536132812 4280
1778921815137 54.03773498535156 4300
1778921834114 35.976768493652344 4320
1778921853093 0.9637033939361572 4340
1778921872080 2.4647698402404785 4360
1778921891068 4.887336730957031 4380
1778921910045 24.802534103393555 4400
1778921929029 0.32029300928115845 4420
1778921948017 36.81568145751953 4440
1778921967006 8.586701393127441 4460
1778921985984 9.498310089111328 4480
1778922004962 2.6046764850616455 4500
1778922068972 55.064064025878906 4520
1778922087939 44.09033966064453 4540
1778922107021 72.80613708496094 4560
1778922125990 5.163989543914795 4580
1778922144957 36.88786697387695 4600
1778922163925 5.436651229858398 4620
1778922182892 80.74406433105469 4640
1778922201860 46.85496139526367 4660
1778922220828 8.044466972351074 4680
1778922239796 5.153660297393799 4700
1778922258762 42.793846130371094 4720
1778922277730 30.19191551208496 4740
1778922341692 22.820798873901367 4760
1778922360658 3.4349801540374756 4780
1778922379622 36.93939208984375 4800
1778922398589 1.592532992362976 4820
1778922417555 76.71563720703125 4840
1778922436521 3.397970676422119 4860
1778922455487 2.416611909866333 4880
1778922474454 3.528825521469116 4900
1778922493420 91.52816772460938 4920
1778922512385 51.97148895263672 4940
1778922531352 39.44571304321289 4960
1778922550319 94.24923706054688 4980
1778922569285 6.764619827270508 5000
1778922633289 43.05560302734375 5020
1778922652254 6.191751480102539 5040
1778922671222 48.40402603149414 5060
1778922690188 6.27752161026001 5080
1778922709156 59.19685363769531 5100
1778922728238 44.662620544433594 5120
