1779078425842 0.9749345779418945 20
1779078461911 2.1071255207061768 40
1779078497718 2.1374456882476807 60
1779078533783 4.107710838317871 80
1779078569852 3.506974458694458 100
1779078602608 2.9885034561157227 120
1779078638614 3.8277931213378906 140
1779078674417 2.6035478115081787 160
1779078710501 5.370416641235352 180
1779078746632 7.986278057098389 200
1779078782705 4.118562698364258 220
1779078818685 4.607474327087402 240
1779078949754 7.4612579345703125 260
1779078985936 7.21176815032959 280
1779079021855 3.806948184967041 300
1779079057975 4.803630352020264 320
1779079094159 5.54347038269043 340
1779079128535 6.432358741760254 360
1779079163309 6.816885948181152 380
1779079199336 8.49470329284668 400
1779079235509 5.436234474182129 420
1779079271751 7.783365249633789 440
1779079307959 8.7533597946167 460
1779079344188 3.859436273574829 480
1779079380226 6.634932518005371 500
1779079512016 3.688445568084717 520
1779079547956 8.441631317138672 540
1779079584182 5.757232666015625 560
1779079620343 4.774927616119385 580
1779079656617 8.470187187194824 600
1779079689497 7.71941614151001 620
1779079725442 8.73886775970459 640
1779079761627 8.237458229064941 660
1779079797835 7.215057849884033 680
1779079834163 8.388057708740234 700
1779079870324 2.719536542892456 720
1779079906229 3.7872278690338135 740
1779080037614 6.135058403015137 760
1779080073499 7.419900894165039 780
1779080109727 9.832133293151855 800
1779080146138 10.026996612548828 820
1779080182271 5.318850517272949 840
1779080216601 4.980045795440674 860
1779080250382 6.518421173095703 880
1779080281099 7.806614875793457 900
1779080310761 3.9899394512176514 920
1779080330225 7.889235973358154 940
1779080365386 4.958277225494385 960
1779080399389 6.518782615661621 980
1779080434389 8.795209884643555 1000
1779080563264 9.100173950195312 1020
1779080595876 5.050620079040527 1040
1779080631033 8.159913063049316 1060
1779080664661 7.081048011779785 1080
1779080699383 5.272980213165283 1100
1779080733038 10.151090621948242 1120
1779080768205 7.444411277770996 1140
1779080802036 6.094051837921143 1160
1779080837179 8.160856246948242 1180
1779080871144 3.9230360984802246 1200
1779080906078 11.888724327087402 1220
1779080939651 8.086507797241211 1240
1779081069244 4.469746112823486 1260
1779081104343 2.6032352447509766 1280
1779081137912 6.542558670043945 1300
1779081172900 6.465432643890381 1320
1779081206822 6.610717296600342 1340
1779081237254 8.079184532165527 1360
1779081267537 6.472411632537842 1380
1779081302514 6.672844409942627 1400
1779081336073 18.287141799926758 1420
1779081370559 5.020615577697754 1440
1779081404272 6.740269184112549 1460
1779081439064 6.842275619506836 1480
1779081472385 5.298205375671387 1500
1779081600407 5.6301655769348145 1520
1779081635402 6.358777046203613 1540
1779081668631 8.460600852966309 1560
1779081703807 4.5311408042907715 1580
1779081737546 5.52573299407959 1600
1779081772486 6.5508012771606445 1620
1779081806125 2.9931259155273438 1640
1779081840896 10.559663772583008 1660
1779081874677 10.112874031066895 1680
1779081909084 5.315520286560059 1700
1779081942958 5.604617118835449 1720
1779081977460 3.6582553386688232 1740
1779082106628 6.620464324951172 1760
1779082138399 4.214718818664551 1780
1779082164499 6.647913455963135 1800
1779082198801 11.084991455078125 1820
1779082233087 3.1861562728881836 1840
1779082266733 3.702545166015625 1860
1779082299489 5.288157939910889 1880
1779082334100 3.371087074279785 1900
1779082368340 9.151323318481445 1920
1779082400658 7.362475872039795 1940
1779082434828 4.410970211029053 1960
1779082468915 12.76133918762207 1980
1779082501754 5.445888042449951 2000
1779082626618 7.07627534866333 2020
1779082660871 4.981925964355469 2040
1779082693979 1.9215031862258911 2060
1779082726319 7.372795581817627 2080
1779082759616 5.4375152587890625 2100
1779082793792 8.538457870483398 2120
1779082827854 5.727157115936279 2140
1779082860242 6.565026760101318 2160
1779082894229 10.974320411682129 2180
1779082928390 1.1737523078918457 2200
1779082960510 8.43790340423584 2220
1779082994664 3.5466442108154297 2240
1779083120710 4.037355422973633 2260
1779083154858 7.879731178283691 2280
1779083186985 6.062530040740967 2300
1779083221112 5.920517444610596 2320
1779083254870 7.862809181213379 2340
1779083287984 7.956059455871582 2360
1779083320740 2.9910242557525635 2380
1779083351535 5.751422882080078 2400
1779083382255 3.0900018215179443 2420
1779083410521 7.631275653839111 2440
1779083444870 4.688812732696533 2460
1779083479052 1.7493153810501099 2480
1779083511463 8.834739685058594 2500
1779083636693 6.537913799285889 2520
1779083670798 5.828151702880859 2540
1779083705047 9.342374801635742 2560
1779083737124 18.357646942138672 2580
1779083771103 6.711264133453369 2600
1779083805252 7.531932353973389 2620
1779083838833 11.68225383758545 2640
1779083872014 6.294682025909424 2660
1779083906253 10.027560234069824 2680
1779083940179 5.596536159515381 2700
1779083972737 11.219551086425781 2720
1779084006835 10.050260543823242 2740
1779084133079 11.456155776977539 2760
1779084167311 7.755951404571533 2780
1779084199348 5.857594966888428 2800
1779084233423 10.006993293762207 2820
1779084267671 12.490277290344238 2840
1779084299959 1.0213491916656494 2860
1779084333497 9.395421028137207 2880
1779084367593 1.9631537199020386 2900
1779084401364 7.5545430183410645 2920
1779084433971 8.321873664855957 2940
1779084468089 9.136898040771484 2960
1779084502337 7.430561542510986 2980
1779084534470 8.61565113067627 3000
1779084654977 6.300740718841553 3020
1779084689423 9.421051025390625 3040
1779084723667 1.8827259540557861 3060
1779084758094 5.218975067138672 3080
1779084791327 9.756385803222656 3100
1779084825926 9.6631498336792 3120
1779084860311 6.861863136291504 3140
1779084894473 4.622844696044922 3160
1779084928685 13.051105499267578 3180
1779084963041 14.296013832092285 3200
1779084997202 9.446197509765625 3220
1779085031368 4.555290699005127 3240
1779085160487 9.141505241394043 3260
1779085194160 10.32321548461914 3280
1779085228925 2.0412206649780273 3300
1779085257356 4.351629257202148 3320
1779085289672 13.482415199279785 3340
1779085324498 10.382933616638184 3360
1779085358364 11.339957237243652 3380
1779085392944 8.6892671585083 3400
1779085426636 10.570725440979004 3420
1779085461331 11.599982261657715 3440
1779085495308 3.8874318599700928 3460
1779085529713 7.767043113708496 3480
1779085563770 1.9050780534744263 3500
1779085691965 4.994468688964844 3520
1779085726907 4.279540061950684 3540
1779085760565 7.012681007385254 3560
1779085795786 4.648738861083984 3580
1779085829592 5.965307235717773 3600
1779085864507 10.398661613464355 3620
1779085893509 3.5688130855560303 3640
1779085924855 8.0030517578125 3660
1779085959847 14.354181289672852 3680
1779085994229 2.123504161834717 3700
1779086028047 7.901815414428711 3720
1779086062878 8.046976089477539 3740
1779086186068 2.1933767795562744 3760
1779086220236 8.37178897857666 3780
1779086255307 8.1432523727417 3800
1779086289186 15.607017517089844 3820
1779086324140 12.97454833984375 3840
1779086358161 3.129760265350342 3860
1779086390382 8.993062973022461 3880
1779086419771 7.130393028259277 3900
1779086454645 12.357442855834961 3920
1779086489630 6.200052261352539 3940
1779086524585 2.8156344890594482 3960
1779086558369 10.946587562561035 3980
1779086591750 9.555121421813965 4000
1779086723245 6.927280426025391 4020
1779086756979 9.525168418884277 4040
1779086792134 4.853514671325684 4060
1779086827033 3.8215510845184326 4080
1779086861614 11.930020332336426 4100
1779086895284 7.377117156982422 4120
1779086928510 9.138971328735352 4140
1779086963700 20.714195251464844 4160
1779086998216 1.56039559841156 4180
1779087032961 8.744086265563965 4200
1779087067212 14.107036590576172 4220
1779087100429 5.536068439483643 4240
1779087231703 7.294403076171875 4260
1779087264728 13.842896461486816 4280
1779087299580 4.787724018096924 4300
1779087334139 13.121895790100098 4320
1779087368826 10.014750480651855 4340
1779087403349 4.316190242767334 4360
1779087436334 3.703988552093506 4380
1779087470684 11.267167091369629 4400
1779087505500 3.33884596824646 4420
1779087540224 11.151805877685547 4440
1779087574789 15.293126106262207 4460
1779087607906 9.283326148986816 4480
1779087638483 12.347245216369629 4500
1779087762184 12.076865196228027 4520
1779087796812 11.069290161132812 4540
1779087830211 15.60471248626709 4560
1779087864124 4.9082841873168945 4580
1779087898816 8.40977668762207 4600
1779087933661 4.045499801635742 4620
1779087968770 18.81647491455078 4640
1779088002283 8.931380271911621 4660
1779088036505 7.882086277008057 4680
1779088071433 9.414713859558105 4700
1779088106139 9.414372444152832 4720
1779088140542 9.046860694885254 4740
1779088270259 7.835614204406738 4760
1779088304615 8.63748550415039 4780
1779088338711 7.327927589416504 4800
1779088372421 10.20499038696289 4820
1779088407331 8.65142822265625 4840
1779088441733 18.045434951782227 4860
1779088476485 7.503653049468994 4880
1779088510467 8.322968482971191 4900
1779088544596 5.894170761108398 4920
1779088579318 11.099617004394531 4940
1779088613678 5.128491401672363 4960
1779088648439 8.866640090942383 4980
1779088682156 6.339333534240723 5000
1779088812329 11.782618522644043 5020
1779088846564 2.854098320007324 5040
1779088878780 3.1182754039764404 5060
1779088910246 9.165764808654785 5080
1779088935775 11.201602935791016 5100
1779088954005 8.086140632629395 5120
