1776957542546 nan 20
1776957544533 1.6898611783981323 40
1776957546552 2.6717123985290527 60
1776957548582 1.9032667875289917 80
1776957550588 6.4097418785095215 100
1776957552606 4.4019975662231445 120
1776957554592 3.1011335849761963 140
1776957556628 8.182660102844238 160
1776957558649 3.9500069618225098 180
1776957560682 3.9332149028778076 200
1776957562712 5.593398094177246 220
1776957564744 3.2009196281433105 240
1776957568677 5.495656490325928 260
1776957570706 2.202261209487915 280
1776957572733 4.335388660430908 300
1776957574764 2.7407753467559814 320
1776957576805 3.2985293865203857 340
1776957578835 4.112468719482422 360
1776957580870 6.1418681144714355 380
1776957582901 5.191760540008545 400
1776957584931 2.413874864578247 420
1776957586966 5.279874324798584 440
1776957588981 3.324582815170288 460
1776957591006 3.371234655380249 480
1776957593034 2.7800464630126953 500
1776957598591 2.1103508472442627 520
1776957600623 2.528608560562134 540
1776957602651 3.165781021118164 560
1776957604679 4.345911026000977 580
1776957606705 3.8356635570526123 600
1776957608739 2.635974407196045 620
1776957610771 3.017561912536621 640
1776957612797 2.6591591835021973 660
1776957614829 5.216207504272461 680
1776957616859 3.5386245250701904 700
1776957618893 2.457780361175537 720
1776957620911 5.411704063415527 740
1776957624827 2.77167010307312 760
1776957626852 3.513913154602051 780
1776957628882 3.558817148208618 800
1776957630914 3.574148416519165 820
1776957632944 2.5134692192077637 840
1776957634968 2.9562528133392334 860
1776957637001 3.4682655334472656 880
1776957639032 3.590825319290161 900
1776957641042 4.990082740783691 920
1776957643068 2.2826802730560303 940
1776957645106 3.0846993923187256 960
1776957647138 3.5662641525268555 980
1776957649171 3.626901626586914 1000
1776957654733 2.562668800354004 1020
1776957656760 5.054574966430664 1040
1776957658793 2.680989980697632 1060
1776957660826 4.0074286460876465 1080
1776957662850 3.1762535572052 1100
1776957664880 4.6599016189575195 1120
1776957666906 4.465661525726318 1140
1776957668935 3.585954427719116 1160
1776957670965 2.543614149093628 1180
1776959594793 5.477527618408203 1200
1776959596776 2.74983811378479 1220
1776959598744 3.54681658744812 1240
1776959602500 2.7340219020843506 1260
1776959604480 2.273245334625244 1280
1776959606455 5.277926921844482 1300
1776959608431 6.1036248207092285 1320
1776959610424 5.627017974853516 1340
1776959612408 3.891669511795044 1360
1776959614395 3.2920658588409424 1380
1776959616387 3.2354490756988525 1400
1776959618379 3.015509605407715 1420
1776959620351 6.675816535949707 1440
1776959622327 3.0617082118988037 1460
1776959624313 4.2588114738464355 1480
1776959626310 3.8550310134887695 1500
1776959632440 1.7293801307678223 1520
1776959634431 5.055633544921875 1540
1776959636413 4.957610607147217 1560
1776959638393 2.7989890575408936 1580
1776959640391 2.859079122543335 1600
1776959642372 2.640915632247925 1620
1776959644369 3.662909746170044 1640
1776959646356 3.787583351135254 1660
1776959648338 4.1000800132751465 1680
1776959650340 3.351616859436035 1700
1776959652327 2.280557632446289 1720
1776959654323 7.201503753662109 1740
1776959659326 2.886355400085449 1760
1776959661323 3.325530767440796 1780
1776959663307 7.42238187789917 1800
1776959665313 8.586872100830078 1820
1776959667287 7.648581027984619 1840
1776959669297 6.595186233520508 1860
1776959671277 5.532433986663818 1880
1776959673272 3.325838088989258 1900
1776959675259 5.650494575500488 1920
1776959677263 6.972463607788086 1940
1776959679287 4.87650203704834 1960
1776959681285 7.022407531738281 1980
1776959683287 10.315885543823242 2000
1776959688758 4.182397365570068 2020
1776959690765 9.653849601745605 2040
1776959692769 4.489138126373291 2060
1776959694764 4.792294502258301 2080
1776959696767 4.971533298492432 2100
1776959698762 2.2600271701812744 2120
1776959700766 11.325486183166504 2140
1776959702766 8.299586296081543 2160
1776959704768 2.334503650665283 2180
1776959706768 5.009040355682373 2200
1776959708770 7.611045837402344 2220
1776959710786 4.591618537902832 2240
1776959715075 4.974333763122559 2260
1776959717082 5.578670024871826 2280
1776959719098 6.094812393188477 2300
1776959721119 6.704068660736084 2320
1776959723131 5.206690788269043 2340
1776959725145 17.420516967773438 2360
1776959727151 5.310633659362793 2380
1776959729164 7.446481704711914 2400
1776959731160 5.831841468811035 2420
1776959733166 6.479899883270264 2440
1776959735190 7.5109543800354 2460
1776959737212 2.5730817317962646 2480
1776959739218 11.728007316589355 2500
1776959745100 8.164718627929688 2520
1776959747092 11.362149238586426 2540
1776959749114 8.968358039855957 2560
1776959751117 8.543715476989746 2580
1776959753119 8.676206588745117 2600
1776959755144 4.085194110870361 2620
1776959757150 12.715746879577637 2640
1776959759157 8.656912803649902 2660
1776959761165 6.085565567016602 2680
1776959763185 4.335323333740234 2700
1776959765194 5.256872653961182 2720
