1779319874396 0.6959 20
1779319880559 0.6919 40
1779319886062 0.688 60
1779319891604 0.6814 80
1779319897384 0.6808 100
1779319902800 0.6795 120
1779319908784 0.6708 140
1779319914896 0.6685 160
1779319920082 0.6518 180
1779319925246 0.6321 200
1779319930691 0.619 220
1779319936177 0.581 240
1779319948937 0.6206 260
1779319954505 0.6025 280
1779319960120 0.5998 300
1779319965320 0.6118 320
1779319970629 0.6036 340
1779319976251 0.6069 360
1779319982628 0.5863 380
1779319987928 0.5777 400
1779319993952 0.5946 420
1779319999979 0.5748 440
1779320006139 0.5884 460
1779320011844 0.5661 480
1779320017372 0.6091 500
1779320030725 0.5539 520
1779320036548 0.5774 540
1779320042000 0.5912 560
1779320047061 0.5886 580
1779320052617 0.5904 600
1779320057680 0.5299 620
1779320062845 0.5969 640
1779320068501 0.5565 660
1779320074644 0.543 680
1779320080081 0.5828 700
1779320085631 0.555 720
1779320091459 0.5564 740
1779320103792 0.5194 760
1779320109301 0.5649 780
1779320114951 0.5354 800
1779320120648 0.5175 820
1779320126351 0.5273 840
1779320132350 0.5621 860
1779320138023 0.5332 880
1779320143266 0.5298 900
1779320148480 0.5919 920
1779320153799 0.5316 940
1779320158962 0.5518 960
1779320164130 0.5384 980
1779320168997 0.577 1000
1779320181323 0.5445 1020
1779320186119 0.5269 1040
1779320190992 0.5501 1060
1779320196430 0.5301 1080
1779320201594 0.5031 1100
1779320206605 0.5418 1120
1779320211758 0.5206 1140
1779320216714 0.5172 1160
1779320221825 0.5877 1180
1779320226967 0.5531 1200
1779320231962 0.5532 1220
1779320237322 0.5076 1240
1779320250042 0.5389 1260
1779320255196 0.4979 1280
1779320260377 0.5168 1300
1779320265751 0.5517 1320
1779320271299 0.5194 1340
1779320276347 0.535 1360
1779320281798 0.5348 1380
1779320287361 0.5475 1400
1779320293292 0.4797 1420
1779320299347 0.4853 1440
1779320305163 0.4984 1460
1779320310992 0.4768 1480
1779320316934 0.469 1500
1779320329615 0.473 1520
1779320334478 0.4881 1540
1779320339934 0.4794 1560
1779320345603 0.55 1580
1779320350819 0.4586 1600
1779320355899 0.5039 1620
1779320361046 0.5409 1640
1779320366118 0.5111 1660
1779320371373 0.5102 1680
1779320376303 0.5057 1700
1779320381200 0.5424 1720
1779320386584 0.5135 1740
1779320398756 0.5052 1760
1779320403614 0.4742 1780
1779320409192 0.5043 1800
1779320414732 0.4801 1820
1779320420462 0.5347 1840
1779320425947 0.4684 1860
1779320431106 0.4699 1880
1779320436259 0.4813 1900
1779320441766 0.4929 1920
1779320446583 0.5115 1940
1779320451903 0.4751 1960
1779320457299 0.5357 1980
1779320463252 0.5107 2000
1779320477071 0.5372 2020
1779320482916 0.4757 2040
1779320488945 0.5054 2060
1779320494800 0.4717 2080
1779320500331 0.513 2100
1779320506020 0.5081 2120
1779320511543 0.5107 2140
1779320517111 0.4754 2160
1779320522139 0.4561 2180
1779320527634 0.462 2200
1779320533569 0.4427 2220
1779320539330 0.4611 2240
1779320552276 0.4446 2260
1779320557658 0.5385 2280
1779320563287 0.4679 2300
1779320568964 0.4563 2320
1779320574828 0.4504 2340
1779320580545 0.5375 2360
1779320586032 0.4765 2380
1779320592136 0.4825 2400
1779320597680 0.4835 2420
1779320603126 0.4987 2440
1779320608764 0.4672 2460
1779320614496 0.4604 2480
1779320620459 0.4873 2500
1779320633863 0.5272 2520
1779320638955 0.4783 2540
1779320644316 0.4913 2560
1779320649722 0.4725 2580
1779320654918 0.4542 2600
1779320660369 0.4729 2620
1779320665625 0.479 2640
1779320671404 0.4404 2660
1779320677006 0.4521 2680
1779320682829 0.4504 2700
1779320688622 0.4613 2720
1779320694526 0.4515 2740
1779320708256 0.4849 2760
1779320713869 0.4585 2780
1779320719460 0.4858 2800
1779320724912 0.4694 2820
1779320730120 0.4752 2840
1779320735189 0.4484 2860
1779320740540 0.4705 2880
1779320745757 0.4487 2900
1779320751193 0.4551 2920
1779320756401 0.4518 2940
1779320761670 0.4295 2960
1779320767620 0.472 2980
1779320773431 0.4588 3000
1779320787175 0.4543 3020
1779320792975 0.4904 3040
1779320798917 0.434 3060
1779320804479 0.4031 3080
1779320809755 0.4581 3100
1779320815108 0.4213 3120
1779320820189 0.4901 3140
1779320825510 0.46 3160
1779320831241 0.4552 3180
1779320837702 0.4422 3200
1779320843243 0.4689 3220
1779320848935 0.4782 3240
1779320862121 0.4436 3260
1779320867520 0.492 3280
1779320873219 0.4505 3300
1779320878869 0.4167 3320
1779320884375 0.4283 3340
1779320889825 0.4717 3360
1779320895670 0.4624 3380
1779320900233 0.4289 3400
1779320904902 0.4305 3420
1779320910333 0.4122 3440
1779320916285 0.4831 3460
1779320922553 0.4634 3480
1779320928703 0.4727 3500
1779320942249 0.4626 3520
1779320947758 0.4626 3540
1779320952956 0.4389 3560
