1778711654460 0.021953896816684963 20
1778711655058 0.043907793633369926 40
1778711655628 0.06586169045005488 60
1778711656217 0.08781558726673985 80
1778711656810 0.10976948408342481 100
1778711657415 0.13172338090010977 120
1778711658020 0.15367727771679474 140
1778711658619 0.1756311745334797 160
1778711659218 0.19758507135016465 180
1778711659821 0.21953896816684962 200
1778711660413 0.2414928649835346 220
1778711660992 0.26344676180021953 240
1778711663138 0.27442371020856204 250
1778711664716 0.2854006586169045 260
1778711665309 0.30735455543358947 280
1778711665900 0.32930845225027444 300
1778711666499 0.3512623490669594 320
1778711667121 0.3732162458836443 340
1778711667732 0.3951701427003293 360
1778711668349 0.41712403951701427 380
1778711668944 0.43907793633369924 400
1778711669536 0.4610318331503842 420
1778711670130 0.4829857299670692 440
1778711670739 0.5049396267837541 460
1778711671354 0.5268935236004391 480
1778711671952 0.5488474204171241 500
1778711673821 0.5488474204171241 500
1778711675715 0.570801317233809 520
1778711676309 0.5927552140504939 540
1778711676917 0.6147091108671789 560
1778711677525 0.6366630076838639 580
1778711678116 0.6586169045005489 600
1778711678706 0.6805708013172338 620
1778711679295 0.7025246981339188 640
1778711679894 0.7244785949506037 660
1778711680503 0.7464324917672887 680
1778711681111 0.7683863885839737 700
1778711681722 0.7903402854006586 720
1778711682334 0.8122941822173436 740
1778711684470 0.823271130625686 750
1778711686092 0.8342480790340285 760
1778711686696 0.8562019758507134 780
1778711687289 0.8781558726673985 800
1778711687878 0.9001097694840834 820
1778711688469 0.9220636663007684 840
1778711689048 0.9440175631174533 860
1778711689639 0.9659714599341384 880
1778711690244 0.9879253567508233 900
1778711690839 1.0098792535675083 920
1778711691436 1.031833150384193 940
1778711692029 1.0537870472008781 960
1778711692620 1.0757409440175631 980
1778711693222 1.0976948408342482 1000
1778711695081 1.0976948408342482 1000
1778711697020 1.119648737650933 1020
1778711697626 1.141602634467618 1040
1778711698231 1.163556531284303 1060
1778711698821 1.1855104281009878 1080
1778711699413 1.2074643249176729 1100
1778711700007 1.2294182217343579 1120
1778711700597 1.2513721185510427 1140
1778711701188 1.2733260153677277 1160
1778711701798 1.2952799121844127 1180
1778711702406 1.3172338090010978 1200
1778711703017 1.3391877058177828 1220
1778711703626 1.3611416026344676 1240
1778711705763 1.37211855104281 1250
1778711707197 1.3830954994511526 1260
1778711707788 1.4050493962678376 1280
1778711708381 1.4270032930845225 1300
1778711708972 1.4489571899012075 1320
1778711709560 1.4709110867178925 1340
1778711710153 1.4928649835345773 1360
1778711710744 1.5148188803512623 1380
1778711711342 1.5367727771679474 1400
1778711711936 1.5587266739846322 1420
1778711712555 1.5806805708013172 1440
1778711713182 1.6026344676180022 1460
1778711713807 1.624588364434687 1480
1778711714407 1.6465422612513723 1500
1778711716256 1.6465422612513723 1500
1778711718123 1.668496158068057 1520
1778711718730 1.690450054884742 1540
1778711719342 1.7124039517014271 1560
1778711719960 1.734357848518112 1580
1778711720559 1.756311745334797 1600
1778711721151 1.778265642151482 1620
1778711721743 1.8002195389681668 1640
1778711722334 1.8221734357848518 1660
1778711722927 1.8441273326015368 1680
1778711723520 1.8660812294182216 1700
1778711724116 1.8880351262349067 1720
1778711724709 1.9099890230515917 1740
1778711726866 1.920965971459934 1750
1778711728640 1.9319429198682765 1760
1778711729224 1.9538968166849617 1780
1778711729814 1.9758507135016465 1800
1778711730406 1.9978046103183313 1820
1778711730999 2.0197585071350166 1840
1778711731591 2.0417124039517014 1860
1778711732182 2.063666300768386 1880
1778711732773 2.0856201975850714 1900
1778711733366 2.1075740944017562 1920
1778711733959 2.129527991218441 1940
1778711734554 2.1514818880351263 1960
1778711735143 2.173435784851811 1980
1778711735737 2.1953896816684964 2000
1778711737589 2.1953896816684964 2000
1778711739330 2.217343578485181 2020
1778711739922 2.239297475301866 2040
1778711740512 2.261251372118551 2060
1778711741104 2.283205268935236 2080
1778711741695 2.305159165751921 2100
1778711742286 2.327113062568606 2120
1778711742878 2.349066959385291 2140
1778711743472 2.3710208562019757 2160
1778711744068 2.392974753018661 2180
1778711744662 2.4149286498353457 2200
1778711745255 2.436882546652031 2220
1778711745847 2.4588364434687158 2240
1778711747984 2.469813391877058 2250
1778711749611 2.4807903402854006 2260
1778711750215 2.5027442371020854 2280
1778711750806 2.5246981339187706 2300
1778711751398 2.5466520307354554 2320
1778711751989 2.5686059275521407 2340
1778711752581 2.5905598243688255 2360
1778711753176 2.6125137211855103 2380
1778711753767 2.6344676180021955 2400
1778711754363 2.6564215148188803 2420
1778711754961 2.6783754116355656 2440
1778711755560 2.7003293084522504 2460
1778711756154 2.722283205268935 2480
1778711756744 2.74423710208562 2500
1778711758603 2.74423710208562 2500
1778711760518 2.7661909989023052 2520
1778711761110 2.78814489571899 2540
1778711761701 2.8100987925356753 2560
1778711762292 2.83205268935236 2580
1778711762882 2.854006586169045 2600
1778711763476 2.8759604829857297 2620
1778711764067 2.897914379802415 2640
1778711764657 2.9198682766190998 2660
1778711765247 2.941822173435785 2680
1778711765834 2.96377607025247 2700
1778711766425 2.9857299670691546 2720
1778711767018 3.00768386388584 2740
1778711769180 3.0186608122941823 2750
1778711770801 3.0296377607025247 2760
1778711771390 3.0515916575192095 2780
1778711771980 3.0735455543358947 2800
1778711772577 3.0954994511525795 2820
1778711773166 3.1174533479692643 2840
1778711773757 3.1394072447859496 2860
1778711774356 3.1613611416026344 2880
1778711774967 3.1833150384193196 2900
1778711775609 3.2052689352360044 2920
1778711776262 3.2272228320526892 2940
1778711776927 3.2491767288693745 2960
1778711777523 3.2711306256860593 2980
1778711778114 3.293084522502744 3000
1778711779973 3.293084522502744 3000
1778711781963 3.3150384193194293 3020
1778711782554 3.336992316136114 3040
1778711783145 3.358946212952799 3060
1778711783742 3.380900109769484 3080
1778711784333 3.402854006586169 3100
1778711784923 3.4248079034028542 3120
1778711785514 3.446761800219539 3140
1778711786106 3.468715697036224 3160
1778711786700 3.4906695938529086 3180
1778711787295 3.512623490669594 3200
1778711787894 3.5345773874862787 3220
1778711788489 3.556531284302964 3240
1778711790631 3.5675082327113063 3250
1778711792219 3.5784851811196488 3260
1778711792810 3.6004390779363336 3280
1778711793402 3.622392974753019 3300
1778711793992 3.6443468715697036 3320
1778711794583 3.666300768386389 3340
1778711795174 3.6882546652030737 3360
1778711795766 3.7102085620197585 3380
1778711796357 3.7321624588364433 3400
1778711796954 3.7541163556531285 3420
1778711797570 3.7760702524698133 3440
1778711798182 3.7980241492864986 3460
1778711798779 3.8199780461031834 3480
1778711799373 3.841931942919868 3500
1778711801233 3.841931942919868 3500
1778711803171 3.863885839736553 3520
1778711803777 3.885839736553238 3540
1778711804372 3.907793633369923 3560
1778711804982 3.9297475301866083 3580
1778711805581 3.951701427003293 3600
1778711806186 3.973655323819978 3620
1778711806780 3.995609220636663 3640
1778711807375 4.017563117453348 3660
1778711807966 4.039517014270033 3680
1778711808555 4.061470911086718 3700
1778711809147 4.083424807903403 3720
1778711809756 4.105378704720088 3740
1778711811905 4.11635565312843 3750
1778711813534 4.127332601536772 3760
1778711814142 4.149286498353458 3780
1778711814756 4.171240395170143 3800
1778711815361 4.193194291986828 3820
1778711815974 4.2151481888035125 3840
1778711816570 4.237102085620197 3860
1778711817158 4.259055982436882 3880
1778711817746 4.281009879253568 3900
1778711818339 4.302963776070253 3920
1778711818930 4.324917672886937 3940
1778711819531 4.346871569703622 3960
1778711820137 4.368825466520307 3980
1778711820745 4.390779363336993 4000
1778711822601 4.390779363336993 4000
1778711824522 4.4127332601536775 4020
1778711825113 4.434687156970362 4040
1778711825703 4.456641053787047 4060
1778711826296 4.478594950603732 4080
1778711826885 4.500548847420417 4100
1778711827478 4.522502744237102 4120
1778711828070 4.544456641053787 4140
1778711828666 4.566410537870472 4160
1778711829261 4.588364434687157 4180
1778711829861 4.610318331503842 4200
1778711830454 4.632272228320527 4220
1778711831050 4.654226125137212 4240
1778711833226 4.6652030735455545 4250
1778711834805 4.676180021953897 4260
1778711835396 4.698133918770582 4280
1778711835987 4.7200878155872665 4300
1778711836578 4.742041712403951 4320
1778711837168 4.763995609220637 4340
1778711837759 4.785949506037322 4360
1778711838350 4.807903402854007 4380
1778711838941 4.829857299670691 4400
1778711839536 4.851811196487376 4420
1778711840137 4.873765093304062 4440
1778711840748 4.895718990120747 4460
1778711841358 4.9176728869374315 4480
1778711841950 4.939626783754116 4500
1778711843796 4.939626783754116 4500
1778711845721 4.961580680570801 4520
1778711846313 4.983534577387486 4540
1778711848176 5.0 4555
1778711850237 5.0 4555
1778711850601 5.0 4555
1778711851559 5.0 0
