1778711654460 3.4887516498565674 20
1778711655058 1.6615246534347534 40
1778711655628 3.5341615676879883 60
1778711656217 4.418243408203125 80
1778711656810 2.544593572616577 100
1778711657415 3.86236834526062 120
1778711658020 3.989168167114258 140
1778711658619 3.75998854637146 160
1778711659218 2.55436635017395 180
1778711659821 3.4873757362365723 200
1778711660413 4.122025966644287 220
1778711660992 5.7892045974731445 240
1778711664716 29.860576629638672 260
1778711665309 3.5872678756713867 280
1778711665900 2.8500237464904785 300
1778711666499 3.387864589691162 320
1778711667121 44.184730529785156 340
1778711667732 8.004138946533203 360
1778711668349 2.9883573055267334 380
1778711668944 6.786912441253662 400
1778711669536 6.41595458984375 420
1778711670130 2.6804652214050293 440
1778711670739 4.244640350341797 460
1778711671354 9.067416191101074 480
1778711671952 7.987495422363281 500
1778711675715 3.7947235107421875 520
1778711676309 5.695947647094727 540
1778711676917 3.239607334136963 560
1778711677525 2.667073965072632 580
1778711678116 2.2532999515533447 600
1778711678706 2.9781413078308105 620
1778711679295 12.129462242126465 640
1778711679894 4.218690872192383 660
1778711680503 5.055740833282471 680
1778711681111 3.030256986618042 700
1778711681722 3.7621519565582275 720
1778711682334 3.1274611949920654 740
1778711686092 3.044426918029785 760
1778711686696 2.014659881591797 780
1778711687289 2.867309331893921 800
1778711687878 2.9710583686828613 820
1778711688469 1.7398416996002197 840
1778711689048 10.809791564941406 860
1778711689639 4.919859409332275 880
1778711690244 2.62683367729187 900
1778711690839 1.752036213874817 920
1778711691436 4.589509010314941 940
1778711692029 7.8571929931640625 960
1778711692620 2.803968667984009 980
1778711693222 2.7185118198394775 1000
1778711697020 6.69596004486084 1020
1778711697626 3.311408042907715 1040
1778711698231 5.666370868682861 1060
1778711698821 3.9981749057769775 1080
1778711699413 2.5177719593048096 1100
1778711700007 3.418900728225708 1120
1778711700597 3.880148410797119 1140
1778711701188 3.0228805541992188 1160
1778711701798 4.564159393310547 1180
1778711702406 2.602996826171875 1200
1778711703017 2.5407814979553223 1220
1778711703626 2.475801944732666 1240
1778711707197 3.983565092086792 1260
1778711707788 7.573179244995117 1280
1778711708381 7.592253684997559 1300
1778711708972 6.474226474761963 1320
1778711709560 3.2225871086120605 1340
1778711710153 2.757091999053955 1360
1778711710744 3.4369513988494873 1380
1778711711342 5.542476654052734 1400
1778711711936 4.0995192527771 1420
1778711712555 6.273501873016357 1440
1778711713182 2.2023043632507324 1460
1778711713807 3.7573587894439697 1480
1778711714407 4.326874256134033 1500
1778711718123 2.298595905303955 1520
1778711718730 11.132950782775879 1540
1778711719342 12.34145450592041 1560
1778711719960 4.8848419189453125 1580
1778711720559 6.589381217956543 1600
1778711721151 4.519514083862305 1620
1778711721743 3.907843589782715 1640
1778711722334 3.5404443740844727 1660
1778711722927 3.5486414432525635 1680
1778711723520 2.811875820159912 1700
1778711724116 2.662095546722412 1720
1778711724709 3.294180154800415 1740
1778711728640 5.162190914154053 1760
1778711729224 2.833184003829956 1780
1778711729814 3.2011523246765137 1800
1778711730406 2.675375461578369 1820
1778711730999 2.9764254093170166 1840
1778711731591 3.2917675971984863 1860
1778711732182 3.4954614639282227 1880
1778711732773 4.677363395690918 1900
1778711733366 3.7135965824127197 1920
1778711733959 6.196224212646484 1940
1778711734554 3.951639413833618 1960
1778711735143 3.7948288917541504 1980
1778711735737 12.690485000610352 2000
1778711739330 1.9421403408050537 2020
1778711739922 3.0798866748809814 2040
1778711740512 3.0040345191955566 2060
1778711741104 5.222967147827148 2080
1778711741695 2.546140670776367 2100
1778711742286 3.452796459197998 2120
1778711742878 3.4243698120117188 2140
1778711743472 4.308249473571777 2160
1778711744068 7.619460105895996 2180
1778711744662 6.373229026794434 2200
1778711745255 4.6944661140441895 2220
1778711745847 3.061410427093506 2240
1778711749611 3.3075571060180664 2260
1778711750215 5.540342807769775 2280
1778711750806 2.804800033569336 2300
1778711751398 4.403342247009277 2320
1778711751989 4.4835124015808105 2340
1778711752581 2.9061150550842285 2360
1778711753176 3.7307183742523193 2380
1778711753767 3.463608503341675 2400
1778711754363 5.00192403793335 2420
1778711754961 2.8967041969299316 2440
1778711755560 9.778335571289062 2460
1778711756154 3.3655030727386475 2480
1778711756744 3.3063035011291504 2500
1778711760518 3.6422040462493896 2520
1778711761110 4.127364158630371 2540
1778711761701 2.169978380203247 2560
1778711762292 3.9744248390197754 2580
1778711762882 7.027108192443848 2600
1778711763476 6.001489162445068 2620
1778711764067 4.690771102905273 2640
1778711764657 3.5731630325317383 2660
1778711765247 4.26432991027832 2680
1778711765834 3.6213223934173584 2700
1778711766425 4.325748920440674 2720
1778711767018 4.7156901359558105 2740
1778711770801 4.534867763519287 2760
1778711771390 5.137009620666504 2780
1778711771980 3.649599552154541 2800
1778711772577 3.5991103649139404 2820
1778711773166 3.199568033218384 2840
1778711773757 13.270030975341797 2860
1778711774356 8.482372283935547 2880
1778711774967 6.41251277923584 2900
1778711775609 6.264008045196533 2920
1778711776262 8.813810348510742 2940
1778711776927 5.758374214172363 2960
1778711777523 7.661097526550293 2980
1778711778114 5.768141746520996 3000
1778711781963 9.535879135131836 3020
1778711782554 6.443965911865234 3040
1778711783145 9.013055801391602 3060
1778711783742 7.6934332847595215 3080
1778711784333 2.573192596435547 3100
1778711784923 7.733664035797119 3120
1778711785514 5.770862579345703 3140
1778711786106 3.256643533706665 3160
1778711786700 3.5780317783355713 3180
1778711787295 9.580143928527832 3200
1778711787894 7.046539306640625 3220
1778711788489 2.0363800525665283 3240
1778711792219 13.444501876831055 3260
1778711792810 9.216876983642578 3280
1778711793402 8.424609184265137 3300
1778711793992 6.631316661834717 3320
1778711794583 4.703402519226074 3340
1778711795174 4.508997440338135 3360
1778711795766 4.469864368438721 3380
1778711796357 7.0987467765808105 3400
1778711796954 7.775051593780518 3420
1778711797570 19.874914169311523 3440
1778711798182 5.275264263153076 3460
1778711798779 5.101587295532227 3480
1778711799373 6.885021209716797 3500
1778711803171 13.730015754699707 3520
1778711803777 1.7727922201156616 3540
1778711804372 12.32827377319336 3560
1778711804982 4.8010430335998535 3580
1778711805581 11.345520973205566 3600
1778711806186 3.599644660949707 3620
1778711806780 11.039397239685059 3640
1778711807375 8.5983304977417 3660
1778711807966 7.301508903503418 3680
1778711808555 12.390387535095215 3700
1778711809147 14.832425117492676 3720
1778711809756 2.150749444961548 3740
1778711813534 9.415637969970703 3760
1778711814142 5.1494059562683105 3780
1778711814756 10.936285018920898 3800
1778711815361 12.029026985168457 3820
1778711815974 11.81015396118164 3840
1778711816570 8.847274780273438 3860
1778711817158 10.638741493225098 3880
1778711817746 2.9321181774139404 3900
1778711818339 1.585634708404541 3920
1778711818930 4.6800689697265625 3940
1778711819531 12.86044692993164 3960
1778711820137 5.219414710998535 3980
1778711820745 33.30842971801758 4000
1778711824522 8.5680513381958 4020
1778711825113 10.000456809997559 4040
1778711825703 4.340206146240234 4060
1778711826296 9.927803993225098 4080
1778711826885 3.54131817817688 4100
1778711827478 6.21031379699707 4120
1778711828070 7.291409492492676 4140
1778711828666 9.737288475036621 4160
1778711829261 12.373056411743164 4180
1778711829861 4.600861549377441 4200
1778711830454 6.949181079864502 4220
1778711831050 5.832693099975586 4240
1778711834805 2.61478590965271 4260
1778711835396 7.773657321929932 4280
1778711835987 5.649150371551514 4300
1778711836578 24.49823570251465 4320
1778711837168 6.348291873931885 4340
1778711837759 3.9890506267547607 4360
1778711838350 3.7385261058807373 4380
1778711838941 3.499375104904175 4400
1778711839536 2.338686227798462 4420
1778711840137 4.113442420959473 4440
1778711840748 11.236271858215332 4460
1778711841358 6.3779296875 4480
1778711841950 14.561269760131836 4500
1778711845721 3.8395559787750244 4520
1778711846313 8.049213409423828 4540
