1778711654460 1.1400000000000001e-05 20
1778711655058 2.3400000000000003e-05 40
1778711655628 2.9953385127635962e-05 60
1778711656217 2.9826859045504994e-05 80
1778711656810 2.9693673695893453e-05 100
1778711657415 2.956048834628191e-05 120
1778711658020 2.9427302996670368e-05 140
1778711658619 2.9294117647058824e-05 160
1778711659218 2.9160932297447283e-05 180
1778711659821 2.9034406215316315e-05 200
1778711660413 2.8901220865704774e-05 220
1778711660992 2.8774694783573806e-05 240
1778711664716 2.864816870144284e-05 260
1778711665309 2.85149833518313e-05 280
1778711665900 2.8381798002219756e-05 300
1778711666499 2.8248612652608212e-05 320
1778711667121 2.811542730299667e-05 340
1778711667732 2.7982241953385127e-05 360
1778711668349 2.7849056603773586e-05 380
1778711668944 2.7715871254162042e-05 400
1778711669536 2.75826859045505e-05 420
1778711670130 2.7449500554938957e-05 440
1778711670739 2.7316315205327416e-05 460
1778711671354 2.7183129855715872e-05 480
1778711671952 2.704994450610433e-05 500
1778711675715 2.6916759156492787e-05 520
1778711676309 2.6783573806881246e-05 540
1778711676917 2.6650388457269702e-05 560
1778711677525 2.6517203107658158e-05 580
1778711678116 2.6384017758046617e-05 600
1778711678706 2.6250832408435073e-05 620
1778711679295 2.6117647058823532e-05 640
1778711679894 2.5984461709211988e-05 660
1778711680503 2.5851276359600447e-05 680
1778711681111 2.5718091009988903e-05 700
1778711681722 2.558490566037736e-05 720
1778711682334 2.5451720310765814e-05 740
1778711686092 2.5318534961154274e-05 760
1778711686696 2.518534961154273e-05 780
1778711687289 2.505216426193119e-05 800
1778711687878 2.4918978912319644e-05 820
1778711688469 2.47857935627081e-05 840
1778711689048 2.4659267480577135e-05 860
1778711689639 2.4526082130965595e-05 880
1778711690244 2.439289678135405e-05 900
1778711690839 2.4259711431742506e-05 920
1778711691436 2.4126526082130965e-05 940
1778711692029 2.399334073251942e-05 960
1778711692620 2.386015538290788e-05 980
1778711693222 2.3726970033296336e-05 1000
1778711697020 2.3593784683684795e-05 1020
1778711697626 2.346059933407325e-05 1040
1778711698231 2.332741398446171e-05 1060
1778711698821 2.3194228634850166e-05 1080
1778711699413 2.3061043285238625e-05 1100
1778711700007 2.292785793562708e-05 1120
1778711700597 2.279467258601554e-05 1140
1778711701188 2.2661487236403996e-05 1160
1778711701798 2.2528301886792455e-05 1180
1778711702406 2.239511653718091e-05 1200
1778711703017 2.2261931187569367e-05 1220
1778711703626 2.2128745837957826e-05 1240
1778711707197 2.1995560488346282e-05 1260
1778711707788 2.186237513873474e-05 1280
1778711708381 2.1729189789123197e-05 1300
1778711708972 2.1596004439511656e-05 1320
1778711709560 2.1462819089900112e-05 1340
1778711710153 2.132963374028857e-05 1360
1778711710744 2.1196448390677027e-05 1380
1778711711342 2.1063263041065486e-05 1400
1778711711936 2.0930077691453942e-05 1420
1778711712555 2.0796892341842398e-05 1440
1778711713182 2.0663706992230854e-05 1460
1778711713807 2.053052164261931e-05 1480
1778711714407 2.039733629300777e-05 1500
1778711718123 2.0264150943396225e-05 1520
1778711718730 2.0130965593784684e-05 1540
1778711719342 1.999778024417314e-05 1560
1778711719960 1.98645948945616e-05 1580
1778711720559 1.9731409544950055e-05 1600
1778711721151 1.9598224195338514e-05 1620
1778711721743 1.946503884572697e-05 1640
1778711722334 1.933185349611543e-05 1660
1778711722927 1.9198668146503885e-05 1680
1778711723520 1.9065482796892344e-05 1700
1778711724116 1.89322974472808e-05 1720
1778711724709 1.8799112097669255e-05 1740
1778711728640 1.8665926748057715e-05 1760
1778711729224 1.853274139844617e-05 1780
1778711729814 1.839955604883463e-05 1800
1778711730406 1.8266370699223085e-05 1820
1778711730999 1.8133185349611545e-05 1840
1778711731591 1.8e-05 1860
1778711732182 1.786681465038846e-05 1880
1778711732773 1.7733629300776915e-05 1900
1778711733366 1.7600443951165375e-05 1920
1778711733959 1.746725860155383e-05 1940
1778711734554 1.733407325194229e-05 1960
1778711735143 1.7200887902330745e-05 1980
1778711735737 1.70677025527192e-05 2000
1778711739330 1.693451720310766e-05 2020
1778711739922 1.6801331853496116e-05 2040
1778711740512 1.6668146503884572e-05 2060
1778711741104 1.6534961154273028e-05 2080
1778711741695 1.6401775804661487e-05 2100
1778711742286 1.6268590455049943e-05 2120
1778711742878 1.6135405105438402e-05 2140
1778711743472 1.6002219755826858e-05 2160
1778711744068 1.5869034406215317e-05 2180
1778711744662 1.5735849056603773e-05 2200
1778711745255 1.5602663706992232e-05 2220
1778711745847 1.5469478357380688e-05 2240
1778711749611 1.5336293007769144e-05 2260
1778711750215 1.5203107658157603e-05 2280
1778711750806 1.5069922308546059e-05 2300
1778711751398 1.4936736958934518e-05 2320
1778711751989 1.4803551609322975e-05 2340
1778711752581 1.4670366259711431e-05 2360
1778711753176 1.4537180910099889e-05 2380
1778711753767 1.4403995560488346e-05 2400
1778711754363 1.4270810210876804e-05 2420
1778711754961 1.4137624861265261e-05 2440
1778711755560 1.4004439511653719e-05 2460
1778711756154 1.3871254162042176e-05 2480
1778711756744 1.3738068812430634e-05 2500
1778711760518 1.360488346281909e-05 2520
1778711761110 1.3471698113207547e-05 2540
1778711761701 1.3338512763596005e-05 2560
1778711762292 1.3205327413984462e-05 2580
1778711762882 1.307214206437292e-05 2600
1778711763476 1.2938956714761375e-05 2620
1778711764067 1.2805771365149833e-05 2640
1778711764657 1.267258601553829e-05 2660
1778711765247 1.2539400665926748e-05 2680
1778711765834 1.2406215316315206e-05 2700
1778711766425 1.2273029966703663e-05 2720
1778711767018 1.213984461709212e-05 2740
1778711770801 1.2006659267480578e-05 2760
1778711771390 1.1873473917869036e-05 2780
1778711771980 1.1740288568257493e-05 2800
1778711772577 1.160710321864595e-05 2820
1778711773166 1.1473917869034406e-05 2840
1778711773757 1.1340732519422864e-05 2860
1778711774356 1.120754716981132e-05 2880
1778711774967 1.1074361820199777e-05 2900
1778711775609 1.0941176470588235e-05 2920
1778711776262 1.0807991120976692e-05 2940
1778711776927 1.067480577136515e-05 2960
1778711777523 1.0541620421753607e-05 2980
1778711778114 1.0408435072142065e-05 3000
1778711781963 1.0275249722530522e-05 3020
1778711782554 1.014206437291898e-05 3040
1778711783145 1.0008879023307437e-05 3060
1778711783742 9.875693673695895e-06 3080
1778711784333 9.742508324084352e-06 3100
1778711784923 9.60932297447281e-06 3120
1778711785514 9.476137624861264e-06 3140
1778711786106 9.342952275249721e-06 3160
1778711786700 9.209766925638179e-06 3180
1778711787295 9.076581576026636e-06 3200
1778711787894 8.943396226415094e-06 3220
1778711788489 8.810210876803551e-06 3240
1778711792219 8.677025527192009e-06 3260
1778711792810 8.543840177580466e-06 3280
1778711793402 8.410654827968924e-06 3300
1778711793992 8.277469478357381e-06 3320
1778711794583 8.144284128745839e-06 3340
1778711795174 8.011098779134296e-06 3360
1778711795766 7.877913429522754e-06 3380
1778711796357 7.744728079911211e-06 3400
1778711796954 7.611542730299666e-06 3420
1778711797570 7.478357380688125e-06 3440
1778711798182 7.345172031076582e-06 3460
1778711798779 7.211986681465039e-06 3480
1778711799373 7.078801331853496e-06 3500
1778711803171 6.945615982241954e-06 3520
1778711803777 6.8124306326304106e-06 3540
1778711804372 6.679245283018868e-06 3560
1778711804982 6.5460599334073256e-06 3580
1778711805581 6.412874583795782e-06 3600
1778711806186 6.27968923418424e-06 3620
1778711806780 6.146503884572697e-06 3640
1778711807375 6.013318534961155e-06 3660
1778711807966 5.880133185349611e-06 3680
1778711808555 5.746947835738069e-06 3700
1778711809147 5.613762486126526e-06 3720
1778711809756 5.480577136514983e-06 3740
1778711813534 5.3473917869034406e-06 3760
1778711814142 5.214206437291898e-06 3780
1778711814756 5.081021087680356e-06 3800
1778711815361 4.947835738068813e-06 3820
1778711815974 4.81465038845727e-06 3840
1778711816570 4.681465038845726e-06 3860
1778711817158 4.548279689234184e-06 3880
1778711817746 4.415094339622641e-06 3900
1778711818339 4.281908990011099e-06 3920
1778711818930 4.1487236403995564e-06 3940
1778711819531 4.015538290788014e-06 3960
1778711820137 3.8823529411764714e-06 3980
1778711820745 3.749167591564928e-06 4000
1778711824522 3.6159822419533856e-06 4020
1778711825113 3.4827968923418423e-06 4040
1778711825703 3.3496115427302998e-06 4060
1778711826296 3.2164261931187573e-06 4080
1778711826885 3.0832408435072143e-06 4100
1778711827478 2.9500554938956714e-06 4120
1778711828070 2.816870144284129e-06 4140
1778711828666 2.683684794672586e-06 4160
1778711829261 2.5504994450610435e-06 4180
1778711829861 2.4173140954495006e-06 4200
1778711830454 2.2841287458379577e-06 4220
1778711831050 2.150943396226415e-06 4240
1778711834805 2.0177580466148723e-06 4260
1778711835396 1.8845726970033298e-06 4280
1778711835987 1.7513873473917869e-06 4300
1778711836578 1.6182019977802442e-06 4320
1778711837168 1.4850166481687014e-06 4340
1778711837759 1.3518312985571587e-06 4360
1778711838350 1.218645948945616e-06 4380
1778711838941 1.0854605993340731e-06 4400
1778711839536 9.522752497225306e-07 4420
1778711840137 8.190899001109878e-07 4440
1778711840748 6.859045504994451e-07 4460
1778711841358 5.527192008879024e-07 4480
1778711841950 4.195338512763596e-07 4500
1778711845721 2.8634850166481687e-07 4520
1778711846313 1.5316315205327414e-07 4540
