1779318487817 0.7087 20
1779318488639 0.71 40
1779318489497 0.7085 60
1779318490333 0.6976 80
1779318491151 0.7099 100
1779318491965 0.6961 120
1779318492782 0.6951 140
1779318493563 0.6989 160
1779318494353 0.7042 180
1779318495121 0.6924 200
1779318495904 0.6948 220
1779318496699 0.6975 240
1779318499889 0.6981 260
1779318500653 0.6581 280
1779318501472 0.6338 300
1779318502251 0.673 320
1779318503040 0.6066 340
1779318503879 0.6045 360
1779318504834 0.5778 380
1779318505789 0.6269 400
1779318506675 0.5369 420
1779318507546 0.5637 440
1779318508403 0.5465 460
1779318509355 0.5212 480
1779318510217 0.5374 500
1779318514893 0.5584 520
1779318515845 0.5478 540
1779318516788 0.6019 560
1779318517710 0.5593 580
1779318518631 0.5417 600
1779318519549 0.527 620
1779318520442 0.5062 640
1779318521372 0.4927 660
1779318522293 0.5451 680
1779318523191 0.5306 700
1779318524026 0.5474 720
1779318524888 0.5235 740
1779318528923 0.5824 760
1779318529808 0.5042 780
1779318530740 0.4999 800
1779318531638 0.5331 820
1779318532607 0.5332 840
1779318533523 0.4554 860
1779318534470 0.554 880
1779318535369 0.5204 900
1779318536310 0.5003 920
1779318537369 0.5327 940
1779318538362 0.5498 960
1779318539337 0.511 980
1779318540258 0.4629 1000
1779318544505 0.5078 1020
1779318545555 0.5427 1040
1779318546567 0.507 1060
1779318547573 0.5168 1080
1779318548553 0.4628 1100
1779318549528 0.4905 1120
1779318550489 0.48 1140
1779318551412 0.4868 1160
1779318552376 0.4828 1180
1779318553307 0.4978 1200
1779318554315 0.4921 1220
1779318555212 0.4849 1240
1779318559203 0.4662 1260
1779318560027 0.4364 1280
1779318560852 0.4648 1300
1779318561728 0.4443 1320
1779318562609 0.5132 1340
1779318563507 0.4745 1360
1779318564400 0.5131 1380
1779318565312 0.5061 1400
1779318566233 0.4713 1420
1779318567156 0.5009 1440
1779318568124 0.521 1460
1779318569047 0.5066 1480
1779318569956 0.5467 1500
1779318574202 0.4967 1520
1779318575150 0.4702 1540
1779318576098 0.4249 1560
1779318576980 0.4839 1580
1779318577944 0.4914 1600
1779318578846 0.4945 1620
1779318579780 0.4494 1640
1779318580724 0.485 1660
1779318581617 0.5372 1680
1779318582581 0.4801 1700
1779318583523 0.5552 1720
1779318584423 0.4592 1740
1779318589103 0.4561 1760
1779318590100 0.4982 1780
1779318591040 0.4555 1800
1779318591938 0.4771 1820
1779318592868 0.4724 1840
1779318593762 0.4574 1860
1779318594637 0.4415 1880
1779318595487 0.4622 1900
1779318596303 0.4334 1920
1779318597161 0.4905 1940
1779318598062 0.4759 1960
1779318599022 0.4555 1980
1779318600007 0.4739 2000
1779318604185 0.4655 2020
1779318605076 0.4522 2040
1779318605963 0.4761 2060
1779318606904 0.4713 2080
1779318607862 0.4869 2100
1779318608804 0.4513 2120
1779318609747 0.4892 2140
1779318610732 0.4476 2160
1779318611814 0.466 2180
1779318612711 0.5076 2200
1779318613632 0.4934 2220
1779318614518 0.4719 2240
1779318618926 0.4719 2260
1779318619934 0.4587 2280
1779318620867 0.4695 2300
1779318621804 0.4472 2320
1779318622686 0.4875 2340
1779318623553 0.4182 2360
1779318624442 0.4346 2380
1779318625414 0.4428 2400
1779318626303 0.4375 2420
1779318627247 0.4392 2440
1779318628140 0.4763 2460
1779318629031 0.4892 2480
1779318629967 0.4339 2500
1779318634091 0.4938 2520
1779318635110 0.4171 2540
1779318636087 0.5036 2560
1779318637104 0.4636 2580
1779318638012 0.4498 2600
1779318638932 0.4623 2620
1779318639794 0.4713 2640
1779318640617 0.5129 2660
1779318641467 0.4646 2680
1779318642391 0.448 2700
1779318643334 0.4127 2720
1779318644293 0.4645 2740
1779318648719 0.4517 2760
1779318649690 0.4353 2780
1779318650658 0.4427 2800
1779318651565 0.4742 2820
1779318652500 0.4601 2840
1779318653414 0.4364 2860
1779318654367 0.4459 2880
1779318655290 0.4109 2900
1779318656311 0.4554 2920
1779318657266 0.4907 2940
1779318658210 0.4597 2960
1779318659134 0.4494 2980
1779318660157 0.4593 3000
1779318664733 0.4213 3020
1779318665590 0.4139 3040
1779318666448 0.4233 3060
1779318667337 0.39 3080
1779318668215 0.4177 3100
1779318669086 0.4732 3120
1779318669987 0.4687 3140
1779318670904 0.4346 3160
1779318671801 0.4133 3180
1779318672703 0.4017 3200
1779318673612 0.3877 3220
1779318674650 0.3944 3240
1779318679258 0.4282 3260
1779318680178 0.4433 3280
1779318681123 0.3873 3300
1779318682077 0.4692 3320
1779318682961 0.4447 3340
1779318683842 0.4309 3360
1779318684765 0.4428 3380
1779318685713 0.4418 3400
1779318686654 0.4374 3420
1779318687535 0.4321 3440
1779318688454 0.4553 3460
1779318689403 0.4539 3480
1779318690372 0.4083 3500
1779318695132 0.423 3520
1779318696089 0.4608 3540
1779318697010 0.4262 3560
1779318697832 0.4624 3580
1779318698692 0.4568 3600
1779318699646 0.4421 3620
1779318700580 0.4426 3640
1779318701538 0.414 3660
1779318702531 0.4408 3680
1779318703545 0.4041 3700
1779318704570 0.4122 3720
1779318705485 0.4348 3740
1779318709402 0.4495 3760
1779318710258 0.3824 3780
1779318711142 0.4214 3800
1779318712060 0.3941 3820
1779318712948 0.4041 3840
1779318713831 0.4099 3860
1779318714742 0.4014 3880
1779318715603 0.4052 3900
1779318716445 0.4026 3920
1779318717345 0.3597 3940
1779318718209 0.3871 3960
1779318719158 0.4219 3980
1779318720061 0.4287 4000
1779318724595 0.414 4020
1779318725586 0.4528 4040
1779318726501 0.4254 4060
1779318727434 0.4276 4080
1779318728355 0.4521 4100
1779318729286 0.4247 4120
1779318730259 0.3667 4140
1779318731244 0.4279 4160
1779318732205 0.4004 4180
1779318733198 0.434 4200
1779318734174 0.4376 4220
1779318735127 0.3788 4240
1779318739498 0.3725 4260
1779318740491 0.4233 4280
1779318741550 0.4148 4300
1779318742517 0.3835 4320
1779318743636 0.4048 4340
1779318744588 0.3795 4360
1779318745592 0.441 4380
1779318746539 0.4315 4400
1779318747542 0.4073 4420
1779318748453 0.4034 4440
1779318749361 0.4075 4460
1779318750347 0.3947 4480
1779318751304 0.4382 4500
1779318755769 0.4041 4520
1779318756610 0.4236 4540
