1777481220378 1.1400000000000001e-05 20
1777481229719 2.3400000000000003e-05 40
1777481239093 2.997369702873843e-05 60
1777481248610 2.9915245981490504e-05 80
1777481258035 2.985679493424257e-05 100
1777481267441 2.980126643935704e-05 120
1777481276954 2.974281539210911e-05 140
1777481286449 2.968436434486118e-05 160
1777481296038 2.9628835849975644e-05 180
1777481305611 2.9570384802727717e-05 200
1777481315237 2.9511933755479787e-05 220
1777481324873 2.9453482708231856e-05 240
1777481334500 2.9395031660983926e-05 260
1777481344189 2.9336580613735996e-05 280
1777481353877 2.9278129566488065e-05 300
1777481363543 2.9222601071602534e-05 320
1777481373224 2.9164150024354604e-05 340
1777481382887 2.9105698977106673e-05 360
1777481392553 2.9047247929858747e-05 380
1777481402264 2.8988796882610813e-05 400
1777481412098 2.8930345835362886e-05 420
1777481421848 2.8871894788114956e-05 440
1777481431684 2.8813443740867025e-05 460
1777481441438 2.8754992693619095e-05 480
1777481451305 2.8696541646371165e-05 500
1777481461085 2.8638090599123235e-05 520
1777481470804 2.8579639551875308e-05 540
1777481480719 2.8521188504627374e-05 560
1777481490494 2.8462737457379447e-05 580
1777481500312 2.8404286410131513e-05 600
1777481510024 2.8345835362883587e-05 620
