1777481220378 2.1965 20
1777481229719 2.196 40
1777481239093 2.1884 60
1777481248610 2.2073 80
1777481258035 2.1936 100
1777481267441 2.177 120
1777481276954 2.2009 140
1777481286449 2.1979 160
1777481296038 2.1916 180
1777481305611 2.1885 200
1777481315237 2.1718 220
1777481324873 2.1951 240
1777481334500 2.2008 260
1777481344189 2.1771 280
1777481353877 2.21 300
1777481363543 2.1809 320
1777481373224 2.1947 340
1777481382887 2.1903 360
1777481392553 2.1842 380
1777481402264 2.19 400
1777481412098 2.1895 420
1777481421848 2.1937 440
1777481431684 2.1895 460
1777481441438 2.1964 480
1777481451305 2.1826 500
1777481461085 2.1882 520
1777481470804 2.1924 540
1777481480719 2.1859 560
1777481490494 2.1792 580
1777481500312 2.19 600
1777481510024 2.1987 620
