1778759657962 0.6450141668319702 20
1778759658210 1.068423867225647 40
1778759658460 0.7077280879020691 60
1778759658710 0.9565727114677429 80
1778759658961 0.793436586856842 100
1778759659212 0.6569758653640747 120
1778759659463 0.8027968406677246 140
1778759659714 0.5216880440711975 160
1778759659965 0.9466758370399475 180
1778759660216 0.585911214351654 200
1778759660467 0.48697808384895325 220
1778759660717 0.5773684978485107 240
1778759668376 0.4634508788585663 260
1778759668630 0.6590372920036316 280
1778759668880 0.7332184314727783 300
1778759669130 0.4670880436897278 320
1778759669380 0.6514688730239868 340
1778759669631 0.45379382371902466 360
1778759669883 0.6100794076919556 380
1778759670134 0.4729507565498352 400
1778759670384 0.4839211106300354 420
1778759670634 0.456156462430954 440
1778759670884 0.5533662438392639 460
1778759671135 0.6066823601722717 480
1778759671385 0.6204752326011658 500
1778759679002 0.7965560555458069 520
1778759679255 0.45655593276023865 540
1778759679505 0.557144284248352 560
1778759679757 0.5832501649856567 580
1778759680008 0.46084338426589966 600
1778759680258 0.5507683753967285 620
1778759680509 0.7192768454551697 640
1778759680759 0.5371635556221008 660
1778759681007 0.4446161389350891 680
1778759681255 0.5085368752479553 700
1778759681503 0.4788602888584137 720
1778759681751 0.43652841448783875 740
1778759689458 0.38901716470718384 760
1778759689714 0.398873507976532 780
1778759689964 0.6036043763160706 800
1778759690215 0.5477258563041687 820
1778759690466 0.4417102038860321 840
1778759690716 0.3979550898075104 860
1778759690967 0.5109553337097168 880
1778759691217 0.4661521315574646 900
1778759691468 0.4109790623188019 920
1778759691719 0.4066673219203949 940
1778759691969 0.4251413941383362 960
1778759692219 0.7030628323554993 980
1778759692469 0.47684532403945923 1000
1778759700155 0.36948361992836 1020
1778759700403 0.46818533539772034 1040
1778759700653 0.4199596643447876 1060
1778759700902 0.6512110829353333 1080
1778759701150 0.6089808344841003 1100
1778759701399 0.39206957817077637 1120
1778759701647 0.6490647792816162 1140
1778759701896 0.6507410407066345 1160
1778759702145 0.5153165459632874 1180
1778759702395 0.40360012650489807 1200
1778759702645 0.4100661277770996 1220
1778759702895 0.7842615246772766 1240
1778759710568 0.47360438108444214 1260
1778759710820 0.4019477665424347 1280
1778759711069 0.6150348782539368 1300
1778759711317 0.45629119873046875 1320
1778759711569 0.4968714714050293 1340
1778759711819 0.5715962052345276 1360
1778759712071 0.45607271790504456 1380
1778759712322 0.38460806012153625 1400
1778759712573 0.44278043508529663 1420
1778759712824 0.429219514131546 1440
1778759713074 0.4892919957637787 1460
1778759713324 0.4212861657142639 1480
1778759713574 0.45181867480278015 1500
1778759721251 0.3967895805835724 1520
1778759721499 0.4644702970981598 1540
1778759721748 0.5621519684791565 1560
1778759721996 0.5262344479560852 1580
1778759722244 0.4837688207626343 1600
1778759722493 0.5060232281684875 1620
1778759722742 0.39625084400177 1640
1778759722990 0.487839013338089 1660
1778759723239 0.5198520421981812 1680
1778759723488 0.5883992910385132 1700
1778759723737 0.5785406231880188 1720
1778759723986 0.4218083620071411 1740
1778759731655 0.6189395189285278 1760
1778759731913 0.5970204472541809 1780
1778759732163 0.5075284242630005 1800
1778759732413 0.47328490018844604 1820
1778759732663 0.711482048034668 1840
1778759732913 0.43581825494766235 1860
1778759733163 0.5999419093132019 1880
1778759733413 0.48590564727783203 1900
1778759733662 0.5904827117919922 1920
1778759733910 0.4433020353317261 1940
1778759734158 0.4699637293815613 1960
1778759734406 0.4895761013031006 1980
1778759734654 0.6485854387283325 2000
1778759742324 0.39983853697776794 2020
1778759742574 0.4036810100078583 2040
1778759742822 0.40876489877700806 2060
1778759743073 0.5231468677520752 2080
1778759743323 0.44624853134155273 2100
1778759743574 0.4153449833393097 2120
1778759743823 0.4145756959915161 2140
1778759744074 0.4183756113052368 2160
1778759744323 0.43767914175987244 2180
1778759744571 0.3650367856025696 2200
1778759744819 0.4026241600513458 2220
1778759745067 0.42999306321144104 2240
1778759752728 0.4522629976272583 2260
1778759752981 0.42961081862449646 2280
1778759753229 0.9112734794616699 2300
1778759753479 0.37183481454849243 2320
1778759753728 0.3941599130630493 2340
1778759753978 0.45490214228630066 2360
1778759754227 0.38804998993873596 2380
1778759754477 0.5758565068244934 2400
1778759754728 0.4040108323097229 2420
1778759754978 0.6519965529441833 2440
1778759755228 0.42921316623687744 2460
1778759755479 0.4883800446987152 2480
1778759755728 0.5689023733139038 2500
1778759763400 0.4268330931663513 2520
1778759763651 0.6352741718292236 2540
1778759763901 0.4237656891345978 2560
1778759764151 0.49924346804618835 2580
1778759764401 0.6510645747184753 2600
1778759764651 0.47460657358169556 2620
1778759764901 0.677977979183197 2640
1778759765150 0.4000619351863861 2660
1778759765400 0.4099804759025574 2680
1778759765651 0.4801773428916931 2700
1778759765901 0.42710331082344055 2720
1778759766150 0.34646350145339966 2740
1778759773806 0.5557857751846313 2760
1778759774057 0.6432182192802429 2780
1778759774307 0.39809471368789673 2800
1778759774556 0.5993252396583557 2820
1778759774807 0.5644969940185547 2840
1778759775059 0.5330520868301392 2860
1778759775309 0.4505869746208191 2880
1778759775558 0.4467419683933258 2900
1778759775808 0.3929217457771301 2920
1778759776058 0.5439222455024719 2940
1778759776308 0.4037853181362152 2960
1778759776561 0.7473907470703125 2980
1778759776812 0.5735673904418945 3000
1778759784497 0.37605080008506775 3020
1778759784747 0.512322187423706 3040
1778759784996 0.3671310544013977 3060
1778759785244 0.45369860529899597 3080
1778759785490 0.3719298243522644 3100
1778759785738 0.5473880171775818 3120
1778759785986 0.42863398790359497 3140
1778759786234 0.40261828899383545 3160
1778759786482 0.6214518547058105 3180
1778759786729 0.45965397357940674 3200
1778759786978 0.47275596857070923 3220
1778759787226 0.525837779045105 3240
1778759794891 0.5448076725006104 3260
1778759795146 0.43751198053359985 3280
1778759795396 0.6364471912384033 3300
1778759795646 0.4816816449165344 3320
1778759795895 0.4596291780471802 3340
1778759796144 0.7557159066200256 3360
1778759796394 0.4450637102127075 3380
1778759796644 0.5476325154304504 3400
1778759796893 0.5871690511703491 3420
1778759797147 0.4880502223968506 3440
1778759797398 0.43686240911483765 3460
1778759797648 0.4915355145931244 3480
1778759797898 0.8158767819404602 3500
1778759805570 0.45145657658576965 3520
1778759805824 0.5814728140830994 3540
1778759806074 0.5365527272224426 3560
1778759806323 0.5535070300102234 3580
1778759806573 0.48412081599235535 3600
1778759806822 0.4357314705848694 3620
1778759807072 0.40961626172065735 3640
1778759807322 0.5148354172706604 3660
1778759807571 0.5570907592773438 3680
1778759807821 0.4009338617324829 3700
1778759808072 0.4103710949420929 3720
1778759808321 0.4143684208393097 3740
1778759815991 0.4783294200897217 3760
1778759816242 0.5005335807800293 3780
1778759816491 0.44598424434661865 3800
1778759816740 0.3477192521095276 3820
1778759816988 0.6040262579917908 3840
1778759817238 0.5629695057868958 3860
1778759817488 0.3801805377006531 3880
1778759817738 0.5322122573852539 3900
1778759817991 0.7325374484062195 3920
1778759818241 0.5545831918716431 3940
1778759818490 0.49017998576164246 3960
1778759818740 0.542751669883728 3980
1778759818990 0.583949089050293 4000
1778759826652 0.5383756160736084 4020
1778759826900 0.49424096941947937 4040
1778759827148 0.3922613561153412 4060
1778759827398 0.4537140727043152 4080
1778759827647 0.44741618633270264 4100
1778759827895 0.4581433832645416 4120
1778759828145 0.4250028431415558 4140
1778759828394 0.679786741733551 4160
1778759828644 0.4434022307395935 4180
1778759828893 0.37164247035980225 4200
1778759829142 0.4145539402961731 4220
1778759829390 0.3773549497127533 4240
1778759837054 0.4243878126144409 4260
1778759837311 0.54219651222229 4280
1778759837561 0.4234403371810913 4300
1778759837811 0.5040302872657776 4320
1778759838061 0.3912906348705292 4340
1778759838311 0.6242462992668152 4360
1778759838561 0.5369223356246948 4380
1778759838812 0.43567925691604614 4400
1778759839061 0.6265295147895813 4420
1778759839311 0.5184579491615295 4440
1778759839561 0.4307818114757538 4460
1778759839811 0.37604820728302 4480
1778759840060 0.34161892533302307 4500
1778759847741 0.38791847229003906 4520
1778759847994 0.4156734049320221 4540
1778759848244 0.5512202978134155 4560
1778759848493 0.47894659638404846 4580
1778759848743 0.5546925067901611 4600
1778759848991 0.37854528427124023 4620
1778759849239 0.3656052052974701 4640
1778759849487 0.4819148778915405 4660
1778759849734 0.5040854811668396 4680
1778759849982 0.43375229835510254 4700
1778759850230 0.543944239616394 4720
1778759850478 0.46564629673957825 4740
1778759858139 0.37466466426849365 4760
1778759858391 0.3979547917842865 4780
1778759858641 0.4754568040370941 4800
1778759858892 0.5307074785232544 4820
1778759859142 0.55272376537323 4840
1778759859392 0.48837676644325256 4860
1778759859642 0.6037182211875916 4880
1778759859892 0.6121276617050171 4900
1778759860141 0.44120338559150696 4920
1778759860392 0.4303865432739258 4940
1778759860641 0.5487434267997742 4960
1778759860889 0.545545756816864 4980
1778759861137 0.6185529828071594 5000
1778759868805 0.4684901535511017 5020
1778759869056 0.42541247606277466 5040
1778759869305 0.4997673034667969 5060
1778759869555 0.42796942591667175 5080
1778759869805 0.4641924500465393 5100
1778759870054 0.4877430200576782 5120
