1778759657962 1.1400000000000001e-05 20
1778759658210 2.3400000000000003e-05 40
1778759658460 2.994690265486726e-05 60
1778759658710 2.9828908554572274e-05 80
1778759658961 2.9710914454277287e-05 100
1778759659212 2.9592920353982303e-05 120
1778759659463 2.9474926253687315e-05 140
1778759659714 2.9356932153392328e-05 160
1778759659965 2.9238938053097347e-05 180
1778759660216 2.912094395280236e-05 200
1778759660467 2.9002949852507376e-05 220
1778759660717 2.888495575221239e-05 240
1778759668376 2.8766961651917404e-05 260
1778759668630 2.8648967551622417e-05 280
1778759668880 2.8530973451327436e-05 300
1778759669130 2.841297935103245e-05 320
1778759669380 2.8294985250737465e-05 340
1778759669631 2.8176991150442477e-05 360
1778759669883 2.8058997050147493e-05 380
1778759670134 2.7941002949852506e-05 400
1778759670384 2.7823008849557525e-05 420
1778759670634 2.7705014749262538e-05 440
1778759670884 2.7587020648967554e-05 460
1778759671135 2.7469026548672566e-05 480
1778759671385 2.7351032448377582e-05 500
1778759679002 2.7233038348082595e-05 520
1778759679255 2.7115044247787614e-05 540
1778759679505 2.6997050147492627e-05 560
1778759679757 2.6879056047197643e-05 580
1778759680008 2.6761061946902655e-05 600
1778759680258 2.6643067846607668e-05 620
1778759680509 2.6525073746312684e-05 640
1778759680759 2.64070796460177e-05 660
1778759681007 2.6289085545722716e-05 680
1778759681255 2.6171091445427728e-05 700
1778759681503 2.6053097345132744e-05 720
1778759681751 2.5935103244837757e-05 740
1778759689458 2.5817109144542773e-05 760
1778759689714 2.569911504424779e-05 780
1778759689964 2.5581120943952805e-05 800
1778759690215 2.5463126843657817e-05 820
1778759690466 2.5345132743362833e-05 840
1778759690716 2.5227138643067846e-05 860
1778759690967 2.510914454277286e-05 880
1778759691217 2.4991150442477877e-05 900
1778759691468 2.4873156342182893e-05 920
1778759691719 2.4755162241887906e-05 940
1778759691969 2.4637168141592922e-05 960
1778759692219 2.4519174041297934e-05 980
1778759692469 2.440117994100295e-05 1000
1778759700155 2.4283185840707966e-05 1020
1778759700403 2.4165191740412982e-05 1040
1778759700653 2.4047197640117995e-05 1060
1778759700902 2.3929203539823007e-05 1080
1778759701150 2.3811209439528023e-05 1100
1778759701399 2.3693215339233036e-05 1120
1778759701647 2.3575221238938055e-05 1140
1778759701896 2.3457227138643068e-05 1160
1778759702145 2.3339233038348084e-05 1180
1778759702395 2.3221238938053096e-05 1200
1778759702645 2.3103244837758112e-05 1220
1778759702895 2.2985250737463125e-05 1240
1778759710568 2.2867256637168144e-05 1260
1778759710820 2.2749262536873157e-05 1280
1778759711069 2.2631268436578173e-05 1300
1778759711317 2.2513274336283185e-05 1320
1778759711569 2.23952802359882e-05 1340
1778759711819 2.2277286135693214e-05 1360
1778759712071 2.2159292035398233e-05 1380
1778759712322 2.2041297935103246e-05 1400
1778759712573 2.192330383480826e-05 1420
1778759712824 2.1805309734513274e-05 1440
1778759713074 2.168731563421829e-05 1460
1778759713324 2.1569321533923303e-05 1480
1778759713574 2.1451327433628322e-05 1500
1778759721251 2.1333333333333335e-05 1520
1778759721499 2.1215339233038347e-05 1540
1778759721748 2.1097345132743363e-05 1560
1778759721996 2.0979351032448376e-05 1580
1778759722244 2.086135693215339e-05 1600
1778759722493 2.0743362831858408e-05 1620
1778759722742 2.0625368731563424e-05 1640
1778759722990 2.0507374631268436e-05 1660
1778759723239 2.0389380530973452e-05 1680
1778759723488 2.0271386430678465e-05 1700
1778759723737 2.015339233038348e-05 1720
1778759723986 2.0035398230088497e-05 1740
1778759731655 1.9917404129793512e-05 1760
1778759731913 1.9799410029498525e-05 1780
1778759732163 1.968141592920354e-05 1800
1778759732413 1.9563421828908554e-05 1820
1778759732663 1.944542772861357e-05 1840
1778759732913 1.9327433628318585e-05 1860
1778759733163 1.92094395280236e-05 1880
1778759733413 1.9091445427728614e-05 1900
1778759733662 1.897345132743363e-05 1920
1778759733910 1.8855457227138642e-05 1940
1778759734158 1.873746312684366e-05 1960
1778759734406 1.8619469026548674e-05 1980
1778759734654 1.850147492625369e-05 2000
1778759742324 1.8383480825958703e-05 2020
1778759742574 1.8265486725663715e-05 2040
1778759742822 1.814749262536873e-05 2060
1778759743073 1.8029498525073744e-05 2080
1778759743323 1.7911504424778763e-05 2100
1778759743574 1.7793510324483776e-05 2120
1778759743823 1.7675516224188792e-05 2140
1778759744074 1.7557522123893804e-05 2160
1778759744323 1.743952802359882e-05 2180
1778759744571 1.7321533923303833e-05 2200
1778759744819 1.7203539823008852e-05 2220
1778759745067 1.7085545722713865e-05 2240
1778759752728 1.696755162241888e-05 2260
1778759752981 1.6849557522123893e-05 2280
1778759753229 1.673156342182891e-05 2300
1778759753479 1.6613569321533922e-05 2320
1778759753728 1.649557522123894e-05 2340
1778759753978 1.6377581120943954e-05 2360
1778759754227 1.625958702064897e-05 2380
1778759754477 1.6141592920353982e-05 2400
1778759754728 1.6023598820058998e-05 2420
1778759754978 1.590560471976401e-05 2440
1778759755228 1.578761061946903e-05 2460
1778759755479 1.5669616519174043e-05 2480
1778759755728 1.5551622418879055e-05 2500
1778759763400 1.543362831858407e-05 2520
1778759763651 1.5315634218289084e-05 2540
1778759763901 1.51976401179941e-05 2560
1778759764151 1.5079646017699117e-05 2580
1778759764401 1.496165191740413e-05 2600
1778759764651 1.4843657817109146e-05 2620
1778759764901 1.472566371681416e-05 2640
1778759765150 1.4607669616519174e-05 2660
1778759765400 1.448967551622419e-05 2680
1778759765651 1.4371681415929204e-05 2700
1778759765901 1.4253687315634219e-05 2720
1778759766150 1.4135693215339233e-05 2740
1778759773806 1.4017699115044247e-05 2760
1778759774057 1.3899705014749261e-05 2780
1778759774307 1.3781710914454277e-05 2800
1778759774556 1.3663716814159292e-05 2820
1778759774807 1.3545722713864306e-05 2840
1778759775059 1.3427728613569322e-05 2860
1778759775309 1.3309734513274336e-05 2880
1778759775558 1.319174041297935e-05 2900
1778759775808 1.3073746312684366e-05 2920
1778759776058 1.295575221238938e-05 2940
1778759776308 1.2837758112094395e-05 2960
1778759776561 1.271976401179941e-05 2980
1778759776812 1.2601769911504425e-05 3000
1778759784497 1.248377581120944e-05 3020
1778759784747 1.2365781710914455e-05 3040
1778759784996 1.224778761061947e-05 3060
1778759785244 1.2129793510324484e-05 3080
1778759785490 1.20117994100295e-05 3100
1778759785738 1.1893805309734514e-05 3120
1778759785986 1.1775811209439528e-05 3140
1778759786234 1.1657817109144544e-05 3160
1778759786482 1.1539823008849558e-05 3180
1778759786729 1.1421828908554573e-05 3200
1778759786978 1.1303834808259587e-05 3220
1778759787226 1.1185840707964601e-05 3240
1778759794891 1.1067846607669615e-05 3260
1778759795146 1.0949852507374631e-05 3280
1778759795396 1.0831858407079646e-05 3300
1778759795646 1.071386430678466e-05 3320
1778759795895 1.0595870206489676e-05 3340
1778759796144 1.047787610619469e-05 3360
1778759796394 1.0359882005899704e-05 3380
1778759796644 1.024188790560472e-05 3400
1778759796893 1.0123893805309735e-05 3420
1778759797147 1.0005899705014749e-05 3440
1778759797398 9.887905604719765e-06 3460
1778759797648 9.769911504424779e-06 3480
1778759797898 9.651917404129793e-06 3500
1778759805570 9.53392330383481e-06 3520
1778759805824 9.415929203539823e-06 3540
1778759806074 9.297935103244838e-06 3560
1778759806323 9.179941002949854e-06 3580
1778759806573 9.061946902654868e-06 3600
1778759806822 8.943952802359882e-06 3620
1778759807072 8.825958702064898e-06 3640
1778759807322 8.707964601769912e-06 3660
1778759807571 8.589970501474925e-06 3680
1778759807821 8.471976401179941e-06 3700
1778759808072 8.353982300884955e-06 3720
1778759808321 8.23598820058997e-06 3740
1778759815991 8.117994100294985e-06 3760
1778759816242 8e-06 3780
1778759816491 7.882005899705014e-06 3800
1778759816740 7.76401179941003e-06 3820
1778759816988 7.646017699115044e-06 3840
1778759817238 7.528023598820058e-06 3860
1778759817488 7.4100294985250735e-06 3880
1778759817738 7.2920353982300886e-06 3900
1778759817991 7.174041297935104e-06 3920
1778759818241 7.056047197640118e-06 3940
1778759818490 6.938053097345133e-06 3960
1778759818740 6.820058997050148e-06 3980
1778759818990 6.702064896755162e-06 4000
1778759826652 6.5840707964601775e-06 4020
1778759826900 6.466076696165192e-06 4040
1778759827148 6.348082595870206e-06 4060
1778759827398 6.230088495575221e-06 4080
1778759827647 6.112094395280236e-06 4100
1778759827895 5.9941002949852504e-06 4120
1778759828145 5.8761061946902655e-06 4140
1778759828394 5.758112094395281e-06 4160
1778759828644 5.640117994100295e-06 4180
1778759828893 5.52212389380531e-06 4200
1778759829142 5.404129793510325e-06 4220
1778759829390 5.286135693215339e-06 4240
1778759837054 5.1681415929203545e-06 4260
1778759837311 5.050147492625369e-06 4280
1778759837561 4.932153392330383e-06 4300
1778759837811 4.814159292035398e-06 4320
1778759838061 4.696165191740413e-06 4340
1778759838311 4.5781710914454274e-06 4360
1778759838561 4.4601769911504425e-06 4380
1778759838812 4.342182890855458e-06 4400
1778759839061 4.224188790560472e-06 4420
1778759839311 4.106194690265487e-06 4440
1778759839561 3.988200589970502e-06 4460
1778759839811 3.870206489675516e-06 4480
1778759840060 3.752212389380531e-06 4500
1778759847741 3.6342182890855457e-06 4520
1778759847994 3.516224188790561e-06 4540
1778759848244 3.398230088495575e-06 4560
1778759848493 3.2802359882005897e-06 4580
1778759848743 3.168141592920354e-06 4600
1778759848991 3.050147492625369e-06 4620
1778759849239 2.9321533923303835e-06 4640
1778759849487 2.814159292035398e-06 4660
1778759849734 2.696165191740413e-06 4680
1778759849982 2.578171091445428e-06 4700
1778759850230 2.4601769911504426e-06 4720
1778759850478 2.3421828908554573e-06 4740
1778759858139 2.224188790560472e-06 4760
1778759858391 2.1061946902654867e-06 4780
1778759858641 1.9882005899705013e-06 4800
1778759858892 1.8702064896755162e-06 4820
1778759859142 1.752212389380531e-06 4840
1778759859392 1.6342182890855458e-06 4860
1778759859642 1.5162241887905605e-06 4880
1778759859892 1.3982300884955752e-06 4900
1778759860141 1.28023598820059e-06 4920
1778759860392 1.1622418879056047e-06 4940
1778759860641 1.0442477876106194e-06 4960
1778759860889 9.262536873156342e-07 4980
1778759861137 8.08259587020649e-07 5000
1778759868805 6.902654867256638e-07 5020
1778759869056 5.722713864306784e-07 5040
1778759869305 4.542772861356932e-07 5060
1778759869555 3.3628318584070794e-07 5080
1778759869805 2.182890855457227e-07 5100
1778759870054 1.0029498525073746e-07 5120
