1778759657962 1.1015 20
1778759658210 1.0948 40
1778759658460 1.0876 60
1778759658710 1.078 80
1778759658961 1.075 100
1778759659212 1.0697 120
1778759659463 1.0634 140
1778759659714 1.0645 160
1778759659965 1.0444 180
1778759660216 1.0337 200
1778759660467 1.0417 220
1778759660717 1.0354 240
1778759668376 1.0449 260
1778759668630 1.0371 280
1778759668880 1.0353 300
1778759669130 1.0431 320
1778759669380 1.0192 340
1778759669631 1.0008 360
1778759669883 1.027 380
1778759670134 1.016 400
1778759670384 1.0312 420
1778759670634 1.0161 440
1778759670884 1.0003 460
1778759671135 1.0164 480
1778759671385 0.9853 500
1778759679002 1.0 520
1778759679255 1.0201 540
1778759679505 1.006 560
1778759679757 0.9942 580
1778759680008 0.9853 600
1778759680258 1.0059 620
1778759680509 1.0032 640
1778759680759 1.0003 660
1778759681007 1.0054 680
1778759681255 0.9876 700
1778759681503 0.9886 720
1778759681751 0.9748 740
1778759689458 1.0073 760
1778759689714 1.0006 780
1778759689964 0.987 800
1778759690215 0.9907 820
1778759690466 1.0009 840
1778759690716 1.0099 860
1778759690967 1.0008 880
1778759691217 0.9913 900
1778759691468 0.998 920
1778759691719 1.0011 940
1778759691969 1.004 960
1778759692219 0.9715 980
1778759692469 1.0058 1000
1778759700155 0.998 1020
1778759700403 1.0037 1040
1778759700653 0.9987 1060
1778759700902 0.9882 1080
1778759701150 0.9671 1100
1778759701399 0.9902 1120
1778759701647 0.9946 1140
1778759701896 0.9796 1160
1778759702145 0.9922 1180
1778759702395 0.9709 1200
1778759702645 0.9926 1220
1778759702895 1.0026 1240
1778759710568 1.0064 1260
1778759710820 0.9731 1280
1778759711069 0.9891 1300
1778759711317 0.9998 1320
1778759711569 1.021 1340
1778759711819 0.9851 1360
1778759712071 0.9897 1380
1778759712322 0.9561 1400
1778759712573 0.9984 1420
1778759712824 0.9919 1440
1778759713074 0.9876 1460
1778759713324 1.0046 1480
1778759713574 1.0101 1500
1778759721251 0.9964 1520
1778759721499 0.9911 1540
1778759721748 0.99 1560
1778759721996 1.0044 1580
1778759722244 0.9847 1600
1778759722493 1.0069 1620
1778759722742 0.987 1640
1778759722990 0.9998 1660
1778759723239 1.0066 1680
1778759723488 0.995 1700
1778759723737 0.9879 1720
1778759723986 0.9689 1740
1778759731655 0.994 1760
1778759731913 1.0068 1780
1778759732163 1.0013 1800
1778759732413 0.9854 1820
1778759732663 1.0 1840
1778759732913 0.9675 1860
1778759733163 0.9999 1880
1778759733413 0.9926 1900
1778759733662 0.9874 1920
1778759733910 0.9994 1940
1778759734158 0.9526 1960
1778759734406 0.9928 1980
1778759734654 0.9602 2000
1778759742324 0.9722 2020
1778759742574 0.9547 2040
1778759742822 0.9965 2060
1778759743073 0.9956 2080
1778759743323 0.9877 2100
1778759743574 0.9841 2120
1778759743823 0.9712 2140
1778759744074 1.0118 2160
1778759744323 0.9805 2180
1778759744571 1.0197 2200
1778759744819 0.9835 2220
1778759745067 0.974 2240
1778759752728 0.9933 2260
1778759752981 0.9844 2280
1778759753229 0.9852 2300
1778759753479 0.9727 2320
1778759753728 0.9733 2340
1778759753978 0.9681 2360
1778759754227 0.9493 2380
1778759754477 0.9825 2400
1778759754728 0.975 2420
1778759754978 0.9689 2440
1778759755228 1.001 2460
1778759755479 0.9827 2480
1778759755728 0.9749 2500
1778759763400 1.0071 2520
1778759763651 0.9845 2540
1778759763901 0.9972 2560
1778759764151 0.977 2580
1778759764401 0.9754 2600
1778759764651 0.9666 2620
1778759764901 0.9877 2640
1778759765150 0.9618 2660
1778759765400 0.9992 2680
1778759765651 0.9954 2700
1778759765901 0.9866 2720
1778759766150 0.9852 2740
1778759773806 0.9836 2760
1778759774057 0.9602 2780
1778759774307 0.9691 2800
1778759774556 0.9821 2820
1778759774807 0.9921 2840
1778759775059 0.9823 2860
1778759775309 0.9814 2880
1778759775558 0.973 2900
1778759775808 0.9625 2920
1778759776058 0.9926 2940
1778759776308 0.9917 2960
1778759776561 0.9852 2980
1778759776812 0.9983 3000
1778759784497 0.9706 3020
1778759784747 0.9734 3040
1778759784996 0.9831 3060
1778759785244 0.9525 3080
1778759785490 1.0037 3100
1778759785738 0.9395 3120
1778759785986 1.0213 3140
1778759786234 1.0108 3160
1778759786482 0.9891 3180
1778759786729 0.9717 3200
1778759786978 0.985 3220
1778759787226 0.9812 3240
1778759794891 0.9404 3260
1778759795146 0.9824 3280
1778759795396 1.0015 3300
1778759795646 0.9928 3320
1778759795895 0.996 3340
1778759796144 0.9863 3360
1778759796394 1.018 3380
1778759796644 0.9754 3400
1778759796893 1.0119 3420
1778759797147 0.9591 3440
1778759797398 0.9992 3460
1778759797648 0.9911 3480
1778759797898 0.9951 3500
1778759805570 0.9816 3520
1778759805824 0.9665 3540
1778759806074 0.9768 3560
1778759806323 0.9791 3580
1778759806573 0.9674 3600
1778759806822 0.9388 3620
1778759807072 0.9696 3640
1778759807322 0.9674 3660
1778759807571 0.9883 3680
1778759807821 0.9939 3700
1778759808072 0.9715 3720
1778759808321 0.98 3740
1778759815991 0.9775 3760
1778759816242 0.9666 3780
1778759816491 0.9594 3800
1778759816740 0.9646 3820
1778759816988 1.0079 3840
1778759817238 0.9735 3860
1778759817488 0.9976 3880
1778759817738 0.9727 3900
1778759817991 0.9918 3920
1778759818241 0.9516 3940
1778759818490 0.9546 3960
1778759818740 0.9613 3980
1778759818990 0.9892 4000
1778759826652 0.9665 4020
1778759826900 0.9553 4040
1778759827148 0.9842 4060
1778759827398 0.9933 4080
1778759827647 0.9621 4100
1778759827895 0.9898 4120
1778759828145 0.9659 4140
1778759828394 0.9935 4160
1778759828644 0.9725 4180
1778759828893 0.9577 4200
1778759829142 0.9736 4220
1778759829390 0.969 4240
1778759837054 1.0005 4260
1778759837311 0.9833 4280
1778759837561 0.9683 4300
1778759837811 0.9699 4320
1778759838061 0.9664 4340
1778759838311 0.9356 4360
1778759838561 0.966 4380
1778759838812 0.967 4400
1778759839061 0.974 4420
1778759839311 0.9693 4440
1778759839561 0.9637 4460
1778759839811 1.0027 4480
1778759840060 0.9744 4500
1778759847741 0.9574 4520
1778759847994 0.9981 4540
1778759848244 0.9812 4560
1778759848493 0.9975 4580
1778759848743 0.967 4600
1778759848991 0.9619 4620
1778759849239 0.9907 4640
1778759849487 0.9799 4660
1778759849734 1.0088 4680
1778759849982 0.985 4700
1778759850230 0.9904 4720
1778759850478 0.9659 4740
1778759858139 0.936 4760
1778759858391 0.9663 4780
1778759858641 0.9601 4800
1778759858892 0.9811 4820
1778759859142 0.9324 4840
1778759859392 0.9851 4860
1778759859642 1.0017 4880
1778759859892 0.9811 4900
1778759860141 0.9976 4920
1778759860392 0.9727 4940
1778759860641 0.9926 4960
1778759860889 1.0265 4980
1778759861137 0.9875 5000
1778759868805 1.0117 5020
1778759869056 0.9861 5040
1778759869305 0.9857 5060
1778759869555 0.9469 5080
1778759869805 0.9882 5100
1778759870054 0.9688 5120
