1778761038352 0.1092896174863388 20
1778761038676 0.2185792349726776 40
1778761039000 0.32786885245901637 60
1778761039325 0.4371584699453552 80
1778761039649 0.546448087431694 100
1778761039973 0.6557377049180327 120
1778761040298 0.7650273224043715 140
1778761040623 0.8743169398907104 160
1778761040948 0.9836065573770492 180
1778761041274 1.092896174863388 200
1778761041599 1.2021857923497268 220
1778761041924 1.3114754098360657 240
1778761042401 1.366120218579235 250
1778761044577 1.4207650273224044 260
1778761044905 1.530054644808743 280
1778761045230 1.639344262295082 300
1778761045555 1.748633879781421 320
1778761045879 1.8579234972677594 340
1778761046205 1.9672131147540983 360
1778761046529 2.0765027322404372 380
1778761046854 2.185792349726776 400
1778761047179 2.2950819672131146 420
1778761047503 2.4043715846994536 440
1778761047827 2.5136612021857925 460
1778761048152 2.6229508196721314 480
1778761048475 2.73224043715847 500
1778761048796 2.73224043715847 500
1778761051457 2.841530054644809 520
1778761051783 2.9508196721311473 540
1778761052107 3.060109289617486 560
1778761052434 3.169398907103825 580
1778761052758 3.278688524590164 600
1778761053084 3.387978142076503 620
1778761053409 3.4972677595628414 640
1778761053733 3.6065573770491803 660
1778761054058 3.7158469945355193 680
1778761054382 3.8251366120218577 700
1778761054706 3.9344262295081966 720
1778761055030 4.043715846994536 740
1778761055504 4.098360655737705 750
1778761057923 4.1530054644808745 760
1778761058253 4.262295081967213 780
1778761058577 4.371584699453552 800
1778761058902 4.48087431693989 820
1778761059225 4.590163934426229 840
1778761059550 4.699453551912568 860
1778761059874 4.808743169398907 880
1778761060199 4.918032786885246 900
1778761060522 5.027322404371585 920
1778761060846 5.136612021857924 940
1778761061170 5.245901639344262 960
1778761061495 5.355191256830601 980
1778761061819 5.46448087431694 1000
1778761062131 5.46448087431694 1000
1778761064540 5.573770491803279 1020
1778761064865 5.683060109289618 1040
1778761065191 5.7923497267759565 1060
1778761065515 5.901639344262295 1080
1778761065839 6.0109289617486334 1100
1778761066163 6.120218579234972 1120
1778761066488 6.229508196721311 1140
1778761066812 6.33879781420765 1160
1778761067135 6.448087431693989 1180
1778761067460 6.557377049180328 1200
1778761067785 6.666666666666667 1220
1778761068109 6.775956284153006 1240
1778761068582 6.830601092896175 1250
1778761071071 6.885245901639344 1260
1778761071395 6.994535519125683 1280
1778761071718 7.103825136612022 1300
1778761072042 7.213114754098361 1320
1778761072366 7.3224043715847 1340
1778761072691 7.4316939890710385 1360
1778761073015 7.540983606557377 1380
1778761073340 7.6502732240437155 1400
1778761073665 7.759562841530054 1420
1778761073989 7.868852459016393 1440
1778761074314 7.978142076502732 1460
1778761074637 8.087431693989071 1480
1778761074962 8.19672131147541 1500
1778761075273 8.19672131147541 1500
1778761077938 8.306010928961749 1520
1778761078262 8.415300546448087 1540
1778761078587 8.524590163934427 1560
1778761078911 8.633879781420765 1580
1778761079235 8.743169398907105 1600
1778761079560 8.852459016393443 1620
1778761079884 8.96174863387978 1640
1778761080208 9.07103825136612 1660
1778761080533 9.180327868852459 1680
1778761080858 9.289617486338798 1700
1778761081182 9.398907103825136 1720
1778761081506 9.508196721311476 1740
1778761081979 9.562841530054644 1750
1778761084471 9.617486338797814 1760
1778761084796 9.726775956284152 1780
1778761085122 9.836065573770492 1800
1778761085446 9.94535519125683 1820
1778761088329 10.0 1830
1778761088895 10.0 1830
1778761089280 10.0 1830
1778761091732 10.0 0
