1778902184441 0.021953896816684963 20
1778902186161 0.043907793633369926 40
1778902187881 0.06586169045005488 60
1778902189600 0.08781558726673985 80
1778902191320 0.10976948408342481 100
1778902193042 0.13172338090010977 120
1778902194764 0.15367727771679474 140
1778902196486 0.1756311745334797 160
1778902198209 0.19758507135016465 180
1778902199932 0.21953896816684962 200
1778902201654 0.2414928649835346 220
1778902203377 0.26344676180021953 240
1778902213900 0.27442371020856204 250
1778902216358 0.2854006586169045 260
1778902218080 0.30735455543358947 280
1778902219804 0.32930845225027444 300
1778902221527 0.3512623490669594 320
1778902223249 0.3732162458836443 340
1778902224975 0.3951701427003293 360
1778902226698 0.41712403951701427 380
1778902228420 0.43907793633369924 400
1778902230143 0.4610318331503842 420
1778902231866 0.4829857299670692 440
1778902233589 0.5049396267837541 460
1778902235311 0.5268935236004391 480
1778902237034 0.5488474204171241 500
1778902246699 0.5488474204171241 500
1778902250029 0.570801317233809 520
1778902251751 0.5927552140504939 540
1778902253473 0.6147091108671789 560
1778902255195 0.6366630076838639 580
1778902256921 0.6586169045005489 600
1778902258643 0.6805708013172338 620
1778902260365 0.7025246981339188 640
1778902262091 0.7244785949506037 660
1778902263813 0.7464324917672887 680
1778902265535 0.7683863885839737 700
1778902267257 0.7903402854006586 720
1778902268979 0.8122941822173436 740
1778902279502 0.823271130625686 750
1778902281725 0.8342480790340285 760
1778902283447 0.8562019758507134 780
1778902285169 0.8781558726673985 800
1778902286891 0.9001097694840834 820
1778902288613 0.9220636663007684 840
1778902290336 0.9440175631174533 860
1778902292058 0.9659714599341384 880
1778902293780 0.9879253567508233 900
1778902295471 1.0098792535675083 920
1778902297193 1.031833150384193 940
1778902298918 1.0537870472008781 960
1778902300641 1.0757409440175631 980
1778902302363 1.0976948408342482 1000
1778902312027 1.0976948408342482 1000
1778902315347 1.119648737650933 1020
1778902317069 1.141602634467618 1040
1778902318791 1.163556531284303 1060
1778902320513 1.1855104281009878 1080
1778902322234 1.2074643249176729 1100
1778902323957 1.2294182217343579 1120
1778902325678 1.2513721185510427 1140
1778902327400 1.2733260153677277 1160
1778902329122 1.2952799121844127 1180
1778902330844 1.3172338090010978 1200
1778902332566 1.3391877058177828 1220
1778902334288 1.3611416026344676 1240
1778902344814 1.37211855104281 1250
1778902347264 1.3830954994511526 1260
1778902348986 1.4050493962678376 1280
1778902350708 1.4270032930845225 1300
1778902352430 1.4489571899012075 1320
1778902354153 1.4709110867178925 1340
1778902355876 1.4928649835345773 1360
1778902357598 1.5148188803512623 1380
1778902359320 1.5367727771679474 1400
1778902361042 1.5587266739846322 1420
1778902362764 1.5806805708013172 1440
1778902364486 1.6026344676180022 1460
1778902366208 1.624588364434687 1480
1778902367930 1.6465422612513723 1500
1778902377596 1.6465422612513723 1500
1778902380910 1.668496158068057 1520
1778902382632 1.690450054884742 1540
1778902384354 1.7124039517014271 1560
1778902386077 1.734357848518112 1580
1778902387798 1.756311745334797 1600
1778902389521 1.778265642151482 1620
1778902391242 1.8002195389681668 1640
1778902392965 1.8221734357848518 1660
1778902394686 1.8441273326015368 1680
1778902396409 1.8660812294182216 1700
1778902398132 1.8880351262349067 1720
1778902399853 1.9099890230515917 1740
1778902410377 1.920965971459934 1750
1778902412922 1.9319429198682765 1760
1778902414644 1.9538968166849617 1780
1778902416366 1.9758507135016465 1800
1778902418088 1.9978046103183313 1820
1778902419780 2.0197585071350166 1840
1778902421502 2.0417124039517014 1860
1778902423224 2.063666300768386 1880
1778902424946 2.0856201975850714 1900
1778902426669 2.1075740944017562 1920
1778902428390 2.129527991218441 1940
1778902430113 2.1514818880351263 1960
1778902431834 2.173435784851811 1980
1778902433556 2.1953896816684964 2000
1778902443223 2.1953896816684964 2000
1778902446536 2.217343578485181 2020
1778902448258 2.239297475301866 2040
1778902449980 2.261251372118551 2060
1778902451703 2.283205268935236 2080
1778902453425 2.305159165751921 2100
1778902455147 2.327113062568606 2120
1778902456870 2.349066959385291 2140
1778902458592 2.3710208562019757 2160
1778902460314 2.392974753018661 2180
1778902462036 2.4149286498353457 2200
1778902463758 2.436882546652031 2220
1778902465480 2.4588364434687158 2240
1778902476009 2.469813391877058 2250
1778902478462 2.4807903402854006 2260
1778902480184 2.5027442371020854 2280
1778902481906 2.5246981339187706 2300
1778902483628 2.5466520307354554 2320
1778902485350 2.5686059275521407 2340
1778902487071 2.5905598243688255 2360
1778902488793 2.6125137211855103 2380
1778902490515 2.6344676180021955 2400
1778902492237 2.6564215148188803 2420
1778902493959 2.6783754116355656 2440
1778902495681 2.7003293084522504 2460
1778902497403 2.722283205268935 2480
1778902499124 2.74423710208562 2500
1778902508787 2.74423710208562 2500
1778902512158 2.7661909989023052 2520
1778902513877 2.78814489571899 2540
1778902515597 2.8100987925356753 2560
1778902517320 2.83205268935236 2580
1778902519040 2.854006586169045 2600
1778902520760 2.8759604829857297 2620
1778902522480 2.897914379802415 2640
1778902524200 2.9198682766190998 2660
1778902525920 2.941822173435785 2680
1778902527640 2.96377607025247 2700
1778902529360 2.9857299670691546 2720
1778902531049 3.00768386388584 2740
1778902541552 3.0186608122941823 2750
1778902544001 3.0296377607025247 2760
1778902545720 3.0515916575192095 2780
1778902547440 3.0735455543358947 2800
1778902549159 3.0954994511525795 2820
1778902550879 3.1174533479692643 2840
1778902552600 3.1394072447859496 2860
1778902554320 3.1613611416026344 2880
1778902556040 3.1833150384193196 2900
1778902557760 3.2052689352360044 2920
1778902559483 3.2272228320526892 2940
1778902561206 3.2491767288693745 2960
1778902562928 3.2711306256860593 2980
1778902564650 3.293084522502744 3000
1778902574313 3.293084522502744 3000
1778902577628 3.3150384193194293 3020
1778902579350 3.336992316136114 3040
1778902581072 3.358946212952799 3060
1778902582794 3.380900109769484 3080
1778902584516 3.402854006586169 3100
1778902586238 3.4248079034028542 3120
1778902587961 3.446761800219539 3140
1778902589684 3.468715697036224 3160
1778902591406 3.4906695938529086 3180
1778902593128 3.512623490669594 3200
1778902594850 3.5345773874862787 3220
1778902596576 3.556531284302964 3240
1778902607106 3.5675082327113063 3250
1778902609547 3.5784851811196488 3260
1778902611266 3.6004390779363336 3280
1778902612987 3.622392974753019 3300
1778902614709 3.6443468715697036 3320
1778902616431 3.666300768386389 3340
1778902618154 3.6882546652030737 3360
1778902619876 3.7102085620197585 3380
1778902621599 3.7321624588364433 3400
1778902623321 3.7541163556531285 3420
1778902625043 3.7760702524698133 3440
1778902626765 3.7980241492864986 3460
1778902628487 3.8199780461031834 3480
1778902630209 3.841931942919868 3500
1778902639875 3.841931942919868 3500
1778902643191 3.863885839736553 3520
1778902644913 3.885839736553238 3540
1778902646635 3.907793633369923 3560
1778902648357 3.9297475301866083 3580
1778902650079 3.951701427003293 3600
1778902651801 3.973655323819978 3620
1778902653523 3.995609220636663 3640
1778902655214 4.017563117453348 3660
1778902656936 4.039517014270033 3680
1778902658658 4.061470911086718 3700
1778902660381 4.083424807903403 3720
1778902662103 4.105378704720088 3740
1778902672628 4.11635565312843 3750
1778902675113 4.127332601536772 3760
1778902676834 4.149286498353458 3780
1778902678556 4.171240395170143 3800
1778902680278 4.193194291986828 3820
1778902682000 4.2151481888035125 3840
1778902683722 4.237102085620197 3860
1778902685444 4.259055982436882 3880
1778902687167 4.281009879253568 3900
1778902688889 4.302963776070253 3920
1778902690611 4.324917672886937 3940
1778902692333 4.346871569703622 3960
1778902694055 4.368825466520307 3980
1778902695777 4.390779363336993 4000
1778902705443 4.390779363336993 4000
1778902708786 4.4127332601536775 4020
1778902710506 4.434687156970362 4040
1778902712229 4.456641053787047 4060
1778902713951 4.478594950603732 4080
1778902715673 4.500548847420417 4100
1778902717395 4.522502744237102 4120
1778902719117 4.544456641053787 4140
1778902720839 4.566410537870472 4160
1778902722562 4.588364434687157 4180
1778902724284 4.610318331503842 4200
1778902726006 4.632272228320527 4220
1778902727728 4.654226125137212 4240
1778902738257 4.6652030735455545 4250
1778902740709 4.676180021953897 4260
1778902742432 4.698133918770582 4280
1778902744153 4.7200878155872665 4300
1778902745876 4.742041712403951 4320
1778902747598 4.763995609220637 4340
1778902749320 4.785949506037322 4360
1778902751043 4.807903402854007 4380
1778902752765 4.829857299670691 4400
1778902754487 4.851811196487376 4420
1778902756209 4.873765093304062 4440
1778902757932 4.895718990120747 4460
1778902759655 4.9176728869374315 4480
1778902761377 4.939626783754116 4500
1778902771046 4.939626783754116 4500
1778902774361 4.961580680570801 4520
1778902776083 4.983534577387486 4540
1778902787005 5.0 4555
1778902788647 5.0 4555
1778902799147 5.0 4555
1778902802140 5.0 4555
1778902807249 5.0 0
