1778902184441 0.19469863176345825 20
1778902186161 0.12723408639431 40
1778902187881 0.11266564577817917 60
1778902189600 0.15577079355716705 80
1778902191320 0.1141568198800087 100
1778902193042 0.21423330903053284 120
1778902194764 0.28264790773391724 140
1778902196486 0.337961882352829 160
1778902198209 0.24699267745018005 180
1778902199932 0.09862940013408661 200
1778902201654 0.05973760411143303 220
1778902203377 0.1870746612548828 240
1778902216358 0.11139219254255295 260
1778902218080 0.05039159953594208 280
1778902219804 0.1906767040491104 300
1778902221527 0.10878228396177292 320
1778902223249 0.29712003469467163 340
1778902224975 0.14564664661884308 360
1778902226698 0.03831392899155617 380
1778902228420 0.1408109962940216 400
1778902230143 0.10552210360765457 420
1778902231866 0.1421276181936264 440
1778902233589 0.199973002076149 460
1778902235311 0.3727944791316986 480
1778902237034 0.16139891743659973 500
1778902250029 0.14924636483192444 520
1778902251751 0.18618954718112946 540
1778902253473 0.06300218403339386 560
1778902255195 0.12338411808013916 580
1778902256921 0.050600435584783554 600
1778902258643 0.38210371136665344 620
1778902260365 0.0687342956662178 640
1778902262091 0.15927565097808838 660
1778902263813 0.06638829410076141 680
1778902265535 0.04390733316540718 700
1778902267257 0.13692864775657654 720
1778902268979 0.2617321312427521 740
1778902281725 0.24472275376319885 760
1778902283447 0.06782087683677673 780
1778902285169 0.09852851927280426 800
1778902286891 0.2429099678993225 820
1778902288613 0.15459869801998138 840
1778902290336 0.16126231849193573 860
1778902292058 0.2319941371679306 880
1778902293780 0.1399817317724228 900
1778902295471 0.11179766803979874 920
1778902297193 0.0580182820558548 940
1778902298918 0.10739610344171524 960
1778902300641 0.0929003357887268 980
1778902302363 0.06160100921988487 1000
1778902315347 0.038460202515125275 1020
1778902317069 0.11062062531709671 1040
1778902318791 0.18016599118709564 1060
1778902320513 0.09381911903619766 1080
1778902322234 0.03496791422367096 1100
1778902323957 0.06633579730987549 1120
1778902325678 0.14084380865097046 1140
1778902327400 0.0662139356136322 1160
1778902329122 0.16876696050167084 1180
1778902330844 0.14392784237861633 1200
1778902332566 0.1491764932870865 1220
1778902334288 0.13295041024684906 1240
1778902347264 0.09202557802200317 1260
1778902348986 0.04471074417233467 1280
1778902350708 0.16634580492973328 1300
1778902352430 0.2046486735343933 1320
1778902354153 0.20072022080421448 1340
1778902355876 0.09407234936952591 1360
1778902357598 0.18542489409446716 1380
1778902359320 0.042029958218336105 1400
1778902361042 0.14446453750133514 1420
1778902362764 0.3302249610424042 1440
1778902364486 0.06628955155611038 1460
1778902366208 0.1131473258137703 1480
1778902367930 0.06015801429748535 1500
1778902380910 0.3465234041213989 1520
1778902382632 0.07921674847602844 1540
1778902384354 0.0624445378780365 1560
1778902386077 0.13531051576137543 1580
1778902387798 0.08094017207622528 1600
1778902389521 0.04689577966928482 1620
1778902391242 0.06955613195896149 1640
1778902392965 0.04072735831141472 1660
1778902394686 0.08866295963525772 1680
1778902396409 0.12831826508045197 1700
1778902398132 0.08353137224912643 1720
1778902399853 0.08707445114850998 1740
1778902412922 0.23397640883922577 1760
1778902414644 0.24401623010635376 1780
1778902416366 0.11484996229410172 1800
1778902418088 0.26008838415145874 1820
1778902419780 0.07449586689472198 1840
1778902421502 0.07660529762506485 1860
1778902423224 0.06590736657381058 1880
1778902424946 0.21111826598644257 1900
1778902426669 0.19474947452545166 1920
1778902428390 0.12329155951738358 1940
1778902430113 0.11045563966035843 1960
1778902431834 0.13296978175640106 1980
1778902433556 0.10214175283908844 2000
1778902446536 0.1984756588935852 2020
1778902448258 0.18282966315746307 2040
1778902449980 0.0874461680650711 2060
1778902451703 0.2726859450340271 2080
1778902453425 0.08317076414823532 2100
1778902455147 0.14868852496147156 2120
1778902456870 0.19941918551921844 2140
1778902458592 0.046603452414274216 2160
1778902460314 0.042629994451999664 2180
1778902462036 0.056376196444034576 2200
1778902463758 0.16317115724086761 2220
1778902465480 0.07917366921901703 2240
1778902478462 0.18927845358848572 2260
1778902480184 0.13578097522258759 2280
1778902481906 0.05902507156133652 2300
1778902483628 0.04803929477930069 2320
1778902485350 0.06881099939346313 2340
1778902487071 0.10914531350135803 2360
1778902488793 0.20341356098651886 2380
1778902490515 0.06084075942635536 2400
1778902492237 0.05117566138505936 2420
1778902493959 0.09907945245504379 2440
1778902495681 0.06630077958106995 2460
1778902497403 0.307348370552063 2480
1778902499124 0.041198015213012695 2500
1778902512158 0.14755456149578094 2520
1778902513877 0.14991049468517303 2540
1778902515597 0.050430044531822205 2560
1778902517320 0.2008446604013443 2580
1778902519040 0.11637052148580551 2600
1778902520760 0.17651648819446564 2620
1778902522480 0.0659153088927269 2640
1778902524200 0.09749044477939606 2660
1778902525920 0.10290292650461197 2680
1778902527640 0.0781765952706337 2700
1778902529360 0.047023314982652664 2720
1778902531049 0.13043427467346191 2740
1778902544001 0.18151630461215973 2760
1778902545720 0.13016793131828308 2780
1778902547440 0.10508304834365845 2800
1778902549159 0.05465789884328842 2820
1778902550879 0.10179207473993301 2840
1778902552600 0.10768646001815796 2860
1778902554320 0.19165149331092834 2880
1778902556040 0.22767476737499237 2900
1778902557760 0.13294759392738342 2920
1778902559483 0.13061250746250153 2940
1778902561206 0.25048843026161194 2960
1778902562928 0.036373816430568695 2980
1778902564650 0.146340012550354 3000
1778902577628 0.18020454049110413 3020
1778902579350 0.1045491099357605 3040
1778902581072 0.07699563354253769 3060
1778902582794 0.06137329339981079 3080
1778902584516 0.06767120957374573 3100
1778902586238 0.037592366337776184 3120
1778902587961 0.21560078859329224 3140
1778902589684 0.046086765825748444 3160
1778902591406 0.0515083372592926 3180
1778902593128 0.09496590495109558 3200
1778902594850 0.06304387003183365 3220
1778902596576 0.06703513860702515 3240
1778902609547 0.0590437687933445 3260
1778902611266 0.1909390091896057 3280
1778902612987 0.05550140514969826 3300
1778902614709 0.05103588104248047 3320
1778902616431 0.08823367208242416 3340
1778902618154 0.0738990306854248 3360
1778902619876 0.24391229450702667 3380
1778902621599 0.09560346603393555 3400
1778902623321 0.04465574398636818 3420
1778902625043 0.27994823455810547 3440
1778902626765 0.11329806596040726 3460
1778902628487 0.07244112342596054 3480
1778902630209 0.12429662048816681 3500
1778902643191 0.1788904219865799 3520
1778902644913 0.0536886490881443 3540
1778902646635 0.05286369472742081 3560
1778902648357 0.1577972173690796 3580
1778902650079 0.1579548567533493 3600
1778902651801 0.0512445792555809 3620
1778902653523 0.11033740639686584 3640
1778902655214 0.15036854147911072 3660
1778902656936 0.1404273509979248 3680
1778902658658 0.26119670271873474 3700
1778902660381 0.08082199096679688 3720
1778902662103 0.20986148715019226 3740
1778902675113 0.06477361917495728 3760
1778902676834 0.044617850333452225 3780
1778902678556 0.05331708863377571 3800
1778902680278 0.047328703105449677 3820
1778902682000 0.23640049993991852 3840
1778902683722 0.20345434546470642 3860
1778902685444 0.2768542468547821 3880
1778902687167 0.04564042389392853 3900
1778902688889 0.07248258590698242 3920
1778902690611 0.13464798033237457 3940
1778902692333 0.0520760677754879 3960
1778902694055 0.09408785402774811 3980
1778902695777 0.039608459919691086 4000
1778902708786 0.06541865319013596 4020
1778902710506 0.08849531412124634 4040
1778902712229 0.07612276077270508 4060
1778902713951 0.052214380353689194 4080
1778902715673 0.06979392468929291 4100
1778902717395 0.14853982627391815 4120
1778902719117 0.14381267130374908 4140
1778902720839 0.14240550994873047 4160
1778902722562 0.21018095314502716 4180
1778902724284 0.06442772597074509 4200
1778902726006 0.06216244399547577 4220
1778902727728 0.09108205139636993 4240
1778902740709 0.0420948825776577 4260
1778902742432 0.14386960864067078 4280
1778902744153 0.07547511905431747 4300
1778902745876 0.06899012625217438 4320
1778902747598 0.04813147336244583 4340
1778902749320 0.04547089710831642 4360
1778902751043 0.23788554966449738 4380
1778902752765 0.07911334186792374 4400
1778902754487 0.09005420655012131 4420
1778902756209 0.033197496086359024 4440
1778902757932 0.10244355350732803 4460
1778902759655 0.22920562326908112 4480
1778902761377 0.1093384325504303 4500
1778902774361 0.15120653808116913 4520
1778902776083 0.15277263522148132 4540
