1778902184441 3.8e-05 20
1778902186161 7.800000000000001e-05 40
1778902187881 9.980022197558269e-05 60
1778902189600 9.935627081021089e-05 80
1778902191320 9.891231964483907e-05 100
1778902193042 9.846836847946727e-05 120
1778902194764 9.802441731409545e-05 140
1778902196486 9.758046614872365e-05 160
1778902198209 9.713651498335183e-05 180
1778902199932 9.669256381798003e-05 200
1778902201654 9.624861265260821e-05 220
1778902203377 9.580466148723641e-05 240
1778902216358 9.53607103218646e-05 260
1778902218080 9.491675915649278e-05 280
1778902219804 9.447280799112098e-05 300
1778902221527 9.402885682574917e-05 320
1778902223249 9.358490566037736e-05 340
1778902224975 9.314095449500556e-05 360
1778902226698 9.269700332963375e-05 380
1778902228420 9.225305216426194e-05 400
1778902230143 9.180910099889013e-05 420
1778902231866 9.136514983351832e-05 440
1778902233589 9.092119866814651e-05 460
1778902235311 9.04772475027747e-05 480
1778902237034 9.00332963374029e-05 500
1778902250029 8.958934517203108e-05 520
1778902251751 8.914539400665926e-05 540
1778902253473 8.870144284128746e-05 560
1778902255195 8.825749167591564e-05 580
1778902256921 8.781354051054384e-05 600
1778902258643 8.736958934517203e-05 620
1778902260365 8.692563817980022e-05 640
1778902262091 8.648168701442842e-05 660
1778902263813 8.603773584905662e-05 680
1778902265535 8.55937846836848e-05 700
1778902267257 8.5149833518313e-05 720
1778902268979 8.470588235294118e-05 740
1778902281725 8.426193118756938e-05 760
1778902283447 8.381798002219756e-05 780
1778902285169 8.337402885682575e-05 800
1778902286891 8.293007769145394e-05 820
1778902288613 8.248612652608213e-05 840
1778902290336 8.204217536071033e-05 860
1778902292058 8.159822419533851e-05 880
1778902293780 8.115427302996671e-05 900
1778902295471 8.071032186459489e-05 920
1778902297193 8.026637069922309e-05 940
1778902298918 7.982241953385127e-05 960
1778902300641 7.937846836847947e-05 980
1778902302363 7.893451720310767e-05 1000
1778902315347 7.849056603773586e-05 1020
1778902317069 7.804661487236405e-05 1040
1778902318791 7.760266370699223e-05 1060
1778902320513 7.715871254162043e-05 1080
1778902322234 7.671476137624861e-05 1100
1778902323957 7.627081021087681e-05 1120
1778902325678 7.5826859045505e-05 1140
1778902327400 7.538290788013319e-05 1160
1778902329122 7.493895671476137e-05 1180
1778902330844 7.449500554938957e-05 1200
1778902332566 7.405105438401776e-05 1220
1778902334288 7.360710321864595e-05 1240
1778902347264 7.316315205327414e-05 1260
1778902348986 7.271920088790233e-05 1280
1778902350708 7.227524972253052e-05 1300
1778902352430 7.183129855715872e-05 1320
1778902354153 7.138734739178691e-05 1340
1778902355876 7.09433962264151e-05 1360
1778902357598 7.04994450610433e-05 1380
1778902359320 7.005549389567148e-05 1400
1778902361042 6.961154273029968e-05 1420
1778902362764 6.916759156492786e-05 1440
1778902364486 6.872364039955606e-05 1460
1778902366208 6.827968923418424e-05 1480
1778902367930 6.783573806881244e-05 1500
1778902380910 6.739178690344062e-05 1520
1778902382632 6.694783573806882e-05 1540
1778902384354 6.6503884572697e-05 1560
1778902386077 6.605993340732519e-05 1580
1778902387798 6.561598224195338e-05 1600
1778902389521 6.517203107658158e-05 1620
1778902391242 6.472807991120978e-05 1640
1778902392965 6.428412874583796e-05 1660
1778902394686 6.384017758046616e-05 1680
1778902396409 6.339622641509434e-05 1700
1778902398132 6.295227524972254e-05 1720
1778902399853 6.250832408435072e-05 1740
1778902412922 6.206437291897892e-05 1760
1778902414644 6.16204217536071e-05 1780
1778902416366 6.11764705882353e-05 1800
1778902418088 6.0732519422863486e-05 1820
1778902419780 6.028856825749167e-05 1840
1778902421502 5.984461709211987e-05 1860
1778902423224 5.940066592674806e-05 1880
1778902424946 5.8956714761376255e-05 1900
1778902426669 5.851276359600444e-05 1920
1778902428390 5.8068812430632636e-05 1940
1778902430113 5.762486126526082e-05 1960
1778902431834 5.718091009988902e-05 1980
1778902433556 5.67369589345172e-05 2000
1778902446536 5.62930077691454e-05 2020
1778902448258 5.584905660377359e-05 2040
1778902449980 5.5405105438401786e-05 2060
1778902451703 5.496115427302997e-05 2080
1778902453425 5.451720310765817e-05 2100
1778902455147 5.407325194228635e-05 2120
1778902456870 5.3629300776914535e-05 2140
1778902458592 5.318534961154273e-05 2160
1778902460314 5.274139844617092e-05 2180
1778902462036 5.2297447280799113e-05 2200
1778902463758 5.1853496115427304e-05 2220
1778902465480 5.14095449500555e-05 2240
1778902478462 5.0965593784683685e-05 2260
1778902480184 5.052164261931188e-05 2280
1778902481906 5.0077691453940066e-05 2300
1778902483628 4.963374028856826e-05 2320
1778902485350 4.918978912319645e-05 2340
1778902487071 4.8745837957824645e-05 2360
1778902488793 4.8301886792452835e-05 2380
1778902490515 4.7857935627081026e-05 2400
1778902492237 4.7413984461709216e-05 2420
1778902493959 4.697003329633741e-05 2440
1778902495681 4.65260821309656e-05 2460
1778902497403 4.608213096559379e-05 2480
1778902499124 4.563817980022198e-05 2500
1778902512158 4.519422863485017e-05 2520
1778902513877 4.475027746947836e-05 2540
1778902515597 4.430632630410655e-05 2560
1778902517320 4.386237513873474e-05 2580
1778902519040 4.341842397336293e-05 2600
1778902520760 4.297447280799112e-05 2620
1778902522480 4.253052164261931e-05 2640
1778902524200 4.20865704772475e-05 2660
1778902525920 4.16426193118757e-05 2680
1778902527640 4.119866814650389e-05 2700
1778902529360 4.075471698113208e-05 2720
1778902531049 4.031076581576027e-05 2740
1778902544001 3.9866814650388456e-05 2760
1778902545720 3.9422863485016646e-05 2780
1778902547440 3.897891231964484e-05 2800
1778902549159 3.853496115427303e-05 2820
1778902550879 3.8091009988901225e-05 2840
1778902552600 3.7647058823529415e-05 2860
1778902554320 3.7203107658157606e-05 2880
1778902556040 3.6759156492785796e-05 2900
1778902557760 3.631520532741399e-05 2920
1778902559483 3.587125416204218e-05 2940
1778902561206 3.542730299667037e-05 2960
1778902562928 3.498335183129856e-05 2980
1778902564650 3.453940066592675e-05 3000
1778902577628 3.409544950055494e-05 3020
1778902579350 3.365149833518313e-05 3040
1778902581072 3.320754716981132e-05 3060
1778902582794 3.276359600443951e-05 3080
1778902584516 3.23196448390677e-05 3100
1778902586238 3.187569367369589e-05 3120
1778902587961 3.143174250832408e-05 3140
1778902589684 3.098779134295228e-05 3160
1778902591406 3.054384017758047e-05 3180
1778902593128 3.0099889012208658e-05 3200
1778902594850 2.9655937846836852e-05 3220
1778902596576 2.9211986681465043e-05 3240
1778902609547 2.8768035516093233e-05 3260
1778902611266 2.832408435072142e-05 3280
1778902612987 2.788013318534961e-05 3300
1778902614709 2.74361820199778e-05 3320
1778902616431 2.6992230854605992e-05 3340
1778902618154 2.6548279689234186e-05 3360
1778902619876 2.6104328523862376e-05 3380
1778902621599 2.5660377358490567e-05 3400
1778902623321 2.5216426193118758e-05 3420
1778902625043 2.4772475027746948e-05 3440
1778902626765 2.4328523862375142e-05 3460
1778902628487 2.388457269700333e-05 3480
1778902630209 2.344062153163152e-05 3500
1778902643191 2.2996670366259714e-05 3520
1778902644913 2.2552719200887904e-05 3540
1778902646635 2.2108768035516095e-05 3560
1778902648357 2.1664816870144285e-05 3580
1778902650079 2.1220865704772476e-05 3600
1778902651801 2.0776914539400666e-05 3620
1778902653523 2.0332963374028857e-05 3640
1778902655214 1.9889012208657048e-05 3660
1778902656936 1.9445061043285238e-05 3680
1778902658658 1.9001109877913432e-05 3700
1778902660381 1.8557158712541623e-05 3720
1778902662103 1.811320754716981e-05 3740
1778902675113 1.7669256381798004e-05 3760
1778902676834 1.7225305216426194e-05 3780
1778902678556 1.6781354051054385e-05 3800
1778902680278 1.6337402885682575e-05 3820
1778902682000 1.5893451720310766e-05 3840
1778902683722 1.544950055493896e-05 3860
1778902685444 1.5005549389567147e-05 3880
1778902687167 1.456159822419534e-05 3900
1778902688889 1.411764705882353e-05 3920
1778902690611 1.367369589345172e-05 3940
1778902692333 1.3229744728079913e-05 3960
1778902694055 1.2785793562708103e-05 3980
1778902695777 1.2341842397336294e-05 4000
1778902708786 1.1897891231964484e-05 4020
1778902710506 1.1453940066592675e-05 4040
1778902712229 1.1009988901220865e-05 4060
1778902713951 1.0566037735849058e-05 4080
1778902715673 1.0122086570477248e-05 4100
1778902717395 9.678135405105439e-06 4120
1778902719117 9.23418423973363e-06 4140
1778902720839 8.79023307436182e-06 4160
1778902722562 8.34628190899001e-06 4180
1778902724284 7.902330743618203e-06 4200
1778902726006 7.458379578246394e-06 4220
1778902727728 7.014428412874584e-06 4240
1778902740709 6.570477247502775e-06 4260
1778902742432 6.126526082130966e-06 4280
1778902744153 5.682574916759157e-06 4300
1778902745876 5.238623751387348e-06 4320
1778902747598 4.794672586015538e-06 4340
1778902749320 4.35072142064373e-06 4360
1778902751043 3.90677025527192e-06 4380
1778902752765 3.4628190899001116e-06 4400
1778902754487 3.018867924528302e-06 4420
1778902756209 2.574916759156493e-06 4440
1778902757932 2.1309655937846837e-06 4460
1778902759655 1.6870144284128745e-06 4480
1778902761377 1.2430632630410655e-06 4500
1778902774361 7.991120976692565e-07 4520
1778902776083 3.551609322974473e-07 4540
