1778902184441 0.6937507629394531 20
1778902186161 0.6940574645996094 40
1778902187881 0.6929718017578125 60
1778902189600 0.6919097900390625 80
1778902191320 0.6915748596191407 100
1778902193042 0.6902374267578125 120
1778902194764 0.691461181640625 140
1778902196486 0.6885726928710938 160
1778902198209 0.6895675659179688 180
1778902199932 0.6877876281738281 200
1778902201654 0.6877006530761719 220
1778902203377 0.6870826721191406 240
1778902216358 0.6861892700195312 260
1778902218080 0.6842987060546875 280
1778902219804 0.6872901916503906 300
1778902221527 0.684832763671875 320
1778902223249 0.6844772338867188 340
1778902224975 0.6838050842285156 360
1778902226698 0.6847625732421875 380
1778902228420 0.6845382690429688 400
1778902230143 0.682440185546875 420
1778902231866 0.6816177368164062 440
1778902233589 0.6838386535644532 460
1778902235311 0.6794891357421875 480
1778902237034 0.6822250366210938 500
1778902250029 0.6791763305664062 520
1778902251751 0.6819370269775391 540
1778902253473 0.6808113098144531 560
1778902255195 0.6776950836181641 580
1778902256921 0.6817665100097656 600
1778902258643 0.6805667877197266 620
1778902260365 0.6772670745849609 640
1778902262091 0.6782318115234375 660
1778902263813 0.6768650054931641 680
1778902265535 0.6750354766845703 700
1778902267257 0.6765113830566406 720
1778902268979 0.6755367279052734 740
1778902281725 0.6737495422363281 760
1778902283447 0.6762294769287109 780
1778902285169 0.6723850250244141 800
1778902286891 0.6749313354492188 820
1778902288613 0.672665786743164 840
1778902290336 0.676318359375 860
1778902292058 0.6732452392578125 880
1778902293780 0.6731338500976562 900
1778902295471 0.6718446254730225 920
1778902297193 0.6729251861572265 940
1778902298918 0.6770030975341796 960
1778902300641 0.668941879272461 980
1778902302363 0.6667263031005859 1000
1778902315347 0.6719818115234375 1020
1778902317069 0.6695423126220703 1040
1778902318791 0.6711940765380859 1060
1778902320513 0.6712974548339844 1080
1778902322234 0.6728473663330078 1100
1778902323957 0.6691261291503906 1120
1778902325678 0.6702152252197265 1140
1778902327400 0.6689567565917969 1160
1778902329122 0.6673057556152344 1180
1778902330844 0.6642478942871094 1200
1778902332566 0.6709785461425781 1220
1778902334288 0.665249252319336 1240
1778902347264 0.6632122039794922 1260
1778902348986 0.6684009552001953 1280
1778902350708 0.6657573699951171 1300
1778902352430 0.663604736328125 1320
1778902354153 0.6646278381347657 1340
1778902355876 0.6599678039550781 1360
1778902357598 0.6633834838867188 1380
1778902359320 0.6621063232421875 1400
1778902361042 0.6616554260253906 1420
1778902362764 0.662503433227539 1440
1778902364486 0.6675003051757813 1460
1778902366208 0.6690441131591797 1480
1778902367930 0.6626983642578125 1500
1778902380910 0.6594047546386719 1520
1778902382632 0.6627365112304687 1540
1778902384354 0.6596061706542968 1560
1778902386077 0.6600593566894531 1580
1778902387798 0.6654094696044922 1600
1778902389521 0.6634212493896484 1620
1778902391242 0.6618888854980469 1640
1778902392965 0.6627109527587891 1660
1778902394686 0.6600170135498047 1680
1778902396409 0.6626461029052735 1700
1778902398132 0.661964225769043 1720
1778902399853 0.6639717102050782 1740
1778902412922 0.6564571380615234 1760
1778902414644 0.6624465942382812 1780
1778902416366 0.663763427734375 1800
1778902418088 0.6590484619140625 1820
1778902419780 0.6645581722259521 1840
1778902421502 0.663821792602539 1860
1778902423224 0.6633785247802735 1880
1778902424946 0.6568202972412109 1900
1778902426669 0.6477664947509766 1920
1778902428390 0.6553215026855469 1940
1778902430113 0.6598472595214844 1960
1778902431834 0.6633041381835938 1980
1778902433556 0.6587688446044921 2000
1778902446536 0.6584419250488281 2020
1778902448258 0.6632501602172851 2040
1778902449980 0.6563514709472656 2060
1778902451703 0.6613298416137695 2080
1778902453425 0.6558916091918945 2100
1778902455147 0.6549562454223633 2120
1778902456870 0.6583723068237305 2140
1778902458592 0.6620527267456054 2160
1778902460314 0.6638618469238281 2180
1778902462036 0.6517724990844727 2200
1778902463758 0.6568000793457032 2220
1778902465480 0.6465753555297852 2240
1778902478462 0.6484073638916016 2260
1778902480184 0.6541690826416016 2280
1778902481906 0.6531782150268555 2300
1778902483628 0.6610530853271485 2320
1778902485350 0.665074348449707 2340
1778902487071 0.6568092346191406 2360
1778902488793 0.6495393753051758 2380
1778902490515 0.6482549667358398 2400
1778902492237 0.6497631072998047 2420
1778902493959 0.6572576522827148 2440
1778902495681 0.6499107360839844 2460
1778902497403 0.6609312057495117 2480
1778902499124 0.6564723968505859 2500
1778902512158 0.6535560607910156 2520
1778902513877 0.6492599487304688 2540
1778902515597 0.6519840240478516 2560
1778902517320 0.6531558990478515 2580
1778902519040 0.6623132705688477 2600
1778902520760 0.6563804626464844 2620
1778902522480 0.6543264389038086 2640
1778902524200 0.6494258880615235 2660
1778902525920 0.6531997680664062 2680
1778902527640 0.6494138717651368 2700
1778902529360 0.648143196105957 2720
1778902531049 0.6526555061340332 2740
1778902544001 0.656939697265625 2760
1778902545720 0.6517667770385742 2780
1778902547440 0.6527828216552735 2800
1778902549159 0.6551828384399414 2820
1778902550879 0.6533388137817383 2840
1778902552600 0.651911735534668 2860
1778902554320 0.6553377151489258 2880
1778902556040 0.6586862564086914 2900
1778902557760 0.6515098571777344 2920
1778902559483 0.6455926895141602 2940
1778902561206 0.6531488418579101 2960
1778902562928 0.6514226913452148 2980
1778902564650 0.6523454666137696 3000
1778902577628 0.6474819183349609 3020
1778902579350 0.6464336395263672 3040
1778902581072 0.6478445053100585 3060
1778902582794 0.6565488815307617 3080
1778902584516 0.6471256256103516 3100
1778902586238 0.6478771209716797 3120
1778902587961 0.6454780578613282 3140
1778902589684 0.6526582717895508 3160
1778902591406 0.6517972946166992 3180
1778902593128 0.6420452117919921 3200
1778902594850 0.6595575332641601 3220
1778902596576 0.6479494094848632 3240
1778902609547 0.6545196533203125 3260
1778902611266 0.6491607666015625 3280
1778902612987 0.657320785522461 3300
1778902614709 0.6510757446289063 3320
1778902616431 0.6459180831909179 3340
1778902618154 0.645062255859375 3360
1778902619876 0.6551681518554687 3380
1778902621599 0.6474245071411133 3400
1778902623321 0.6557168960571289 3420
1778902625043 0.644229507446289 3440
1778902626765 0.6506404876708984 3460
1778902628487 0.6520051956176758 3480
1778902630209 0.6500308990478516 3500
1778902643191 0.6406883239746094 3520
1778902644913 0.6462026596069336 3540
1778902646635 0.654818344116211 3560
1778902648357 0.6470298767089844 3580
1778902650079 0.6425832748413086 3600
1778902651801 0.6483129501342774 3620
1778902653523 0.6478948593139648 3640
1778902655214 0.6458832740783691 3660
1778902656936 0.652607536315918 3680
1778902658658 0.6469146728515625 3700
1778902660381 0.641696548461914 3720
1778902662103 0.6422311782836914 3740
1778902675113 0.6484931945800781 3760
1778902676834 0.6429080963134766 3780
1778902678556 0.6527095794677734 3800
1778902680278 0.6495615005493164 3820
1778902682000 0.6524667739868164 3840
1778902683722 0.6453775405883789 3860
1778902685444 0.6429250717163086 3880
1778902687167 0.646092414855957 3900
1778902688889 0.6547941207885742 3920
1778902690611 0.641731071472168 3940
1778902692333 0.6408573150634765 3960
1778902694055 0.6485481262207031 3980
1778902695777 0.6515830993652344 4000
1778902708786 0.652066993713379 4020
1778902710506 0.6524682998657226 4040
1778902712229 0.6455415725708008 4060
1778902713951 0.6477764129638672 4080
1778902715673 0.6496417999267579 4100
1778902717395 0.650214958190918 4120
1778902719117 0.6462644577026367 4140
1778902720839 0.65023193359375 4160
1778902722562 0.6544340133666993 4180
1778902724284 0.6472646713256835 4200
1778902726006 0.6430122375488281 4220
1778902727728 0.6494041442871094 4240
1778902740709 0.6489751815795899 4260
1778902742432 0.6474061965942383 4280
1778902744153 0.6439559936523438 4300
1778902745876 0.6430530548095703 4320
1778902747598 0.6526721954345703 4340
1778902749320 0.6462667465209961 4360
1778902751043 0.6480876922607421 4380
1778902752765 0.6455589294433594 4400
1778902754487 0.6467687606811523 4420
1778902756209 0.6453989028930665 4440
1778902757932 0.6521211624145508 4460
1778902759655 0.6501842498779297 4480
1778902761377 0.6430227279663085 4500
1778902774361 0.6499404907226562 4520
1778902776083 0.6564725875854492 4540
