1778672999717 0.015015015015015015 20
1778673000132 0.03003003003003003 40
1778673000534 0.04504504504504504 60
1778673000937 0.06006006006006006 80
1778673001342 0.07507507507507508 100
1778673001744 0.09009009009009009 120
1778673002147 0.10510510510510511 140
1778673002549 0.12012012012012012 160
1778673002951 0.13513513513513514 180
1778673003367 0.15015015015015015 200
1778673003771 0.16516516516516516 220
1778673004171 0.18018018018018017 240
1778673006462 0.18768768768768768 250
1778673007232 0.19519519519519518 260
1778673007641 0.21021021021021022 280
1778673008047 0.22522522522522523 300
1778673008455 0.24024024024024024 320
1778673008864 0.2552552552552553 340
1778673009267 0.2702702702702703 360
1778673009675 0.2852852852852853 380
1778673010079 0.3003003003003003 400
1778673010496 0.3153153153153153 420
1778673010899 0.3303303303303303 440
1778673011303 0.34534534534534533 460
1778673011713 0.36036036036036034 480
1778673012119 0.37537537537537535 500
1778673014151 0.37537537537537535 500
1778673015110 0.39039039039039036 520
1778673015513 0.40540540540540543 540
1778673015924 0.42042042042042044 560
1778673016331 0.43543543543543545 580
1778673016733 0.45045045045045046 600
1778673017140 0.46546546546546547 620
1778673017556 0.4804804804804805 640
1778673017965 0.4954954954954955 660
1778673018376 0.5105105105105106 680
1778673018784 0.5255255255255256 700
1778673019190 0.5405405405405406 720
1778673019594 0.5555555555555556 740
1778673021840 0.5630630630630631 750
1778673022820 0.5705705705705706 760
1778673023221 0.5855855855855856 780
1778673023624 0.6006006006006006 800
1778673024029 0.6156156156156156 820
1778673024447 0.6306306306306306 840
1778673024850 0.6456456456456456 860
1778673025258 0.6606606606606606 880
1778673025666 0.6756756756756757 900
1778673026073 0.6906906906906907 920
1778673026476 0.7057057057057057 940
1778673026881 0.7207207207207207 960
1778673027289 0.7357357357357357 980
1778673027701 0.7507507507507507 1000
1778673029758 0.7507507507507507 1000
1778673030842 0.7657657657657657 1020
1778673031253 0.7807807807807807 1040
1778673031664 0.7957957957957958 1060
1778673032072 0.8108108108108109 1080
1778673032482 0.8258258258258259 1100
1778673032885 0.8408408408408409 1120
1778673033290 0.8558558558558559 1140
1778673033698 0.8708708708708709 1160
1778673034107 0.8858858858858859 1180
1778673034516 0.9009009009009009 1200
1778673034932 0.9159159159159159 1220
1778673035336 0.9309309309309309 1240
1778673037590 0.9384384384384384 1250
1778673038472 0.9459459459459459 1260
1778673038889 0.960960960960961 1280
1778673039295 0.975975975975976 1300
1778673039701 0.990990990990991 1320
1778673040111 1.006006006006006 1340
1778673040518 1.021021021021021 1360
1778673040926 1.0360360360360361 1380
1778673041332 1.0510510510510511 1400
1778673041751 1.0660660660660661 1420
1778673042155 1.0810810810810811 1440
1778673042565 1.0960960960960962 1460
1778673042976 1.1111111111111112 1480
1778673043382 1.1261261261261262 1500
1778673045439 1.1261261261261262 1500
1778673046528 1.1411411411411412 1520
1778673046934 1.1561561561561562 1540
1778673047343 1.1711711711711712 1560
1778673047754 1.1861861861861862 1580
1778673048161 1.2012012012012012 1600
1778673048577 1.2162162162162162 1620
1778673048987 1.2312312312312312 1640
1778673049400 1.2462462462462462 1660
1778673049808 1.2612612612612613 1680
1778673050216 1.2762762762762763 1700
1778673050620 1.2912912912912913 1720
1778673051029 1.3063063063063063 1740
1778673053316 1.3138138138138138 1750
1778673054198 1.3213213213213213 1760
1778673054609 1.3363363363363363 1780
1778673055015 1.3513513513513513 1800
1778673055429 1.3663663663663663 1820
1778673055842 1.3813813813813813 1840
1778673056245 1.3963963963963963 1860
1778673056650 1.4114114114114114 1880
1778673057061 1.4264264264264264 1900
1778673057472 1.4414414414414414 1920
1778673057876 1.4564564564564564 1940
1778673058285 1.4714714714714714 1960
1778673058694 1.4864864864864864 1980
1778673059109 1.5015015015015014 2000
1778673061179 1.5015015015015014 2000
1778673062265 1.5165165165165164 2020
1778673062683 1.5315315315315314 2040
1778673063093 1.5465465465465464 2060
1778673063495 1.5615615615615615 2080
1778673063902 1.5765765765765765 2100
1778673064307 1.5915915915915915 2120
1778673064717 1.6066066066066065 2140
1778673065124 1.6216216216216215 2160
1778673065529 1.6366366366366365 2180
1778673065945 1.6516516516516515 2200
1778673066354 1.6666666666666665 2220
1778673066756 1.6816816816816815 2240
1778673069018 1.689189189189189 2250
1778673069907 1.6966966966966965 2260
1778673070321 1.7117117117117115 2280
1778673070729 1.7267267267267268 2300
1778673071135 1.7417417417417418 2320
1778673071547 1.7567567567567568 2340
1778673071954 1.7717717717717718 2360
1778673072362 1.7867867867867868 2380
1778673072773 1.8018018018018018 2400
1778673073188 1.8168168168168168 2420
1778673073604 1.8318318318318318 2440
1778673074008 1.8468468468468469 2460
1778673074415 1.8618618618618619 2480
1778673074820 1.8768768768768769 2500
1778673076894 1.8768768768768769 2500
1778673077980 1.8918918918918919 2520
1778673078389 1.906906906906907 2540
1778673078800 1.921921921921922 2560
1778673079209 1.936936936936937 2580
1778673079612 1.951951951951952 2600
1778673080017 1.966966966966967 2620
1778673080441 1.981981981981982 2640
1778673080847 1.996996996996997 2660
1778673081260 2.012012012012012 2680
1778673081665 2.027027027027027 2700
1778673082068 2.042042042042042 2720
1778673082477 2.057057057057057 2740
1778673084766 2.0645645645645647 2750
1778673085646 2.0720720720720722 2760
1778673086051 2.0870870870870872 2780
1778673086463 2.1021021021021022 2800
1778673086872 2.1171171171171173 2820
1778673087285 2.1321321321321323 2840
1778673087696 2.1471471471471473 2860
1778673088100 2.1621621621621623 2880
1778673088504 2.1771771771771773 2900
1778673088916 2.1921921921921923 2920
1778673089325 2.2072072072072073 2940
1778673089730 2.2222222222222223 2960
1778673090134 2.2372372372372373 2980
1778673090540 2.2522522522522523 3000
1778673092622 2.2522522522522523 3000
1778673093589 2.2672672672672673 3020
1778673093999 2.2822822822822824 3040
1778673094418 2.2972972972972974 3060
1778673094826 2.3123123123123124 3080
1778673095233 2.3273273273273274 3100
1778673095638 2.3423423423423424 3120
1778673096051 2.3573573573573574 3140
1778673096457 2.3723723723723724 3160
1778673096862 2.3873873873873874 3180
1778673097272 2.4024024024024024 3200
1778673097686 2.4174174174174174 3220
1778673098104 2.4324324324324325 3240
1778673100400 2.43993993993994 3250
1778673101290 2.4474474474474475 3260
1778673101702 2.4624624624624625 3280
1778673102111 2.4774774774774775 3300
1778673102515 2.4924924924924925 3320
1778673102926 2.5075075075075075 3340
1778673103338 2.5225225225225225 3360
1778673104154 2.5525525525525525 3400
1778673104569 2.5675675675675675 3420
1778673103743 2.5375375375375375 3380
1778673104985 2.5825825825825826 3440
1778673105400 2.5975975975975976 3460
1778673105814 2.6126126126126126 3480
1778673106220 2.6276276276276276 3500
1778673108315 2.6276276276276276 3500
1778673109507 2.6426426426426426 3520
1778673109914 2.6576576576576576 3540
1778673110318 2.6726726726726726 3560
1778673110723 2.6876876876876876 3580
1778673111136 2.7027027027027026 3600
1778673111550 2.7177177177177176 3620
1778673111967 2.7327327327327327 3640
1778673112376 2.7477477477477477 3660
1778673112790 2.7627627627627627 3680
1778673113198 2.7777777777777777 3700
1778673113605 2.7927927927927927 3720
1778673114020 2.8078078078078077 3740
1778673116318 2.815315315315315 3750
1778673117079 2.8228228228228227 3760
1778673117488 2.8378378378378377 3780
1778673117900 2.8528528528528527 3800
1778673118317 2.8678678678678677 3820
1778673118730 2.8828828828828827 3840
1778673119137 2.8978978978978978 3860
1778673119551 2.9129129129129128 3880
1778673119958 2.9279279279279278 3900
1778673120372 2.942942942942943 3920
1778673120783 2.957957957957958 3940
1778673121188 2.972972972972973 3960
1778673121600 2.987987987987988 3980
1778673122021 3.003003003003003 4000
1778673124126 3.003003003003003 4000
1778673125223 3.018018018018018 4020
1778673125640 3.033033033033033 4040
1778673126048 3.048048048048048 4060
1778673126456 3.063063063063063 4080
1778673126869 3.078078078078078 4100
1778673127275 3.093093093093093 4120
1778673127681 3.108108108108108 4140
1778673128088 3.123123123123123 4160
1778673128499 3.138138138138138 4180
1778673128918 3.153153153153153 4200
1778673129330 3.1681681681681684 4220
1778673129740 3.1831831831831834 4240
1778673132044 3.190690690690691 4250
1778673132930 3.1981981981981984 4260
1778673133336 3.2132132132132134 4280
1778673133751 3.2282282282282284 4300
1778673134159 3.2432432432432434 4320
1778673134565 3.2582582582582584 4340
1778673134980 3.2732732732732734 4360
1778673135388 3.2882882882882885 4380
1778673135801 3.3033033033033035 4400
1778673136214 3.3183183183183185 4420
1778673136619 3.3333333333333335 4440
1778673137025 3.3483483483483485 4460
1778673137441 3.3633633633633635 4480
1778673137848 3.3783783783783785 4500
1778673139966 3.3783783783783785 4500
1778673141058 3.3933933933933935 4520
1778673141462 3.4084084084084085 4540
1778673141866 3.4234234234234235 4560
1778673142280 3.4384384384384385 4580
1778673142695 3.4534534534534536 4600
1778673143115 3.4684684684684686 4620
1778673143528 3.4834834834834836 4640
1778673143938 3.4984984984984986 4660
1778673144343 3.5135135135135136 4680
1778673145168 3.5435435435435436 4720
1778673145572 3.5585585585585586 4740
1778673144757 3.5285285285285286 4700
1778673147892 3.566066066066066 4750
1778673148670 3.566066066066066 4750
1778673150899 3.566066066066066 4750
1778673153710 3.566066066066066 4750
1778673154262 3.566066066066066 0
