1778672999717 0.6420589685440063 20
1778673000132 0.6518880128860474 40
1778673000534 0.3721015453338623 60
1778673000937 0.344807505607605 80
1778673001342 0.3496127724647522 100
1778673001744 0.45250847935676575 120
1778673002147 0.3807345926761627 140
1778673002549 0.385070264339447 160
1778673002951 0.3772130608558655 180
1778673003367 0.5027809739112854 200
1778673003771 0.4504788815975189 220
1778673004171 0.4435800611972809 240
1778673007232 0.47264498472213745 260
1778673007641 0.42280423641204834 280
1778673008047 0.5536741018295288 300
1778673008455 0.41202330589294434 320
1778673008864 0.4772050380706787 340
1778673009267 0.4974331259727478 360
1778673009675 0.44670718908309937 380
1778673010079 0.33875057101249695 400
1778673010496 0.4638749957084656 420
1778673010899 0.3536734879016876 440
1778673011303 0.534281313419342 460
1778673011713 0.4295012056827545 480
1778673012119 0.4799783527851105 500
1778673015110 0.5129102468490601 520
1778673015513 0.4820603132247925 540
1778673015924 0.6019092202186584 560
1778673016331 0.5434760451316833 580
1778673016733 0.4297674000263214 600
1778673017140 0.3372645974159241 620
1778673017556 0.76746666431427 640
1778673017965 0.3429125249385834 660
1778673018376 0.4222124516963959 680
1778673018784 0.5690458416938782 700
1778673019190 0.318081259727478 720
1778673019594 0.3219873309135437 740
1778673022820 0.32232558727264404 760
1778673023221 0.5094876289367676 780
1778673023624 0.4864760935306549 800
1778673024029 0.5870161056518555 820
1778673024447 0.3751627802848816 840
1778673024850 0.6368163824081421 860
1778673025258 0.38963794708251953 880
1778673025666 0.43600699305534363 900
1778673026073 0.5798940658569336 920
1778673026476 0.4447811245918274 940
1778673026881 0.40202561020851135 960
1778673027289 0.3709905445575714 980
1778673027701 0.45517367124557495 1000
1778673030842 0.37977421283721924 1020
1778673031253 0.8363646864891052 1040
1778673031664 0.41228681802749634 1060
1778673032072 0.4238165616989136 1080
1778673032482 0.37852975726127625 1100
1778673032885 0.37188830971717834 1120
1778673033290 0.29228389263153076 1140
1778673033698 0.36931633949279785 1160
1778673034107 0.4397662281990051 1180
1778673034516 0.3890225291252136 1200
1778673034932 0.4264029264450073 1220
1778673035336 0.33830809593200684 1240
1778673038472 0.43098241090774536 1260
1778673038889 0.38395780324935913 1280
1778673039295 0.46284598112106323 1300
1778673039701 0.540589451789856 1320
1778673040111 0.4019942879676819 1340
1778673040518 0.38755035400390625 1360
1778673040926 0.4031636714935303 1380
1778673041332 0.3224692642688751 1400
1778673041751 0.6185522079467773 1420
1778673042155 0.3682803809642792 1440
1778673042565 0.5975331664085388 1460
1778673042976 0.49164700508117676 1480
1778673043382 0.5623137354850769 1500
1778673046528 0.38891613483428955 1520
1778673046934 0.3079493045806885 1540
1778673047343 0.5812166929244995 1560
1778673047754 0.5425460934638977 1580
1778673048161 0.40661683678627014 1600
1778673048577 0.5169519782066345 1620
1778673048987 0.3468936085700989 1640
1778673049400 0.36308664083480835 1660
1778673049808 0.6048996448516846 1680
1778673050216 0.48790276050567627 1700
1778673050620 0.46214625239372253 1720
1778673051029 0.30833739042282104 1740
1778673054198 0.3416556715965271 1760
1778673054609 0.3946865200996399 1780
1778673055015 0.39608699083328247 1800
1778673055429 0.5602008104324341 1820
1778673055842 0.4026062488555908 1840
1778673056245 0.34478065371513367 1860
1778673056650 0.801753044128418 1880
1778673057061 0.37728366255760193 1900
1778673057472 0.8137087225914001 1920
1778673057876 0.48967084288597107 1940
1778673058285 0.34500473737716675 1960
1778673058694 0.48695042729377747 1980
1778673059109 0.4456734359264374 2000
1778673062265 0.29787856340408325 2020
1778673062683 0.3874909281730652 2040
1778673063093 0.29557251930236816 2060
1778673063495 0.3298565745353699 2080
1778673063902 0.3272535800933838 2100
1778673064307 0.33195236325263977 2120
1778673064717 0.43220576643943787 2140
1778673065124 0.41243624687194824 2160
1778673065529 0.4016196131706238 2180
1778673065945 0.5736657977104187 2200
1778673066354 0.5233529806137085 2220
1778673066756 0.36199840903282166 2240
1778673069907 0.45228496193885803 2260
1778673070321 0.3242236375808716 2280
1778673070729 0.3284395635128021 2300
1778673071135 0.35293006896972656 2320
1778673071547 0.4305078387260437 2340
1778673071954 0.5120894312858582 2360
1778673072362 0.430196613073349 2380
1778673072773 0.5882317423820496 2400
1778673073188 0.40787559747695923 2420
1778673073604 0.4183274209499359 2440
1778673074008 0.36437714099884033 2460
1778673074415 0.36804649233818054 2480
1778673074820 0.431957483291626 2500
1778673077980 0.5463727712631226 2520
1778673078389 0.4114803075790405 2540
1778673078800 0.5643473863601685 2560
1778673079209 0.4165191352367401 2580
1778673079612 0.3451673984527588 2600
1778673080017 0.36929208040237427 2620
1778673080441 0.3679175078868866 2640
1778673080847 0.3458769619464874 2660
1778673081260 0.5564680099487305 2680
1778673081665 0.3193358778953552 2700
1778673082068 0.511004626750946 2720
1778673082477 0.35502761602401733 2740
1778673085646 0.7079482674598694 2760
1778673086051 0.480542927980423 2780
1778673086463 0.5451703071594238 2800
1778673086872 0.32106027007102966 2820
1778673087285 0.3705848753452301 2840
1778673087696 0.555113673210144 2860
1778673088100 0.39141371846199036 2880
1778673088504 0.35720768570899963 2900
1778673088916 0.3950650691986084 2920
1778673089325 0.33704641461372375 2940
1778673089730 0.37720829248428345 2960
1778673090134 0.3116631507873535 2980
1778673090540 0.3131936490535736 3000
1778673093589 0.43420299887657166 3020
1778673093999 0.3273440897464752 3040
1778673094418 0.5196417570114136 3060
1778673094826 0.5124931931495667 3080
1778673095233 0.6115254759788513 3100
1778673095638 0.4541199505329132 3120
1778673096051 0.37313154339790344 3140
1778673096457 0.34611576795578003 3160
1778673096862 0.581398069858551 3180
1778673097272 0.360673725605011 3200
1778673097686 0.4168890714645386 3220
1778673098104 0.5975022315979004 3240
1778673101290 0.44672149419784546 3260
1778673101702 0.389462947845459 3280
1778673102111 0.3199799358844757 3300
1778673102515 0.35277265310287476 3320
1778673102926 0.4469047486782074 3340
1778673103338 0.33573320508003235 3360
1778673104154 0.3324885070323944 3400
1778673104569 0.4574725925922394 3420
1778673103743 0.3412568271160126 3380
1778673104985 0.5620617270469666 3440
1778673105400 0.681811511516571 3460
1778673105814 0.3513895869255066 3480
1778673106220 0.34367117285728455 3500
1778673109507 0.5417273640632629 3520
1778673109914 0.35741835832595825 3540
1778673110318 0.37459486722946167 3560
1778673110723 0.3712911307811737 3580
1778673111136 0.38997066020965576 3600
1778673111550 0.3752220869064331 3620
1778673111967 0.5247411131858826 3640
1778673112376 0.3873208463191986 3660
1778673112790 0.5401564240455627 3680
1778673113198 0.4084840416908264 3700
1778673113605 0.3476661145687103 3720
1778673114020 0.31293728947639465 3740
1778673117079 0.38131582736968994 3760
1778673117488 0.2775416374206543 3780
1778673117900 0.4059318006038666 3800
1778673118317 0.415397047996521 3820
1778673118730 0.3751419186592102 3840
1778673119137 0.45060452818870544 3860
1778673119551 0.34844669699668884 3880
1778673119958 0.42892560362815857 3900
1778673120372 0.5035766959190369 3920
1778673120783 0.41559621691703796 3940
1778673121188 0.7312046885490417 3960
1778673121600 0.3162298798561096 3980
1778673122021 0.46566736698150635 4000
1778673125223 0.4542224407196045 4020
1778673125640 0.3940108120441437 4040
1778673126048 0.5367324352264404 4060
1778673126456 0.33592426776885986 4080
1778673126869 0.4354923665523529 4100
1778673127275 0.4996717572212219 4120
1778673127681 0.41876283288002014 4140
1778673128088 0.4365355670452118 4160
1778673128499 0.5214217305183411 4180
1778673128918 0.3177168369293213 4200
1778673129330 0.4013751149177551 4220
1778673129740 0.313907653093338 4240
1778673132930 0.5555123090744019 4260
1778673133336 0.45278841257095337 4280
1778673133751 0.4671611189842224 4300
1778673134159 0.3740205764770508 4320
1778673134565 0.3648831248283386 4340
1778673134980 0.6811192631721497 4360
1778673135388 0.3233218193054199 4380
1778673135801 0.36937934160232544 4400
1778673136214 0.36907458305358887 4420
1778673136619 0.35160064697265625 4440
1778673137025 1.0272787809371948 4460
1778673137441 0.36222347617149353 4480
1778673137848 0.44048288464546204 4500
1778673141058 0.3260924220085144 4520
1778673141462 0.3234143853187561 4540
1778673141866 0.39869141578674316 4560
1778673142280 0.6271238923072815 4580
1778673142695 0.7779327630996704 4600
1778673143115 0.30833420157432556 4620
1778673143528 0.5498480796813965 4640
1778673143938 0.3322110176086426 4660
1778673144343 0.3919163644313812 4680
1778673145168 0.5364759564399719 4720
1778673144757 0.5125498175621033 4700
1778673145572 0.631847620010376 4740
