1778672999717 1.1400000000000001e-05 20
1778673000132 2.3400000000000003e-05 40
1778673000534 2.9948844259189087e-05 60
1778673000937 2.9835164835164837e-05 80
1778673001342 2.9721485411140586e-05 100
1778673001744 2.9607805987116332e-05 120
1778673002147 2.949412656309208e-05 140
1778673002549 2.938044713906783e-05 160
1778673002951 2.926676771504358e-05 180
1778673003367 2.9153088291019325e-05 200
1778673003771 2.9039408866995075e-05 220
1778673004171 2.892572944297082e-05 240
1778673007232 2.8812050018946573e-05 260
1778673007641 2.869837059492232e-05 280
1778673008047 2.858469117089807e-05 300
1778673008455 2.8471011746873818e-05 320
1778673008864 2.8357332322849564e-05 340
1778673009267 2.8243652898825313e-05 360
1778673009675 2.8129973474801062e-05 380
1778673010079 2.801629405077681e-05 400
1778673010496 2.7902614626752557e-05 420
1778673010899 2.7788935202728306e-05 440
1778673011303 2.7675255778704052e-05 460
1778673011713 2.7561576354679805e-05 480
1778673012119 2.7447896930655554e-05 500
1778673015110 2.73342175066313e-05 520
1778673015513 2.722053808260705e-05 540
1778673015924 2.7106858658582795e-05 560
1778673016331 2.6993179234558548e-05 580
1778673016733 2.6879499810534294e-05 600
1778673017140 2.6765820386510043e-05 620
1778673017556 2.665214096248579e-05 640
1778673017965 2.6538461538461538e-05 660
1778673018376 2.6424782114437287e-05 680
1778673018784 2.6311102690413037e-05 700
1778673019190 2.6197423266388786e-05 720
1778673019594 2.6083743842364532e-05 740
1778673022820 2.597006441834028e-05 760
1778673023221 2.5856384994316027e-05 780
1778673023624 2.574270557029178e-05 800
1778673024029 2.5629026146267526e-05 820
1778673024447 2.5515346722243275e-05 840
1778673024850 2.540166729821902e-05 860
1778673025258 2.528798787419477e-05 880
1778673025666 2.5174308450170523e-05 900
1778673026073 2.506062902614627e-05 920
1778673026476 2.4946949602122018e-05 940
1778673026881 2.4833270178097764e-05 960
1778673027289 2.4719590754073513e-05 980
1778673027701 2.4605911330049262e-05 1000
1778673030842 2.449223190602501e-05 1020
1778673031253 2.4378552482000757e-05 1040
1778673031664 2.4264873057976507e-05 1060
1778673032072 2.4151193633952256e-05 1080
1778673032482 2.4037514209928e-05 1100
1778673032885 2.3923834785903754e-05 1120
1778673033290 2.38101553618795e-05 1140
1778673033698 2.369647593785525e-05 1160
1778673034107 2.3582796513830995e-05 1180
1778673034516 2.3469117089806745e-05 1200
1778673034932 2.3355437665782494e-05 1220
1778673035336 2.3241758241758243e-05 1240
1778673038472 2.3128078817733992e-05 1260
1778673038889 2.3014399393709738e-05 1280
1778673039295 2.2900719969685488e-05 1300
1778673039701 2.2787040545661237e-05 1320
1778673040111 2.2673361121636986e-05 1340
1778673040518 2.2559681697612732e-05 1360
1778673040926 2.244600227358848e-05 1380
1778673041332 2.2332322849564227e-05 1400
1778673041751 2.2218643425539976e-05 1420
1778673042155 2.2104964001515726e-05 1440
1778673042565 2.1991284577491475e-05 1460
1778673042976 2.1877605153467224e-05 1480
1778673043382 2.176392572944297e-05 1500
1778673046528 2.165024630541872e-05 1520
1778673046934 2.153656688139447e-05 1540
1778673047343 2.1422887457370218e-05 1560
1778673047754 2.1309208033345964e-05 1580
1778673048161 2.1195528609321713e-05 1600
1778673048577 2.108184918529746e-05 1620
1778673048987 2.096816976127321e-05 1640
1778673049400 2.085449033724896e-05 1660
1778673049808 2.0740810913224707e-05 1680
1778673050216 2.0627131489200456e-05 1700
1778673050620 2.0513452065176202e-05 1720
1778673051029 2.0399772641151954e-05 1740
1778673054198 2.02860932171277e-05 1760
1778673054609 2.017241379310345e-05 1780
1778673055015 2.0058734369079195e-05 1800
1778673055429 1.9945054945054945e-05 1820
1778673055842 1.9831375521030694e-05 1840
1778673056245 1.9717696097006443e-05 1860
1778673056650 1.9604016672982192e-05 1880
1778673057061 1.949033724895794e-05 1900
1778673057472 1.9376657824933688e-05 1920
1778673057876 1.9262978400909433e-05 1940
1778673058285 1.9149298976885186e-05 1960
1778673058694 1.9035619552860932e-05 1980
1778673059109 1.892194012883668e-05 2000
1778673062265 1.880826070481243e-05 2020
1778673062683 1.8694581280788176e-05 2040
1778673063093 1.858090185676393e-05 2060
1778673063495 1.8467222432739675e-05 2080
1778673063902 1.8353543008715424e-05 2100
1778673064307 1.823986358469117e-05 2120
1778673064717 1.812618416066692e-05 2140
1778673065124 1.8012504736642665e-05 2160
1778673065529 1.7898825312618418e-05 2180
1778673065945 1.7785145888594164e-05 2200
1778673066354 1.7671466464569913e-05 2220
1778673066756 1.7557787040545662e-05 2240
1778673069907 1.7444107616521408e-05 2260
1778673070321 1.733042819249716e-05 2280
1778673070729 1.7216748768472907e-05 2300
1778673071135 1.7103069344448656e-05 2320
1778673071547 1.6989389920424402e-05 2340
1778673071954 1.687571049640015e-05 2360
1778673072362 1.67620310723759e-05 2380
1778673072773 1.664835164835165e-05 2400
1778673073188 1.65346722243274e-05 2420
1778673073604 1.6420992800303145e-05 2440
1778673074008 1.6307313376278894e-05 2460
1778673074415 1.6193633952254643e-05 2480
1778673074820 1.6079954528230393e-05 2500
1778673077980 1.596627510420614e-05 2520
1778673078389 1.5852595680181888e-05 2540
1778673078800 1.5738916256157634e-05 2560
1778673079209 1.5625236832133383e-05 2580
1778673079612 1.5511557408109135e-05 2600
1778673080017 1.539787798408488e-05 2620
1778673080441 1.528419856006063e-05 2640
1778673080847 1.5170519136036376e-05 2660
1778673081260 1.5056839712012124e-05 2680
1778673081665 1.4943160287987875e-05 2700
1778673082068 1.4829480863963624e-05 2720
1778673082477 1.4715801439939372e-05 2740
1778673085646 1.460212201591512e-05 2760
1778673086051 1.4488442591890869e-05 2780
1778673086463 1.4374763167866616e-05 2800
1778673086872 1.4261083743842364e-05 2820
1778673087285 1.4147404319818113e-05 2840
1778673087696 1.403372489579386e-05 2860
1778673088100 1.392004547176961e-05 2880
1778673088504 1.380636604774536e-05 2900
1778673088916 1.3692686623721107e-05 2920
1778673089325 1.3579007199696856e-05 2940
1778673089730 1.3465327775672604e-05 2960
1778673090134 1.3351648351648351e-05 2980
1778673090540 1.32379689276241e-05 3000
1778673093589 1.3124289503599848e-05 3020
1778673093999 1.3010610079575597e-05 3040
1778673094418 1.2896930655551345e-05 3060
1778673094826 1.2783251231527094e-05 3080
1778673095233 1.2669571807502843e-05 3100
1778673095638 1.2555892383478591e-05 3120
1778673096051 1.244221295945434e-05 3140
1778673096457 1.2328533535430088e-05 3160
1778673096862 1.2214854111405835e-05 3180
1778673097272 1.2101174687381585e-05 3200
1778673097686 1.1987495263357332e-05 3220
1778673098104 1.187381583933308e-05 3240
1778673101290 1.1760136415308829e-05 3260
1778673101702 1.1646456991284578e-05 3280
1778673102111 1.1532777567260328e-05 3300
1778673102515 1.1419098143236075e-05 3320
1778673102926 1.1305418719211823e-05 3340
1778673103338 1.1191739295187572e-05 3360
1778673104154 1.0964380447139067e-05 3400
1778673104569 1.0850701023114816e-05 3420
1778673103743 1.107805987116332e-05 3380
1778673104985 1.0737021599090564e-05 3440
1778673105400 1.0623342175066315e-05 3460
1778673105814 1.0509662751042062e-05 3480
1778673106220 1.039598332701781e-05 3500
1778673109507 1.028230390299356e-05 3520
1778673109914 1.0168624478969307e-05 3540
1778673110318 1.0054945054945054e-05 3560
1778673110723 9.941265630920804e-06 3580
1778673111136 9.827586206896551e-06 3600
1778673111550 9.7139067828723e-06 3620
1778673111967 9.600227358848048e-06 3640
1778673112376 9.486547934823797e-06 3660
1778673112790 9.372868510799547e-06 3680
1778673113198 9.259189086775294e-06 3700
1778673113605 9.145509662751042e-06 3720
1778673114020 9.031830238726791e-06 3740
1778673117079 8.918150814702539e-06 3760
1778673117488 8.804471390678288e-06 3780
1778673117900 8.690791966654035e-06 3800
1778673118317 8.577112542629783e-06 3820
1778673118730 8.463433118605532e-06 3840
1778673119137 8.349753694581281e-06 3860
1778673119551 8.23607427055703e-06 3880
1778673119958 8.122394846532778e-06 3900
1778673120372 8.008715422508526e-06 3920
1778673120783 7.895035998484275e-06 3940
1778673121188 7.781356574460023e-06 3960
1778673121600 7.66767715043577e-06 3980
1778673122021 7.55399772641152e-06 4000
1778673125223 7.440318302387268e-06 4020
1778673125640 7.326638878363016e-06 4040
1778673126048 7.212959454338765e-06 4060
1778673126456 7.099280030314513e-06 4080
1778673126869 6.985600606290262e-06 4100
1778673127275 6.87192118226601e-06 4120
1778673127681 6.7582417582417585e-06 4140
1778673128088 6.644562334217507e-06 4160
1778673128499 6.530882910193255e-06 4180
1778673128918 6.417203486169004e-06 4200
1778673129330 6.303524062144752e-06 4220
1778673129740 6.1898446381205005e-06 4240
1778673132930 6.076165214096248e-06 4260
1778673133336 5.962485790071997e-06 4280
1778673133751 5.848806366047746e-06 4300
1778673134159 5.735126942023494e-06 4320
1778673134565 5.621447517999242e-06 4340
1778673134980 5.50776809397499e-06 4360
1778673135388 5.3940886699507395e-06 4380
1778673135801 5.280409245926488e-06 4400
1778673136214 5.1667298219022354e-06 4420
1778673136619 5.053050397877984e-06 4440
1778673137025 4.939370973853732e-06 4460
1778673137441 4.8256915498294815e-06 4480
1778673137848 4.712012125805229e-06 4500
1778673141058 4.5983327017809775e-06 4520
1778673141462 4.484653277756726e-06 4540
1778673141866 4.370973853732474e-06 4560
1778673142280 4.257294429708223e-06 4580
1778673142695 4.143615005683971e-06 4600
1778673143115 4.02993558165972e-06 4620
1778673143528 3.916256157635468e-06 4640
1778673143938 3.802576733611217e-06 4660
1778673144343 3.688897309586965e-06 4680
1778673145168 3.4615384615384617e-06 4720
1778673145572 3.34785903751421e-06 4740
1778673144757 3.5752178855627133e-06 4700
