1778672999717 0.6946 20
1778673000132 0.6908 40
1778673000534 0.6927 60
1778673000937 0.6901 80
1778673001342 0.6873 100
1778673001744 0.6875 120
1778673002147 0.691 140
1778673002549 0.6896 160
1778673002951 0.691 180
1778673003367 0.6874 200
1778673003771 0.6835 220
1778673004171 0.6854 240
1778673007232 0.6863 260
1778673007641 0.6796 280
1778673008047 0.6851 300
1778673008455 0.6837 320
1778673008864 0.683 340
1778673009267 0.6749 360
1778673009675 0.6801 380
1778673010079 0.6751 400
1778673010496 0.6762 420
1778673010899 0.676 440
1778673011303 0.6778 460
1778673011713 0.6762 480
1778673012119 0.6757 500
1778673015110 0.6818 520
1778673015513 0.673 540
1778673015924 0.6704 560
1778673016331 0.6704 580
1778673016733 0.6768 600
1778673017140 0.6771 620
1778673017556 0.6801 640
1778673017965 0.6742 660
1778673018376 0.6727 680
1778673018784 0.678 700
1778673019190 0.6692 720
1778673019594 0.6772 740
1778673022820 0.6729 760
1778673023221 0.675 780
1778673023624 0.672 800
1778673024029 0.6697 820
1778673024447 0.6741 840
1778673024850 0.6679 860
1778673025258 0.6708 880
1778673025666 0.6742 900
1778673026073 0.6668 920
1778673026476 0.6716 940
1778673026881 0.6745 960
1778673027289 0.6687 980
1778673027701 0.6684 1000
1778673030842 0.6709 1020
1778673031253 0.6671 1040
1778673031664 0.6697 1060
1778673032072 0.669 1080
1778673032482 0.6697 1100
1778673032885 0.672 1120
1778673033290 0.6577 1140
1778673033698 0.6644 1160
1778673034107 0.6641 1180
1778673034516 0.6652 1200
1778673034932 0.6606 1220
1778673035336 0.6574 1240
1778673038472 0.6655 1260
1778673038889 0.6616 1280
1778673039295 0.6558 1300
1778673039701 0.6564 1320
1778673040111 0.6636 1340
1778673040518 0.6618 1360
1778673040926 0.6605 1380
1778673041332 0.6618 1400
1778673041751 0.6553 1420
1778673042155 0.6569 1440
1778673042565 0.6544 1460
1778673042976 0.6575 1480
1778673043382 0.6587 1500
1778673046528 0.6595 1520
1778673046934 0.6589 1540
1778673047343 0.6563 1560
1778673047754 0.6605 1580
1778673048161 0.6561 1600
1778673048577 0.6583 1620
1778673048987 0.6547 1640
1778673049400 0.6569 1660
1778673049808 0.6579 1680
1778673050216 0.6499 1700
1778673050620 0.655 1720
1778673051029 0.6599 1740
1778673054198 0.6544 1760
1778673054609 0.647 1780
1778673055015 0.6565 1800
1778673055429 0.6515 1820
1778673055842 0.6579 1840
1778673056245 0.6566 1860
1778673056650 0.6565 1880
1778673057061 0.6498 1900
1778673057472 0.6456 1920
1778673057876 0.6542 1940
1778673058285 0.6566 1960
1778673058694 0.6564 1980
1778673059109 0.6561 2000
1778673062265 0.66 2020
1778673062683 0.648 2040
1778673063093 0.6566 2060
1778673063495 0.6545 2080
1778673063902 0.6481 2100
1778673064307 0.6489 2120
1778673064717 0.6576 2140
1778673065124 0.6621 2160
1778673065529 0.6386 2180
1778673065945 0.6469 2200
1778673066354 0.6521 2220
1778673066756 0.6497 2240
1778673069907 0.6517 2260
1778673070321 0.6436 2280
1778673070729 0.6556 2300
1778673071135 0.6456 2320
1778673071547 0.6566 2340
1778673071954 0.6494 2360
1778673072362 0.6448 2380
1778673072773 0.6542 2400
1778673073188 0.6437 2420
1778673073604 0.6476 2440
1778673074008 0.6553 2460
1778673074415 0.6532 2480
1778673074820 0.6459 2500
1778673077980 0.6536 2520
1778673078389 0.6582 2540
1778673078800 0.6424 2560
1778673079209 0.6535 2580
1778673079612 0.6432 2600
1778673080017 0.6445 2620
1778673080441 0.6436 2640
1778673080847 0.6371 2660
1778673081260 0.6549 2680
1778673081665 0.6385 2700
1778673082068 0.6401 2720
1778673082477 0.6357 2740
1778673085646 0.6502 2760
1778673086051 0.6483 2780
1778673086463 0.6462 2800
1778673086872 0.6376 2820
1778673087285 0.6513 2840
1778673087696 0.6416 2860
1778673088100 0.6355 2880
1778673088504 0.6397 2900
1778673088916 0.6511 2920
1778673089325 0.6501 2940
1778673089730 0.6425 2960
1778673090134 0.6525 2980
1778673090540 0.6508 3000
1778673093589 0.642 3020
1778673093999 0.6505 3040
1778673094418 0.653 3060
1778673094826 0.6476 3080
1778673095233 0.6419 3100
1778673095638 0.657 3120
1778673096051 0.633 3140
1778673096457 0.645 3160
1778673096862 0.6531 3180
1778673097272 0.6407 3200
1778673097686 0.6379 3220
1778673098104 0.6562 3240
1778673101290 0.6449 3260
1778673101702 0.642 3280
1778673102111 0.6304 3300
1778673102515 0.6441 3320
1778673102926 0.642 3340
1778673103338 0.6348 3360
1778673103743 0.6347 3380
1778673104154 0.6488 3400
1778673104569 0.6462 3420
1778673104985 0.6585 3440
1778673105400 0.6351 3460
1778673105814 0.6519 3480
1778673106220 0.6423 3500
1778673109507 0.6497 3520
1778673109914 0.6325 3540
1778673110318 0.639 3560
1778673110723 0.6309 3580
1778673111136 0.6403 3600
1778673111550 0.6363 3620
1778673111967 0.6493 3640
1778673112376 0.6414 3660
1778673112790 0.6382 3680
1778673113198 0.6454 3700
1778673113605 0.6387 3720
1778673114020 0.635 3740
1778673117079 0.6414 3760
1778673117488 0.6416 3780
1778673117900 0.6344 3800
1778673118317 0.637 3820
1778673118730 0.6466 3840
1778673119137 0.6333 3860
1778673119551 0.6381 3880
1778673119958 0.6406 3900
1778673120372 0.6524 3920
1778673120783 0.6356 3940
1778673121188 0.648 3960
1778673121600 0.6519 3980
1778673122021 0.6413 4000
1778673125223 0.6262 4020
1778673125640 0.6408 4040
1778673126048 0.6293 4060
1778673126456 0.6336 4080
1778673126869 0.6297 4100
1778673127275 0.6478 4120
1778673127681 0.635 4140
1778673128088 0.6385 4160
1778673128499 0.6401 4180
1778673128918 0.6275 4200
1778673129330 0.6208 4220
1778673129740 0.6452 4240
1778673132930 0.6385 4260
1778673133336 0.6336 4280
1778673133751 0.634 4300
1778673134159 0.6459 4320
1778673134565 0.6366 4340
1778673134980 0.6336 4360
1778673135388 0.6395 4380
1778673135801 0.6374 4400
1778673136214 0.6455 4420
1778673136619 0.6505 4440
1778673137025 0.6417 4460
1778673137441 0.6351 4480
1778673137848 0.659 4500
1778673141058 0.6403 4520
1778673141462 0.6445 4540
1778673141866 0.6346 4560
1778673142280 0.6284 4580
1778673142695 0.6357 4600
1778673143115 0.6391 4620
1778673143528 0.6406 4640
1778673143938 0.6367 4660
1778673144343 0.647 4680
1778673144757 0.6418 4700
1778673145168 0.6364 4720
1778673145572 0.6383 4740
