1777568158595 1.1212226152420044 20
1777568162365 2.597602605819702 40
1777568166184 1.0264590978622437 60
1777568169937 2.5029258728027344 80
1777568173764 2.018031358718872 100
1777568177483 2.1715219020843506 120
1777568181223 1.6815427541732788 140
1777568184967 1.39226233959198 160
1777568188698 1.2234889268875122 180
1777568192418 2.803938388824463 200
1777568196121 0.866880476474762 220
1777568199858 0.8937177062034607 240
1777568212466 1.0412039756774902 260
1777568216254 1.0385656356811523 280
1777568220006 2.1842706203460693 300
1777568223740 1.5663197040557861 320
1777568227488 1.6111228466033936 340
1777568231239 1.0555601119995117 360
1777568234983 1.9286340475082397 380
1777568238743 1.5639265775680542 400
1777568242472 1.2994972467422485 420
1777568246205 1.6220982074737549 440
1777568249950 1.2026174068450928 460
1777568253702 1.8530701398849487 480
1777568257442 2.149921417236328 500
1777568270172 2.563176155090332 520
1777568273939 1.0596383810043335 540
1777568277677 1.0589679479599 560
1777568281431 1.3579052686691284 580
1777568285189 3.6870810985565186 600
1777568288932 1.0807616710662842 620
1777568292665 2.003504753112793 640
1777568296397 0.6896056532859802 660
1777568300125 1.2552106380462646 680
1777568303873 1.414693832397461 700
1777568307610 0.9751761555671692 720
1777568311351 0.9996745586395264 740
1777568324203 1.3149815797805786 760
1777568327947 1.2960944175720215 780
1777568331739 1.5810050964355469 800
1777568335483 1.6685439348220825 820
1777568339229 1.7053134441375732 840
1777568342978 1.1631314754486084 860
1777568346703 0.9723790884017944 880
1777568350452 1.0622698068618774 900
1777568354178 1.1252937316894531 920
1777568357927 0.9858298897743225 940
1777568361693 2.1394758224487305 960
1777568365419 1.0299233198165894 980
1777568369158 1.5337529182434082 1000
1777568382069 1.211622714996338 1020
1777568385814 2.8171494007110596 1040
1777568389557 2.43359112739563 1060
1777568393329 1.0893640518188477 1080
1777568397089 1.84138023853302 1100
1777568400856 1.4921224117279053 1120
1777568404610 1.1966445446014404 1140
1777568408370 0.7730185985565186 1160
1777568412147 1.2661594152450562 1180
1777568415933 1.1960691213607788 1200
1777568419688 1.1400988101959229 1220
1777568423506 1.5738002061843872 1240
1777568436543 1.7380313873291016 1260
1777568440296 0.958548903465271 1280
1777568444053 0.8414948582649231 1300
1777568447806 1.7964447736740112 1320
1777568451570 1.1462156772613525 1340
1777568455341 2.1205615997314453 1360
1777568459100 0.6950253844261169 1380
1777568462857 1.2328039407730103 1400
1777568466628 1.3600881099700928 1420
1777568470407 2.044466733932495 1440
1777568474161 2.390883445739746 1460
1777568477914 2.7633328437805176 1480
1777568481687 0.8034321665763855 1500
1777568494727 0.8523858189582825 1520
1777568498515 2.0280208587646484 1540
1777568502288 2.817488431930542 1560
1777568506053 0.978300929069519 1580
1777568509826 1.7667620182037354 1600
1777568513592 1.3535116910934448 1620
1777568517346 1.4515234231948853 1640
1777568521108 2.5347654819488525 1660
1777568524861 1.4675836563110352 1680
1777568528653 0.8875809907913208 1700
1777568532424 2.1266512870788574 1720
1777568536194 1.8905913829803467 1740
1777568549295 1.5368008613586426 1760
1777568553072 1.9232072830200195 1780
1777568556847 1.4006832838058472 1800
1777568560621 2.572012424468994 1820
1777568564374 2.39050555229187 1840
1777568568167 1.5227969884872437 1860
1777568571955 2.871080160140991 1880
1777568575730 1.3525439500808716 1900
1777568579510 1.8408854007720947 1920
1777568583269 1.1458650827407837 1940
1777568587042 1.3467772006988525 1960
1777568590818 1.1668239831924438 1980
1777568594594 1.2560522556304932 2000
1777568607666 1.073256254196167 2020
1777568611431 1.4754459857940674 2040
1777568615205 1.3927414417266846 2060
1777568618979 1.2900961637496948 2080
1777568622801 1.2867103815078735 2100
1777568626570 1.6745750904083252 2120
1777568630332 0.8283035755157471 2140
1777568634123 1.0245894193649292 2160
1777568637919 1.1677101850509644 2180
