1777568158595 3.8e-05 20
1777568162365 7.800000000000001e-05 40
1777568166184 9.982948086396363e-05 60
1777568169937 9.945054945054946e-05 80
1777568173764 9.907161803713528e-05 100
1777568177483 9.86926866237211e-05 120
1777568181223 9.831375521030693e-05 140
1777568184967 9.793482379689278e-05 160
1777568188698 9.755589238347859e-05 180
1777568192418 9.717696097006442e-05 200
1777568196121 9.679802955665025e-05 220
1777568199858 9.641909814323608e-05 240
1777568212466 9.60401667298219e-05 260
1777568216254 9.566123531640774e-05 280
1777568220006 9.528230390299356e-05 300
1777568223740 9.490337248957939e-05 320
1777568227488 9.452444107616522e-05 340
1777568231239 9.414550966275104e-05 360
1777568234983 9.376657824933688e-05 380
1777568238743 9.33876468359227e-05 400
1777568242472 9.300871542250854e-05 420
1777568246205 9.262978400909435e-05 440
1777568249950 9.225085259568018e-05 460
1777568253702 9.187192118226602e-05 480
1777568257442 9.149298976885185e-05 500
1777568270172 9.111405835543766e-05 520
1777568273939 9.07351269420235e-05 540
1777568277677 9.035619552860932e-05 560
1777568281431 8.997726411519516e-05 580
1777568285189 8.959833270178098e-05 600
1777568288932 8.921940128836681e-05 620
1777568292665 8.884046987495264e-05 640
1777568296397 8.846153846153847e-05 660
1777568300125 8.80826070481243e-05 680
1777568303873 8.770367563471012e-05 700
1777568307610 8.732474422129595e-05 720
1777568311351 8.694581280788178e-05 740
1777568324203 8.656688139446761e-05 760
1777568327947 8.618794998105342e-05 780
1777568331739 8.580901856763927e-05 800
1777568335483 8.54300871542251e-05 820
1777568339229 8.505115574081092e-05 840
1777568342978 8.467222432739674e-05 860
1777568346703 8.429329291398257e-05 880
1777568350452 8.391436150056841e-05 900
1777568354178 8.353543008715424e-05 920
1777568357927 8.315649867374005e-05 940
1777568361693 8.277756726032588e-05 960
1777568365419 8.239863584691171e-05 980
1777568369158 8.201970443349755e-05 1000
1777568382069 8.164077302008337e-05 1020
1777568385814 8.12618416066692e-05 1040
1777568389557 8.088291019325502e-05 1060
1777568393329 8.050397877984085e-05 1080
1777568397089 8.012504736642668e-05 1100
1777568400856 7.974611595301251e-05 1120
1777568404610 7.936718453959834e-05 1140
1777568408370 7.898825312618417e-05 1160
1777568412147 7.860932171277e-05 1180
1777568415933 7.823039029935581e-05 1200
1777568419688 7.785145888594165e-05 1220
1777568423506 7.747252747252748e-05 1240
1777568436543 7.709359605911331e-05 1260
1777568440296 7.671466464569913e-05 1280
1777568444053 7.633573323228495e-05 1300
1777568447806 7.59568018188708e-05 1320
1777568451570 7.557787040545662e-05 1340
1777568455341 7.519893899204244e-05 1360
1777568459100 7.482000757862827e-05 1380
1777568462857 7.44410761652141e-05 1400
1777568466628 7.406214475179993e-05 1420
1777568470407 7.368321333838575e-05 1440
1777568474161 7.330428192497158e-05 1460
1777568477914 7.292535051155741e-05 1480
1777568481687 7.254641909814324e-05 1500
1777568494727 7.216748768472907e-05 1520
1777568498515 7.17885562713149e-05 1540
1777568502288 7.140962485790073e-05 1560
1777568506053 7.103069344448655e-05 1580
1777568509826 7.065176203107238e-05 1600
1777568513592 7.02728306176582e-05 1620
1777568517346 6.989389920424404e-05 1640
1777568521108 6.951496779082987e-05 1660
1777568524861 6.91360363774157e-05 1680
1777568528653 6.875710496400151e-05 1700
1777568532424 6.837817355058734e-05 1720
1777568536194 6.799924213717318e-05 1740
1777568549295 6.762031072375901e-05 1760
1777568553072 6.724137931034483e-05 1780
1777568556847 6.686244789693066e-05 1800
1777568560621 6.648351648351648e-05 1820
1777568564374 6.610458507010231e-05 1840
1777568568167 6.572565365668814e-05 1860
1777568571955 6.534672224327397e-05 1880
1777568575730 6.49677908298598e-05 1900
1777568579510 6.458885941644563e-05 1920
1777568583269 6.420992800303146e-05 1940
1777568587042 6.383099658961728e-05 1960
1777568590818 6.345206517620311e-05 1980
1777568594594 6.307313376278894e-05 2000
1777568607666 6.269420234937477e-05 2020
1777568611431 6.231527093596059e-05 2040
1777568615205 6.193633952254643e-05 2060
1777568618979 6.155740810913226e-05 2080
1777568622801 6.117847669571809e-05 2100
1777568626570 6.079954528230391e-05 2120
1777568630332 6.042061386888973e-05 2140
1777568634123 6.004168245547556e-05 2160
1777568637919 5.966275104206139e-05 2180
