1778898864351 0.01948368241597662 20
1778898870815 0.03896736483195324 40
1778898877284 0.058451047247929856 60
1778898883758 0.07793472966390648 80
1778898890231 0.0974184120798831 100
1778898896704 0.11690209449585971 120
1778898903179 0.13638577691183634 140
1778898909653 0.15586945932781296 160
1778898916126 0.17535314174378958 180
1778898922600 0.1948368241597662 200
1778898929075 0.2143205065757428 220
1778898935553 0.23380418899171942 240
1778898979449 0.24354603019970775 250
1778898984725 0.25328787140769604 260
1778898991197 0.2727715538236727 280
1778898997670 0.2922552362396493 300
1778899004143 0.3117389186556259 320
1778899010615 0.3312226010716025 340
1778899017088 0.35070628348757915 360
1778899023560 0.3701899659035558 380
1778899030031 0.3896736483195324 400
1778899036504 0.40915733073550903 420
1778899042977 0.4286410131514856 440
1778899049448 0.44812469556746226 460
1778899055925 0.46760837798343885 480
1778899062397 0.4870920603994155 500
1778899103060 0.4870920603994155 500
1778899110844 0.5065757428153921 520
1778899117315 0.5260594252313687 540
1778899123782 0.5455431076473454 560
1778899130250 0.565026790063322 580
1778899136719 0.5845104724792985 600
1778899143188 0.6039941548952752 620
1778899149655 0.6234778373112518 640
1778899156123 0.6429615197272285 660
1778899162594 0.662445202143205 680
1778899169061 0.6819288845591817 700
1778899175531 0.7014125669751583 720
1778899181999 0.720896249391135 740
1778899225863 0.7306380905991232 750
1778899230689 0.7403799318071116 760
1778899237164 0.7598636142230881 780
1778899243636 0.7793472966390648 800
1778899250109 0.7988309790550414 820
1778899256581 0.8183146614710181 840
1778899263054 0.8377983438869946 860
1778899269527 0.8572820263029712 880
1778899275999 0.8767657087189479 900
1778899282472 0.8962493911349245 920
1778899288945 0.9157330735509012 940
1778899295418 0.9352167559668777 960
1778899301891 0.9547004383828543 980
1778899308365 0.974184120798831 1000
1778899349018 0.974184120798831 1000
1778899357026 0.9936678032148076 1020
1778899363322 1.0126643935703847 1040
1778899369791 1.0321480759863615 1060
1778899376258 1.051631758402338 1080
1778899382727 1.0711154408183146 1100
1778899389196 1.0905991232342913 1120
1778899395665 1.1100828056502678 1140
1778899402134 1.1295664880662446 1160
1778899408602 1.1490501704822211 1180
1778899415071 1.1685338528981977 1200
1778899421540 1.1880175353141744 1220
1778899428010 1.207501217730151 1240
1778899471876 1.2172430589381393 1250
1778899476698 1.2269849001461277 1260
1778899483165 1.2464685825621042 1280
1778899489629 1.2659522649780808 1300
1778899496094 1.2854359473940575 1320
1778899502558 1.304919629810034 1340
1778899509023 1.3244033122260106 1360
1778899515487 1.3438869946419874 1380
1778899521951 1.3633706770579639 1400
1778899528416 1.3828543594739406 1420
1778899534879 1.4023380418899172 1440
1778899541344 1.421821724305894 1460
1778899547808 1.4413054067218705 1480
1778899554273 1.460789089137847 1500
1778899594867 1.460789089137847 1500
1778899602873 1.4802727715538238 1520
1778899609340 1.4997564539698003 1540
1778899615805 1.5192401363857768 1560
1778899622270 1.5387238188017536 1580
1778899628734 1.55820750121773 1600
1778899635203 1.5776911836337066 1620
1778899641677 1.5971748660496834 1640
1778899648151 1.6166585484656602 1660
1778899654624 1.6361422308816367 1680
1778899661098 1.6556259132976132 1700
1778899667573 1.67510959571359 1720
1778899674048 1.6945932781295665 1740
1778899717947 1.7043351193375549 1750
1778899722769 1.714076960545543 1760
1778899729236 1.7335606429615198 1780
1778899735709 1.7530443253774963 1800
1778899742182 1.7725280077934729 1820
1778899748658 1.7920116902094496 1840
1778899755132 1.8114953726254264 1860
1778899761606 1.8309790550414027 1880
1778899768080 1.8504627374573794 1900
1778899774553 1.8699464198733562 1920
1778899781027 1.8894301022893327 1940
1778899787501 1.9089137847053093 1960
1778899793974 1.928397467121286 1980
1778899800448 1.9478811495372625 2000
1778899841110 1.9478811495372625 2000
1778899849115 1.967364831953239 2020
1778899855590 1.9868485143692158 2040
1778899861887 2.005845104724793 2060
1778899868361 2.0253287871407695 2080
1778899874835 2.0448124695567462 2100
1778899881309 2.064296151972723 2120
1778899887783 2.0837798343886993 2140
1778899894257 2.103263516804676 2160
1778899900733 2.122747199220653 2180
1778899907211 2.142230881636629 2200
1778899913686 2.161714564052606 2220
1778899920160 2.1811982464685826 2240
1778899964073 2.190940087676571 2250
1778899968899 2.2006819288845594 2260
1778899975377 2.2201656113005357 2280
1778899981852 2.2396492937165124 2300
1778899988330 2.259132976132489 2320
1778899994805 2.2786166585484655 2340
1778900001280 2.2981003409644423 2360
1778900007754 2.317584023380419 2380
1778900014229 2.3370677057963953 2400
1778900020703 2.356551388212372 2420
1778900027178 2.376035070628349 2440
1778900033653 2.3955187530443256 2460
1778900040129 2.415002435460302 2480
1778900046603 2.4344861178762787 2500
1778900087281 2.4344861178762787 2500
1778900095301 2.4539698002922554 2520
1778900101778 2.4734534827082317 2540
1778900108252 2.4929371651242085 2560
1778900114727 2.5124208475401852 2580
1778900121203 2.5319045299561616 2600
1778900127679 2.5513882123721383 2620
1778900134155 2.570871894788115 2640
1778900140630 2.5903555772040914 2660
1778900147107 2.609839259620068 2680
1778900153582 2.629322942036045 2700
1778900160058 2.648806624452021 2720
1778900166534 2.668290306867998 2740
1778900210440 2.678032148075986 2750
1778900215267 2.6877739892839747 2760
1778900221746 2.707257671699951 2780
1778900228222 2.7267413541159278 2800
1778900234697 2.7462250365319045 2820
1778900241173 2.7657087189478813 2840
1778900247647 2.785192401363858 2860
1778900254123 2.8046760837798344 2880
1778900260598 2.824159766195811 2900
1778900267073 2.843643448611788 2920
1778900273550 2.863127131027764 2940
1778900280024 2.882610813443741 2960
1778900286499 2.9020944958597177 2980
1778900292974 2.921578178275694 3000
1778900333633 2.921578178275694 3000
1778900341646 2.9410618606916707 3020
1778900348117 2.9605455431076475 3040
1778900354585 2.980029225523624 3060
1778900361054 2.9995129079396006 3080
1778900367342 3.018509498295178 3100
1778900373811 3.037993180711154 3120
1778900380279 3.057476863127131 3140
1778900386747 3.0769605455431077 3160
1778900393216 3.0964442279590845 3180
1778900399684 3.115927910375061 3200
1778900406156 3.1354115927910375 3220
1778900412624 3.1548952752070143 3240
1778900456489 3.1646371164150024 3250
1778900461310 3.1743789576229906 3260
1778900467780 3.1938626400389674 3280
1778900474249 3.213346322454944 3300
1778900480717 3.2328300048709204 3320
1778900487184 3.252313687286897 3340
1778900493651 3.271797369702874 3360
1778900500121 3.2912810521188502 3380
1778900506589 3.310764734534827 3400
1778900513060 3.3302484169508038 3420
1778900519530 3.3497320993667805 3440
1778900525997 3.369215781782757 3460
1778900532464 3.3886994641987336 3480
1778900538932 3.4081831466147103 3500
1778900579556 3.4081831466147103 3500
1778900587566 3.4276668290306866 3520
1778900594034 3.4471505114466634 3540
1778900600499 3.46663419386264 3560
1778900606963 3.4861178762786165 3580
1778900613427 3.5056015586945932 3600
1778900619893 3.52508524111057 3620
1778900626357 3.5445689235265467 3640
1778900632820 3.564052605942523 3660
1778900639284 3.5835362883585 3680
1778900645748 3.6030199707744766 3700
1778900652212 3.622503653190453 3720
1778900658676 3.6419873356064296 3740
1778900702514 3.6517291768144178 3750
1778900707336 3.6614710180224064 3760
1778900713806 3.6809547004383827 3780
1778900720270 3.7004383828543594 3800
1778900726735 3.719922065270336 3820
1778900733199 3.7394057476863125 3840
1778900739664 3.7588894301022893 3860
1778900746127 3.778373112518266 3880
1778900752591 3.7978567949342423 3900
1778900759055 3.817340477350219 3920
1778900765519 3.836824159766196 3940
1778900771984 3.8563078421821726 3960
1778900778448 3.875791524598149 3980
1778900784913 3.8952752070141257 4000
1778900825505 3.8952752070141257 4000
1778900833508 3.9147588894301024 4020
1778900839975 3.934242571846079 4040
1778900846439 3.9537262542620555 4060
1778900852902 3.9732099366780322 4080
1778900859367 3.992693619094009 4100
1778900865653 4.011690209449586 4120
1778900872117 4.031173891865563 4140
1778900878581 4.050657574281539 4160
1778900885045 4.070141256697516 4180
1778900891519 4.0896249391134925 4200
1778900897992 4.109108621529469 4220
1778900904466 4.128592303945446 4240
1778900948355 4.138334145153434 4250
1778900953174 4.148075986361422 4260
1778900959641 4.167559668777399 4280
1778900966108 4.187043351193376 4300
1778900972574 4.206527033609352 4320
1778900979037 4.226010716025328 4340
1778900985509 4.245494398441306 4360
1778900991982 4.264978080857282 4380
1778900998456 4.284461763273258 4400
1778901004932 4.303945445689235 4420
1778901011407 4.323429128105212 4440
1778901017883 4.342912810521188 4460
1778901024357 4.362396492937165 4480
1778901030832 4.381880175353142 4500
1778901071503 4.381880175353142 4500
1778901079518 4.401363857769119 4520
1778901085995 4.420847540185095 4540
1778901092470 4.440331222601071 4560
1778901098943 4.459814905017049 4580
1778901105417 4.479298587433025 4600
1778901111892 4.498782269849001 4620
1778901118365 4.518265952264978 4640
1778901124839 4.537749634680955 4660
1778901131313 4.557233317096931 4680
1778901137787 4.576716999512908 4700
1778901144261 4.5962006819288845 4720
1778901150735 4.615684364344861 4740
1778901194638 4.6254262055528494 4750
1778901199462 4.635168046760838 4760
1778901205938 4.654651729176814 4780
1778901212411 4.674135411592791 4800
1778901218887 4.693619094008768 4820
1778901225362 4.713102776424744 4840
1778901231837 4.732586458840721 4860
1778901238312 4.752070141256698 4880
1778901244787 4.771553823672674 4900
1778901251262 4.791037506088651 4920
1778901257736 4.8105211885046275 4940
1778901264210 4.830004870920604 4960
1778901270685 4.849488553336581 4980
1778901277161 4.868972235752557 5000
1778901317820 4.868972235752557 5000
1778901325834 4.888455918168534 5020
1778901332308 4.907939600584511 5040
1778901338781 4.927423283000487 5060
1778901345255 4.9469069654164635 5080
1778901351729 4.966390647832441 5100
1778901358203 4.985874330248417 5120
1778901403530 5.0 5135
1778901405118 5.0 5135
1778901447047 5.0 5135
1778901497843 5.0 5135
1778901550776 5.0 0
