1778898864351 3.8e-05 20
1778898870815 7.800000000000001e-05 40
1778898877284 9.982300884955753e-05 60
1778898883758 9.942969518190758e-05 80
1778898890231 9.903638151425762e-05 100
1778898896704 9.864306784660767e-05 120
1778898903179 9.824975417895772e-05 140
1778898909653 9.785644051130776e-05 160
1778898916126 9.746312684365782e-05 180
1778898922600 9.706981317600787e-05 200
1778898929075 9.667649950835792e-05 220
1778898935553 9.628318584070796e-05 240
1778898984725 9.588987217305802e-05 260
1778898991197 9.549655850540807e-05 280
1778898997670 9.510324483775811e-05 300
1778899004143 9.470993117010817e-05 320
1778899010615 9.431661750245822e-05 340
1778899017088 9.392330383480827e-05 360
1778899023560 9.352999016715831e-05 380
1778899030031 9.313667649950836e-05 400
1778899036504 9.274336283185842e-05 420
1778899042977 9.235004916420847e-05 440
1778899049448 9.195673549655851e-05 460
1778899055925 9.156342182890856e-05 480
1778899062397 9.11701081612586e-05 500
1778899110844 9.077679449360865e-05 520
1778899117315 9.038348082595871e-05 540
1778899123782 8.999016715830876e-05 560
1778899130250 8.95968534906588e-05 580
1778899136719 8.920353982300885e-05 600
1778899143188 8.88102261553589e-05 620
1778899149655 8.841691248770894e-05 640
1778899156123 8.8023598820059e-05 660
1778899162594 8.763028515240905e-05 680
1778899169061 8.72369714847591e-05 700
1778899175531 8.684365781710914e-05 720
1778899181999 8.645034414945919e-05 740
1778899230689 8.605703048180925e-05 760
1778899237164 8.56637168141593e-05 780
1778899243636 8.527040314650934e-05 800
1778899250109 8.48770894788594e-05 820
1778899256581 8.448377581120945e-05 840
1778899263054 8.40904621435595e-05 860
1778899269527 8.369714847590954e-05 880
1778899275999 8.33038348082596e-05 900
1778899282472 8.291052114060965e-05 920
1778899288945 8.25172074729597e-05 940
1778899295418 8.212389380530974e-05 960
1778899301891 8.173058013765979e-05 980
1778899308365 8.133726647000983e-05 1000
1778899357026 8.094395280235989e-05 1020
1778899363322 8.055063913470994e-05 1040
1778899369791 8.015732546705999e-05 1060
1778899376258 7.976401179941003e-05 1080
1778899382727 7.937069813176008e-05 1100
1778899389196 7.897738446411012e-05 1120
1778899395665 7.858407079646018e-05 1140
1778899402134 7.819075712881023e-05 1160
1778899408602 7.779744346116028e-05 1180
1778899415071 7.740412979351032e-05 1200
1778899421540 7.701081612586037e-05 1220
1778899428010 7.661750245821042e-05 1240
1778899476698 7.622418879056048e-05 1260
1778899483165 7.583087512291052e-05 1280
1778899489629 7.543756145526057e-05 1300
1778899496094 7.504424778761062e-05 1320
1778899502558 7.465093411996068e-05 1340
1778899509023 7.425762045231072e-05 1360
1778899515487 7.386430678466078e-05 1380
1778899521951 7.347099311701083e-05 1400
1778899528416 7.307767944936087e-05 1420
1778899534879 7.268436578171092e-05 1440
1778899541344 7.229105211406097e-05 1460
1778899547808 7.189773844641101e-05 1480
1778899554273 7.150442477876107e-05 1500
1778899602873 7.111111111111112e-05 1520
1778899609340 7.071779744346117e-05 1540
1778899615805 7.032448377581121e-05 1560
1778899622270 6.993117010816126e-05 1580
1778899628734 6.95378564405113e-05 1600
1778899635203 6.914454277286137e-05 1620
1778899641677 6.875122910521141e-05 1640
1778899648151 6.835791543756146e-05 1660
1778899654624 6.79646017699115e-05 1680
1778899661098 6.757128810226155e-05 1700
1778899667573 6.71779744346116e-05 1720
1778899674048 6.678466076696166e-05 1740
1778899722769 6.63913470993117e-05 1760
1778899729236 6.599803343166175e-05 1780
1778899735709 6.56047197640118e-05 1800
1778899742182 6.521140609636184e-05 1820
1778899748658 6.48180924287119e-05 1840
1778899755132 6.442477876106195e-05 1860
1778899761606 6.4031465093412e-05 1880
1778899768080 6.363815142576206e-05 1900
1778899774553 6.32448377581121e-05 1920
1778899781027 6.285152409046215e-05 1940
1778899787501 6.24582104228122e-05 1960
1778899793974 6.206489675516225e-05 1980
1778899800448 6.16715830875123e-05 2000
1778899849115 6.127826941986235e-05 2020
1778899855590 6.0884955752212394e-05 2040
1778899861887 6.049164208456244e-05 2060
1778899868361 6.0098328416912487e-05 2080
1778899874835 5.9705014749262546e-05 2100
1778899881309 5.931170108161259e-05 2120
1778899887783 5.891838741396264e-05 2140
1778899894257 5.8525073746312686e-05 2160
1778899900733 5.813176007866273e-05 2180
1778899907211 5.773844641101278e-05 2200
1778899913686 5.734513274336284e-05 2220
1778899920160 5.6951819075712885e-05 2240
1778899968899 5.655850540806293e-05 2260
1778899975377 5.6165191740412984e-05 2280
1778899981852 5.577187807276303e-05 2300
1778899988330 5.537856440511308e-05 2320
1778899994805 5.498525073746314e-05 2340
1778900001280 5.459193706981318e-05 2360
1778900007754 5.419862340216323e-05 2380
1778900014229 5.3805309734513276e-05 2400
1778900020703 5.341199606686332e-05 2420
1778900027178 5.301868239921337e-05 2440
1778900033653 5.262536873156343e-05 2460
1778900040129 5.2232055063913475e-05 2480
1778900046603 5.183874139626352e-05 2500
1778900095301 5.144542772861357e-05 2520
1778900101778 5.105211406096362e-05 2540
1778900108252 5.065880039331367e-05 2560
1778900114727 5.026548672566372e-05 2580
1778900121203 4.987217305801377e-05 2600
1778900127679 4.947885939036382e-05 2620
1778900134155 4.908554572271387e-05 2640
1778900140630 4.869223205506391e-05 2660
1778900147107 4.8298918387413966e-05 2680
1778900153582 4.790560471976401e-05 2700
1778900160058 4.751229105211406e-05 2720
1778900166534 4.711897738446411e-05 2740
1778900215267 4.672566371681416e-05 2760
1778900221746 4.6332350049164205e-05 2780
1778900228222 4.593903638151426e-05 2800
1778900234697 4.554572271386431e-05 2820
1778900241173 4.515240904621436e-05 2840
1778900247647 4.475909537856441e-05 2860
1778900254123 4.436578171091446e-05 2880
1778900260598 4.3972468043264504e-05 2900
1778900267073 4.357915437561456e-05 2920
1778900273550 4.31858407079646e-05 2940
1778900280024 4.279252704031465e-05 2960
1778900286499 4.23992133726647e-05 2980
1778900292974 4.200589970501475e-05 3000
1778900341646 4.1612586037364795e-05 3020
1778900348117 4.121927236971485e-05 3040
1778900354585 4.0825958702064895e-05 3060
1778900361054 4.043264503441495e-05 3080
1778900367342 4.0039331366765e-05 3100
1778900373811 3.964601769911505e-05 3120
1778900380279 3.9252704031465094e-05 3140
1778900386747 3.885939036381515e-05 3160
1778900393216 3.8466076696165194e-05 3180
1778900399684 3.807276302851524e-05 3200
1778900406156 3.767944936086529e-05 3220
1778900412624 3.728613569321534e-05 3240
1778900461310 3.6892822025565386e-05 3260
1778900467780 3.649950835791544e-05 3280
1778900474249 3.6106194690265486e-05 3300
1778900480717 3.571288102261553e-05 3320
1778900487184 3.5319567354965585e-05 3340
1778900493651 3.492625368731564e-05 3360
1778900500121 3.4532940019665685e-05 3380
1778900506589 3.413962635201574e-05 3400
1778900513060 3.3746312684365784e-05 3420
1778900519530 3.335299901671583e-05 3440
1778900525997 3.2959685349065884e-05 3460
1778900532464 3.256637168141593e-05 3480
1778900538932 3.2173058013765977e-05 3500
1778900587566 3.177974434611603e-05 3520
1778900594034 3.1386430678466076e-05 3540
1778900600499 3.099311701081612e-05 3560
1778900606963 3.0599803343166176e-05 3580
1778900613427 3.0206489675516225e-05 3600
1778900619893 2.9813176007866272e-05 3620
1778900626357 2.9419862340216325e-05 3640
1778900632820 2.902654867256637e-05 3660
1778900639284 2.863323500491642e-05 3680
1778900645748 2.8239921337266474e-05 3700
1778900652212 2.784660766961652e-05 3720
1778900658676 2.7453294001966567e-05 3740
1778900707336 2.705998033431662e-05 3760
1778900713806 2.6666666666666667e-05 3780
1778900720270 2.6273352999016716e-05 3800
1778900726735 2.5880039331366766e-05 3820
1778900733199 2.5486725663716816e-05 3840
1778900739664 2.5093411996066862e-05 3860
1778900746127 2.4700098328416912e-05 3880
1778900752591 2.4306784660766962e-05 3900
1778900759055 2.391347099311701e-05 3920
1778900765519 2.352015732546706e-05 3940
1778900771984 2.312684365781711e-05 3960
1778900778448 2.273352999016716e-05 3980
1778900784913 2.2340216322517207e-05 4000
1778900833508 2.1946902654867257e-05 4020
1778900839975 2.1553588987217307e-05 4040
1778900846439 2.1160275319567353e-05 4060
1778900852902 2.0766961651917406e-05 4080
1778900859367 2.0373647984267456e-05 4100
1778900865653 1.9980334316617503e-05 4120
1778900872117 1.9587020648967552e-05 4140
1778900878581 1.9193706981317602e-05 4160
1778900885045 1.880039331366765e-05 4180
1778900891519 1.84070796460177e-05 4200
1778900897992 1.801376597836775e-05 4220
1778900904466 1.7620452310717798e-05 4240
1778900953174 1.7227138643067848e-05 4260
1778900959641 1.6833824975417897e-05 4280
1778900966108 1.6440511307767944e-05 4300
1778900972574 1.6047197640117994e-05 4320
1778900979037 1.5653883972468043e-05 4340
1778900985509 1.5260570304818093e-05 4360
1778900991982 1.4867256637168143e-05 4380
1778900998456 1.4473942969518193e-05 4400
1778901004932 1.4080629301868239e-05 4420
1778901011407 1.3687315634218289e-05 4440
1778901017883 1.329400196656834e-05 4460
1778901024357 1.2900688298918387e-05 4480
1778901030832 1.2507374631268436e-05 4500
1778901079518 1.2114060963618486e-05 4520
1778901085995 1.1720747295968536e-05 4540
1778901092470 1.1327433628318584e-05 4560
1778901098943 1.0934119960668634e-05 4580
1778901105417 1.0540806293018684e-05 4600
1778901111892 1.0147492625368732e-05 4620
1778901118365 9.75417895771878e-06 4640
1778901124839 9.360865290068831e-06 4660
1778901131313 8.96755162241888e-06 4680
1778901137787 8.574237954768927e-06 4700
1778901144261 8.180924287118979e-06 4720
1778901150735 7.787610619469027e-06 4740
1778901199462 7.394296951819076e-06 4760
1778901205938 7.000983284169126e-06 4780
1778901212411 6.607669616519175e-06 4800
1778901218887 6.2143559488692235e-06 4820
1778901225362 5.8210422812192725e-06 4840
1778901231837 5.427728613569321e-06 4860
1778901238312 5.034414945919371e-06 4880
1778901244787 4.64110127826942e-06 4900
1778901251262 4.247787610619469e-06 4920
1778901257736 3.854473942969519e-06 4940
1778901264210 3.4611602753195673e-06 4960
1778901270685 3.0678466076696167e-06 4980
1778901277161 2.6745329400196656e-06 5000
1778901325834 2.281219272369715e-06 5020
1778901332308 1.887905604719764e-06 5040
1778901338781 1.4945919370698132e-06 5060
1778901345255 1.1012782694198624e-06 5080
1778901351729 7.079646017699115e-07 5100
1778901358203 3.146509341199607e-07 5120
