1778898864351 4.3791015625 20
1778898870815 4.375079345703125 40
1778898877284 4.359405517578125 60
1778898883758 4.336602783203125 80
1778898890231 4.32901611328125 100
1778898896704 4.320635986328125 120
1778898903179 4.299905395507812 140
1778898909653 4.29349365234375 160
1778898916126 4.2586822509765625 180
1778898922600 4.23193359375 200
1778898929075 4.2430877685546875 220
1778898935553 4.2306976318359375 240
1778898984725 4.225396728515625 260
1778898991197 4.208685302734375 280
1778898997670 4.200274658203125 300
1778899004143 4.204034423828125 320
1778899010615 4.158383178710937 340
1778899017088 4.115423583984375 360
1778899023560 4.166943359375 380
1778899030031 4.145230102539062 400
1778899036504 4.14635009765625 420
1778899042977 4.117724609375 440
1778899049448 4.082156372070313 460
1778899055925 4.119717407226562 480
1778899062397 4.033779907226562 500
1778899110844 4.060894775390625 520
1778899117315 4.0682373046875 540
1778899123782 4.0328521728515625 560
1778899130250 4.020773315429688 580
1778899136719 3.9849395751953125 600
1778899143188 4.01182861328125 620
1778899149655 4.015771484375 640
1778899156123 4.007244873046875 660
1778899162594 3.999127197265625 680
1778899169061 3.9610809326171874 700
1778899175531 3.9544708251953127 720
1778899181999 3.9165863037109374 740
1778899230689 4.020437622070313 760
1778899237164 3.9655303955078125 780
1778899243636 3.9363433837890627 800
1778899250109 3.9296966552734376 820
1778899256581 3.9707275390625 840
1778899263054 3.9663467407226562 860
1778899269527 3.9788055419921875 880
1778899275999 3.9008132934570314 900
1778899282472 3.9193450927734377 920
1778899288945 3.928167724609375 940
1778899295418 3.9296051025390626 960
1778899301891 3.84609375 980
1778899308365 3.931538391113281 1000
1778899357026 3.9124374389648438 1020
1778899363322 3.820600891113281 1040
1778899369791 3.8894866943359374 1060
1778899376258 3.85780029296875 1080
1778899382727 3.8056259155273438 1100
1778899389196 3.879811096191406 1120
1778899395665 3.893756103515625 1140
1778899402134 3.829443359375 1160
1778899408602 3.844647216796875 1180
1778899415071 3.823291015625 1200
1778899421540 3.84962158203125 1220
1778899428010 3.864451599121094 1240
1778899476698 3.889384460449219 1260
1778899483165 3.795063781738281 1280
1778899489629 3.8670974731445313 1300
1778899496094 3.8846054077148438 1320
1778899502558 3.9395065307617188 1340
1778899509023 3.8276748657226562 1360
1778899515487 3.815168762207031 1380
1778899521951 3.720231628417969 1400
1778899528416 3.828192138671875 1420
1778899534879 3.8146072387695313 1440
1778899541344 3.828541564941406 1460
1778899547808 3.88836669921875 1480
1778899554273 3.9100494384765625 1500
1778899602873 3.838665771484375 1520
1778899609340 3.822882080078125 1540
1778899615805 3.8364334106445312 1560
1778899622270 3.8677627563476564 1580
1778899628734 3.7981170654296874 1600
1778899635203 3.8672744750976564 1620
1778899641677 3.8038482666015625 1640
1778899648151 3.872821044921875 1660
1778899654624 3.8417404174804686 1680
1778899661098 3.8310943603515626 1700
1778899667573 3.8189697265625 1720
1778899674048 3.751268005371094 1740
1778899722769 3.8227920532226562 1760
1778899729236 3.830949401855469 1780
1778899735709 3.8355506896972655 1800
1778899742182 3.798492431640625 1820
1778899748658 3.8607696533203124 1840
1778899755132 3.7351593017578124 1860
1778899761606 3.828477478027344 1880
1778899768080 3.8240341186523437 1900
1778899774553 3.8097991943359375 1920
1778899781027 3.828535461425781 1940
1778899787501 3.628092956542969 1960
1778899793974 3.796430969238281 1980
1778899800448 3.6501113891601564 2000
1778899849115 3.749432373046875 2020
1778899855590 3.655426788330078 2040
1778899861887 3.742206573486328 2060
1778899868361 3.8089630126953127 2080
1778899874835 3.745623779296875 2100
1778899881309 3.8013565063476564 2120
1778899887783 3.7377944946289063 2140
1778899894257 3.8674690246582033 2160
1778899900733 3.7419105529785157 2180
1778899907211 3.913777160644531 2200
1778899913686 3.764288330078125 2220
1778899920160 3.7145233154296875 2240
1778899968899 3.785758209228516 2260
1778899975377 3.7550506591796875 2280
1778899981852 3.7734771728515626 2300
1778899988330 3.759325408935547 2320
1778899994805 3.707593536376953 2340
1778900001280 3.6820472717285155 2360
1778900007754 3.636064147949219 2380
1778900014229 3.7617263793945312 2400
1778900020703 3.7414291381835936 2420
1778900027178 3.6921112060546877 2440
1778900033653 3.842207336425781 2460
1778900040129 3.720140838623047 2480
1778900046603 3.7539703369140627 2500
1778900095301 3.8361053466796875 2520
1778900101778 3.7551200866699217 2540
1778900108252 3.843572998046875 2560
1778900114727 3.7389457702636717 2580
1778900121203 3.7149368286132813 2600
1778900127679 3.7076950073242188 2620
1778900134155 3.7579444885253905 2640
1778900140630 3.683336639404297 2660
1778900147107 3.8106765747070312 2680
1778900153582 3.8305931091308594 2700
1778900160058 3.778997039794922 2720
1778900166534 3.784107971191406 2740
1778900215267 3.7478271484375 2760
1778900221746 3.694113922119141 2780
1778900228222 3.717665100097656 2800
1778900234697 3.7755882263183596 2820
1778900241173 3.7849105834960937 2840
1778900247647 3.726227569580078 2860
1778900254123 3.7282783508300783 2880
1778900260598 3.7013580322265627 2900
1778900267073 3.7095321655273437 2920
1778900273550 3.8023414611816406 2940
1778900280024 3.8387435913085937 2960
1778900286499 3.743621826171875 2980
1778900292974 3.805075454711914 3000
1778900341646 3.698708343505859 3020
1778900348117 3.7389755249023438 3040
1778900354585 3.7519493103027344 3060
1778900361054 3.620899200439453 3080
1778900367342 3.717898941040039 3100
1778900373811 3.550798797607422 3120
1778900380279 3.880518341064453 3140
1778900386747 3.851641845703125 3160
1778900393216 3.747212219238281 3180
1778900399684 3.7325981140136717 3200
1778900406156 3.723405456542969 3220
1778900412624 3.7298004150390627 3240
1778900461310 3.5709770202636717 3260
1778900467780 3.718022918701172 3280
1778900474249 3.8113677978515623 3300
1778900480717 3.76494140625 3320
1778900487184 3.7856376647949217 3340
1778900493651 3.7941818237304688 3360
1778900500121 3.8707351684570312 3380
1778900506589 3.6977935791015626 3400
1778900513060 3.8357261657714843 3420
1778900519530 3.6774024963378906 3440
1778900525997 3.7768524169921873 3460
1778900532464 3.775311279296875 3480
1778900538932 3.7909805297851564 3500
1778900587566 3.781748962402344 3520
1778900594034 3.6477142333984376 3540
1778900600499 3.724390411376953 3560
1778900606963 3.747203063964844 3580
1778900613427 3.7381988525390626 3600
1778900619893 3.590769958496094 3620
1778900626357 3.7294586181640623 3640
1778900632820 3.676593780517578 3660
1778900639284 3.7723533630371096 3680
1778900645748 3.7727867126464845 3700
1778900652212 3.6570968627929688 3720
1778900658676 3.75159912109375 3740
1778900707336 3.718092346191406 3760
1778900713806 3.71832275390625 3780
1778900720270 3.5957717895507812 3800
1778900726735 3.674420166015625 3820
1778900733199 3.916864776611328 3840
1778900739664 3.694091796875 3860
1778900746127 3.8160942077636717 3880
1778900752591 3.74808349609375 3900
1778900759055 3.7718582153320312 3920
1778900765519 3.6277397155761717 3940
1778900771984 3.6456222534179688 3960
1778900778448 3.650555419921875 3980
1778900784913 3.789298248291016 4000
1778900833508 3.6690277099609374 4020
1778900839975 3.6518936157226562 4040
1778900846439 3.7774421691894533 4060
1778900852902 3.7741493225097655 4080
1778900859367 3.6714385986328124 4100
1778900865653 3.6919540405273437 4120
1778900872117 3.6953407287597657 4140
1778900878581 3.8002273559570314 4160
1778900885045 3.6964908599853517 4180
1778900891519 3.608429718017578 4200
1778900897992 3.708731842041016 4220
1778900904466 3.702684020996094 4240
1778900953174 3.8033660888671874 4260
1778900959641 3.7289939880371095 4280
1778900966108 3.679116058349609 4300
1778900972574 3.6637451171875 4320
1778900979037 3.7033317565917967 4340
1778900985509 3.588583755493164 4360
1778900991982 3.6890113830566404 4380
1778900998456 3.7322723388671877 4400
1778901004932 3.7067947387695312 4420
1778901011407 3.7120590209960938 4440
1778901017883 3.637354278564453 4460
1778901024357 3.839373016357422 4480
1778901030832 3.712858963012695 4500
1778901079518 3.6255462646484373 4520
1778901085995 3.800725555419922 4540
1778901092470 3.7821701049804686 4560
1778901098943 3.7953773498535157 4580
1778901105417 3.684248352050781 4600
1778901111892 3.6623023986816405 4620
1778901118365 3.7757614135742186 4640
1778901124839 3.7529556274414064 4660
1778901131313 3.8944541931152346 4680
1778901137787 3.733715057373047 4700
1778901144261 3.75191650390625 4720
1778901150735 3.641374206542969 4740
1778901199462 3.560719299316406 4760
1778901205938 3.699005126953125 4780
1778901212411 3.6597900390625 4800
1778901218887 3.738752746582031 4820
1778901225362 3.5196693420410154 4840
1778901231837 3.755512237548828 4860
1778901238312 3.856517791748047 4880
1778901244787 3.7405776977539062 4900
1778901251262 3.8098968505859374 4920
1778901257736 3.6890182495117188 4940
1778901264210 3.7716827392578125 4960
1778901270685 3.922425079345703 4980
1778901277161 3.7737213134765626 5000
1778901325834 3.843733215332031 5020
1778901332308 3.7421005249023436 5040
1778901338781 3.7526283264160156 5060
1778901345255 3.5435386657714845 5080
1778901351729 3.7715995788574217 5100
1778901358203 3.6602218627929686 5120
