1778760212717 1.178085446357727 20
1778760213367 1.5268220901489258 40
1778760214017 0.8754538297653198 60
1778760214668 1.580060362815857 80
1778760215319 0.9825332164764404 100
1778760215970 1.1791609525680542 120
1778760216622 1.568394660949707 140
1778760217273 1.4611783027648926 160
1778760217924 1.960057020187378 180
1778760218576 2.957002639770508 200
1778760219227 1.0265076160430908 220
1778760219879 1.5877258777618408 240
1778760226415 1.4073916673660278 260
1778760227067 1.2765800952911377 280
1778760227718 1.463655948638916 300
1778760228369 1.4585137367248535 320
1778760229021 1.3814672231674194 340
1778760229673 1.6475825309753418 360
1778760230324 1.3466624021530151 380
1778760230975 1.179322600364685 400
1778760231626 1.6121528148651123 420
1778760232277 1.4908816814422607 440
1778760232928 1.1784740686416626 460
1778760233579 2.4477899074554443 480
1778760234231 1.5242185592651367 500
1778760240827 1.1331433057785034 520
1778760241478 1.036500096321106 540
1778760242129 1.3603391647338867 560
1778760242781 1.153111457824707 580
1778760243433 2.1160542964935303 600
1778760244084 1.269713044166565 620
1778760244735 1.909798264503479 640
1778760245386 1.0742181539535522 660
1778760246037 0.9728739261627197 680
1778760246688 2.0212948322296143 700
1778760247341 1.32207453250885 720
1778760247993 1.20484459400177 740
1778760254558 0.9526948928833008 760
1778760255211 1.0239393711090088 780
1778760255864 2.602189064025879 800
1778760256516 1.7189059257507324 820
1778760257167 1.7361863851547241 840
1778760257818 1.3459659814834595 860
1778760258470 1.7095599174499512 880
1778760259121 1.7720742225646973 900
1778760259772 1.0585898160934448 920
1778760260423 0.9815117120742798 940
1778760261075 0.9431060552597046 960
1778760261726 2.299907922744751 980
1778760262377 1.3273168802261353 1000
1778760268979 1.038292407989502 1020
1778760269623 1.073102593421936 1040
1778760270274 0.9622687697410583 1060
1778760270925 2.785320520401001 1080
1778760271576 1.576675534248352 1100
1778760272227 0.9471815824508667 1120
1778760272878 1.6134697198867798 1140
1778760273530 1.526633620262146 1160
1778760274181 1.3622586727142334 1180
1778760274832 1.0290136337280273 1200
1778760275484 1.6571311950683594 1220
1778760276135 2.2802164554595947 1240
1778760282732 1.146302342414856 1260
1778760283383 1.2358189821243286 1280
1778760284035 0.9004989862442017 1300
1778760284687 1.2607944011688232 1320
1778760285338 1.2344874143600464 1340
1778760285990 1.7418251037597656 1360
1778760286641 1.5734608173370361 1380
1778760287292 1.038245439529419 1400
1778760287943 0.9833675622940063 1420
1778760288594 1.0370062589645386 1440
1778760289245 1.6900134086608887 1460
1778760289896 1.143154501914978 1480
1778760290548 1.1257529258728027 1500
1778760297103 1.339644432067871 1520
1778760297755 1.202522873878479 1540
1778760298406 1.8706188201904297 1560
1778760299058 1.81891930103302 1580
1778760299710 1.6021121740341187 1600
1778760300363 1.4362475872039795 1620
1778760301015 0.9664958119392395 1640
1778760301667 1.3667690753936768 1660
1778760302319 1.0124261379241943 1680
1778760302971 1.794373631477356 1700
1778760303623 1.746253252029419 1720
1778760304275 1.213977336883545 1740
1778760310627 1.7313814163208008 1760
1778760311279 1.6571685075759888 1780
1778760311930 1.9202265739440918 1800
1778760312581 1.0972553491592407 1820
1778760313232 2.2383415699005127 1840
1778760313883 1.4667569398880005 1860
1778760314534 1.7929662466049194 1880
1778760315185 1.2210338115692139 1900
1778760315836 1.8260207176208496 1920
1778760316487 1.0701664686203003 1940
1778760317138 1.0797852277755737 1960
1778760317790 1.300861120223999 1980
1778760318441 2.197507858276367 2000
1778760325042 1.0391513109207153 2020
1778760325693 1.28135085105896 2040
1778760326334 0.9440708756446838 2060
1778760326987 1.5832620859146118 2080
1778760327639 1.365843653678894 2100
1778760328290 1.1671174764633179 2120
1778760328942 1.2146707773208618 2140
1778760329593 0.952491819858551 2160
1778760330245 1.124939203262329 2180
1778760330896 1.12727952003479 2200
1778760331546 1.219079613685608 2220
1778760332198 0.9890109896659851 2240
1778760338799 1.4668724536895752 2260
1778760339450 1.0677595138549805 2280
1778760340101 2.320580244064331 2300
1778760340752 0.9507984519004822 2320
1778760341403 0.9414008259773254 2340
1778760342055 1.2847979068756104 2360
1778760342706 0.9380266070365906 2380
1778760343357 1.679750680923462 2400
1778760344009 1.2808982133865356 2420
1778760344660 2.110248327255249 2440
1778760345311 1.1171406507492065 2460
1778760345962 1.6093698740005493 2480
1778760346614 1.4222904443740845 2500
1778760353207 1.1929621696472168 2520
1778760353858 2.09255051612854 2540
1778760354510 1.3681179285049438 2560
1778760355161 1.0315840244293213 2580
1778760355812 1.2619730234146118 2600
1778760356463 1.4895577430725098 2620
1778760357115 2.0974321365356445 2640
1778760357766 0.9959443807601929 2660
1778760358417 1.0184648036956787 2680
1778760359068 1.6738433837890625 2700
1778760359720 1.321610450744629 2720
1778760360371 0.9931289553642273 2740
1778760366954 2.0291988849639893 2760
1778760367605 1.6926231384277344 2780
1778760368257 1.1171350479125977 2800
1778760368908 1.4665037393569946 2820
1778760369560 1.9821875095367432 2840
1778760370211 1.5157396793365479 2860
1778760370862 1.6812565326690674 2880
1778760371513 1.1819645166397095 2900
1778760372163 0.9913111329078674 2920
1778760372815 1.6880475282669067 2940
1778760373466 1.1269224882125854 2960
1778760374117 2.0403382778167725 2980
1778760374768 1.5772731304168701 3000
1778760381358 1.0271754264831543 3020
1778760382010 1.3553366661071777 3040
1778760382662 1.138792634010315 3060
1778760383314 1.6300630569458008 3080
1778760383954 0.9529228210449219 3100
1778760384606 1.1724539995193481 3120
1778760385257 1.446038007736206 3140
1778760385909 1.0477805137634277 3160
1778760386560 1.7381504774093628 3180
1778760387211 1.0763674974441528 3200
1778760387862 1.4082930088043213 3220
1778760388513 2.023235559463501 3240
1778760395106 1.9413460493087769 3260
1778760395758 1.4261703491210938 3280
1778760396409 1.6756266355514526 3300
1778760397061 1.2208890914916992 3320
1778760397712 1.4331223964691162 3340
1778760398364 2.804445743560791 3360
1778760399015 1.5657232999801636 3380
1778760399667 1.7404162883758545 3400
1778760400320 1.551350474357605 3420
1778760400972 1.4667046070098877 3440
1778760401624 1.1206433773040771 3460
1778760402276 1.4539098739624023 3480
1778760402928 2.184512138366699 3500
1778760409675 1.0172840356826782 3520
1778760410326 1.8501172065734863 3540
1778760410978 1.9713431596755981 3560
1778760411630 1.7162853479385376 3580
1778760412282 1.4507849216461182 3600
1778760412934 1.0449925661087036 3620
1778760413585 1.0587644577026367 3640
1778760414236 1.1891613006591797 3660
1778760414888 1.6350871324539185 3680
1778760415539 1.265053391456604 3700
1778760416191 1.477075219154358 3720
1778760416842 1.040095329284668 3740
1778760423183 1.5325647592544556 3760
1778760423835 1.1311900615692139 3780
1778760424487 1.0771596431732178 3800
1778760425138 1.0335471630096436 3820
1778760425790 2.269965410232544 3840
1778760426442 1.9086798429489136 3860
1778760427094 0.9658941626548767 3880
1778760427747 1.3705285787582397 3900
1778760428399 2.093019485473633 3920
1778760429051 1.775715708732605 3940
1778760429704 1.9962432384490967 3960
1778760430356 1.5962328910827637 3980
1778760431009 1.1921285390853882 4000
1778760437622 1.1368027925491333 4020
1778760438273 1.5434825420379639 4040
1778760438925 1.0788540840148926 4060
1778760439576 1.0109333992004395 4080
1778760440228 1.4393281936645508 4100
1778760440872 1.3579585552215576 4120
1778760441523 0.9873042106628418 4140
1778760442177 1.7717630863189697 4160
1778760442829 1.362075924873352 4180
1778760443480 1.1074268817901611 4200
1778760444132 1.2604889869689941 4220
1778760444783 1.0176324844360352 4240
1778760451326 1.5116126537322998 4260
1778760451977 1.5893070697784424 4280
1778760452628 0.9529054760932922 4300
1778760453280 1.597119927406311 4320
1778760453931 0.9736135601997375 4340
1778760454583 1.6362779140472412 4360
1778760455234 1.3757104873657227 4380
1778760455885 1.2537099123001099 4400
1778760456537 2.031909465789795 4420
1778760457189 1.431033968925476 4440
1778760457841 0.9503738284111023 4460
1778760458493 0.89765465259552 4480
1778760459145 1.0704110860824585 4500
1778760465753 1.008059024810791 4520
1778760466404 1.1294913291931152 4540
1778760467055 1.4916492700576782 4560
1778760467706 1.4947773218154907 4580
1778760468358 1.587652325630188 4600
1778760469009 1.2399650812149048 4620
1778760469661 1.2090058326721191 4640
1778760470312 1.35030198097229 4660
1778760470964 1.808120608329773 4680
1778760471616 0.9804526567459106 4700
1778760472268 1.7000640630722046 4720
1778760472919 1.1444467306137085 4740
1778760479512 0.9662419557571411 4760
1778760480163 1.2472420930862427 4780
1778760480815 1.5276331901550293 4800
1778760481466 1.706985354423523 4820
1778760482117 1.4655420780181885 4840
1778760482768 1.4485870599746704 4860
1778760483420 2.040715217590332 4880
1778760484071 1.928420901298523 4900
1778760484723 1.2048794031143188 4920
1778760485375 1.5532634258270264 4940
1778760486026 1.656463384628296 4960
1778760486678 1.5415396690368652 4980
1778760487329 0.9816842079162598 5000
1778760493875 1.4438395500183105 5020
1778760494527 1.1889348030090332 5040
1778760495177 1.6586122512817383 5060
1778760495829 1.280593752861023 5080
1778760496480 1.2953498363494873 5100
1778760497130 1.1708489656448364 5120
