1778907602646 0.015015015015015015 20
1778907606564 0.03003003003003003 40
1778907610486 0.04504504504504504 60
1778907614410 0.06006006006006006 80
1778907618334 0.07507507507507508 100
1778907622259 0.09009009009009009 120
1778907626182 0.10510510510510511 140
1778907630106 0.12012012012012012 160
1778907634030 0.13513513513513514 180
1778907637954 0.15015015015015015 200
1778907641877 0.16516516516516516 220
1778907645800 0.18018018018018017 240
1778907656905 0.18768768768768768 250
1778907663917 0.19519519519519518 260
1778907667839 0.21021021021021022 280
1778907671761 0.22522522522522523 300
1778907675683 0.24024024024024024 320
1778907679606 0.2552552552552553 340
1778907683528 0.2702702702702703 360
1778907687451 0.2852852852852853 380
1778907691373 0.3003003003003003 400
1778907695295 0.3153153153153153 420
1778907699217 0.3303303303303303 440
1778907703139 0.34534534534534533 460
1778907707061 0.36036036036036034 480
1778907710983 0.37537537537537535 500
1778907720125 0.37537537537537535 500
1778907728032 0.39039039039039036 520
1778907731959 0.40540540540540543 540
1778907735881 0.42042042042042044 560
1778907739803 0.43543543543543545 580
1778907743724 0.45045045045045046 600
1778907747646 0.46546546546546547 620
1778907751567 0.4804804804804805 640
1778907755489 0.4954954954954955 660
1778907759410 0.5105105105105106 680
1778907763331 0.5255255255255256 700
1778907767252 0.5405405405405406 720
1778907771173 0.5555555555555556 740
1778907782270 0.5630630630630631 750
1778907787600 0.5705705705705706 760
1778907791521 0.5855855855855856 780
1778907795448 0.6006006006006006 800
1778907799371 0.6156156156156156 820
1778907803299 0.6306306306306306 840
1778907807227 0.6456456456456456 860
1778907811156 0.6606606606606606 880
1778907815083 0.6756756756756757 900
1778907819012 0.6906906906906907 920
1778907822940 0.7057057057057057 940
1778907826868 0.7207207207207207 960
1778907830797 0.7357357357357357 980
1778907834725 0.7507507507507507 1000
1778907843852 0.7507507507507507 1000
1778907851870 0.7657657657657657 1020
1778907855797 0.7807807807807807 1040
1778907859716 0.7957957957957958 1060
1778907863636 0.8108108108108109 1080
1778907867555 0.8258258258258259 1100
1778907871476 0.8408408408408409 1120
1778907875395 0.8558558558558559 1140
1778907879314 0.8708708708708709 1160
1778907883235 0.8858858858858859 1180
1778907887155 0.9009009009009009 1200
1778907891075 0.9159159159159159 1220
1778907894995 0.9309309309309309 1240
1778907906083 0.9384384384384384 1250
1778907912094 0.9459459459459459 1260
1778907916018 0.960960960960961 1280
1778907919941 0.975975975975976 1300
1778907923864 0.990990990990991 1320
1778907927927 1.006006006006006 1340
1778907931850 1.021021021021021 1360
1778907935773 1.0360360360360361 1380
1778907939701 1.0510510510510511 1400
1778907943625 1.0660660660660661 1420
1778907947548 1.0810810810810811 1440
1778907951472 1.0960960960960962 1460
1778907955395 1.1111111111111112 1480
1778907959317 1.1261261261261262 1500
1778907968463 1.1261261261261262 1500
1778907976974 1.1411411411411412 1520
1778907980903 1.1561561561561562 1540
1778907984825 1.1711711711711712 1560
1778907988748 1.1861861861861862 1580
1778907992671 1.2012012012012012 1600
1778907996593 1.2162162162162162 1620
1778908000516 1.2312312312312312 1640
1778908004439 1.2462462462462462 1660
1778908008361 1.2612612612612613 1680
1778908012284 1.2762762762762763 1700
1778908016207 1.2912912912912913 1720
1778908020130 1.3063063063063063 1740
1778908031237 1.3138138138138138 1750
1778908036657 1.3213213213213213 1760
1778908040582 1.3363363363363363 1780
1778908044520 1.3513513513513513 1800
1778908048450 1.3663663663663663 1820
1778908052380 1.3813813813813813 1840
1778908056310 1.3963963963963963 1860
1778908060240 1.4114114114114114 1880
1778908064169 1.4264264264264264 1900
1778908068099 1.4414414414414414 1920
1778908072028 1.4564564564564564 1940
1778908075958 1.4714714714714714 1960
1778908079887 1.4864864864864864 1980
1778908083816 1.5015015015015014 2000
1778908092960 1.5015015015015014 2000
1778908101435 1.5165165165165164 2020
1778908105491 1.5315315315315314 2040
1778908109419 1.5465465465465464 2060
1778908113347 1.5615615615615615 2080
1778908117275 1.5765765765765765 2100
1778908121203 1.5915915915915915 2120
1778908125131 1.6066066066066065 2140
1778908129059 1.6216216216216215 2160
1778908132987 1.6366366366366365 2180
1778908136915 1.6516516516516515 2200
1778908140843 1.6666666666666665 2220
1778908144771 1.6816816816816815 2240
1778908155876 1.689189189189189 2250
1778908161333 1.6966966966966965 2260
1778908165265 1.7117117117117115 2280
1778908169202 1.7267267267267268 2300
1778908173132 1.7417417417417418 2320
1778908177061 1.7567567567567568 2340
1778908180991 1.7717717717717718 2360
1778908184920 1.7867867867867868 2380
1778908188850 1.8018018018018018 2400
1778908192780 1.8168168168168168 2420
1778908196709 1.8318318318318318 2440
1778908200639 1.8468468468468469 2460
1778908204569 1.8618618618618619 2480
1778908208499 1.8768768768768769 2500
1778908217646 1.8768768768768769 2500
1778908226166 1.8918918918918919 2520
1778908230095 1.906906906906907 2540
1778908234019 1.921921921921922 2560
1778908237943 1.936936936936937 2580
1778908241866 1.951951951951952 2600
1778908245789 1.966966966966967 2620
1778908249712 1.981981981981982 2640
1778908253635 1.996996996996997 2660
1778908257537 2.012012012012012 2680
1778908261461 2.027027027027027 2700
1778908265384 2.042042042042042 2720
1778908269308 2.057057057057057 2740
1778908280413 2.0645645645645647 2750
1778908285875 2.0720720720720722 2760
1778908289799 2.0870870870870872 2780
1778908293737 2.1021021021021022 2800
1778908297667 2.1171171171171173 2820
1778908301597 2.1321321321321323 2840
1778908305526 2.1471471471471473 2860
1778908309456 2.1621621621621623 2880
1778908313386 2.1771771771771773 2900
1778908317315 2.1921921921921923 2920
1778908321245 2.2072072072072073 2940
1778908325175 2.2222222222222223 2960
1778908329104 2.2372372372372373 2980
1778908333034 2.2522522522522523 3000
1778908342165 2.2522522522522523 3000
1778908350660 2.2672672672672673 3020
1778908354593 2.2822822822822824 3040
1778908358527 2.2972972972972974 3060
1778908362456 2.3123123123123124 3080
1778908366385 2.3273273273273274 3100
1778908370314 2.3423423423423424 3120
1778908374244 2.3573573573573574 3140
1778908378173 2.3723723723723724 3160
1778908382102 2.3873873873873874 3180
1778908386032 2.4024024024024024 3200
1778908389960 2.4174174174174174 3220
1778908393890 2.4324324324324325 3240
1778908404996 2.43993993993994 3250
1778908411020 2.4474474474474475 3260
1778908414943 2.4624624624624625 3280
1778908418877 2.4774774774774775 3300
1778908422801 2.4924924924924925 3320
1778908426724 2.5075075075075075 3340
1778908430647 2.5225225225225225 3360
1778908434571 2.5375375375375375 3380
1778908438494 2.5525525525525525 3400
1778908442417 2.5675675675675675 3420
1778908446340 2.5825825825825826 3440
1778908450263 2.5975975975975976 3460
1778908454187 2.6126126126126126 3480
1778908458110 2.6276276276276276 3500
1778908467253 2.6276276276276276 3500
1778908475195 2.6426426426426426 3520
1778908479124 2.6576576576576576 3540
1778908483048 2.6726726726726726 3560
1778908486971 2.6876876876876876 3580
1778908490895 2.7027027027027026 3600
1778908494818 2.7177177177177176 3620
1778908498741 2.7327327327327327 3640
1778908502665 2.7477477477477477 3660
1778908506588 2.7627627627627627 3680
1778908510511 2.7777777777777777 3700
1778908514434 2.7927927927927927 3720
1778908518358 2.8078078078078077 3740
1778908529459 2.815315315315315 3750
1778908534921 2.8228228228228227 3760
1778908538846 2.8378378378378377 3780
1778908542775 2.8528528528528527 3800
1778908546698 2.8678678678678677 3820
1778908550621 2.8828828828828827 3840
1778908554544 2.8978978978978978 3860
1778908558467 2.9129129129129128 3880
1778908562390 2.9279279279279278 3900
1778908566313 2.942942942942943 3920
1778908570236 2.957957957957958 3940
1778908574159 2.972972972972973 3960
1778908578082 2.987987987987988 3980
1778908581985 3.003003003003003 4000
1778908591128 3.003003003003003 4000
1778908599633 3.018018018018018 4020
1778908603560 3.033033033033033 4040
1778908607483 3.048048048048048 4060
1778908611407 3.063063063063063 4080
1778908615329 3.078078078078078 4100
1778908619252 3.093093093093093 4120
1778908623176 3.108108108108108 4140
1778908627108 3.123123123123123 4160
1778908631044 3.138138138138138 4180
1778908634967 3.153153153153153 4200
1778908638890 3.1681681681681684 4220
1778908642812 3.1831831831831834 4240
1778908653913 3.190690690690691 4250
1778908659301 3.1981981981981984 4260
1778908663226 3.2132132132132134 4280
1778908667290 3.2282282282282284 4300
1778908671213 3.2432432432432434 4320
1778908675135 3.2582582582582584 4340
1778908679058 3.2732732732732734 4360
1778908682988 3.2882882882882885 4380
1778908686917 3.3033033033033035 4400
1778908690847 3.3183183183183185 4420
1778908694778 3.3333333333333335 4440
1778908698708 3.3483483483483485 4460
1778908702638 3.3633633633633635 4480
1778908706567 3.3783783783783785 4500
1778908715707 3.3783783783783785 4500
1778908723611 3.3933933933933935 4520
1778908727541 3.4084084084084085 4540
1778908731474 3.4234234234234235 4560
1778908735402 3.4384384384384385 4580
1778908739329 3.4534534534534536 4600
1778908743256 3.4684684684684686 4620
1778908747183 3.4834834834834836 4640
1778908751111 3.4984984984984986 4660
1778908755038 3.5135135135135136 4680
1778908758965 3.5285285285285286 4700
1778908762892 3.5435435435435436 4720
1778908766819 3.5585585585585586 4740
1778908777920 3.566066066066066 4750
1778908783879 3.5735735735735736 4760
1778908787804 3.5885885885885886 4780
1778908791739 3.6036036036036037 4800
1778908795669 3.6186186186186187 4820
1778908799598 3.6336336336336337 4840
1778908803527 3.6486486486486487 4860
1778908807456 3.6636636636636637 4880
1778908811386 3.6786786786786787 4900
1778908815315 3.6936936936936937 4920
1778908819245 3.7087087087087087 4940
1778908823175 3.7237237237237237 4960
1778908827105 3.7387387387387387 4980
1778908831035 3.7537537537537538 5000
1778908840177 3.7537537537537538 5000
1778908848677 3.7687687687687688 5020
1778908852606 3.7837837837837838 5040
1778908856529 3.798798798798799 5060
1778908860452 3.813813813813814 5080
1778908864375 3.828828828828829 5100
1778908868297 3.843843843843844 5120
1778908872220 3.858858858858859 5140
1778908876143 3.873873873873874 5160
1778908880066 3.888888888888889 5180
1778908883988 3.903903903903904 5200
1778908887911 3.918918918918919 5220
1778908891833 3.933933933933934 5240
1778908902933 3.9414414414414414 5250
1778908908915 3.948948948948949 5260
1778908912837 3.963963963963964 5280
1778908916771 3.978978978978979 5300
1778908920693 3.993993993993994 5320
1778908924598 4.009009009009009 5340
1778908928520 4.024024024024024 5360
1778908932443 4.039039039039039 5380
1778908936365 4.054054054054054 5400
1778908940288 4.069069069069069 5420
1778908944210 4.084084084084084 5440
1778908948133 4.099099099099099 5460
1778908952055 4.114114114114114 5480
1778908955977 4.129129129129129 5500
1778908965118 4.129129129129129 5500
1778908972431 4.1441441441441444 5520
1778908976357 4.1591591591591595 5540
1778908980281 4.1741741741741745 5560
1778908984203 4.1891891891891895 5580
1778908988132 4.2042042042042045 5600
1778908992062 4.2192192192192195 5620
1778908995991 4.2342342342342345 5640
1778908999920 4.2492492492492495 5660
1778909003850 4.2642642642642645 5680
1778909007779 4.2792792792792795 5700
1778909011709 4.2942942942942945 5720
1778909015638 4.3093093093093096 5740
1778909026740 4.316816816816817 5750
1778909033248 4.324324324324325 5760
1778909037170 4.33933933933934 5780
1778909041105 4.354354354354355 5800
1778909045034 4.36936936936937 5820
1778909048965 4.384384384384385 5840
1778909052894 4.3993993993994 5860
1778909056824 4.414414414414415 5880
1778909060754 4.42942942942943 5900
1778909064698 4.444444444444445 5920
1778909068628 4.45945945945946 5940
1778909072558 4.474474474474475 5960
1778909076488 4.48948948948949 5980
1778909080418 4.504504504504505 6000
1778909089559 4.504504504504505 6000
1778909097486 4.51951951951952 6020
1778909101421 4.534534534534535 6040
1778909105350 4.54954954954955 6060
1778909109280 4.564564564564565 6080
1778909113210 4.57957957957958 6100
1778909117140 4.594594594594595 6120
1778909121069 4.60960960960961 6140
1778909124999 4.624624624624625 6160
1778909128929 4.63963963963964 6180
1778909132858 4.654654654654655 6200
1778909136788 4.66966966966967 6220
1778909140717 4.684684684684685 6240
1778909151822 4.692192192192192 6250
1778909157185 4.6996996996997 6260
1778909161117 4.714714714714715 6280
1778909165052 4.72972972972973 6300
1778909168981 4.744744744744745 6320
1778909172911 4.75975975975976 6340
1778909176840 4.774774774774775 6360
1778909180770 4.78978978978979 6380
1778909184699 4.804804804804805 6400
1778909188628 4.81981981981982 6420
1778909192558 4.834834834834835 6440
1778909196487 4.84984984984985 6460
1778909200416 4.864864864864865 6480
1778909204480 4.87987987987988 6500
1778909213622 4.87987987987988 6500
1778909221485 4.894894894894895 6520
1778909225412 4.90990990990991 6540
1778909229338 4.924924924924925 6560
1778909233261 4.93993993993994 6580
1778909237184 4.954954954954955 6600
1778909241106 4.96996996996997 6620
1778909245030 4.984984984984985 6640
1778909248934 5.0 6660
1778909258098 5.0 6660
1778909262030 5.0 6660
1778909272839 5.0 6660
1778909284041 5.0 6660
1778909297439 5.0 0
