1778907602646 19.768156051635742 20
1778907606564 78.5777816772461 40
1778907610486 41.21516418457031 60
1778907614410 23.42213249206543 80
1778907618334 23.323518753051758 100
1778907622259 40.342933654785156 120
1778907626182 11.184070587158203 140
1778907630106 47.417266845703125 160
1778907634030 19.677608489990234 180
1778907637954 20.004671096801758 200
1778907641877 26.610004425048828 220
1778907645800 7.660299301147461 240
1778907663917 11.332247734069824 260
1778907667839 26.68191146850586 280
1778907671761 22.849212646484375 300
1778907675683 15.23972225189209 320
1778907679606 16.519330978393555 340
1778907683528 12.195135116577148 360
1778907687451 11.812528610229492 380
1778907691373 12.84960651397705 400
1778907695295 10.873344421386719 420
1778907699217 4.261437892913818 440
1778907703139 17.366050720214844 460
1778907707061 19.65059471130371 480
1778907710983 12.506855964660645 500
1778907728032 10.832009315490723 520
1778907731959 6.411633014678955 540
1778907735881 24.937835693359375 560
1778907739803 29.8679141998291 580
1778907743724 7.457113742828369 600
1778907747646 2.863751173019409 620
1778907751567 3.1802046298980713 640
1778907755489 4.922824382781982 660
1778907759410 18.451650619506836 680
1778907763331 64.45819091796875 700
1778907767252 4.54786491394043 720
1778907771173 8.552252769470215 740
1778907787600 28.014137268066406 760
1778907791521 20.18424415588379 780
1778907795448 4.511061191558838 800
1778907799371 8.140666007995605 820
1778907803299 6.148025989532471 840
1778907807227 48.029273986816406 860
1778907811156 5.6828389167785645 880
1778907815083 4.69950532913208 900
1778907819012 41.202667236328125 920
1778907822940 5.973689079284668 940
1778907826868 3.799614429473877 960
1778907830797 30.50895118713379 980
1778907834725 6.74343729019165 1000
1778907851870 11.85269832611084 1020
1778907855797 5.452983379364014 1040
1778907859716 0.5332944989204407 1060
1778907863636 1.0814653635025024 1080
1778907867555 0.6664589047431946 1100
1778907871476 1.9870476722717285 1120
1778907875395 1.1090902090072632 1140
1778907879314 1.0135489702224731 1160
1778907883235 3.0855495929718018 1180
1778907887155 10.428003311157227 1200
1778907891075 9.69831657409668 1220
1778907894995 8.310043334960938 1240
1778907912094 6.009841442108154 1260
1778907916018 2.8536040782928467 1280
1778907919941 3.72786283493042 1300
1778907923864 4.415336608886719 1320
1778907927927 6.8306074142456055 1340
1778907931850 13.743492126464844 1360
1778907935773 7.792925834655762 1380
1778907939701 7.389896392822266 1400
1778907943625 45.51740264892578 1420
1778907947548 8.140349388122559 1440
1778907951472 16.287744522094727 1460
1778907955395 25.814979553222656 1480
1778907959317 8.555502891540527 1500
1778907976974 19.2640380859375 1520
1778907980903 7.248632431030273 1540
1778907984825 5.34504508972168 1560
1778907988748 31.439538955688477 1580
1778907992671 14.997159004211426 1600
1778907996593 32.000797271728516 1620
1778908000516 26.719728469848633 1640
1778908004439 8.215423583984375 1660
1778908008361 7.249145984649658 1680
1778908012284 8.132424354553223 1700
1778908016207 18.39616584777832 1720
1778908020130 16.9676456451416 1740
1778908036657 10.576457977294922 1760
1778908040582 23.954517364501953 1780
1778908044520 10.328202247619629 1800
1778908048450 25.25396728515625 1820
1778908052380 26.027952194213867 1840
1778908056310 12.481274604797363 1860
1778908060240 10.745220184326172 1880
1778908064169 7.5090837478637695 1900
1778908068099 7.4964776039123535 1920
1778908072028 9.070368766784668 1940
1778908075958 6.942399024963379 1960
1778908079887 8.888725280761719 1980
1778908083816 9.481285095214844 2000
1778908101435 13.764737129211426 2020
1778908105491 14.97871208190918 2040
1778908109419 7.764944553375244 2060
1778908113347 15.947356224060059 2080
1778908117275 9.729390144348145 2100
1778908121203 27.700855255126953 2120
1778908125131 7.8668084144592285 2140
1778908129059 26.241317749023438 2160
1778908132987 8.15000057220459 2180
1778908136915 8.904300689697266 2200
1778908140843 23.51715660095215 2220
1778908144771 18.339950561523438 2240
1778908161333 8.353060722351074 2260
1778908165265 9.12312126159668 2280
1778908169202 18.18056869506836 2300
1778908173132 8.510035514831543 2320
1778908177061 11.047991752624512 2340
1778908180991 15.426136016845703 2360
1778908184920 7.5687384605407715 2380
1778908188850 14.269682884216309 2400
1778908192780 5.993786334991455 2420
1778908196709 13.410955429077148 2440
1778908200639 9.527320861816406 2460
1778908204569 10.133830070495605 2480
1778908208499 10.724370002746582 2500
1778908226166 18.61276626586914 2520
1778908230095 9.410504341125488 2540
1778908234019 13.741072654724121 2560
1778908237943 8.975854873657227 2580
1778908241866 8.87911319732666 2600
1778908245789 6.223755359649658 2620
1778908249712 9.050599098205566 2640
1778908253635 19.44454574584961 2660
1778908257537 6.133119106292725 2680
1778908261461 6.50468111038208 2700
1778908265384 18.56808090209961 2720
1778908269308 15.203730583190918 2740
1778908285875 15.360831260681152 2760
1778908289799 14.454341888427734 2780
1778908293737 18.04356575012207 2800
1778908297667 7.9870758056640625 2820
1778908301597 8.540666580200195 2840
1778908305526 13.668320655822754 2860
1778908309456 6.885245323181152 2880
1778908313386 14.596100807189941 2900
1778908317315 17.293489456176758 2920
1778908321245 12.976276397705078 2940
1778908325175 20.94817543029785 2960
1778908329104 12.379647254943848 2980
1778908333034 7.457253932952881 3000
1778908350660 11.726205825805664 3020
1778908354593 9.902366638183594 3040
1778908358527 6.00322151184082 3060
1778908362456 10.91791820526123 3080
1778908366385 10.476370811462402 3100
1778908370314 21.05889320373535 3120
1778908374244 5.770792007446289 3140
1778908378173 44.93815994262695 3160
1778908382102 8.83080005645752 3180
1778908386032 12.464797973632812 3200
1778908389960 26.958505630493164 3220
1778908393890 12.339309692382812 3240
1778908411020 13.970649719238281 3260
1778908414943 18.120281219482422 3280
1778908418877 8.63977336883545 3300
1778908422801 8.089064598083496 3320
1778908426724 12.566045761108398 3340
1778908430647 10.215255737304688 3360
1778908434571 7.886059284210205 3380
1778908438494 26.35184669494629 3400
1778908442417 14.2410888671875 3420
1778908446340 8.219341278076172 3440
1778908450263 23.732900619506836 3460
1778908454187 11.722237586975098 3480
1778908458110 8.323366165161133 3500
1778908475195 25.721790313720703 3520
1778908479124 7.952369213104248 3540
1778908483048 25.695425033569336 3560
1778908486971 10.78573989868164 3580
1778908490895 13.76134204864502 3600
1778908494818 11.500597953796387 3620
1778908498741 12.177390098571777 3640
1778908502665 10.026895523071289 3660
1778908506588 7.334805488586426 3680
1778908510511 21.907833099365234 3700
1778908514434 10.65070629119873 3720
1778908518358 16.622112274169922 3740
1778908534921 21.42850685119629 3760
1778908538846 14.590313911437988 3780
1778908542775 7.238236427307129 3800
1778908546698 20.478832244873047 3820
1778908550621 9.066590309143066 3840
1778908554544 15.278732299804688 3860
1778908558467 11.931598663330078 3880
1778908562390 10.625489234924316 3900
1778908566313 15.678657531738281 3920
1778908570236 11.771580696105957 3940
1778908574159 6.896948337554932 3960
1778908578082 16.302165985107422 3980
1778908581985 8.585073471069336 4000
1778908599633 13.173663139343262 4020
1778908603560 9.481951713562012 4040
1778908607483 37.02669906616211 4060
1778908611407 8.499378204345703 4080
1778908615329 8.25467586517334 4100
1778908619252 15.214760780334473 4120
1778908623176 11.11201286315918 4140
1778908627108 22.792526245117188 4160
1778908631044 10.916084289550781 4180
1778908634967 8.106369018554688 4200
1778908638890 12.071982383728027 4220
1778908642812 23.34522247314453 4240
1778908659301 21.942180633544922 4260
1778908663226 17.971221923828125 4280
1778908667290 12.462971687316895 4300
1778908671213 11.26340103149414 4320
1778908675135 9.491305351257324 4340
1778908679058 11.648012161254883 4360
1778908682988 12.649117469787598 4380
1778908686917 13.81191349029541 4400
1778908690847 12.566261291503906 4420
1778908694778 20.564237594604492 4440
1778908698708 10.637776374816895 4460
1778908702638 4.644199848175049 4480
1778908706567 12.886530876159668 4500
1778908723611 9.763834953308105 4520
1778908727541 15.137062072753906 4540
1778908731474 11.2099027633667 4560
1778908735402 8.11793041229248 4580
1778908739329 12.797746658325195 4600
1778908743256 20.043785095214844 4620
1778908747183 15.243276596069336 4640
1778908751111 13.082732200622559 4660
1778908755038 23.67205238342285 4680
1778908758965 6.502130508422852 4700
1778908762892 12.869705200195312 4720
1778908766819 7.150120258331299 4740
1778908783879 16.068161010742188 4760
1778908787804 19.241613388061523 4780
1778908791739 8.057574272155762 4800
1778908795669 10.290212631225586 4820
1778908799598 23.483572006225586 4840
1778908803527 24.084068298339844 4860
1778908807456 11.379044532775879 4880
1778908811386 15.234779357910156 4900
1778908815315 20.93325424194336 4920
1778908819245 17.869413375854492 4940
1778908823175 9.802461624145508 4960
1778908827105 19.280807495117188 4980
1778908831035 10.29306697845459 5000
1778908848677 11.452360153198242 5020
1778908852606 15.385843276977539 5040
1778908856529 7.597982406616211 5060
1778908860452 13.533791542053223 5080
1778908864375 33.52315902709961 5100
1778908868297 9.493965148925781 5120
1778908872220 9.319747924804688 5140
1778908876143 24.33151626586914 5160
1778908880066 7.853921413421631 5180
1778908883988 19.003816604614258 5200
1778908887911 18.349933624267578 5220
1778908891833 14.158900260925293 5240
1778908908915 14.805631637573242 5260
1778908912837 25.21037483215332 5280
1778908916771 10.877141952514648 5300
1778908920693 11.526812553405762 5320
1778908924598 10.128637313842773 5340
1778908928520 16.752897262573242 5360
1778908932443 9.911008834838867 5380
1778908936365 11.213908195495605 5400
1778908940288 9.15017318725586 5420
1778908944210 17.920686721801758 5440
1778908948133 16.531585693359375 5460
1778908952055 9.573820114135742 5480
1778908955977 11.200886726379395 5500
1778908972431 18.65420913696289 5520
1778908976357 8.649136543273926 5540
1778908980281 14.788704872131348 5560
1778908984203 25.088104248046875 5580
1778908988132 11.306941032409668 5600
1778908992062 11.767204284667969 5620
1778908995991 10.611924171447754 5640
1778908999920 7.850912570953369 5660
1778909003850 13.905858993530273 5680
1778909007779 12.058039665222168 5700
1778909011709 14.129377365112305 5720
1778909015638 7.873510837554932 5740
1778909033248 19.571075439453125 5760
1778909037170 13.67772102355957 5780
1778909041105 12.739706993103027 5800
1778909045034 11.255831718444824 5820
1778909048965 22.853139877319336 5840
1778909052894 19.424318313598633 5860
1778909056824 20.628414154052734 5880
1778909060754 13.840289115905762 5900
1778909064698 10.190601348876953 5920
1778909068628 16.337221145629883 5940
1778909072558 9.491227149963379 5960
1778909076488 16.29401397705078 5980
1778909080418 7.776785850524902 6000
1778909097486 15.373238563537598 6020
1778909101421 15.56726360321045 6040
1778909105350 17.73880386352539 6060
1778909109280 8.382515907287598 6080
1778909113210 10.319863319396973 6100
1778909117140 10.671537399291992 6120
1778909121069 7.036959648132324 6140
1778909124999 9.883187294006348 6160
1778909128929 8.581185340881348 6180
1778909132858 7.083241939544678 6200
1778909136788 8.529557228088379 6220
1778909140717 10.375040054321289 6240
1778909157185 9.097935676574707 6260
1778909161117 11.564618110656738 6280
1778909165052 10.361863136291504 6300
1778909168981 14.732386589050293 6320
1778909172911 16.835905075073242 6340
1778909176840 14.011894226074219 6360
1778909180770 11.39380168914795 6380
1778909184699 17.30854606628418 6400
1778909188628 10.88579273223877 6420
1778909192558 9.3170747756958 6440
1778909196487 11.699193000793457 6460
1778909200416 9.491971015930176 6480
1778909204480 10.23885726928711 6500
1778909221485 16.000640869140625 6520
1778909225412 13.1589994430542 6540
1778909229338 7.746243000030518 6560
1778909233261 30.347978591918945 6580
1778909237184 13.517232894897461 6600
1778909241106 15.596261978149414 6620
1778909245030 14.301194190979004 6640
1778909248934 21.373531341552734 6660
