1778907602646 3.8e-05 20
1778907606564 7.800000000000001e-05 40
1778907610486 9.986384266263238e-05 60
1778907614410 9.956127080181544e-05 80
1778907618334 9.925869894099849e-05 100
1778907622259 9.895612708018155e-05 120
1778907626182 9.86535552193646e-05 140
1778907630106 9.835098335854766e-05 160
1778907634030 9.804841149773071e-05 180
1778907637954 9.774583963691377e-05 200
1778907641877 9.744326777609682e-05 220
1778907645800 9.714069591527989e-05 240
1778907663917 9.683812405446295e-05 260
1778907667839 9.653555219364599e-05 280
1778907671761 9.623298033282904e-05 300
1778907675683 9.593040847201211e-05 320
1778907679606 9.562783661119517e-05 340
1778907683528 9.532526475037822e-05 360
1778907687451 9.502269288956128e-05 380
1778907691373 9.472012102874433e-05 400
1778907695295 9.441754916792739e-05 420
1778907699217 9.411497730711044e-05 440
1778907703139 9.38124054462935e-05 460
1778907707061 9.350983358547655e-05 480
1778907710983 9.320726172465961e-05 500
1778907728032 9.290468986384266e-05 520
1778907731959 9.260211800302573e-05 540
1778907735881 9.229954614220879e-05 560
1778907739803 9.199697428139183e-05 580
1778907743724 9.169440242057488e-05 600
1778907747646 9.139183055975795e-05 620
1778907751567 9.108925869894101e-05 640
1778907755489 9.078668683812406e-05 660
1778907759410 9.04841149773071e-05 680
1778907763331 9.018154311649017e-05 700
1778907767252 8.987897125567323e-05 720
1778907771173 8.957639939485628e-05 740
1778907787600 8.927382753403934e-05 760
1778907791521 8.897125567322239e-05 780
1778907795448 8.866868381240545e-05 800
1778907799371 8.83661119515885e-05 820
1778907803299 8.806354009077157e-05 840
1778907807227 8.776096822995463e-05 860
1778907811156 8.745839636913767e-05 880
1778907815083 8.715582450832072e-05 900
1778907819012 8.685325264750379e-05 920
1778907822940 8.655068078668685e-05 940
1778907826868 8.62481089258699e-05 960
1778907830797 8.594553706505294e-05 980
1778907834725 8.564296520423601e-05 1000
1778907851870 8.534039334341907e-05 1020
1778907855797 8.503782148260212e-05 1040
1778907859716 8.473524962178518e-05 1060
1778907863636 8.443267776096823e-05 1080
1778907867555 8.413010590015129e-05 1100
1778907871476 8.382753403933434e-05 1120
1778907875395 8.35249621785174e-05 1140
1778907879314 8.322239031770047e-05 1160
1778907883235 8.291981845688351e-05 1180
1778907887155 8.261724659606656e-05 1200
1778907891075 8.231467473524963e-05 1220
1778907894995 8.201210287443269e-05 1240
1778907912094 8.170953101361574e-05 1260
1778907916018 8.140695915279878e-05 1280
1778907919941 8.110438729198185e-05 1300
1778907923864 8.080181543116491e-05 1320
1778907927927 8.049924357034796e-05 1340
1778907931850 8.019667170953102e-05 1360
1778907935773 7.989409984871407e-05 1380
1778907939701 7.959152798789713e-05 1400
1778907943625 7.928895612708018e-05 1420
1778907947548 7.898638426626324e-05 1440
1778907951472 7.86838124054463e-05 1460
1778907955395 7.838124054462935e-05 1480
1778907959317 7.80786686838124e-05 1500
1778907976974 7.777609682299547e-05 1520
1778907980903 7.747352496217853e-05 1540
1778907984825 7.717095310136158e-05 1560
1778907988748 7.686838124054462e-05 1580
1778907992671 7.656580937972769e-05 1600
1778907996593 7.626323751891075e-05 1620
1778908000516 7.59606656580938e-05 1640
1778908004439 7.565809379727686e-05 1660
1778908008361 7.535552193645991e-05 1680
1778908012284 7.505295007564297e-05 1700
1778908016207 7.475037821482602e-05 1720
1778908020130 7.444780635400908e-05 1740
1778908036657 7.414523449319215e-05 1760
1778908040582 7.384266263237519e-05 1780
1778908044520 7.354009077155824e-05 1800
1778908048450 7.323751891074131e-05 1820
1778908052380 7.293494704992437e-05 1840
1778908056310 7.263237518910742e-05 1860
1778908060240 7.232980332829046e-05 1880
1778908064169 7.202723146747353e-05 1900
1778908068099 7.172465960665659e-05 1920
1778908072028 7.142208774583964e-05 1940
1778908075958 7.11195158850227e-05 1960
1778908079887 7.081694402420575e-05 1980
1778908083816 7.051437216338881e-05 2000
1778908101435 7.021180030257186e-05 2020
1778908105491 6.990922844175492e-05 2040
1778908109419 6.960665658093797e-05 2060
1778908113347 6.930408472012103e-05 2080
1778908117275 6.900151285930408e-05 2100
1778908121203 6.869894099848715e-05 2120
1778908125131 6.83963691376702e-05 2140
1778908129059 6.809379727685326e-05 2160
1778908132987 6.77912254160363e-05 2180
1778908136915 6.748865355521937e-05 2200
1778908140843 6.718608169440243e-05 2220
1778908144771 6.688350983358548e-05 2240
1778908161333 6.658093797276854e-05 2260
1778908165265 6.627836611195159e-05 2280
1778908169202 6.597579425113465e-05 2300
1778908173132 6.56732223903177e-05 2320
1778908177061 6.537065052950076e-05 2340
1778908180991 6.506807866868381e-05 2360
1778908184920 6.476550680786687e-05 2380
1778908188850 6.446293494704992e-05 2400
1778908192780 6.416036308623299e-05 2420
1778908196709 6.385779122541605e-05 2440
1778908200639 6.35552193645991e-05 2460
1778908204569 6.325264750378214e-05 2480
1778908208499 6.295007564296521e-05 2500
1778908226166 6.264750378214827e-05 2520
1778908230095 6.234493192133132e-05 2540
1778908234019 6.204236006051438e-05 2560
1778908237943 6.173978819969743e-05 2580
1778908241866 6.143721633888049e-05 2600
1778908245789 6.113464447806354e-05 2620
1778908249712 6.08320726172466e-05 2640
1778908253635 6.052950075642966e-05 2660
1778908257537 6.0226928895612714e-05 2680
1778908261461 5.992435703479576e-05 2700
1778908265384 5.962178517397883e-05 2720
1778908269308 5.931921331316188e-05 2740
1778908285875 5.9016641452344934e-05 2760
1778908289799 5.871406959152799e-05 2780
1778908293737 5.841149773071105e-05 2800
1778908297667 5.8108925869894106e-05 2820
1778908301597 5.7806354009077154e-05 2840
1778908305526 5.750378214826021e-05 2860
1778908309456 5.720121028744327e-05 2880
1778908313386 5.6898638426626326e-05 2900
1778908317315 5.659606656580938e-05 2920
1778908321245 5.6293494704992436e-05 2940
1778908325175 5.59909228441755e-05 2960
1778908329104 5.568835098335855e-05 2980
1778908333034 5.53857791225416e-05 3000
1778908350660 5.508320726172467e-05 3020
1778908354593 5.478063540090772e-05 3040
1778908358527 5.4478063540090774e-05 3060
1778908362456 5.417549167927383e-05 3080
1778908366385 5.387291981845689e-05 3100
1778908370314 5.3570347957639946e-05 3120
1778908374244 5.3267776096822994e-05 3140
1778908378173 5.296520423600605e-05 3160
1778908382102 5.266263237518911e-05 3180
1778908386032 5.2360060514372166e-05 3200
1778908389960 5.205748865355522e-05 3220
1778908393890 5.175491679273827e-05 3240
1778908411020 5.145234493192134e-05 3260
1778908414943 5.114977307110439e-05 3280
1778908418877 5.084720121028744e-05 3300
1778908422801 5.054462934947051e-05 3320
1778908426724 5.024205748865356e-05 3340
1778908430647 4.9939485627836613e-05 3360
1778908434571 4.963691376701967e-05 3380
1778908438494 4.9334341906202724e-05 3400
1778908442417 4.9031770045385785e-05 3420
1778908446340 4.8729198184568834e-05 3440
1778908450263 4.8426626323751896e-05 3460
1778908454187 4.812405446293495e-05 3480
1778908458110 4.7821482602118006e-05 3500
1778908475195 4.751891074130106e-05 3520
1778908479124 4.7216338880484116e-05 3540
1778908483048 4.691376701966717e-05 3560
1778908486971 4.6611195158850226e-05 3580
1778908490895 4.630862329803328e-05 3600
1778908494818 4.600605143721634e-05 3620
1778908498741 4.57034795763994e-05 3640
1778908502665 4.540090771558245e-05 3660
1778908506588 4.509833585476551e-05 3680
1778908510511 4.479576399394856e-05 3700
1778908514434 4.4493192133131625e-05 3720
1778908518358 4.4190620272314673e-05 3740
1778908534921 4.3888048411497735e-05 3760
1778908538846 4.358547655068079e-05 3780
1778908542775 4.3282904689863845e-05 3800
1778908546698 4.29803328290469e-05 3820
1778908550621 4.2677760968229956e-05 3840
1778908554544 4.237518910741301e-05 3860
1778908558467 4.2072617246596066e-05 3880
1778908562390 4.177004538577912e-05 3900
1778908566313 4.146747352496218e-05 3920
1778908570236 4.116490166414524e-05 3940
1778908574159 4.086232980332829e-05 3960
1778908578082 4.055975794251135e-05 3980
1778908581985 4.02571860816944e-05 4000
1778908599633 3.9954614220877465e-05 4020
1778908603560 3.965204236006051e-05 4040
1778908607483 3.9349470499243575e-05 4060
1778908611407 3.904689863842662e-05 4080
1778908615329 3.8744326777609685e-05 4100
1778908619252 3.844175491679274e-05 4120
1778908623176 3.8139183055975795e-05 4140
1778908627108 3.783661119515885e-05 4160
1778908631044 3.7534039334341906e-05 4180
1778908634967 3.723146747352496e-05 4200
1778908638890 3.692889561270802e-05 4220
1778908642812 3.662632375189108e-05 4240
1778908659301 3.632375189107413e-05 4260
1778908663226 3.602118003025719e-05 4280
1778908667290 3.571860816944024e-05 4300
1778908671213 3.5416036308623305e-05 4320
1778908675135 3.511346444780635e-05 4340
1778908679058 3.4810892586989415e-05 4360
1778908682988 3.450832072617246e-05 4380
1778908686917 3.4205748865355525e-05 4400
1778908690847 3.390317700453858e-05 4420
1778908694778 3.3600605143721635e-05 4440
1778908698708 3.329803328290469e-05 4460
1778908702638 3.2995461422087745e-05 4480
1778908706567 3.26928895612708e-05 4500
1778908723611 3.239031770045386e-05 4520
1778908727541 3.208774583963692e-05 4540
1778908731474 3.178517397881997e-05 4560
1778908735402 3.148260211800303e-05 4580
1778908739329 3.118003025718608e-05 4600
1778908743256 3.0877458396369144e-05 4620
1778908747183 3.057488653555219e-05 4640
1778908751111 3.027231467473525e-05 4660
1778908755038 2.9969742813918306e-05 4680
1778908758965 2.9667170953101365e-05 4700
1778908762892 2.9364599092284416e-05 4720
1778908766819 2.9062027231467475e-05 4740
1778908783879 2.875945537065053e-05 4760
1778908787804 2.845688350983359e-05 4780
1778908791739 2.815431164901664e-05 4800
1778908795669 2.78517397881997e-05 4820
1778908799598 2.7549167927382757e-05 4840
1778908803527 2.724659606656581e-05 4860
1778908807456 2.694402420574887e-05 4880
1778908811386 2.6641452344931922e-05 4900
1778908815315 2.633888048411498e-05 4920
1778908819245 2.6036308623298032e-05 4940
1778908823175 2.573373676248109e-05 4960
1778908827105 2.5431164901664146e-05 4980
1778908831035 2.5128593040847204e-05 5000
1778908848677 2.482602118003026e-05 5020
1778908852606 2.4523449319213315e-05 5040
1778908856529 2.422087745839637e-05 5060
1778908860452 2.3918305597579428e-05 5080
1778908864375 2.3615733736762483e-05 5100
1778908868297 2.331316187594554e-05 5120
1778908872220 2.3010590015128593e-05 5140
1778908876143 2.270801815431165e-05 5160
1778908880066 2.2405446293494707e-05 5180
1778908883988 2.2102874432677762e-05 5200
1778908887911 2.1800302571860817e-05 5220
1778908891833 2.1497730711043872e-05 5240
1778908908915 2.1195158850226927e-05 5260
1778908912837 2.0892586989409986e-05 5280
1778908916771 2.0590015128593044e-05 5300
1778908920693 2.02874432677761e-05 5320
1778908924598 1.9984871406959154e-05 5340
1778908928520 1.968229954614221e-05 5360
1778908932443 1.9379727685325268e-05 5380
1778908936365 1.9077155824508323e-05 5400
1778908940288 1.8774583963691378e-05 5420
1778908944210 1.8472012102874433e-05 5440
1778908948133 1.8169440242057488e-05 5460
1778908952055 1.7866868381240547e-05 5480
1778908955977 1.7564296520423602e-05 5500
1778908972431 1.7261724659606657e-05 5520
1778908976357 1.6959152798789712e-05 5540
1778908980281 1.6656580937972767e-05 5560
1778908984203 1.6354009077155826e-05 5580
1778908988132 1.605143721633888e-05 5600
1778908992062 1.574886535552194e-05 5620
1778908995991 1.5446293494704994e-05 5640
1778908999920 1.514372163388805e-05 5660
1778909003850 1.4841149773071106e-05 5680
1778909007779 1.4538577912254161e-05 5700
1778909011709 1.4236006051437218e-05 5720
1778909015638 1.3933434190620273e-05 5740
1778909033248 1.363086232980333e-05 5760
1778909037170 1.3328290468986385e-05 5780
1778909041105 1.302571860816944e-05 5800
1778909045034 1.2723146747352497e-05 5820
1778909048965 1.2420574886535553e-05 5840
1778909052894 1.2118003025718608e-05 5860
1778909056824 1.1815431164901665e-05 5880
1778909060754 1.151285930408472e-05 5900
1778909064698 1.1210287443267777e-05 5920
1778909068628 1.0907715582450832e-05 5940
1778909072558 1.0605143721633887e-05 5960
1778909076488 1.0302571860816944e-05 5980
1778909080418 1e-05 6000
1778909097486 9.697428139183058e-06 6020
1778909101421 9.394856278366113e-06 6040
1778909105350 9.092284417549168e-06 6060
1778909109280 8.789712556732225e-06 6080
1778909113210 8.48714069591528e-06 6100
1778909117140 8.184568835098336e-06 6120
1778909121069 7.881996974281393e-06 6140
1778909124999 7.579425113464449e-06 6160
1778909128929 7.276853252647504e-06 6180
1778909132858 6.97428139183056e-06 6200
1778909136788 6.671709531013616e-06 6220
1778909140717 6.369137670196672e-06 6240
1778909157185 6.066565809379728e-06 6260
1778909161117 5.763993948562784e-06 6280
1778909165052 5.46142208774584e-06 6300
1778909168981 5.158850226928896e-06 6320
1778909172911 4.856278366111952e-06 6340
1778909176840 4.5537065052950075e-06 6360
1778909180770 4.2511346444780634e-06 6380
1778909184699 3.948562783661119e-06 6400
1778909188628 3.6459909228441757e-06 6420
1778909192558 3.3434190620272316e-06 6440
1778909196487 3.0408472012102876e-06 6460
1778909200416 2.7382753403933435e-06 6480
1778909204480 2.4357034795763994e-06 6500
1778909221485 2.1331316187594553e-06 6520
1778909225412 1.8305597579425113e-06 6540
1778909229338 1.5279878971255674e-06 6560
1778909233261 1.2254160363086233e-06 6580
1778909237184 9.228441754916794e-07 6600
1778909241106 6.202723146747353e-07 6620
1778909245030 3.177004538577912e-07 6640
1778909248934 1.51285930408472e-08 6660
