1779347333495 0.015015015015015015 20
1779347334701 0.03003003003003003 40
1779347335904 0.04504504504504504 60
1779347337101 0.06006006006006006 80
1779347338307 0.07507507507507508 100
1779347339510 0.09009009009009009 120
1779347340713 0.10510510510510511 140
1779347341923 0.12012012012012012 160
1779347343123 0.13513513513513514 180
1779347344303 0.15015015015015015 200
1779347345508 0.16516516516516516 220
1779347346688 0.18018018018018017 240
1779347356821 0.18768768768768768 250
1779347359934 0.19519519519519518 260
1779347361159 0.21021021021021022 280
1779347362391 0.22522522522522523 300
1779347363626 0.24024024024024024 320
1779347364844 0.2552552552552553 340
1779347366057 0.2702702702702703 360
1779347367283 0.2852852852852853 380
1779347368553 0.3003003003003003 400
1779347369765 0.3153153153153153 420
1779347370956 0.3303303303303303 440
1779347372129 0.34534534534534533 460
1779347373352 0.36036036036036034 480
1779347374584 0.37537537537537535 500
1779347384200 0.37537537537537535 500
1779347388212 0.39039039039039036 520
1779347389421 0.40540540540540543 540
1779347390635 0.42042042042042044 560
1779347391847 0.43543543543543545 580
1779347393085 0.45045045045045046 600
1779347394333 0.46546546546546547 620
1779347395546 0.4804804804804805 640
1779347396773 0.4954954954954955 660
1779347398012 0.5105105105105106 680
1779347399233 0.5255255255255256 700
1779347400410 0.5405405405405406 720
1779347401612 0.5555555555555556 740
1779347411858 0.5630630630630631 750
1779347415201 0.5705705705705706 760
1779347416381 0.5855855855855856 780
1779347417571 0.6006006006006006 800
1779347418783 0.6156156156156156 820
1779347419962 0.6306306306306306 840
1779347421143 0.6456456456456456 860
1779347422317 0.6606606606606606 880
1779347423492 0.6756756756756757 900
1779347424676 0.6906906906906907 920
1779347425883 0.7057057057057057 940
1779347427061 0.7207207207207207 960
1779347428253 0.7357357357357357 980
1779347429436 0.7507507507507507 1000
1779347438819 0.7507507507507507 1000
1779347442592 0.7657657657657657 1020
1779347443760 0.7807807807807807 1040
1779347444927 0.7957957957957958 1060
1779347446094 0.8108108108108109 1080
1779347447260 0.8258258258258259 1100
1779347448426 0.8408408408408409 1120
1779347449591 0.8558558558558559 1140
1779347450757 0.8708708708708709 1160
1779347451923 0.8858858858858859 1180
1779347453091 0.9009009009009009 1200
1779347454298 0.9159159159159159 1220
1779347455484 0.9309309309309309 1240
1779347465642 0.9384384384384384 1250
1779347469086 0.9459459459459459 1260
1779347470292 0.960960960960961 1280
1779347471500 0.975975975975976 1300
1779347472714 0.990990990990991 1320
1779347474025 1.006006006006006 1340
1779347475222 1.021021021021021 1360
1779347476397 1.0360360360360361 1380
1779347477576 1.0510510510510511 1400
1779347478777 1.0660660660660661 1420
1779347480005 1.0810810810810811 1440
1779347481239 1.0960960960960962 1460
1779347482459 1.1111111111111112 1480
1779347483666 1.1261261261261262 1500
1779347493066 1.1261261261261262 1500
1779347496585 1.1411411411411412 1520
1779347497796 1.1561561561561562 1540
1779347498991 1.1711711711711712 1560
1779347500165 1.1861861861861862 1580
1779347501340 1.2012012012012012 1600
1779347502516 1.2162162162162162 1620
1779347503724 1.2312312312312312 1640
1779347504920 1.2462462462462462 1660
1779347506113 1.2612612612612613 1680
1779347507325 1.2762762762762763 1700
1779347508504 1.2912912912912913 1720
1779347509701 1.3063063063063063 1740
1779347519787 1.3138138138138138 1750
1779347523436 1.3213213213213213 1760
1779347524635 1.3363363363363363 1780
1779347525831 1.3513513513513513 1800
1779347527015 1.3663663663663663 1820
1779347528210 1.3813813813813813 1840
1779347529432 1.3963963963963963 1860
1779347530642 1.4114114114114114 1880
1779347531844 1.4264264264264264 1900
1779347533055 1.4414414414414414 1920
1779347534276 1.4564564564564564 1940
1779347535489 1.4714714714714714 1960
1779347536717 1.4864864864864864 1980
1779347537937 1.5015015015015014 2000
1779347547431 1.5015015015015014 2000
1779347551127 1.5165165165165164 2020
1779347552343 1.5315315315315314 2040
1779347553557 1.5465465465465464 2060
1779347554773 1.5615615615615615 2080
1779347556018 1.5765765765765765 2100
1779347557240 1.5915915915915915 2120
1779347558457 1.6066066066066065 2140
1779347559661 1.6216216216216215 2160
1779347560877 1.6366366366366365 2180
1779347562088 1.6516516516516515 2200
1779347563318 1.6666666666666665 2220
1779347564542 1.6816816816816815 2240
1779347574703 1.689189189189189 2250
1779347578185 1.6966966966966965 2260
1779347579418 1.7117117117117115 2280
1779347580637 1.7267267267267268 2300
1779347581862 1.7417417417417418 2320
1779347583094 1.7567567567567568 2340
1779347584340 1.7717717717717718 2360
1779347585575 1.7867867867867868 2380
1779347586805 1.8018018018018018 2400
1779347588033 1.8168168168168168 2420
1779347589259 1.8318318318318318 2440
1779347590481 1.8468468468468469 2460
1779347591690 1.8618618618618619 2480
1779347592895 1.8768768768768769 2500
1779347602335 1.8768768768768769 2500
1779347606749 1.8918918918918919 2520
1779347607970 1.906906906906907 2540
1779347609206 1.921921921921922 2560
1779347610435 1.936936936936937 2580
1779347611637 1.951951951951952 2600
1779347612844 1.966966966966967 2620
1779347614056 1.981981981981982 2640
1779347615271 1.996996996996997 2660
1779347616469 2.012012012012012 2680
1779347617682 2.027027027027027 2700
1779347618899 2.042042042042042 2720
1779347620109 2.057057057057057 2740
1779347630268 2.0645645645645647 2750
1779347633713 2.0720720720720722 2760
1779347634944 2.0870870870870872 2780
1779347636164 2.1021021021021022 2800
1779347637374 2.1171171171171173 2820
1779347638582 2.1321321321321323 2840
1779347639746 2.1471471471471473 2860
1779347640909 2.1621621621621623 2880
1779347642074 2.1771771771771773 2900
1779347643247 2.1921921921921923 2920
1779347644468 2.2072072072072073 2940
1779347645691 2.2222222222222223 2960
1779347646901 2.2372372372372373 2980
1779347648101 2.2522522522522523 3000
1779347657613 2.2522522522522523 3000
1779347661695 2.2672672672672673 3020
1779347662905 2.2822822822822824 3040
1779347664120 2.2972972972972974 3060
1779347665317 2.3123123123123124 3080
1779347666495 2.3273273273273274 3100
1779347667687 2.3423423423423424 3120
1779347668935 2.3573573573573574 3140
1779347670173 2.3723723723723724 3160
1779347671403 2.3873873873873874 3180
1779347672603 2.4024024024024024 3200
1779347673799 2.4174174174174174 3220
1779347675013 2.4324324324324325 3240
1779347685215 2.43993993993994 3250
1779347688840 2.4474474474474475 3260
1779347690003 2.4624624624624625 3280
1779347691175 2.4774774774774775 3300
1779347692377 2.4924924924924925 3320
1779347693579 2.5075075075075075 3340
1779347694785 2.5225225225225225 3360
1779347696025 2.5375375375375375 3380
1779347697261 2.5525525525525525 3400
1779347698480 2.5675675675675675 3420
1779347699693 2.5825825825825826 3440
1779347700894 2.5975975975975976 3460
1779347702099 2.6126126126126126 3480
1779347703324 2.6276276276276276 3500
1779347712948 2.6276276276276276 3500
1779347717037 2.6426426426426426 3520
1779347718251 2.6576576576576576 3540
1779347719458 2.6726726726726726 3560
1779347720678 2.6876876876876876 3580
1779347721907 2.7027027027027026 3600
1779347723147 2.7177177177177176 3620
1779347724380 2.7327327327327327 3640
1779347725619 2.7477477477477477 3660
1779347726854 2.7627627627627627 3680
1779347728094 2.7777777777777777 3700
1779347729300 2.7927927927927927 3720
1779347730517 2.8078078078078077 3740
1779347740694 2.815315315315315 3750
1779347744102 2.8228228228228227 3760
1779347745307 2.8378378378378377 3780
1779347746512 2.8528528528528527 3800
1779347747738 2.8678678678678677 3820
1779347748927 2.8828828828828827 3840
1779347750139 2.8978978978978978 3860
1779347751354 2.9129129129129128 3880
1779347752568 2.9279279279279278 3900
1779347753766 2.942942942942943 3920
1779347754981 2.957957957957958 3940
1779347756190 2.972972972972973 3960
1779347757408 2.987987987987988 3980
1779347758627 3.003003003003003 4000
1779347768091 3.003003003003003 4000
1779347771927 3.018018018018018 4020
1779347773104 3.033033033033033 4040
1779347774284 3.048048048048048 4060
1779347775472 3.063063063063063 4080
1779347776650 3.078078078078078 4100
1779347777826 3.093093093093093 4120
1779347779032 3.108108108108108 4140
1779347780260 3.123123123123123 4160
1779347781461 3.138138138138138 4180
1779347782666 3.153153153153153 4200
1779347783852 3.1681681681681684 4220
1779347785031 3.1831831831831834 4240
1779347795209 3.190690690690691 4250
1779347798628 3.1981981981981984 4260
1779347799831 3.2132132132132134 4280
1779347801039 3.2282282282282284 4300
1779347802238 3.2432432432432434 4320
1779347803447 3.2582582582582584 4340
1779347804650 3.2732732732732734 4360
1779347805863 3.2882882882882885 4380
1779347807073 3.3033033033033035 4400
1779347808302 3.3183183183183185 4420
1779347809514 3.3333333333333335 4440
1779347810749 3.3483483483483485 4460
1779347811988 3.3633633633633635 4480
1779347813202 3.3783783783783785 4500
1779347822765 3.3783783783783785 4500
1779347826673 3.3933933933933935 4520
1779347827872 3.4084084084084085 4540
1779347829091 3.4234234234234235 4560
1779347830334 3.4384384384384385 4580
1779347831578 3.4534534534534536 4600
1779347832810 3.4684684684684686 4620
1779347834040 3.4834834834834836 4640
1779347835273 3.4984984984984986 4660
1779347836487 3.5135135135135136 4680
1779347837705 3.5285285285285286 4700
1779347838935 3.5435435435435436 4720
1779347840165 3.5585585585585586 4740
1779347850412 3.566066066066066 4750
1779347853976 3.5735735735735736 4760
1779347855182 3.5885885885885886 4780
1779347856391 3.6036036036036037 4800
1779347857585 3.6186186186186187 4820
1779347858767 3.6336336336336337 4840
1779347859951 3.6486486486486487 4860
1779347861208 3.6636636636636637 4880
1779347862441 3.6786786786786787 4900
1779347863692 3.6936936936936937 4920
1779347864927 3.7087087087087087 4940
1779347866162 3.7237237237237237 4960
1779347867381 3.7387387387387387 4980
1779347868572 3.7537537537537538 5000
1779347878130 3.7537537537537538 5000
1779347882305 3.7687687687687688 5020
1779347883526 3.7837837837837838 5040
1779347884734 3.798798798798799 5060
1779347885961 3.813813813813814 5080
1779347887185 3.828828828828829 5100
1779347888399 3.843843843843844 5120
1779347889611 3.858858858858859 5140
1779347890838 3.873873873873874 5160
1779347892075 3.888888888888889 5180
1779347893289 3.903903903903904 5200
1779347894499 3.918918918918919 5220
1779347895705 3.933933933933934 5240
1779347905717 3.9414414414414414 5250
1779347909024 3.948948948948949 5260
1779347910226 3.963963963963964 5280
1779347911407 3.978978978978979 5300
1779347912621 3.993993993993994 5320
1779347913836 4.009009009009009 5340
1779347915088 4.024024024024024 5360
1779347916275 4.039039039039039 5380
1779347917516 4.054054054054054 5400
1779347918749 4.069069069069069 5420
1779347919956 4.084084084084084 5440
1779347921167 4.099099099099099 5460
1779347922362 4.114114114114114 5480
1779347923555 4.129129129129129 5500
1779347933134 4.129129129129129 5500
1779347937285 4.1441441441441444 5520
1779347938493 4.1591591591591595 5540
1779347939700 4.1741741741741745 5560
1779347940909 4.1891891891891895 5580
1779347942113 4.2042042042042045 5600
1779347943317 4.2192192192192195 5620
1779347944532 4.2342342342342345 5640
1779347945742 4.2492492492492495 5660
1779347946945 4.2642642642642645 5680
1779347948114 4.2792792792792795 5700
1779347949315 4.2942942942942945 5720
1779347950516 4.3093093093093096 5740
1779347960597 4.316816816816817 5750
1779347963865 4.324324324324325 5760
1779347965077 4.33933933933934 5780
1779347966288 4.354354354354355 5800
1779347967497 4.36936936936937 5820
1779347968710 4.384384384384385 5840
1779347969918 4.3993993993994 5860
1779347971134 4.414414414414415 5880
1779347972350 4.42942942942943 5900
1779347973565 4.444444444444445 5920
1779347974773 4.45945945945946 5940
1779347975979 4.474474474474475 5960
1779347977185 4.48948948948949 5980
1779347978402 4.504504504504505 6000
1779347987933 4.504504504504505 6000
1779347991908 4.51951951951952 6020
1779347993087 4.534534534534535 6040
1779347994275 4.54954954954955 6060
1779347995501 4.564564564564565 6080
1779347996708 4.57957957957958 6100
1779347997931 4.594594594594595 6120
1779347999175 4.60960960960961 6140
1779348000384 4.624624624624625 6160
1779348001562 4.63963963963964 6180
1779348002740 4.654654654654655 6200
1779348003920 4.66966966966967 6220
1779348005097 4.684684684684685 6240
1779348015309 4.692192192192192 6250
1779348018935 4.6996996996997 6260
1779348020190 4.714714714714715 6280
1779348021437 4.72972972972973 6300
1779348022658 4.744744744744745 6320
1779348023865 4.75975975975976 6340
1779348025068 4.774774774774775 6360
1779348026279 4.78978978978979 6380
1779348027502 4.804804804804805 6400
1779348028712 4.81981981981982 6420
1779348029914 4.834834834834835 6440
1779348031113 4.84984984984985 6460
1779348032296 4.864864864864865 6480
1779348033498 4.87987987987988 6500
1779348043008 4.87987987987988 6500
1779348047090 4.894894894894895 6520
1779348048300 4.90990990990991 6540
1779348049507 4.924924924924925 6560
1779348050719 4.93993993993994 6580
1779348051947 4.954954954954955 6600
1779348053173 4.96996996996997 6620
1779348054405 4.984984984984985 6640
1779348055639 5.0 6660
1779348065294 5.0 6660
1779348068148 5.0 6660
1779348080241 5.0 6660
1779348092311 5.0 6660
1779348107605 5.0 0
