1779347333495 0.6928543090820313 20
1779347334701 0.692584228515625 40
1779347335904 0.6917060852050781 60
1779347337101 0.6923484802246094 80
1779347338307 0.6913841247558594 100
1779347339510 0.692633056640625 120
1779347340713 0.6901824951171875 140
1779347341923 0.690936279296875 160
1779347343123 0.6903678894042968 180
1779347344303 0.6899658203125 200
1779347345508 0.6893104553222656 220
1779347346688 0.6884963989257813 240
1779347359934 0.6887474060058594 260
1779347361159 0.6881072998046875 280
1779347362391 0.6886604309082032 300
1779347363626 0.6880393981933594 320
1779347364844 0.6869796752929688 340
1779347366057 0.6874778747558594 360
1779347367283 0.6877151489257812 380
1779347368553 0.6866500854492188 400
1779347369765 0.6860977172851562 420
1779347370956 0.6857528686523438 440
1779347372129 0.6855392456054688 460
1779347373352 0.686578369140625 480
1779347374584 0.6851898193359375 500
1779347388212 0.6848892211914063 520
1779347389421 0.6861778259277344 540
1779347390635 0.6842628479003906 560
1779347391847 0.6853096008300781 580
1779347393085 0.6847808837890625 600
1779347394333 0.6845222473144531 620
1779347395546 0.6856636047363281 640
1779347396773 0.6839630126953125 660
1779347398012 0.6844764709472656 680
1779347399233 0.6823554992675781 700
1779347400410 0.6824180603027343 720
1779347401612 0.6824554443359375 740
1779347415201 0.68223876953125 760
1779347416381 0.6803878784179688 780
1779347417571 0.6811088562011719 800
1779347418783 0.6795455932617187 820
1779347419962 0.6806282043457031 840
1779347421143 0.6813461303710937 860
1779347422317 0.6812202453613281 880
1779347423492 0.6802169799804687 900
1779347424676 0.6807662963867187 920
1779347425883 0.6798110961914062 940
1779347427061 0.6787849426269531 960
1779347428253 0.6786186218261718 980
1779347429436 0.6781532287597656 1000
1779347442592 0.67996826171875 1020
1779347443760 0.6785629272460938 1040
1779347444927 0.6800941467285156 1060
1779347446094 0.6758102416992188 1080
1779347447260 0.6773841857910157 1100
1779347448426 0.6764366149902343 1120
1779347449591 0.6764251708984375 1140
1779347450757 0.6767227172851562 1160
1779347451923 0.6764625549316406 1180
1779347453091 0.6773582458496094 1200
1779347454298 0.6733657836914062 1220
1779347455484 0.6768165588378906 1240
1779347469086 0.6744987487792968 1260
1779347470292 0.6748420715332031 1280
1779347471500 0.6743415832519531 1300
1779347472714 0.6743919372558593 1320
1779347474025 0.6710988521575928 1340
1779347475222 0.6747024536132813 1360
1779347476397 0.6722251892089843 1380
1779347477576 0.6749526977539062 1400
1779347478777 0.6765182495117188 1420
1779347480005 0.67308349609375 1440
1779347481239 0.6728309631347656 1460
1779347482459 0.6700237274169922 1480
1779347483666 0.6729736328125 1500
1779347496585 0.6727607727050782 1520
1779347497796 0.6703842163085938 1540
1779347498991 0.6710739135742188 1560
1779347500165 0.6712638854980468 1580
1779347501340 0.6750099182128906 1600
1779347502516 0.6735031127929687 1620
1779347503724 0.67003173828125 1640
1779347504920 0.6693145751953125 1660
1779347506113 0.6714508056640625 1680
1779347507325 0.6714607238769531 1700
1779347508504 0.6699512481689454 1720
1779347509701 0.6705062866210938 1740
1779347523436 0.6696613311767579 1760
1779347524635 0.6695674896240235 1780
1779347525831 0.6666584014892578 1800
1779347527015 0.6693519592285156 1820
1779347528210 0.6683662414550782 1840
1779347529432 0.6678676605224609 1860
1779347530642 0.6689666748046875 1880
1779347531844 0.6696479797363282 1900
1779347533055 0.6706222534179688 1920
1779347534276 0.6691875457763672 1940
1779347535489 0.6673740386962891 1960
1779347536717 0.6691108703613281 1980
1779347537937 0.6674095153808594 2000
1779347551127 0.6669162750244141 2020
1779347552343 0.6635734558105468 2040
1779347553557 0.6651920318603516 2060
1779347554773 0.6706722259521485 2080
1779347556018 0.6664714813232422 2100
1779347557240 0.6681221008300782 2120
1779347558457 0.66573486328125 2140
1779347559661 0.6652496337890625 2160
1779347560877 0.6646499633789062 2180
1779347562088 0.6639205932617187 2200
1779347563318 0.66405029296875 2220
1779347564542 0.6653297424316407 2240
1779347578185 0.6629695892333984 2260
1779347579418 0.6662178039550781 2280
1779347580637 0.662188720703125 2300
1779347581862 0.6651763916015625 2320
1779347583094 0.6615921020507812 2340
1779347584340 0.6640739440917969 2360
1779347585575 0.6559955596923828 2380
1779347586805 0.6618392944335938 2400
1779347588033 0.6651687622070312 2420
1779347589259 0.6621799468994141 2440
1779347590481 0.6624618530273437 2460
1779347591690 0.6639591217041015 2480
1779347592895 0.6636833190917969 2500
1779347606749 0.6591529846191406 2520
1779347607970 0.6629375457763672 2540
1779347609206 0.6653820037841797 2560
1779347610435 0.6636287689208984 2580
1779347611637 0.6627285003662109 2600
1779347612844 0.6667396545410156 2620
1779347614056 0.6657161712646484 2640
1779347615271 0.66253662109375 2660
1779347616469 0.6607233047485351 2680
1779347617682 0.660946273803711 2700
1779347618899 0.6595684051513672 2720
1779347620109 0.6577358245849609 2740
1779347633713 0.663022232055664 2760
1779347634944 0.6561988830566406 2780
1779347636164 0.6561969757080078 2800
1779347637374 0.6595989227294922 2820
1779347638582 0.6612186431884766 2840
1779347639746 0.6630756378173828 2860
1779347640909 0.6623249053955078 2880
1779347642074 0.6628166198730469 2900
1779347643247 0.6625083923339844 2920
1779347644468 0.6585472106933594 2940
1779347645691 0.6616615295410156 2960
1779347646901 0.6628677368164062 2980
1779347648101 0.6583091735839843 3000
1779347661695 0.6587467193603516 3020
1779347662905 0.6567481994628906 3040
1779347664120 0.6618785858154297 3060
1779347665317 0.6623737335205078 3080
1779347666495 0.6578990936279296 3100
1779347667687 0.6560314178466797 3120
1779347668935 0.6571483612060547 3140
1779347670173 0.659299087524414 3160
1779347671403 0.6564277648925781 3180
1779347672603 0.6564414978027344 3200
1779347673799 0.6565196990966797 3220
1779347675013 0.6547389984130859 3240
1779347688840 0.6559154510498046 3260
1779347690003 0.6620307922363281 3280
1779347691175 0.6587368011474609 3300
1779347692377 0.6527320861816406 3320
1779347693579 0.6597854614257812 3340
1779347694785 0.6564071655273438 3360
1779347696025 0.6543636322021484 3380
1779347697261 0.6541629791259765 3400
1779347698480 0.659967041015625 3420
1779347699693 0.652804946899414 3440
1779347700894 0.65301513671875 3460
1779347702099 0.6571636199951172 3480
1779347703324 0.651181411743164 3500
1779347717037 0.6571006774902344 3520
1779347718251 0.6615131378173829 3540
1779347719458 0.6563217163085937 3560
1779347720678 0.6529102325439453 3580
1779347721907 0.6545310974121094 3600
1779347723147 0.65235595703125 3620
1779347724380 0.6533367156982421 3640
1779347725619 0.6560432434082031 3660
1779347726854 0.6521636962890625 3680
1779347728094 0.6540412902832031 3700
1779347729300 0.6567386627197266 3720
1779347730517 0.6553512573242187 3740
1779347744102 0.6544696807861328 3760
1779347745307 0.653802490234375 3780
1779347746512 0.6594261169433594 3800
1779347747738 0.652374267578125 3820
1779347748927 0.6530773162841796 3840
1779347750139 0.6513847351074219 3860
1779347751354 0.6501354217529297 3880
1779347752568 0.6531761169433594 3900
1779347753766 0.6581245422363281 3920
1779347754981 0.653354263305664 3940
1779347756190 0.6510189056396485 3960
1779347757408 0.6607963562011718 3980
1779347758627 0.6567713737487793 4000
1779347771927 0.6523979187011719 4020
1779347773104 0.6497936248779297 4040
1779347774284 0.6576763153076172 4060
1779347775472 0.6498641967773438 4080
1779347776650 0.6518363952636719 4100
1779347777826 0.6473953247070312 4120
1779347779032 0.6498050689697266 4140
1779347780260 0.656979751586914 4160
1779347781461 0.6553016662597656 4180
1779347782666 0.6521373748779297 4200
1779347783852 0.6510398864746094 4220
1779347785031 0.651416015625 4240
1779347798628 0.653872299194336 4260
1779347799831 0.6583812713623047 4280
1779347801039 0.6510093688964844 4300
1779347802238 0.648349380493164 4320
1779347803447 0.6529922485351562 4340
1779347804650 0.6583766937255859 4360
1779347805863 0.6505428314208984 4380
1779347807073 0.647821044921875 4400
1779347808302 0.6513782501220703 4420
1779347809514 0.6550006866455078 4440
1779347810749 0.6463413238525391 4460
1779347811988 0.657122802734375 4480
1779347813202 0.6510780334472657 4500
1779347826673 0.6537395477294922 4520
1779347827872 0.6498935699462891 4540
1779347829091 0.6487091064453125 4560
1779347830334 0.6455478668212891 4580
1779347831578 0.6514488220214844 4600
1779347832810 0.6450767517089844 4620
1779347834040 0.6551090240478515 4640
1779347835273 0.6511035919189453 4660
1779347836487 0.6510074615478516 4680
1779347837705 0.6497718811035156 4700
1779347838935 0.6477214813232421 4720
1779347840165 0.6497905731201172 4740
1779347853976 0.6559520721435547 4760
1779347855182 0.6540596008300781 4780
1779347856391 0.6488018035888672 4800
1779347857585 0.6553592681884766 4820
1779347858767 0.6522769927978516 4840
1779347859951 0.651141357421875 4860
1779347861208 0.6521133422851563 4880
1779347862441 0.6482040405273437 4900
1779347863692 0.6453678131103515 4920
1779347864927 0.6545917510986328 4940
1779347866162 0.6467044830322266 4960
1779347867381 0.649386978149414 4980
1779347868572 0.6432201385498046 5000
1779347882305 0.648822021484375 5020
1779347883526 0.6506370544433594 5040
1779347884734 0.6492053985595703 5060
1779347885961 0.6484249114990235 5080
1779347887185 0.6456714630126953 5100
1779347888399 0.6512676239013672 5120
1779347889611 0.6515506744384766 5140
1779347890838 0.6478385925292969 5160
1779347892075 0.6461936950683593 5180
1779347893289 0.6479995727539063 5200
1779347894499 0.6531105041503906 5220
1779347895705 0.6497722625732422 5240
1779347909024 0.6497299194335937 5260
1779347910226 0.6432212829589844 5280
1779347911407 0.6502059936523438 5300
1779347912621 0.6467838287353516 5320
1779347913836 0.6439393997192383 5340
1779347915088 0.6542247772216797 5360
1779347916275 0.651702880859375 5380
1779347917516 0.6511432647705078 5400
1779347918749 0.6528133392333985 5420
1779347919956 0.6472892761230469 5440
1779347921167 0.6499000549316406 5460
1779347922362 0.646832275390625 5480
1779347923555 0.6493316650390625 5500
1779347937285 0.6519813537597656 5520
1779347938493 0.6509922027587891 5540
1779347939700 0.6511398315429687 5560
1779347940909 0.6396064758300781 5580
1779347942113 0.6520137786865234 5600
1779347943317 0.6388355255126953 5620
1779347944532 0.6485996246337891 5640
1779347945742 0.648556137084961 5660
1779347946945 0.645877456665039 5680
1779347948114 0.6486515045166016 5700
1779347949315 0.6454757690429688 5720
1779347950516 0.6535079956054688 5740
1779347963865 0.6403091430664063 5760
1779347965077 0.644009017944336 5780
1779347966288 0.6487613677978515 5800
1779347967497 0.6455078125 5820
1779347968710 0.6457866668701172 5840
1779347969918 0.6471969604492187 5860
1779347971134 0.6502487182617187 5880
1779347972350 0.6484458923339844 5900
1779347973565 0.652188491821289 5920
1779347974773 0.653500747680664 5940
1779347975979 0.6422401428222656 5960
1779347977185 0.6499431610107422 5980
1779347978402 0.6526744842529297 6000
1779347991908 0.6461727142333984 6020
1779347993087 0.6516830444335937 6040
1779347994275 0.6476322174072265 6060
1779347995501 0.6505016326904297 6080
1779347996708 0.6394481658935547 6100
1779347997931 0.6432117462158203 6120
1779347999175 0.6433391571044922 6140
1779348000384 0.6507991790771485 6160
1779348001562 0.6458793640136719 6180
1779348002740 0.646969223022461 6200
1779348003920 0.6474441528320313 6220
1779348005097 0.6496204376220703 6240
1779348018935 0.6501422882080078 6260
1779348020190 0.6482917785644531 6280
1779348021437 0.646649169921875 6300
1779348022658 0.6515800476074218 6320
1779348023865 0.644952392578125 6340
1779348025068 0.6482284545898438 6360
1779348026279 0.6477897644042969 6380
1779348027502 0.6449958801269531 6400
1779348028712 0.6446025848388672 6420
1779348029914 0.6520122528076172 6440
1779348031113 0.645208740234375 6460
1779348032296 0.6488338470458984 6480
1779348033498 0.6456775665283203 6500
1779348047090 0.6503562927246094 6520
1779348048300 0.6450565338134766 6540
1779348049507 0.6421440124511719 6560
1779348050719 0.6488796234130859 6580
1779348051947 0.6408615112304688 6600
1779348053173 0.6405216217041015 6620
1779348054405 0.6471698760986329 6640
1779348055639 0.6429286479949952 6660
