1778314566478 0.21739130434782608 20
1778314570498 0.43478260869565216 40
1778314574539 0.6521739130434783 60
1778314578588 0.8695652173913043 80
1778314582578 1.0869565217391304 100
1778314586613 1.3043478260869565 120
1778314590634 1.5217391304347827 140
1778314594659 1.7391304347826086 160
1778314598714 1.9565217391304348 180
1778314602736 2.1739130434782608 200
1778314606774 2.391304347826087 220
1778314610801 2.608695652173913 240
1778314613935 2.717391304347826 250
1778314617259 2.8260869565217392 260
1778314621251 3.0434782608695654 280
1778314625316 3.260869565217391 300
1778314629373 3.4782608695652173 320
1778314633447 3.6956521739130435 340
1778314637514 3.9130434782608696 360
1778314641557 4.130434782608695 380
1778314645606 4.3478260869565215 400
1778314649663 4.565217391304348 420
1778314653719 4.782608695652174 440
1778314657765 5.0 460
1778314661819 5.217391304347826 480
1778314665887 5.434782608695652 500
1778314666995 5.434782608695652 500
1778314672229 5.6521739130434785 520
1778314676287 5.869565217391305 540
1778314680343 6.086956521739131 560
1778314684400 6.304347826086957 580
1778314688450 6.521739130434782 600
1778314692498 6.739130434782608 620
1778314696548 6.956521739130435 640
1778314700592 7.173913043478261 660
1778314704656 7.391304347826087 680
1778314708693 7.608695652173913 700
1778314712750 7.826086956521739 720
1778314716767 8.043478260869565 740
1778314719862 8.152173913043478 750
1778314723245 8.26086956521739 760
1778314727504 8.478260869565217 780
1778314731557 8.695652173913043 800
1778314735613 8.91304347826087 820
1778314739645 9.130434782608695 840
1778314743669 9.347826086956522 860
1778314747684 9.565217391304348 880
1778314751729 9.782608695652174 900
1778314755760 10.0 920
1778314757139 10.0 920
1778314758442 10.0 920
1778314759736 10.0 920
1778314760413 10.0 0
