1778314566478 3.2140374183654785 20
1778314570498 1.4958547353744507 40
1778314574539 1.265977144241333 60
1778314578588 1.500788927078247 80
1778314582578 6.746726036071777 100
1778314586613 2.817063570022583 120
1778314590634 5.407151222229004 140
1778314594659 6.399333953857422 160
1778314598714 7.787224292755127 180
1778314602736 3.539992570877075 200
1778314606774 4.827429294586182 220
1778314610801 4.866292953491211 240
1778314617259 4.814944744110107 260
1778314621251 16.149612426757812 280
1778314625316 3.8733527660369873 300
1778314629373 7.692323207855225 320
1778314633447 4.570443153381348 340
1778314637514 6.465681076049805 360
1778314641557 3.00691819190979 380
1778314645606 4.867088317871094 400
1778314649663 1.9143186807632446 420
1778314653719 10.182459831237793 440
1778314657765 1.4363365173339844 460
1778314661819 12.534979820251465 480
1778314665887 8.872673034667969 500
1778314672229 7.569599151611328 520
1778314676287 6.412953853607178 540
1778314680343 4.430578708648682 560
1778314684400 7.75487756729126 580
1778314688450 3.0033118724823 600
1778314692498 9.598097801208496 620
1778314696548 7.185866832733154 640
1778314700592 5.255459785461426 660
1778314704656 3.0407638549804688 680
1778314708693 12.590888977050781 700
1778314712750 8.580759048461914 720
1778314716767 2.4463772773742676 740
1778314723245 1.127219557762146 760
1778314727504 4.677257061004639 780
1778314731557 2.770026922225952 800
1778314735613 0.8002579212188721 820
1778314739645 0.3938452899456024 840
1778314743669 0.14902745187282562 860
1778314747684 0.6827354431152344 880
1778314751729 1.1520918607711792 900
1778314755760 0.33218953013420105 920
