1778314566478 1.1400000000000001e-05 20
1778314570498 2.3400000000000003e-05 40
1778314574539 2.9689655172413792e-05 60
1778314578588 2.9e-05 80
1778314582578 2.831034482758621e-05 100
1778314586613 2.7620689655172413e-05 120
1778314590634 2.6931034482758622e-05 140
1778314594659 2.6241379310344827e-05 160
1778314598714 2.5551724137931035e-05 180
1778314602736 2.486206896551724e-05 200
1778314606774 2.417241379310345e-05 220
1778314610801 2.3482758620689657e-05 240
1778314617259 2.2793103448275865e-05 260
1778314621251 2.2103448275862067e-05 280
1778314625316 2.1413793103448275e-05 300
1778314629373 2.0724137931034484e-05 320
1778314633447 2.0034482758620692e-05 340
1778314637514 1.9344827586206897e-05 360
1778314641557 1.8655172413793102e-05 380
1778314645606 1.796551724137931e-05 400
1778314649663 1.727586206896552e-05 420
1778314653719 1.6586206896551724e-05 440
1778314657765 1.5896551724137932e-05 460
1778314661819 1.5206896551724139e-05 480
1778314665887 1.4517241379310345e-05 500
1778314672229 1.3827586206896552e-05 520
1778314676287 1.3137931034482759e-05 540
1778314680343 1.2448275862068967e-05 560
1778314684400 1.1758620689655172e-05 580
1778314688450 1.106896551724138e-05 600
1778314692498 1.0379310344827587e-05 620
1778314696548 9.689655172413794e-06 640
1778314700592 9e-06 660
1778314704656 8.310344827586207e-06 680
1778314708693 7.6206896551724136e-06 700
1778314712750 6.93103448275862e-06 720
1778314716767 6.241379310344828e-06 740
1778314723245 5.551724137931034e-06 760
1778314727504 4.862068965517241e-06 780
1778314731557 4.172413793103448e-06 800
1778314735613 3.4827586206896552e-06 820
1778314739645 2.7931034482758623e-06 840
1778314743669 2.103448275862069e-06 860
1778314747684 1.4137931034482759e-06 880
1778314751729 7.241379310344827e-07 900
1778314755760 3.448275862068966e-08 920
