1778314566478 0.6965 20
1778314570498 0.69 40
1778314574539 0.6846 60
1778314578588 0.6693 80
1778314582578 0.5689 100
1778314586613 0.523 120
1778314590634 0.4867 140
1778314594659 0.4638 160
1778314598714 0.4707 180
1778314602736 0.3905 200
1778314606774 0.3603 220
1778314610801 0.3207 240
1778314617259 0.3679 260
1778314621251 0.3589 280
1778314625316 0.2633 300
1778314629373 0.3005 320
1778314633447 0.3025 340
1778314637514 0.2398 360
1778314641557 0.2119 380
1778314645606 0.1739 400
1778314649663 0.1634 420
1778314653719 0.1873 440
1778314657765 0.1654 460
1778314661819 0.1226 480
1778314665887 0.1157 500
1778314672229 0.1583 520
1778314676287 0.1339 540
1778314680343 0.1192 560
1778314684400 0.084 580
1778314688450 0.105 600
1778314692498 0.0997 620
1778314696548 0.0744 640
1778314700592 0.1165 660
1778314704656 0.0864 680
1778314708693 0.0789 700
1778314712750 0.0896 720
1778314716767 0.0504 740
1778314723245 0.0819 760
1778314727504 0.0381 780
1778314731557 0.0731 800
1778314735613 0.0548 820
1778314739645 0.044 840
1778314743669 0.0475 860
1778314747684 0.0563 880
1778314751729 0.0522 900
1778314755760 0.0359 920
