1778758027062 1.1400000000000001e-05 20
1778758028265 2.3400000000000003e-05 40
1778758029461 2.9923186344238974e-05 60
1778758030661 2.97524893314367e-05 80
1778758031865 2.9581792318634425e-05 100
1778758033068 2.941109530583215e-05 120
1778758034272 2.9240398293029872e-05 140
1778758035475 2.9069701280227596e-05 160
1778758036676 2.8899004267425323e-05 180
1778758037879 2.8728307254623044e-05 200
1778758039079 2.8557610241820767e-05 220
1778758040278 2.838691322901849e-05 240
1778758049091 2.821621621621622e-05 260
1778758050295 2.8045519203413942e-05 280
1778758051494 2.7874822190611666e-05 300
1778758052692 2.770412517780939e-05 320
1778758053893 2.7533428165007113e-05 340
1778758055099 2.7362731152204837e-05 360
1778758056305 2.719203413940256e-05 380
1778758057510 2.7021337126600285e-05 400
1778758058707 2.685064011379801e-05 420
1778758059905 2.6679943100995732e-05 440
1778758061107 2.650924608819346e-05 460
1778758062304 2.6338549075391183e-05 480
1778758063501 2.6167852062588904e-05 500
1778758072313 2.5997155049786627e-05 520
1778758073508 2.5834992887624468e-05 540
1778758074713 2.566429587482219e-05 560
1778758075918 2.5493598862019915e-05 580
1778758077123 2.532290184921764e-05 600
1778758078328 2.5152204836415366e-05 620
1778758079533 2.4981507823613086e-05 640
1778758080738 2.481081081081081e-05 660
1778758081938 2.4640113798008534e-05 680
1778758083145 2.446941678520626e-05 700
1778758084346 2.4298719772403985e-05 720
1778758085549 2.412802275960171e-05 740
1778758094386 2.3957325746799432e-05 760
1778758095591 2.3786628733997153e-05 780
1778758096795 2.361593172119488e-05 800
1778758098001 2.3445234708392604e-05 820
1778758099206 2.3274537695590327e-05 840
1778758100410 2.310384068278805e-05 860
1778758101616 2.2933143669985775e-05 880
1778758102821 2.2762446657183502e-05 900
1778758104025 2.2591749644381226e-05 920
1778758105233 2.2421052631578946e-05 940
1778758106437 2.225035561877667e-05 960
1778758107644 2.2079658605974397e-05 980
1778758108851 2.190896159317212e-05 1000
1778758117510 2.1738264580369845e-05 1020
1778758118707 2.156756756756757e-05 1040
1778758119911 2.1396870554765292e-05 1060
1778758121117 2.1226173541963016e-05 1080
1778758122317 2.105547652916074e-05 1100
1778758123524 2.0884779516358464e-05 1120
1778758124731 2.0714082503556187e-05 1140
1778758125938 2.054338549075391e-05 1160
1778758127146 2.037268847795164e-05 1180
1778758128351 2.0201991465149362e-05 1200
1778758129551 2.0031294452347086e-05 1220
1778758130758 1.9860597439544806e-05 1240
1778758139686 1.968990042674253e-05 1260
1778758140887 1.9519203413940257e-05 1280
1778758142093 1.934850640113798e-05 1300
1778758143298 1.9177809388335705e-05 1320
1778758144502 1.900711237553343e-05 1340
1778758145700 1.8836415362731156e-05 1360
1778758146899 1.8665718349928876e-05 1380
1778758148103 1.84950213371266e-05 1400
1778758149311 1.8324324324324324e-05 1420
1778758150512 1.8153627311522047e-05 1440
1778758151720 1.7982930298719775e-05 1460
1778758152919 1.7812233285917498e-05 1480
1778758154118 1.7641536273115222e-05 1500
1778758162793 1.7470839260312942e-05 1520
1778758163995 1.7300142247510666e-05 1540
1778758165195 1.7129445234708393e-05 1560
1778758166395 1.6958748221906117e-05 1580
1778758167596 1.678805120910384e-05 1600
1778758168799 1.6617354196301565e-05 1620
1778758170007 1.6446657183499292e-05 1640
1778758171213 1.6275960170697016e-05 1660
1778758172419 1.6105263157894736e-05 1680
1778758173626 1.593456614509246e-05 1700
1778758174832 1.5763869132290184e-05 1720
1778758176038 1.559317211948791e-05 1740
1778758184857 1.5422475106685634e-05 1760
1778758186064 1.5251778093883357e-05 1780
1778758187269 1.508108108108108e-05 1800
1778758188476 1.4910384068278806e-05 1820
1778758189681 1.473968705547653e-05 1840
1778758190888 1.4568990042674253e-05 1860
1778758192093 1.4398293029871977e-05 1880
1778758193300 1.4227596017069703e-05 1900
1778758194505 1.4056899004267426e-05 1920
1778758195712 1.3886201991465148e-05 1940
1778758196918 1.3715504978662874e-05 1960
1778758198126 1.3544807965860598e-05 1980
1778758199333 1.3374110953058321e-05 2000
1778758208358 1.3203413940256045e-05 2020
1778758209565 1.303271692745377e-05 2040
1778758210771 1.2862019914651494e-05 2060
1778758211977 1.2691322901849216e-05 2080
1778758213183 1.2520625889046942e-05 2100
1778758214390 1.2349928876244666e-05 2120
1778758215591 1.2179231863442391e-05 2140
1778758216797 1.2008534850640113e-05 2160
1778758218003 1.1837837837837839e-05 2180
1778758219210 1.1667140825035563e-05 2200
1778758220416 1.1496443812233286e-05 2220
1778758221623 1.132574679943101e-05 2240
1778758230280 1.1155049786628734e-05 2260
1778758231487 1.098435277382646e-05 2280
1778758232694 1.0813655761024181e-05 2300
1778758233900 1.0642958748221907e-05 2320
1778758235107 1.047226173541963e-05 2340
1778758236313 1.0301564722617354e-05 2360
1778758237520 1.0130867709815078e-05 2380
1778758238725 9.960170697012802e-06 2400
1778758239924 9.789473684210527e-06 2420
1778758241115 9.627311522048364e-06 2440
1778758242315 9.456614509246088e-06 2460
1778758243515 9.285917496443813e-06 2480
1778758244718 9.115220483641537e-06 2500
1778758253655 8.94452347083926e-06 2520
1778758254862 8.773826458036985e-06 2540
1778758256067 8.603129445234708e-06 2560
1778758257273 8.432432432432434e-06 2580
1778758258480 8.261735419630156e-06 2600
1778758259686 8.091038406827881e-06 2620
1778758260892 7.920341394025605e-06 2640
1778758262097 7.749644381223327e-06 2660
1778758263304 7.578947368421053e-06 2680
1778758264507 7.408250355618777e-06 2700
1778758265707 7.2375533428165e-06 2720
1778758266912 7.066856330014225e-06 2740
1778758275594 6.896159317211949e-06 2760
1778758276800 6.725462304409673e-06 2780
1778758278006 6.554765291607397e-06 2800
1778758279213 6.384068278805122e-06 2820
1778758280418 6.2133712660028454e-06 2840
1778758281620 6.042674253200569e-06 2860
1778758282821 5.871977240398293e-06 2880
1778758284020 5.701280227596017e-06 2900
1778758285224 5.530583214793741e-06 2920
1778758286425 5.359886201991465e-06 2940
1778758287633 5.18918918918919e-06 2960
1778758288838 5.0184921763869135e-06 2980
1778758290045 4.847795163584637e-06 3000
1778758298897 4.677098150782361e-06 3020
1778758300097 4.506401137980086e-06 3040
1778758301302 4.3357041251778095e-06 3060
1778758302505 4.165007112375534e-06 3080
1778758303710 3.994310099573258e-06 3100
1778758304918 3.823613086770982e-06 3120
1778758306119 3.652916073968706e-06 3140
1778758307325 3.4822190611664296e-06 3160
1778758308530 3.3115220483641538e-06 3180
1778758309736 3.140825035561878e-06 3200
1778758310930 2.9701280227596017e-06 3220
1778758312136 2.8079658605974397e-06 3240
1778758321038 2.6372688477951635e-06 3260
1778758322244 2.4665718349928877e-06 3280
1778758323451 2.295874822190612e-06 3300
1778758324656 2.1251778093883357e-06 3320
1778758325862 1.95448079658606e-06 3340
1778758327068 1.7837837837837838e-06 3360
1778758328273 1.6130867709815078e-06 3380
1778758329472 1.4423897581792318e-06 3400
1778758330670 1.271692745376956e-06 3420
1778758331868 1.10099573257468e-06 3440
1778758333068 9.30298719772404e-07 3460
1778758334274 7.596017069701281e-07 3480
1778758335479 5.889046941678521e-07 3500
1778758344295 4.182076813655761e-07 3520
1778758345497 2.4751066856330016e-07 3540
1778758346703 7.681365576102418e-08 3560
