1778758027062 0.6922 20
1778758028265 0.6773 40
1778758029461 0.6409 60
1778758030661 0.6352 80
1778758031865 0.6365 100
1778758033068 0.6411 120
1778758034272 0.6065 140
1778758035475 0.6072 160
1778758036676 0.624 180
1778758037879 0.6051 200
1778758039079 0.6009 220
1778758040278 0.621 240
1778758049091 0.6099 260
1778758050295 0.5797 280
1778758051494 0.5774 300
1778758052692 0.5974 320
1778758053893 0.5188 340
1778758055099 0.5691 360
1778758056305 0.5905 380
1778758057510 0.5472 400
1778758058707 0.5608 420
1778758059905 0.5345 440
1778758061107 0.5627 460
1778758062304 0.5518 480
1778758063501 0.5184 500
1778758072313 0.5893 520
1778758073508 0.5636 540
1778758074713 0.5493 560
1778758075918 0.5668 580
1778758077123 0.5854 600
1778758078328 0.5446 620
1778758079533 0.5717 640
1778758080738 0.5655 660
1778758081938 0.5636 680
1778758083145 0.5381 700
1778758084346 0.5576 720
1778758085549 0.4998 740
1778758094386 0.4869 760
1778758095591 0.4773 780
1778758096795 0.504 800
1778758098001 0.4919 820
1778758099206 0.5326 840
1778758100410 0.4953 860
1778758101616 0.5082 880
1778758102821 0.4626 900
1778758104025 0.5347 920
1778758105233 0.481 940
1778758106437 0.4824 960
1778758107644 0.5525 980
1778758108851 0.459 1000
1778758117510 0.5056 1020
1778758118707 0.4765 1040
1778758119911 0.5171 1060
1778758121117 0.505 1080
1778758122317 0.4893 1100
1778758123524 0.4971 1120
1778758124731 0.5012 1140
1778758125938 0.503 1160
1778758127146 0.4948 1180
1778758128351 0.4897 1200
1778758129551 0.4499 1220
1778758130758 0.4954 1240
1778758139686 0.4866 1260
1778758140887 0.488 1280
1778758142093 0.485 1300
1778758143298 0.5125 1320
1778758144502 0.499 1340
1778758145700 0.4916 1360
1778758146899 0.5039 1380
1778758148103 0.4991 1400
1778758149311 0.4519 1420
1778758150512 0.4222 1440
1778758151720 0.3979 1460
1778758152919 0.405 1480
1778758154118 0.3988 1500
1778758162793 0.4249 1520
1778758163995 0.3534 1540
1778758165195 0.3738 1560
1778758166395 0.3776 1580
1778758167596 0.3534 1600
1778758168799 0.4342 1620
1778758170007 0.3885 1640
1778758171213 0.3513 1660
1778758172419 0.3483 1680
1778758173626 0.4243 1700
1778758174832 0.4012 1720
1778758176038 0.3782 1740
1778758184857 0.3602 1760
1778758186064 0.381 1780
1778758187269 0.3676 1800
1778758188476 0.3741 1820
1778758189681 0.3843 1840
1778758190888 0.3526 1860
1778758192093 0.371 1880
1778758193300 0.394 1900
1778758194505 0.4079 1920
1778758195712 0.4039 1940
1778758196918 0.3336 1960
1778758198126 0.3813 1980
1778758199333 0.3496 2000
1778758208358 0.379 2020
1778758209565 0.3555 2040
1778758210771 0.3913 2060
1778758211977 0.3693 2080
1778758213183 0.38 2100
1778758214390 0.3608 2120
1778758215591 0.3938 2140
1778758216797 0.2641 2160
1778758218003 0.2177 2180
1778758219210 0.2484 2200
1778758220416 0.2475 2220
1778758221623 0.2735 2240
1778758230280 0.2479 2260
1778758231487 0.2698 2280
1778758232694 0.2587 2300
1778758233900 0.2194 2320
1778758235107 0.2353 2340
1778758236313 0.2659 2360
1778758237520 0.2512 2380
1778758238725 0.2487 2400
1778758239924 0.264 2420
1778758241115 0.2773 2440
1778758242315 0.2315 2460
1778758243515 0.2478 2480
1778758244718 0.2689 2500
1778758253655 0.2244 2520
1778758254862 0.2462 2540
1778758256067 0.2266 2560
1778758257273 0.2532 2580
1778758258480 0.222 2600
1778758259686 0.2834 2620
1778758260892 0.2588 2640
1778758262097 0.28 2660
1778758263304 0.2581 2680
1778758264507 0.2447 2700
1778758265707 0.2416 2720
1778758266912 0.28 2740
1778758275594 0.2812 2760
1778758276800 0.2623 2780
1778758278006 0.2618 2800
1778758279213 0.2149 2820
1778758280418 0.2756 2840
1778758281620 0.1859 2860
1778758282821 0.1697 2880
1778758284020 0.1776 2900
1778758285224 0.1822 2920
1778758286425 0.1507 2940
1778758287633 0.1676 2960
1778758288838 0.153 2980
1778758290045 0.1452 3000
1778758298897 0.1488 3020
1778758300097 0.1473 3040
1778758301302 0.1939 3060
1778758302505 0.1413 3080
1778758303710 0.1682 3100
1778758304918 0.1474 3120
1778758306119 0.1117 3140
1778758307325 0.1678 3160
1778758308530 0.1798 3180
1778758309736 0.2048 3200
1778758310930 0.162 3220
1778758312136 0.1697 3240
1778758321038 0.1452 3260
1778758322244 0.1771 3280
1778758323451 0.1533 3300
1778758324656 0.1897 3320
1778758325862 0.1976 3340
1778758327068 0.1741 3360
1778758328273 0.1565 3380
1778758329472 0.1178 3400
1778758330670 0.1559 3420
1778758331868 0.1588 3440
1778758333068 0.1783 3460
1778758334274 0.143 3480
1778758335479 0.2072 3500
1778758344295 0.1792 3520
1778758345497 0.1441 3540
1778758346703 0.1443 3560
