1777038972140 0.00974184120798831 20
1777038980643 0.01948368241597662 40
1777038989153 0.029225523623964928 60
1777038997670 0.03896736483195324 80
1777039006211 0.04870920603994155 100
1777039014758 0.058451047247929856 120
1777039023321 0.06819288845591817 140
1777039031878 0.07793472966390648 160
1777039040452 0.08767657087189479 180
1777039049032 0.0974184120798831 200
1777039057625 0.1071602532878714 220
1777039066223 0.11690209449585971 240
1777039090379 0.12177301509985387 250
1777039094685 0.12664393570384802 260
1777039103307 0.13638577691183634 280
1777039111928 0.14612761811982464 300
1777039120553 0.15586945932781296 320
1777039129045 0.16561130053580125 340
1777039137681 0.17535314174378958 360
1777039146312 0.1850949829517779 380
1777039154949 0.1948368241597662 400
1777039163575 0.20457866536775451 420
1777039172213 0.2143205065757428 440
1777039180851 0.22406234778373113 460
1777039189485 0.23380418899171942 480
1777039198119 0.24354603019970775 500
1777039218147 0.24354603019970775 500
1777039260454 0.25328787140769604 520
1777039269000 0.26302971261568436 540
1777039277416 0.2727715538236727 560
1777039285982 0.282513395031661 580
1777039294559 0.2922552362396493 600
1777039303143 0.3019970774476376 620
1777039311734 0.3117389186556259 640
1777039320324 0.32148075986361424 660
1777039328915 0.3312226010716025 680
1777039337511 0.34096444227959083 700
1777039346115 0.35070628348757915 720
1777039354722 0.3604481246955675 740
1777039378933 0.3653190452995616 750
1777039383239 0.3701899659035558 760
1777039391861 0.37993180711154406 780
1777039400475 0.3896736483195324 800
1777039409089 0.3994154895275207 820
1777039417709 0.40915733073550903 840
1777039426337 0.4188991719434973 860
1777039435255 0.4286410131514856 880
1777039443888 0.43838285435947394 900
1777039452504 0.44812469556746226 920
1777039461118 0.4578665367754506 940
1777039469748 0.46760837798343885 960
1777039478374 0.47735021919142717 980
1777039486997 0.4870920603994155 1000
1777039507031 0.4870920603994155 1000
1777039547741 0.4968339016074038 1020
1777039556287 0.5065757428153921 1040
1777039564846 0.5163175840233805 1060
1777039573419 0.5260594252313687 1080
1777039581994 0.535801266439357 1100
1777039590582 0.5455431076473454 1120
1777039599178 0.5552849488553336 1140
1777039607757 0.565026790063322 1160
1777039616345 0.5747686312713103 1180
1777039624938 0.5845104724792985 1200
1777039633534 0.5942523136872869 1220
1777039642136 0.6039941548952752 1240
1777039666321 0.6088650754992694 1250
1777039670618 0.6137359961032636 1260
1777039679212 0.6234778373112518 1280
1777039687824 0.6332196785192401 1300
1777039696431 0.6429615197272285 1320
1777039705038 0.6527033609352167 1340
1777039713654 0.662445202143205 1360
1777039722276 0.6721870433511934 1380
1777039730880 0.6819288845591817 1400
1777039739486 0.69167072576717 1420
1777039748097 0.7014125669751583 1440
1777039756703 0.7111544081831466 1460
1777039765311 0.720896249391135 1480
1777039773925 0.7306380905991232 1500
1777039793902 0.7306380905991232 1500
1777039834503 0.7403799318071116 1520
1777039843030 0.7501217730150999 1540
1777039851559 0.7598636142230881 1560
1777039860108 0.7696054554310765 1580
1777039868671 0.7793472966390648 1600
1777039877233 0.7890891378470531 1620
1777039885814 0.7988309790550414 1640
1777039894391 0.8085728202630297 1660
1777039902974 0.8183146614710181 1680
1777039911568 0.8280565026790063 1700
1777039920163 0.8377983438869946 1720
1777039928745 0.847540185094983 1740
1777039952916 0.8524111056989772 1750
1777039957226 0.8572820263029712 1760
1777039965816 0.8670238675109596 1780
1777039974415 0.8767657087189479 1800
1777039983020 0.8865075499269361 1820
1777039991619 0.8962493911349245 1840
1777040000219 0.9059912323429128 1860
1777040008826 0.9157330735509012 1880
1777040017441 0.9254749147588894 1900
1777040026059 0.9352167559668777 1920
1777040034679 0.9449585971748661 1940
1777040043305 0.9547004383828543 1960
1777040051926 0.9644422795908427 1980
1777040060543 0.974184120798831 2000
1777040080575 0.974184120798831 2000
1777040128278 0.9839259620068193 2020
1777040136800 0.9936678032148076 2040
1777040145314 1.003409644422796 2060
1777040153856 1.0131514856307842 2080
1777040162408 1.0228933268387725 2100
1777040170969 1.032635168046761 2120
1777040179528 1.042377009254749 2140
1777040188096 1.0521188504627375 2160
1777040196658 1.0618606916707258 2180
1777040205228 1.071602532878714 2200
1777040213802 1.0813443740867024 2220
1777040222379 1.0910862152946907 2240
1777040246576 1.0959571358986848 2250
1777040250877 1.100828056502679 2260
1777040259479 1.1105698977106673 2280
1777040268083 1.1203117389186557 2300
1777040276679 1.130053580126644 2320
1777040285280 1.1397954213346322 2340
1777040293879 1.1495372625426206 2360
1777040302476 1.159279103750609 2380
1777040311084 1.169020944958597 2400
1777040319700 1.1787627861665855 2420
1777040328302 1.1885046273745739 2440
1777040336903 1.198246468582562 2460
1777040345499 1.2079883097905504 2480
1777040354106 1.2177301509985388 2500
1777040374110 1.2177301509985388 2500
1777040417817 1.2274719922065271 2520
1777040426347 1.2372138334145153 2540
1777040434880 1.2469556746225037 2560
1777040443433 1.256697515830492 2580
1777040452003 1.2664393570384802 2600
1777040460578 1.2761811982464686 2620
1777040469156 1.285923039454457 2640
1777040477606 1.2956648806624451 2660
1777040486197 1.3054067218704335 2680
1777040494781 1.3151485630784219 2700
1777040503379 1.32489040428641 2720
1777040511967 1.3346322454943984 2740
1777040536205 1.3395031660983925 2750
1777040540500 1.3443740867023868 2760
1777040549104 1.354115927910375 2780
1777040557707 1.3638577691183633 2800
1777040566309 1.3735996103263517 2820
1777040574908 1.38334145153434 2840
1777040583519 1.3930832927423282 2860
1777040592117 1.4028251339503166 2880
1777040600722 1.412566975158305 2900
1777040609334 1.4223088163662934 2920
1777040617949 1.4320506575742815 2940
1777040626555 1.44179249878227 2960
1777040635159 1.4515343399902583 2980
1777040643780 1.4612761811982464 3000
1777040663816 1.4612761811982464 3000
1777040709712 1.4710180224062348 3020
1777040718219 1.4807598636142232 3040
1777040726736 1.4905017048222113 3060
1777040735268 1.5002435460301997 3080
1777040743812 1.509985387238188 3100
1777040752375 1.5197272284461762 3120
1777040761201 1.5294690696541646 3140
1777040769778 1.539210910862153 3160
1777040778351 1.5489527520701412 3180
1777040786920 1.5586945932781295 3200
1777040795499 1.568436434486118 3220
1777040804087 1.578178275694106 3240
1777040828313 1.5830491962981004 3250
1777040832622 1.5879201169020944 3260
1777040841230 1.5976619581100828 3280
1777040849840 1.607403799318071 3300
1777040858444 1.6171456405260596 3320
1777040867044 1.6268874817340477 3340
1777040875657 1.636629322942036 3360
1777040884267 1.6463711641500245 3380
1777040892882 1.6561130053580126 3400
1777040901501 1.665854846566001 3420
1777040910115 1.6755966877739894 3440
1777040918732 1.6853385289819776 3460
1777040927358 1.695080370189966 3480
1777040935974 1.7048222113979543 3500
1777040955993 1.7048222113979543 3500
1777041004394 1.7145640526059425 3520
1777041012893 1.7243058938139308 3540
1777041021415 1.7340477350219192 3560
1777041029942 1.7437895762299074 3580
1777041038481 1.7535314174378958 3600
1777041047024 1.7632732586458841 3620
1777041055587 1.7730150998538723 3640
1777041064155 1.7827569410618607 3660
1777041072723 1.792498782269849 3680
1777041081291 1.8022406234778372 3700
1777041089861 1.8119824646858256 3720
1777041098446 1.821724305893814 3740
1777041122525 1.826595226497808 3750
1777041126823 1.8314661471018021 3760
1777041135412 1.8412079883097907 3780
1777041144003 1.8509498295177789 3800
1777041152597 1.860691670725767 3820
1777041161192 1.8704335119337556 3840
1777041169780 1.8801753531417438 3860
1777041178368 1.8899171943497322 3880
1777041186967 1.8996590355577205 3900
1777041195577 1.9094008767657087 3920
1777041204184 1.919142717973697 3940
1777041212804 1.9288845591816854 3960
1777041221407 1.9386264003896736 3980
1777041230023 1.948368241597662 4000
1777041250064 1.948368241597662 4000
1777041292612 1.9581100828056504 4020
1777041301126 1.9678519240136385 4040
1777041309654 1.9775937652216269 4060
1777041318183 1.9873356064296153 4080
1777041326732 1.9970774476376034 4100
1777041335248 2.006819288845592 4120
1777041343807 2.01656113005358 4140
1777041352365 2.0263029712615683 4160
1777041360932 2.036044812469557 4180
1777041369500 2.045786653677545 4200
1777041378060 2.0555284948855332 4220
1777041386628 2.065270336093522 4240
1777041410897 2.0701412566975157 4250
1777041415186 2.07501217730151 4260
1777041423760 2.084754018509498 4280
1777041432346 2.0944958597174868 4300
1777041440947 2.104237700925475 4320
1777041449535 2.113979542133463 4340
1777041458141 2.1237213833414517 4360
1777041466747 2.13346322454944 4380
1777041475355 2.143205065757428 4400
1777041483956 2.1529469069654166 4420
1777041492554 2.1626887481734047 4440
1777041501152 2.172430589381393 4460
1777041509758 2.1821724305893815 4480
1777041518358 2.1919142717973696 4500
1777041538378 2.1919142717973696 4500
1777041581899 2.201656113005358 4520
1777041590389 2.2113979542133464 4540
1777041598897 2.2211397954213346 4560
1777041607409 2.2308816366293227 4580
1777041615940 2.2406234778373113 4600
1777041624484 2.2503653190452995 4620
1777041633026 2.260107160253288 4640
1777041641578 2.269849001461276 4660
1777041650132 2.2795908426692644 4680
1777041658699 2.289332683877253 4700
1777041667272 2.299074525085241 4720
1777041675844 2.3088163662932293 4740
1777041700076 2.3136872868972236 4750
1777041704364 2.318558207501218 4760
1777041712946 2.328300048709206 4780
1777041721529 2.338041889917194 4800
1777041730118 2.347783731125183 4820
1777041738696 2.357525572333171 4840
1777041747275 2.367267413541159 4860
1777041755868 2.3770092547491477 4880
1777041764460 2.386751095957136 4900
1777041773040 2.396492937165124 4920
1777041781620 2.4062347783731126 4940
1777041790210 2.4159766195811008 4960
1777041798805 2.4257184607890894 4980
1777041807410 2.4354603019970775 5000
1777041827464 2.4354603019970775 5000
1777041870127 2.4452021432050657 5020
1777041878618 2.4549439844130543 5040
1777041887109 2.4646858256210424 5060
1777041895620 2.4744276668290306 5080
1777041904132 2.484169508037019 5100
1777041912653 2.4939113492450073 5120
1777041921178 2.5036531904529955 5140
1777041929719 2.513395031660984 5160
1777041938252 2.5231368728689723 5180
1777041946781 2.5328787140769604 5200
1777041955334 2.542620555284949 5220
1777041963876 2.552362396492937 5240
1777041988037 2.5572333170969315 5250
1777041992317 2.5621042377009253 5260
1777042000881 2.571846078908914 5280
1777042009429 2.581587920116902 5300
1777042017994 2.5913297613248902 5320
1777042026563 2.601071602532879 5340
1777042035140 2.610813443740867 5360
1777042043716 2.620555284948855 5380
1777042052291 2.6302971261568437 5400
1777042060864 2.640038967364832 5420
1777042069434 2.64978080857282 5440
1777042078021 2.6595226497808087 5460
1777042086592 2.669264490988797 5480
1777042095179 2.679006332196785 5500
1777042115229 2.679006332196785 5500
1777042164706 2.6887481734047736 5520
1777042173169 2.6984900146127617 5540
1777042181634 2.70823185582075 5560
1777042190107 2.7179736970287385 5580
1777042198599 2.7277155382367266 5600
1777042207100 2.737457379444715 5620
1777042215598 2.7471992206527034 5640
1777042224101 2.7569410618606915 5660
1777042232606 2.76668290306868 5680
1777042241126 2.7764247442766683 5700
1777042249654 2.7861665854846565 5720
1777042258195 2.795908426692645 5740
1777042282299 2.800779347296639 5750
1777042310724 2.800779347296639 5750
1777042331593 2.800779347296639 5750
1777042356114 2.800779347296639 5750
1777042358405 2.800779347296639 0
