1777038972140 3.4287147521972656 20
1777038980643 3.763662815093994 40
1777038989153 2.9651029109954834 60
1777038997670 3.8568899631500244 80
1777039006211 3.5300302505493164 100
1777039014758 3.0160410404205322 120
1777039023321 3.913001537322998 140
1777039031878 3.1957783699035645 160
1777039040452 3.841012716293335 180
1777039049032 3.6518306732177734 200
1777039057625 2.376648426055908 220
1777039066223 2.7934722900390625 240
1777039094685 3.1861655712127686 260
1777039103307 3.8590428829193115 280
1777039111928 6.424763202667236 300
1777039120553 5.068943023681641 320
1777039129045 11.514492988586426 340
1777039137681 2.7841789722442627 360
1777039146312 4.42633056640625 380
1777039154949 8.367361068725586 400
1777039163575 3.621044874191284 420
1777039172213 5.284451961517334 440
1777039180851 10.397048950195312 460
1777039189485 8.907861709594727 480
1777039198119 7.308152198791504 500
1777039260454 4.994467735290527 520
1777039269000 6.98141622543335 540
1777039277416 4.348447322845459 560
1777039285982 0.8445993661880493 580
1777039294559 1.15863835811615 600
1777039303143 3.993046522140503 620
1777039311734 9.939910888671875 640
1777039320324 9.404685974121094 660
1777039328915 22.391935348510742 680
1777039337511 10.301268577575684 700
1777039346115 11.833541870117188 720
1777039354722 3.3013954162597656 740
1777039383239 5.232553482055664 760
1777039391861 13.46114730834961 780
1777039400475 0.6255413889884949 800
1777039409089 2.228982925415039 820
1777039417709 10.435246467590332 840
1777039426337 3.3868494033813477 860
1777039435255 3.2531368732452393 880
1777039443888 1.8223228454589844 900
1777039452504 1.7990134954452515 920
1777039461118 7.655517578125 940
1777039469748 3.5337913036346436 960
1777039478374 4.850632190704346 980
1777039486997 2.2593610286712646 1000
1777039547741 1.3393586874008179 1020
1777039556287 0.5770086646080017 1040
1777039564846 0.29298245906829834 1060
1777039573419 1.348034381866455 1080
1777039581994 10.697568893432617 1100
1777039590582 5.235429763793945 1120
1777039599178 4.099783420562744 1140
1777039607757 1.5062408447265625 1160
1777039616345 0.3411676585674286 1180
1777039624938 6.60390567779541 1200
1777039633534 5.81922721862793 1220
1777039642136 0.23279276490211487 1240
1777039670618 1.0392959117889404 1260
1777039679212 0.26132047176361084 1280
1777039687824 1.8136082887649536 1300
1777039696431 1.505046010017395 1320
1777039705038 4.342296123504639 1340
1777039713654 1.4892960786819458 1360
1777039722276 2.8670480251312256 1380
1777039730880 0.538119912147522 1400
1777039739486 0.8516198396682739 1420
1777039748097 3.4547433853149414 1440
1777039756703 3.808764934539795 1460
1777039765311 0.679213285446167 1480
1777039773925 6.7651686668396 1500
1777039834503 13.100845336914062 1520
1777039843030 0.9931086301803589 1540
1777039851559 0.8698434829711914 1560
1777039860108 19.155502319335938 1580
1777039868671 5.707752227783203 1600
1777039877233 5.122817516326904 1620
1777039885814 0.5778846740722656 1640
1777039894391 4.312891960144043 1660
1777039902974 1.4154423475265503 1680
1777039911568 2.2632720470428467 1700
1777039920163 3.581611156463623 1720
1777039928745 1.2371623516082764 1740
1777039957226 0.8888683915138245 1760
1777039965816 0.5757111310958862 1780
1777039974415 1.899154782295227 1800
1777039983020 5.039301872253418 1820
1777039991619 0.5249713063240051 1840
1777040000219 4.601391792297363 1860
1777040008826 2.273529291152954 1880
1777040017441 3.7182722091674805 1900
1777040026059 3.3621819019317627 1920
1777040034679 2.9820566177368164 1940
1777040043305 6.937256813049316 1960
1777040051926 3.8019797801971436 1980
1777040060543 1.0773628950119019 2000
1777040128278 0.503704845905304 2020
1777040136800 0.33202290534973145 2040
1777040145314 0.20368963479995728 2060
1777040153856 0.08902037888765335 2080
1777040162408 1.9301179647445679 2100
1777040170969 0.40052324533462524 2120
1777040179528 0.6177984476089478 2140
1777040188096 4.82709264755249 2160
1777040196658 0.09349198639392853 2180
1777040205228 0.5460141897201538 2200
1777040213802 6.736245632171631 2220
1777040222379 2.0424106121063232 2240
1777040250877 7.4039459228515625 2260
1777040259479 1.926223635673523 2280
1777040268083 8.001630783081055 2300
1777040276679 0.6715372800827026 2320
1777040285280 1.2030491828918457 2340
1777040293879 2.1089930534362793 2360
1777040302476 3.426053285598755 2380
1777040311084 4.685117721557617 2400
1777040319700 6.198359489440918 2420
1777040328302 11.007285118103027 2440
1777040336903 0.17906996607780457 2460
1777040345499 5.309176445007324 2480
1777040354106 8.463857650756836 2500
1777040417817 4.920982837677002 2520
1777040426347 0.49314674735069275 2540
1777040434880 0.0856780931353569 2560
1777040443433 3.203916311264038 2580
1777040452003 12.185975074768066 2600
1777040460578 1.685884952545166 2620
1777040469156 0.431241512298584 2640
1777040477606 0.29831308126449585 2660
1777040486197 0.1559559404850006 2680
1777040494781 2.4763758182525635 2700
1777040503379 6.799332141876221 2720
1777040511967 19.76062774658203 2740
1777040540500 6.646672248840332 2760
1777040549104 3.5256543159484863 2780
1777040557707 1.0165034532546997 2800
1777040566309 0.3168879747390747 2820
1777040574908 11.364234924316406 2840
1777040583519 0.8040229678153992 2860
1777040592117 0.1501452475786209 2880
1777040600722 5.277227401733398 2900
1777040609334 6.367692947387695 2920
1777040617949 0.7267684936523438 2940
1777040626555 0.11809732764959335 2960
1777040635159 8.117925643920898 2980
1777040643780 12.56339168548584 3000
1777040709712 10.150675773620605 3020
1777040718219 0.3122682273387909 3040
1777040726736 1.0048749446868896 3060
1777040735268 1.8222935199737549 3080
1777040743812 0.3860282003879547 3100
1777040752375 16.403650283813477 3120
1777040761201 0.21693412959575653 3140
1777040769778 7.007063388824463 3160
1777040778351 0.3192359507083893 3180
1777040786920 0.0772988498210907 3200
1777040795499 0.24636544287204742 3220
1777040804087 9.98095417022705 3240
1777040832622 2.167846441268921 3260
1777040841230 0.9598550200462341 3280
1777040849840 0.14538651704788208 3300
1777040858444 0.2980470359325409 3320
1777040867044 4.034028053283691 3340
1777040875657 8.844022750854492 3360
1777040884267 0.5360362529754639 3380
1777040892882 4.098104476928711 3400
1777040901501 0.1653793454170227 3420
1777040910115 0.24844549596309662 3440
1777040918732 0.7136486172676086 3460
1777040927358 3.5197031497955322 3480
1777040935974 0.299243301153183 3500
1777041004394 11.93674373626709 3520
1777041012893 9.351760864257812 3540
1777041021415 0.17847402393817902 3560
1777041029942 0.17858970165252686 3580
1777041038481 0.223072811961174 3600
1777041047024 0.19950254261493683 3620
1777041055587 1.7627979516983032 3640
1777041064155 10.053304672241211 3660
1777041072723 0.061680279672145844 3680
1777041081291 16.093624114990234 3700
1777041089861 0.10990709811449051 3720
1777041098446 3.860779047012329 3740
1777041126823 4.172240734100342 3760
1777041135412 0.5681036710739136 3780
1777041144003 4.220228672027588 3800
1777041152597 1.6312956809997559 3820
1777041161192 1.5478719472885132 3840
1777041169780 0.450004518032074 3860
1777041178368 2.4474477767944336 3880
1777041186967 5.181127071380615 3900
1777041195577 9.367374420166016 3920
1777041204184 1.8610857725143433 3940
1777041212804 3.14046573638916 3960
1777041221407 0.7853072285652161 3980
1777041230023 0.20327749848365784 4000
1777041292612 18.270740509033203 4020
1777041301126 0.10847784578800201 4040
1777041309654 2.502682685852051 4060
1777041318183 4.7022480964660645 4080
1777041326732 5.949472427368164 4100
1777041335248 1.510650634765625 4120
1777041343807 6.680936813354492 4140
1777041352365 0.07124437391757965 4160
1777041360932 0.3222508728504181 4180
1777041369500 0.04924943298101425 4200
1777041378060 0.027108922600746155 4220
1777041386628 0.14004956185817719 4240
1777041415186 0.029683591797947884 4260
1777041423760 10.964386940002441 4280
1777041432346 13.692177772521973 4300
1777041440947 0.35111701488494873 4320
1777041449535 0.025388646870851517 4340
1777041458141 7.718263626098633 4360
1777041466747 0.35098686814308167 4380
1777041475355 1.5589081048965454 4400
1777041483956 0.07469059526920319 4420
1777041492554 0.10840874910354614 4440
1777041501152 15.991260528564453 4460
1777041509758 0.12639261782169342 4480
1777041518358 0.11424417048692703 4500
1777041581899 0.09040366113185883 4520
1777041590389 0.33594846725463867 4540
1777041598897 0.04289046302437782 4560
1777041607409 4.547121047973633 4580
1777041615940 0.10703422874212265 4600
1777041624484 0.10602705180644989 4620
1777041633026 0.08508092164993286 4640
1777041641578 1.4821557998657227 4660
1777041650132 0.08188022673130035 4680
1777041658699 6.626281261444092 4700
1777041667272 0.09006640315055847 4720
1777041675844 0.1926041841506958 4740
1777041704364 0.047194208949804306 4760
1777041712946 0.13837659358978271 4780
1777041721529 0.05024973675608635 4800
1777041730118 2.086411714553833 4820
1777041738696 0.13897700607776642 4840
1777041747275 28.64624786376953 4860
1777041755868 0.14829765260219574 4880
1777041764460 0.029846081510186195 4900
1777041773040 0.020586010068655014 4920
1777041781620 0.12040092051029205 4940
1777041790210 0.033853404223918915 4960
1777041798805 0.8292369246482849 4980
1777041807410 1.8834354877471924 5000
1777041870127 0.04666534811258316 5020
1777041878618 0.026986539363861084 5040
1777041887109 0.07387769222259521 5060
1777041895620 0.02232985943555832 5080
1777041904132 8.26479721069336 5100
1777041912653 16.294654846191406 5120
1777041921178 0.0390055775642395 5140
1777041929719 0.0319380909204483 5160
1777041938252 0.1435534507036209 5180
1777041946781 0.0769781693816185 5200
1777041955334 0.03423059731721878 5220
1777041963876 8.275915145874023 5240
1777041992317 0.028087152168154716 5260
1777042000881 0.07200238853693008 5280
1777042009429 0.04940010607242584 5300
1777042017994 0.018649887293577194 5320
1777042026563 2.0743887424468994 5340
1777042035140 0.039419155567884445 5360
1777042043716 0.04175505042076111 5380
1777042052291 1.5950552225112915 5400
1777042060864 0.8224186897277832 5420
1777042069434 0.07430630922317505 5440
1777042078021 22.352153778076172 5460
1777042086592 0.6234241127967834 5480
1777042095179 5.89511251449585 5500
1777042164706 0.07792369276285172 5520
1777042173169 0.025708338245749474 5540
1777042181634 12.097203254699707 5560
1777042190107 4.443904876708984 5580
1777042198599 0.0522870235145092 5600
1777042207100 0.04037784785032272 5620
1777042215598 0.05654917657375336 5640
1777042224101 0.0345708467066288 5660
1777042232606 0.04516436159610748 5680
1777042241126 0.09743525087833405 5700
1777042249654 0.07580191642045975 5720
1777042258195 0.10741237550973892 5740
