1777038972140 5.55014605647517e-07 20
1777038980643 1.139240506329114e-06 40
1777038989153 1.7234664070107108e-06 60
1777038997670 2.307692307692308e-06 80
1777039006211 2.8919182083739047e-06 100
1777039014758 3.4761441090555017e-06 120
1777039023321 4.060370009737099e-06 140
1777039031878 4.644595910418695e-06 160
1777039040452 5.228821811100292e-06 180
1777039049032 5.8130477117818885e-06 200
1777039057625 6.397273612463486e-06 220
1777039066223 6.981499513145083e-06 240
1777039094685 7.565725413826679e-06 260
1777039103307 8.149951314508277e-06 280
1777039111928 8.734177215189873e-06 300
1777039120553 9.31840311587147e-06 320
1777039129045 9.873417721518988e-06 340
1777039137681 1.0457643622200585e-05 360
1777039146312 1.1041869522882182e-05 380
1777039154949 1.1626095423563777e-05 400
1777039163575 1.2210321324245376e-05 420
1777039172213 1.2794547224926973e-05 440
1777039180851 1.3378773125608568e-05 460
1777039189485 1.3962999026290165e-05 480
1777039198119 1.4547224926971764e-05 500
1777039260454 1.5131450827653358e-05 520
1777039269000 1.5715676728334958e-05 540
1777039277416 1.6270691333982474e-05 560
1777039285982 1.685491723466407e-05 580
1777039294559 1.7439143135345668e-05 600
1777039303143 1.8023369036027265e-05 620
1777039311734 1.860759493670886e-05 640
1777039320324 1.9191820837390456e-05 660
1777039328915 1.9776046738072056e-05 680
1777039337511 2.0360272638753653e-05 700
1777039346115 2.094449853943525e-05 720
1777039354722 2.1528724440116847e-05 740
1777039383239 2.211295034079844e-05 760
1777039391861 2.2697176241480038e-05 780
1777039400475 2.3281402142161635e-05 800
1777039409089 2.3865628042843235e-05 820
1777039417709 2.4449853943524832e-05 840
1777039426337 2.503407984420643e-05 860
1777039435255 2.5618305744888023e-05 880
1777039443888 2.620253164556962e-05 900
1777039452504 2.6786757546251217e-05 920
1777039461118 2.7370983446932814e-05 940
1777039469748 2.7955209347614415e-05 960
1777039478374 2.8539435248296008e-05 980
1777039486997 2.9123661148977605e-05 1000
1777039547741 2.9707887049659202e-05 1020
1777039556287 2.9967525438406583e-05 1040
1777039564846 2.9902576315219745e-05 1060
1777039573419 2.9837627192032907e-05 1080
1777039581994 2.9772678068846072e-05 1100
1777039590582 2.9707728945659234e-05 1120
1777039599178 2.9642779822472396e-05 1140
1777039607757 2.9577830699285558e-05 1160
1777039616345 2.9512881576098723e-05 1180
1777039624938 2.9447932452911885e-05 1200
1777039633534 2.9382983329725047e-05 1220
1777039642136 2.9318034206538212e-05 1240
1777039670618 2.9253085083351374e-05 1260
1777039679212 2.9188135960164536e-05 1280
1777039687824 2.91231868369777e-05 1300
1777039696431 2.9058237713790867e-05 1320
1777039705038 2.899328859060403e-05 1340
1777039713654 2.892833946741719e-05 1360
1777039722276 2.8863390344230356e-05 1380
1777039730880 2.8798441221043518e-05 1400
1777039739486 2.873349209785668e-05 1420
1777039748097 2.8668542974669845e-05 1440
1777039756703 2.8603593851483007e-05 1460
1777039765311 2.853864472829617e-05 1480
1777039773925 2.847369560510933e-05 1500
1777039834503 2.8408746481922496e-05 1520
1777039843030 2.8343797358735658e-05 1540
1777039851559 2.827884823554882e-05 1560
1777039860108 2.8213899112361985e-05 1580
1777039868671 2.8148949989175147e-05 1600
1777039877233 2.808400086598831e-05 1620
1777039885814 2.8019051742801474e-05 1640
1777039894391 2.7954102619614636e-05 1660
1777039902974 2.7889153496427798e-05 1680
1777039911568 2.782420437324096e-05 1700
1777039920163 2.7759255250054125e-05 1720
1777039928745 2.7694306126867287e-05 1740
1777039957226 2.762935700368045e-05 1760
1777039965816 2.7564407880493614e-05 1780
1777039974415 2.7499458757306776e-05 1800
1777039983020 2.7434509634119938e-05 1820
1777039991619 2.7369560510933103e-05 1840
1777040000219 2.730461138774627e-05 1860
1777040008826 2.723966226455943e-05 1880
1777040017441 2.7174713141372592e-05 1900
1777040026059 2.7109764018185757e-05 1920
1777040034679 2.704481489499892e-05 1940
1777040043305 2.697986577181208e-05 1960
1777040051926 2.6914916648625247e-05 1980
1777040060543 2.684996752543841e-05 2000
1777040128278 2.678501840225157e-05 2020
1777040136800 2.6720069279064732e-05 2040
1777040145314 2.6655120155877897e-05 2060
1777040153856 2.659017103269106e-05 2080
1777040162408 2.652522190950422e-05 2100
1777040170969 2.6460272786317387e-05 2120
1777040179528 2.639532366313055e-05 2140
1777040188096 2.633037453994371e-05 2160
1777040196658 2.6265425416756876e-05 2180
1777040205228 2.6200476293570037e-05 2200
1777040213802 2.61355271703832e-05 2220
1777040222379 2.607057804719636e-05 2240
1777040250877 2.6005628924009527e-05 2260
1777040259479 2.594067980082269e-05 2280
1777040268083 2.587573067763585e-05 2300
1777040276679 2.5810781554449016e-05 2320
1777040285280 2.5745832431262178e-05 2340
1777040293879 2.568088330807534e-05 2360
1777040302476 2.5615934184888505e-05 2380
1777040311084 2.5550985061701667e-05 2400
1777040319700 2.5486035938514832e-05 2420
1777040328302 2.5421086815327994e-05 2440
1777040336903 2.535613769214116e-05 2460
1777040345499 2.529118856895432e-05 2480
1777040354106 2.5226239445767483e-05 2500
1777040417817 2.5161290322580648e-05 2520
1777040426347 2.509634119939381e-05 2540
1777040434880 2.5031392076206972e-05 2560
1777040443433 2.4966442953020137e-05 2580
1777040452003 2.49014938298333e-05 2600
1777040460578 2.483654470664646e-05 2620
1777040469156 2.4771595583459623e-05 2640
1777040477606 2.470989391643213e-05 2660
1777040486197 2.4644944793245293e-05 2680
1777040494781 2.4579995670058455e-05 2700
1777040503379 2.451504654687162e-05 2720
1777040511967 2.4450097423684782e-05 2740
1777040540500 2.4385148300497944e-05 2760
1777040549104 2.4320199177311106e-05 2780
1777040557707 2.425525005412427e-05 2800
1777040566309 2.4190300930937433e-05 2820
1777040574908 2.4125351807750595e-05 2840
1777040583519 2.406040268456376e-05 2860
1777040592117 2.3995453561376923e-05 2880
1777040600722 2.3930504438190084e-05 2900
1777040609334 2.3865555315003246e-05 2920
1777040617949 2.380060619181641e-05 2940
1777040626555 2.3735657068629573e-05 2960
1777040635159 2.3670707945442735e-05 2980
1777040643780 2.36057588222559e-05 3000
1777040709712 2.3540809699069063e-05 3020
1777040718219 2.3475860575882224e-05 3040
1777040726736 2.341091145269539e-05 3060
1777040735268 2.334596232950855e-05 3080
1777040743812 2.3281013206321713e-05 3100
1777040752375 2.3216064083134875e-05 3120
1777040761201 2.315111495994804e-05 3140
1777040769778 2.3086165836761203e-05 3160
1777040778351 2.3021216713574368e-05 3180
1777040786920 2.2956267590387533e-05 3200
1777040795499 2.2891318467200695e-05 3220
1777040804087 2.2826369344013857e-05 3240
1777040832622 2.2761420220827022e-05 3260
1777040841230 2.2696471097640184e-05 3280
1777040849840 2.2631521974453346e-05 3300
1777040858444 2.2566572851266508e-05 3320
1777040867044 2.2501623728079673e-05 3340
1777040875657 2.2436674604892835e-05 3360
1777040884267 2.2371725481705997e-05 3380
1777040892882 2.2306776358519162e-05 3400
1777040901501 2.2241827235332324e-05 3420
1777040910115 2.2176878112145486e-05 3440
1777040918732 2.2111928988958648e-05 3460
1777040927358 2.2046979865771813e-05 3480
1777040935974 2.1982030742584975e-05 3500
1777041004394 2.1917081619398137e-05 3520
1777041012893 2.1852132496211302e-05 3540
1777041021415 2.1787183373024464e-05 3560
1777041029942 2.1722234249837626e-05 3580
1777041038481 2.165728512665079e-05 3600
1777041047024 2.1592336003463953e-05 3620
1777041055587 2.1527386880277115e-05 3640
1777041064155 2.1462437757090277e-05 3660
1777041072723 2.1397488633903442e-05 3680
1777041081291 2.1332539510716604e-05 3700
1777041089861 2.1267590387529766e-05 3720
1777041098446 2.1202641264342935e-05 3740
1777041126823 2.1140939597315437e-05 3760
1777041135412 2.10759904741286e-05 3780
1777041144003 2.101104135094176e-05 3800
1777041152597 2.0946092227754926e-05 3820
1777041161192 2.0881143104568088e-05 3840
1777041169780 2.081619398138125e-05 3860
1777041178368 2.0751244858194415e-05 3880
1777041186967 2.0686295735007577e-05 3900
1777041195577 2.062134661182074e-05 3920
1777041204184 2.0556397488633904e-05 3940
1777041212804 2.049144836544707e-05 3960
1777041221407 2.042649924226023e-05 3980
1777041230023 2.0361550119073393e-05 4000
1777041292612 2.0296600995886558e-05 4020
1777041301126 2.023165187269972e-05 4040
1777041309654 2.0166702749512882e-05 4060
1777041318183 2.0101753626326047e-05 4080
1777041326732 2.003680450313921e-05 4100
1777041335248 1.997185537995237e-05 4120
1777041343807 1.9906906256765536e-05 4140
1777041352365 1.9841957133578698e-05 4160
1777041360932 1.977700801039186e-05 4180
1777041369500 1.9712058887205022e-05 4200
1777041378060 1.9647109764018187e-05 4220
1777041386628 1.958216064083135e-05 4240
1777041415186 1.951721151764451e-05 4260
1777041423760 1.9452262394457676e-05 4280
1777041432346 1.9387313271270838e-05 4300
1777041440947 1.9322364148084e-05 4320
1777041449535 1.9257415024897162e-05 4340
1777041458141 1.9192465901710327e-05 4360
1777041466747 1.912751677852349e-05 4380
1777041475355 1.906256765533665e-05 4400
1777041483956 1.8997618532149816e-05 4420
1777041492554 1.8932669408962978e-05 4440
1777041501152 1.886772028577614e-05 4460
1777041509758 1.8802771162589305e-05 4480
1777041518358 1.873782203940247e-05 4500
1777041581899 1.8672872916215633e-05 4520
1777041590389 1.8607923793028794e-05 4540
1777041598897 1.854297466984196e-05 4560
1777041607409 1.847802554665512e-05 4580
1777041615940 1.8413076423468284e-05 4600
1777041624484 1.834812730028145e-05 4620
1777041633026 1.828317817709461e-05 4640
1777041641578 1.8218229053907773e-05 4660
1777041650132 1.8153279930720938e-05 4680
1777041658699 1.80883308075341e-05 4700
1777041667272 1.802338168434726e-05 4720
1777041675844 1.7958432561160424e-05 4740
1777041704364 1.789348343797359e-05 4760
1777041712946 1.782853431478675e-05 4780
1777041721529 1.7763585191599913e-05 4800
1777041730118 1.7698636068413078e-05 4820
1777041738696 1.763368694522624e-05 4840
1777041747275 1.75687378220394e-05 4860
1777041755868 1.7503788698852567e-05 4880
1777041764460 1.743883957566573e-05 4900
1777041773040 1.737389045247889e-05 4920
1777041781620 1.7308941329292053e-05 4940
1777041790210 1.7243992206105218e-05 4960
1777041798805 1.717904308291838e-05 4980
1777041807410 1.711409395973154e-05 5000
1777041870127 1.7049144836544707e-05 5020
1777041878618 1.698419571335787e-05 5040
1777041887109 1.6919246590171034e-05 5060
1777041895620 1.6854297466984196e-05 5080
1777041904132 1.678934834379736e-05 5100
1777041912653 1.6724399220610523e-05 5120
1777041921178 1.6659450097423685e-05 5140
1777041929719 1.659450097423685e-05 5160
1777041938252 1.6529551851050012e-05 5180
1777041946781 1.6464602727863174e-05 5200
1777041955334 1.639965360467634e-05 5220
1777041963876 1.63347044814895e-05 5240
1777041992317 1.6269755358302663e-05 5260
1777042000881 1.6204806235115825e-05 5280
1777042009429 1.613985711192899e-05 5300
1777042017994 1.6074907988742152e-05 5320
1777042026563 1.6009958865555314e-05 5340
1777042035140 1.594500974236848e-05 5360
1777042043716 1.588006061918164e-05 5380
1777042052291 1.5815111495994803e-05 5400
1777042060864 1.575016237280797e-05 5420
1777042069434 1.568521324962113e-05 5440
1777042078021 1.5620264126434292e-05 5460
1777042086592 1.5555315003247454e-05 5480
1777042095179 1.549036588006062e-05 5500
1777042164706 1.542541675687378e-05 5520
1777042173169 1.5360467633686943e-05 5540
1777042181634 1.529551851050011e-05 5560
1777042190107 1.523056938731327e-05 5580
1777042198599 1.5165620264126436e-05 5600
1777042207100 1.51006711409396e-05 5620
1777042215598 1.5035722017752763e-05 5640
1777042224101 1.4970772894565923e-05 5660
1777042232606 1.4905823771379087e-05 5680
1777042241126 1.4840874648192249e-05 5700
1777042249654 1.4775925525005412e-05 5720
1777042258195 1.4710976401818577e-05 5740
