1778856490394 0.6846656799316406 20
1778856494312 0.6118760108947754 40
1778856498232 0.5561862468719483 60
1778856502151 0.6010277271270752 80
1778856506069 0.5191623210906983 100
1778856509987 0.5847160816192627 120
1778856513905 0.5538696765899658 140
1778856517823 0.5133984565734864 160
1778856521741 0.5597414970397949 180
1778856525659 0.5096692085266114 200
1778856529577 0.5186577796936035 220
1778856533495 0.4590435981750488 240
1778856551590 0.46706547737121584 260
1778856555511 0.5005705833435059 280
1778856559432 0.4864795684814453 300
1778856563354 0.5174967765808105 320
1778856567276 0.5098112106323243 340
1778856571198 0.49531049728393556 360
1778856575119 0.4679527759552002 380
1778856579041 0.4499789237976074 400
1778856582963 0.4567666530609131 420
1778856586885 0.4951468467712402 440
1778856590806 0.4919745445251465 460
1778856594728 0.4432538986206055 480
1778856598650 0.5001893997192383 500
1778856615590 0.4705641269683838 520
1778856619517 0.5201072216033935 540
1778856623441 0.4483522891998291 560
1778856627364 0.4688018798828125 580
1778856631286 0.4598860740661621 600
1778856635209 0.4924428462982178 620
1778856639131 0.5170977592468262 640
1778856643052 0.5895480632781982 660
1778856646974 0.6057244777679444 680
1778856650896 0.5297217845916748 700
1778856654817 0.496522045135498 720
1778856658738 0.5119785308837891 740
1778856675654 0.49820847511291505 760
1778856679576 0.4660813808441162 780
1778856683503 0.4954837799072266 800
1778856687424 0.4807548999786377 820
1778856691345 0.4962143421173096 840
1778856695266 0.5362505912780762 860
1778856699186 0.4944577217102051 880
1778856703107 0.5251790046691894 900
1778856707027 0.4534447193145752 920
1778856710948 0.4214932441711426 940
1778856714868 0.49785594940185546 960
1778856718788 0.48454713821411133 980
1778856722709 0.5703768730163574 1000
1778856739654 0.5885294914245606 1020
1778856743580 0.5398788928985596 1040
1778856747501 0.5253495216369629 1060
1778856751421 0.546091890335083 1080
1778856755342 0.5806737899780273 1100
1778856759263 0.5756118774414063 1120
1778856763184 0.5945602416992187 1140
1778856767105 0.6044626712799073 1160
1778856771026 0.7263677597045899 1180
1778856774946 0.6044829845428467 1200
1778856778866 0.6254128456115723 1220
1778856782787 0.5252040386199951 1240
1778856799720 0.6252962112426758 1260
1778856803641 0.6638351440429687 1280
1778856807569 0.6608970642089844 1300
1778856811490 0.715698528289795 1320
1778856815677 0.7148276329040527 1340
1778856819602 0.7417984008789062 1360
1778856823527 0.7054180145263672 1380
1778856827451 0.7036384582519531 1400
1778856831375 0.6972908020019531 1420
1778856835300 0.6931560516357422 1440
1778856839224 0.6957656860351562 1460
1778856843149 0.6922237396240234 1480
1778856847074 0.6952713012695313 1500
1778856864010 0.6976127624511719 1520
1778856867940 0.6992397308349609 1540
1778856871865 0.6911399841308594 1560
1778856875790 0.6904296875 1580
1778856879715 0.6920024871826171 1600
1778856883640 0.6873023986816407 1620
1778856887564 0.6920417785644531 1640
1778856891490 0.6887912750244141 1660
1778856895415 0.6950817108154297 1680
1778856899339 0.6904678344726562 1700
1778856903264 0.6886440277099609 1720
1778856907188 0.6979839324951171 1740
1778856924124 0.6821304321289062 1760
1778856928048 0.688720703125 1780
1778856931978 0.6895416259765625 1800
1778856935903 0.6875411987304687 1820
1778856939828 0.6898189544677734 1840
1778856943753 0.6912811279296875 1860
1778856947677 0.6905303955078125 1880
1778856951602 0.6912399291992187 1900
1778856955527 0.687335205078125 1920
1778856959452 0.6944629669189453 1940
1778856963378 0.6871795654296875 1960
1778856967303 0.6819419860839844 1980
1778856971229 0.6910484313964844 2000
1778856988163 0.6845306396484375 2020
1778856992093 0.6895645141601563 2040
1778856996150 0.6797218322753906 2060
1778857000075 0.6882919311523438 2080
1778857004001 0.6838096618652344 2100
1778857007926 0.6898681640625 2120
1778857011851 0.6906192779541016 2140
1778857015777 0.6847896575927734 2160
1778857019703 0.6878337860107422 2180
1778857023630 0.6846649169921875 2200
1778857027557 0.6912727355957031 2220
1778857031483 0.6962474822998047 2240
1778857048408 0.6926128387451171 2260
1778857052334 0.6856353759765625 2280
1778857056267 0.6893058776855469 2300
1778857060194 0.6794174194335938 2320
1778857064121 0.6861335754394531 2340
1778857068047 0.6918678283691406 2360
1778857071974 0.6859611511230469 2380
1778857075900 0.6810565948486328 2400
1778857079826 0.6852073669433594 2420
1778857083752 0.6934322357177735 2440
1778857087678 0.6855113983154297 2460
1778857091603 0.6783851623535156 2480
1778857095529 0.677777099609375 2500
1778857112464 0.6853683471679688 2520
1778857116393 0.6843395233154297 2540
1778857120325 0.6836284637451172 2560
1778857124251 0.6823230743408203 2580
1778857128177 0.6842658996582032 2600
1778857132103 0.6917813301086426 2620
1778857136030 0.6982002258300781 2640
1778857139956 0.6947402954101562 2660
1778857143862 0.6930398941040039 2680
1778857147788 0.6924079895019531 2700
1778857151713 0.6907943725585938 2720
1778857155639 0.6898330688476563 2740
1778857172574 0.6885433197021484 2760
1778857176500 0.6916522979736328 2780
1778857180433 0.6840190887451172 2800
1778857184358 0.6840007781982422 2820
1778857188284 0.6881690979003906 2840
1778857192210 0.6843166351318359 2860
1778857196135 0.6870513916015625 2880
1778857200061 0.6940513610839844 2900
1778857203987 0.6904594421386718 2920
1778857207913 0.6895668029785156 2940
1778857211839 0.6879371643066406 2960
1778857215764 0.6841705322265625 2980
1778857219690 0.6853965759277344 3000
1778857236623 0.6873249053955078 3020
1778857240547 0.6775489807128906 3040
1778857244471 0.6891822814941406 3060
1778857248392 0.6815647125244141 3080
1778857252313 0.6797420501708984 3100
1778857256234 0.6879993438720703 3120
1778857260155 0.6806491851806641 3140
1778857264076 0.6922809600830078 3160
1778857267997 0.6937992095947265 3180
1778857271918 0.6908031463623047 3200
1778857275839 0.6901275634765625 3220
1778857279760 0.6830406188964844 3240
1778857296702 0.6853244781494141 3260
1778857300624 0.6783321380615235 3280
1778857304552 0.6872882843017578 3300
1778857308473 0.6842479705810547 3320
1778857312394 0.6838146209716797 3340
1778857316315 0.6840381622314453 3360
1778857320236 0.6765285491943359 3380
1778857324157 0.6756580352783204 3400
1778857328077 0.6872100830078125 3420
1778857331998 0.6889854431152344 3440
1778857335919 0.6900169372558593 3460
1778857339840 0.690334701538086 3480
1778857343761 0.6858161926269531 3500
1778857360699 0.689044189453125 3520
1778857364624 0.6839649200439453 3540
1778857368546 0.6869522094726562 3560
1778857372466 0.67735595703125 3580
1778857376387 0.6883563995361328 3600
1778857380308 0.6759693145751953 3620
1778857384228 0.6728012084960937 3640
1778857388149 0.6924198150634766 3660
1778857392069 0.6819347381591797 3680
1778857395989 0.6905242919921875 3700
1778857399910 0.6798500061035156 3720
1778857403830 0.6919158935546875 3740
1778857420769 0.6804084777832031 3760
1778857424689 0.6881557464599609 3780
1778857428615 0.6857852935791016 3800
1778857432536 0.6914684295654296 3820
1778857436456 0.6889518737792969 3840
1778857440376 0.6820228576660157 3860
1778857444299 0.6835079193115234 3880
1778857448220 0.6879352569580078 3900
1778857452140 0.681551742553711 3920
1778857456060 0.6801586151123047 3940
1778857459981 0.6884895324707031 3960
1778857463902 0.6821266174316406 3980
1778857467803 0.6858826160430909 4000
1778857484762 0.6795719146728516 4020
1778857488689 0.6774368286132812 4040
1778857492619 0.695644760131836 4060
1778857496549 0.6848125457763672 4080
1778857500477 0.6816993713378906 4100
1778857504405 0.6835128784179687 4120
1778857508332 0.6884986877441406 4140
1778857512261 0.6860858917236328 4160
1778857516190 0.6876438140869141 4180
1778857520117 0.6834144592285156 4200
1778857524045 0.6831295013427734 4220
1778857527973 0.6841567993164063 4240
1778857544962 0.6790504455566406 4260
1778857548882 0.6798198699951172 4280
1778857552943 0.6700386047363281 4300
1778857556864 0.6764926910400391 4320
1778857560785 0.6526346206665039 4340
1778857564706 0.6696676254272461 4360
1778857568627 0.6438596725463868 4380
1778857572549 0.629937744140625 4400
1778857576471 0.6268405914306641 4420
1778857580392 0.6519247055053711 4440
1778857584314 0.6570676803588867 4460
1778857588235 0.6617450714111328 4480
1778857592156 0.6492654800415039 4500
1778857609147 0.620052719116211 4520
1778857613070 0.6380655288696289 4540
1778857616997 0.6031053543090821 4560
1778857620920 0.6145593643188476 4580
1778857624841 0.6258264541625976 4600
1778857628763 0.6104251861572265 4620
1778857632685 0.6113822937011719 4640
1778857636607 0.598996925354004 4660
1778857640529 0.6022140502929687 4680
1778857644452 0.5923992156982422 4700
1778857648374 0.5876862525939941 4720
1778857652295 0.5534174919128418 4740
1778857669246 0.5583747863769531 4760
1778857673168 0.5551427841186524 4780
1778857677097 0.5510759353637695 4800
1778857681019 0.5337627410888672 4820
1778857684941 0.5313766479492188 4840
1778857688864 0.5217140197753907 4860
1778857692786 0.5102251052856446 4880
1778857696708 0.4938022613525391 4900
1778857700630 0.5438366889953613 4920
1778857704553 0.5237075805664062 4940
1778857708476 0.5093928337097168 4960
1778857712398 0.5115874290466309 4980
1778857716320 0.4868620872497559 5000
1778857733272 0.49857044219970703 5020
1778857737199 0.5073404312133789 5040
1778857741122 0.481394100189209 5060
1778857745044 0.4825749397277832 5080
1778857748966 0.49778013229370116 5100
1778857752889 0.5198258399963379 5120
1778857756811 0.4913775444030762 5140
1778857760735 0.47153263092041015 5160
1778857764657 0.4800545692443848 5180
1778857768579 0.47575864791870115 5200
1778857772502 0.4836279392242432 5220
1778857776424 0.4933145523071289 5240
1778857793369 0.5093738555908203 5260
1778857797292 0.47362537384033204 5280
1778857801220 0.49218273162841797 5300
1778857805142 0.5314846038818359 5320
1778857809045 0.5181161880493164 5340
1778857812967 0.47678098678588865 5360
1778857816890 0.46881694793701173 5380
1778857820812 0.45814037322998047 5400
1778857824734 0.47384939193725584 5420
1778857828656 0.5091619491577148 5440
1778857832577 0.5070258140563965 5460
1778857836499 0.5028714179992676 5480
1778857840422 0.47239975929260253 5500
1778857857390 0.46264896392822263 5520
1778857861318 0.4851290225982666 5540
1778857865240 0.5007167816162109 5560
1778857869162 0.4821749210357666 5580
1778857873083 0.544913911819458 5600
1778857877006 0.5296093940734863 5620
1778857880928 0.5229764938354492 5640
1778857884851 0.4679703712463379 5660
1778857888780 0.47231178283691405 5680
1778857892710 0.4978191375732422 5700
1778857896639 0.47826337814331055 5720
1778857900569 0.49087185859680177 5740
1778857917537 0.4828618049621582 5760
1778857921467 0.48981475830078125 5780
1778857925402 0.501833152770996 5800
1778857929331 0.4605036735534668 5820
1778857933260 0.4541911602020264 5840
1778857937189 0.48091940879821776 5860
1778857941118 0.4537984848022461 5880
1778857945047 0.4598510265350342 5900
1778857948976 0.4979963779449463 5920
1778857952905 0.5137745857238769 5940
1778857956834 0.496355676651001 5960
1778857960763 0.4747137546539307 5980
1778857964692 0.46428661346435546 6000
1778857981657 0.4626302242279053 6020
1778857985591 0.49173746109008787 6040
1778857989521 0.47924370765686036 6060
1778857993450 0.4788521289825439 6080
1778857997379 0.48452210426330566 6100
1778858001308 0.45958499908447265 6120
1778858005237 0.46662487983703616 6140
1778858009166 0.45137577056884765 6160
1778858013095 0.46436767578125 6180
1778858017024 0.46881790161132814 6200
1778858020954 0.4661401271820068 6220
1778858024882 0.46001157760620115 6240
1778858041824 0.4728250980377197 6260
1778858045753 0.4814159393310547 6280
1778858049687 0.48586292266845704 6300
1778858053617 0.47833762168884275 6320
1778858057547 0.4691720485687256 6340
1778858061476 0.4818080425262451 6360
1778858065406 0.47234649658203126 6380
1778858069335 0.44411745071411135 6400
1778858073264 0.46501622200012205 6420
1778858077193 0.4742906093597412 6440
1778858081122 0.4814450263977051 6460
1778858085051 0.47118344306945803 6480
1778858088980 0.46657729148864746 6500
1778858106168 0.4572099208831787 6520
1778858110092 0.48425917625427245 6540
1778858114019 0.4895975112915039 6560
1778858117948 0.46540274620056155 6580
1778858121877 0.4929648399353027 6600
1778858125806 0.4722311019897461 6620
1778858129735 0.48444676399230957 6640
1778858133643 0.44240608215332033 6660
