1778598752332 0.021953896816684963 20
1778598752920 0.043907793633369926 40
1778598753518 0.06586169045005488 60
1778598754113 0.08781558726673985 80
1778598754717 0.10976948408342481 100
1778598755322 0.13172338090010977 120
1778598755912 0.15367727771679474 140
1778598756503 0.1756311745334797 160
1778598757094 0.19758507135016465 180
1778598757688 0.21953896816684962 200
1778598758268 0.2414928649835346 220
1778598758858 0.26344676180021953 240
1778598759764 0.27442371020856204 250
1778598761390 0.2854006586169045 260
1778598761984 0.30735455543358947 280
1778598762574 0.32930845225027444 300
1778598763165 0.3512623490669594 320
1778598763756 0.3732162458836443 340
1778598764347 0.3951701427003293 360
1778598764937 0.41712403951701427 380
1778598765528 0.43907793633369924 400
1778598766117 0.4610318331503842 420
1778598766707 0.4829857299670692 440
1778598767299 0.5049396267837541 460
1778598767895 0.5268935236004391 480
1778598768487 0.5488474204171241 500
1778598769085 0.5488474204171241 500
1778598771039 0.570801317233809 520
1778598771630 0.5927552140504939 540
1778598772222 0.6147091108671789 560
1778598772814 0.6366630076838639 580
1778598773407 0.6586169045005489 600
1778598774003 0.6805708013172338 620
1778598774597 0.7025246981339188 640
1778598775190 0.7244785949506037 660
1778598775782 0.7464324917672887 680
1778598776374 0.7683863885839737 700
1778598776964 0.7903402854006586 720
1778598777557 0.8122941822173436 740
1778598778458 0.823271130625686 750
1778598780119 0.8342480790340285 760
1778598780710 0.8562019758507134 780
1778598781300 0.8781558726673985 800
1778598781892 0.9001097694840834 820
1778598782482 0.9220636663007684 840
1778598783073 0.9440175631174533 860
1778598783663 0.9659714599341384 880
1778598784255 0.9879253567508233 900
1778598784848 1.0098792535675083 920
1778598785438 1.031833150384193 940
1778598786029 1.0537870472008781 960
1778598786629 1.0757409440175631 980
1778598787219 1.0976948408342482 1000
1778598787819 1.0976948408342482 1000
1778598789583 1.119648737650933 1020
1778598790173 1.141602634467618 1040
1778598790765 1.163556531284303 1060
1778598791360 1.1855104281009878 1080
1778598791954 1.2074643249176729 1100
1778598792557 1.2294182217343579 1120
1778598793192 1.2513721185510427 1140
1778598793816 1.2733260153677277 1160
1778598794500 1.2952799121844127 1180
1778598795091 1.3172338090010978 1200
1778598795696 1.3391877058177828 1220
1778598796285 1.3611416026344676 1240
1778598797177 1.37211855104281 1250
1778598799006 1.3830954994511526 1260
1778598799606 1.4050493962678376 1280
1778598800207 1.4270032930845225 1300
1778598800804 1.4489571899012075 1320
1778598801401 1.4709110867178925 1340
1778598801992 1.4928649835345773 1360
1778598802597 1.5148188803512623 1380
1778598803214 1.5367727771679474 1400
1778598803816 1.5587266739846322 1420
1778598804408 1.5806805708013172 1440
1778598804995 1.6026344676180022 1460
1778598805597 1.624588364434687 1480
1778598806200 1.6465422612513723 1500
1778598806802 1.6465422612513723 1500
1778598808564 1.668496158068057 1520
1778598809154 1.690450054884742 1540
1778598809747 1.7124039517014271 1560
1778598810339 1.734357848518112 1580
1778598810930 1.756311745334797 1600
1778598811522 1.778265642151482 1620
1778598812125 1.8002195389681668 1640
1778598812716 1.8221734357848518 1660
1778598813305 1.8441273326015368 1680
1778598813894 1.8660812294182216 1700
1778598814489 1.8880351262349067 1720
1778598815088 1.9099890230515917 1740
1778598815978 1.920965971459934 1750
1778598817647 1.9319429198682765 1760
1778598818243 1.9538968166849617 1780
1778598818836 1.9758507135016465 1800
1778598819427 1.9978046103183313 1820
1778598820018 2.0197585071350166 1840
1778598820618 2.0417124039517014 1860
1778598821227 2.063666300768386 1880
1778598821830 2.0856201975850714 1900
1778598822413 2.1075740944017562 1920
1778598823006 2.129527991218441 1940
1778598823597 2.1514818880351263 1960
1778598824187 2.173435784851811 1980
1778598824778 2.1953896816684964 2000
1778598825380 2.1953896816684964 2000
1778598827344 2.217343578485181 2020
1778598827937 2.239297475301866 2040
1778598828527 2.261251372118551 2060
1778598829127 2.283205268935236 2080
1778598829717 2.305159165751921 2100
1778598830307 2.327113062568606 2120
1778598830897 2.349066959385291 2140
1778598831489 2.3710208562019757 2160
1778598832080 2.392974753018661 2180
1778598832683 2.4149286498353457 2200
1778598833293 2.436882546652031 2220
1778598833905 2.4588364434687158 2240
1778598834809 2.469813391877058 2250
1778598836437 2.4807903402854006 2260
1778598837042 2.5027442371020854 2280
1778598837644 2.5246981339187706 2300
1778598838240 2.5466520307354554 2320
1778598838832 2.5686059275521407 2340
1778598839422 2.5905598243688255 2360
1778598840012 2.6125137211855103 2380
1778598840603 2.6344676180021955 2400
1778598841193 2.6564215148188803 2420
1778598841785 2.6783754116355656 2440
1778598842377 2.7003293084522504 2460
1778598842966 2.722283205268935 2480
1778598843556 2.74423710208562 2500
1778598844155 2.74423710208562 2500
1778598846112 2.7661909989023052 2520
1778598846702 2.78814489571899 2540
1778598847292 2.8100987925356753 2560
1778598847881 2.83205268935236 2580
1778598848471 2.854006586169045 2600
1778598849061 2.8759604829857297 2620
1778598849660 2.897914379802415 2640
1778598850272 2.9198682766190998 2660
1778598850873 2.941822173435785 2680
1778598851462 2.96377607025247 2700
1778598852059 2.9857299670691546 2720
1778598853908 3.0 2733
1778598854705 3.0 2733
1778598854907 3.0 2733
1778598855501 3.0 0
