1778598752332 1.4609322547912598 20
1778598752920 4.3351664543151855 40
1778598753518 4.2925238609313965 60
1778598754113 2.8882083892822266 80
1778598754717 5.0733137130737305 100
1778598755322 2.016500473022461 120
1778598755912 5.594615459442139 140
1778598756503 4.892907619476318 160
1778598757094 5.266580581665039 180
1778598757688 3.012876033782959 200
1778598758268 3.071913957595825 220
1778598758858 5.224821090698242 240
1778598761390 3.6239631175994873 260
1778598761984 4.220357418060303 280
1778598762574 3.569693088531494 300
1778598763165 4.108036041259766 320
1778598763756 4.120706081390381 340
1778598764347 2.2122926712036133 360
1778598764937 3.618892192840576 380
1778598765528 2.1317877769470215 400
1778598766117 1.8112647533416748 420
1778598766707 2.6188647747039795 440
1778598767299 3.905776023864746 460
1778598767895 3.062302827835083 480
1778598768487 3.3227803707122803 500
1778598771039 3.97739315032959 520
1778598771630 3.231128454208374 540
1778598772222 6.619000434875488 560
1778598772814 2.036829710006714 580
1778598773407 4.634153842926025 600
1778598774003 4.432435035705566 620
1778598774597 1.9789655208587646 640
1778598775190 4.160144329071045 660
1778598775782 3.485407829284668 680
1778598776374 3.4254136085510254 700
1778598776964 4.281119346618652 720
1778598777557 3.7610836029052734 740
1778598780119 3.454275608062744 760
1778598780710 5.0020880699157715 780
1778598781300 1.977969765663147 800
1778598781892 4.031662464141846 820
1778598782482 5.415659427642822 840
1778598783073 1.4197896718978882 860
1778598783663 2.741375684738159 880
1778598784255 3.311706066131592 900
1778598784848 3.5195188522338867 920
1778598785438 2.1784145832061768 940
1778598786029 5.1640305519104 960
1778598786629 3.5078141689300537 980
1778598787219 6.2548675537109375 1000
1778598789583 3.189702272415161 1020
1778598790173 2.997678756713867 1040
1778598790765 3.5161983966827393 1060
1778598791360 3.0004868507385254 1080
1778598791954 4.499556064605713 1100
1778598792557 5.220785140991211 1120
1778598793192 3.4766783714294434 1140
1778598793816 2.5917913913726807 1160
1778598794500 5.526949882507324 1180
1778598795091 5.810467720031738 1200
1778598795696 4.189902305603027 1220
1778598796285 2.1777684688568115 1240
1778598799006 7.0181193351745605 1260
1778598799606 2.928274393081665 1280
1778598800207 4.184371471405029 1300
1778598800804 9.241283416748047 1320
1778598801401 3.105947494506836 1340
1778598801992 5.575296878814697 1360
1778598802597 4.074751853942871 1380
1778598803214 2.740809202194214 1400
1778598803816 7.403059959411621 1420
1778598804408 5.509372234344482 1440
1778598804995 2.0031042098999023 1460
1778598805597 3.267958164215088 1480
1778598806200 3.7742795944213867 1500
1778598808564 3.670598268508911 1520
1778598809154 4.3865509033203125 1540
1778598809747 3.6150553226470947 1560
1778598810339 5.760554313659668 1580
1778598810930 3.099388599395752 1600
1778598811522 6.0995073318481445 1620
1778598812125 3.9154884815216064 1640
1778598812716 3.4047906398773193 1660
1778598813305 10.156766891479492 1680
1778598813894 2.6651618480682373 1700
1778598814489 2.5341343879699707 1720
1778598815088 5.7367682456970215 1740
1778598817647 4.51217794418335 1760
1778598818243 3.7093164920806885 1780
1778598818836 2.838397979736328 1800
1778598819427 3.2170796394348145 1820
1778598820018 2.6952123641967773 1840
1778598820618 2.994084596633911 1860
1778598821227 3.606048822402954 1880
1778598821830 4.4701995849609375 1900
1778598822413 6.572816848754883 1920
1778598823006 4.4800872802734375 1940
1778598823597 13.79061222076416 1960
1778598824187 8.506872177124023 1980
1778598824778 7.476668834686279 2000
1778598827344 6.912840843200684 2020
1778598827937 8.463332176208496 2040
1778598828527 4.438210487365723 2060
1778598829127 2.901420831680298 2080
1778598829717 6.043557167053223 2100
1778598830307 3.422109603881836 2120
1778598830897 1.872292160987854 2140
1778598831489 2.5842363834381104 2160
1778598832080 6.33250617980957 2180
1778598832683 3.2988088130950928 2200
1778598833293 12.15352725982666 2220
1778598833905 6.060957431793213 2240
1778598836437 5.147303581237793 2260
1778598837042 4.176935195922852 2280
1778598837644 4.653124809265137 2300
1778598838240 7.428743362426758 2320
1778598838832 5.287567138671875 2340
1778598839422 6.552648067474365 2360
1778598840012 6.723167419433594 2380
1778598840603 3.6824846267700195 2400
1778598841193 3.959601879119873 2420
1778598841785 6.705178737640381 2440
1778598842377 4.3765034675598145 2460
1778598842966 9.274238586425781 2480
1778598843556 7.960696220397949 2500
1778598846112 3.459721326828003 2520
1778598846702 4.569492816925049 2540
1778598847292 3.672687292098999 2560
1778598847881 9.232423782348633 2580
1778598848471 5.867481231689453 2600
1778598849061 9.60578441619873 2620
1778598849660 4.714555263519287 2640
1778598850272 8.999210357666016 2660
1778598850873 4.78142786026001 2680
1778598851462 5.2054948806762695 2700
1778598852059 3.9383363723754883 2720
