1778598752332 0.6914 20
1778598752920 0.6721 40
1778598753518 0.6429 60
1778598754113 0.5697 80
1778598754717 0.57 100
1778598755322 0.5383 120
1778598755912 0.5348 140
1778598756503 0.4429 160
1778598757094 0.4791 180
1778598757688 0.4896 200
1778598758268 0.4811 220
1778598758858 0.4518 240
1778598761390 0.4301 260
1778598761984 0.4511 280
1778598762574 0.4682 300
1778598763165 0.4617 320
1778598763756 0.4675 340
1778598764347 0.4607 360
1778598764937 0.471 380
1778598765528 0.4657 400
1778598766117 0.437 420
1778598766707 0.4339 440
1778598767299 0.4534 460
1778598767895 0.4382 480
1778598768487 0.434 500
1778598771039 0.4292 520
1778598771630 0.4358 540
1778598772222 0.426 560
1778598772814 0.4317 580
1778598773407 0.4058 600
1778598774003 0.4729 620
1778598774597 0.4389 640
1778598775190 0.4421 660
1778598775782 0.4134 680
1778598776374 0.4095 700
1778598776964 0.4304 720
1778598777557 0.4125 740
1778598780119 0.4306 760
1778598780710 0.4301 780
1778598781300 0.4156 800
1778598781892 0.434 820
1778598782482 0.4567 840
1778598783073 0.4637 860
1778598783663 0.4706 880
1778598784255 0.4537 900
1778598784848 0.4056 920
1778598785438 0.3858 940
1778598786029 0.3937 960
1778598786629 0.3773 980
1778598787219 0.3537 1000
1778598789583 0.3647 1020
1778598790173 0.3684 1040
1778598790765 0.3989 1060
1778598791360 0.4002 1080
1778598791954 0.4549 1100
1778598792557 0.3945 1120
1778598793192 0.3358 1140
1778598793816 0.384 1160
1778598794500 0.3738 1180
1778598795091 0.3682 1200
1778598795696 0.4237 1220
1778598796285 0.3421 1240
1778598799006 0.4006 1260
1778598799606 0.407 1280
1778598800207 0.366 1300
1778598800804 0.3523 1320
1778598801401 0.3989 1340
1778598801992 0.3441 1360
1778598802597 0.3702 1380
1778598803214 0.3638 1400
1778598803816 0.3589 1420
1778598804408 0.3559 1440
1778598804995 0.3781 1460
1778598805597 0.392 1480
1778598806200 0.3757 1500
1778598808564 0.3574 1520
1778598809154 0.3572 1540
1778598809747 0.3643 1560
1778598810339 0.3569 1580
1778598810930 0.3531 1600
1778598811522 0.3486 1620
1778598812125 0.3515 1640
1778598812716 0.3391 1660
1778598813305 0.3015 1680
1778598813894 0.3372 1700
1778598814489 0.3482 1720
1778598815088 0.3207 1740
1778598817647 0.3426 1760
1778598818243 0.4015 1780
1778598818836 0.3837 1800
1778598819427 0.3575 1820
1778598820018 0.2915 1840
1778598820618 0.2817 1860
1778598821227 0.3056 1880
1778598821830 0.3169 1900
1778598822413 0.2815 1920
1778598823006 0.2938 1940
1778598823597 0.2789 1960
1778598824187 0.2701 1980
1778598824778 0.2953 2000
1778598827344 0.3057 2020
1778598827937 0.2844 2040
1778598828527 0.3114 2060
1778598829127 0.2734 2080
1778598829717 0.2748 2100
1778598830307 0.2714 2120
1778598830897 0.2743 2140
1778598831489 0.3079 2160
1778598832080 0.286 2180
1778598832683 0.3014 2200
1778598833293 0.3058 2220
1778598833905 0.291 2240
1778598836437 0.2785 2260
1778598837042 0.3517 2280
1778598837644 0.2597 2300
1778598838240 0.3103 2320
1778598838832 0.3115 2340
1778598839422 0.2447 2360
1778598840012 0.2748 2380
1778598840603 0.2948 2400
1778598841193 0.2688 2420
1778598841785 0.3136 2440
1778598842377 0.2615 2460
1778598842966 0.3426 2480
1778598843556 0.3138 2500
1778598846112 0.2812 2520
1778598846702 0.2901 2540
1778598847292 0.2514 2560
1778598847881 0.3004 2580
1778598848471 0.327 2600
1778598849061 0.3024 2620
1778598849660 0.3064 2640
1778598850272 0.2997 2660
1778598850873 0.2784 2680
1778598851462 0.3027 2700
1778598852059 0.2749 2720
