1778329931229 1.2920597791671753 20
1778329936123 1.2324556112289429 40
1778329940805 4.212728977203369 60
1778329945686 1.7911359071731567 80
1778329950457 2.701551675796509 100
1778329955486 2.1942927837371826 120
1778329960525 3.912461519241333 140
1778329965430 2.0238325595855713 160
1778329970285 2.1244776248931885 180
1778329975168 2.9289379119873047 200
1778329979919 2.0086441040039062 220
1778329984934 3.78261137008667 240
1778329996759 4.262080669403076 260
1778330001718 4.270680904388428 280
1778330006645 3.0092997550964355 300
1778330011595 3.4929001331329346 320
1778330016336 4.27048397064209 340
1778330021253 4.792153358459473 360
1778330026084 2.336918830871582 380
1778330030947 6.499958038330078 400
1778330035994 3.9813296794891357 420
1778330040834 4.35148811340332 440
1778330045780 6.880311012268066 460
1778330050547 3.0322914123535156 480
1778330055382 1.974469780921936 500
1778330067544 2.650624990463257 520
1778330072415 3.3906939029693604 540
1778330077272 3.0146501064300537 560
1778330081938 5.805943012237549 580
1778330086795 3.11751389503479 600
1778330091426 5.67613410949707 620
1778330096588 4.05383825302124 640
1778330101309 3.23239803314209 660
1778330106209 4.188719749450684 680
1778330111121 3.419079303741455 700
1778330115895 2.33756160736084 720
1778330120816 3.5103893280029297 740
1778330132492 2.255488395690918 760
1778330137284 3.3297555446624756 780
1778330142023 6.043481349945068 800
1778330147033 2.8522651195526123 820
1778330152049 3.523573637008667 840
1778330157047 3.290548801422119 860
1778330161725 3.5187060832977295 880
1778330166750 5.005657196044922 900
1778330171539 4.777715682983398 920
1778330176397 4.51870584487915 940
1778330181145 3.1112942695617676 960
1778330186047 2.6142239570617676 980
1778330190996 7.663854122161865 1000
1778330202755 2.4854185581207275 1020
1778330207647 4.161212921142578 1040
1778330212571 4.258835315704346 1060
1778330217413 2.8671107292175293 1080
1778330222277 4.8477044105529785 1100
1778330227253 5.897202491760254 1120
1778330231916 4.871942520141602 1140
1778330236822 4.981522560119629 1160
1778330241769 5.618113040924072 1180
1778330246537 3.71036434173584 1200
1778330251404 3.968341588973999 1220
1778330256308 3.3381576538085938 1240
1778330268239 3.7172739505767822 1260
1778330273061 3.7665696144104004 1280
1778330277749 4.173530578613281 1300
1778330282317 2.5836000442504883 1320
1778330287130 3.7918243408203125 1340
1778330291967 7.27480411529541 1360
1778330297036 2.87726092338562 1380
1778330301818 6.0408806800842285 1400
1778330306905 3.845250368118286 1420
1778330311745 6.134095668792725 1440
1778330316492 8.139463424682617 1460
1778330321379 3.602966785430908 1480
1778330326138 9.725603103637695 1500
1778330338589 5.0210700035095215 1520
1778330343389 7.511987209320068 1540
1778330348229 3.5271387100219727 1560
1778330352994 11.871063232421875 1580
1778330357771 9.090106964111328 1600
1778330362510 7.4445695877075195 1620
1778330367130 7.656093597412109 1640
1778330372033 5.873170852661133 1660
1778330376777 5.683624744415283 1680
1778330381645 7.288910388946533 1700
1778330386497 12.257652282714844 1720
1778330391328 7.3372802734375 1740
1778330403835 7.713271141052246 1760
1778330408522 8.269493103027344 1780
1778330413358 6.356294631958008 1800
1778330418117 6.042312145233154 1820
1778330423039 7.351768493652344 1840
1778330427744 6.671835422515869 1860
1778330432572 4.10603141784668 1880
1778330437331 6.792841911315918 1900
1778330442063 5.081660747528076 1920
1778330446781 7.3802490234375 1940
1778330451633 6.24641752243042 1960
1778330456414 5.615839004516602 1980
1778330461315 5.783020973205566 2000
1778330472927 5.649292469024658 2020
1778330477758 6.493614196777344 2040
1778330482409 6.417478561401367 2060
1778330487257 5.529868125915527 2080
1778330491907 6.683955669403076 2100
1778330496853 6.749627590179443 2120
1778330501712 6.770188331604004 2140
1778330506615 7.470115661621094 2160
1778330511340 6.079578399658203 2180
1778330516084 9.375995635986328 2200
1778330520757 15.89281940460205 2220
1778330525601 10.731046676635742 2240
1778330537585 12.433770179748535 2260
1778330542344 5.3241705894470215 2280
1778330547240 11.978082656860352 2300
1778330551913 11.504289627075195 2320
1778330556656 10.798375129699707 2340
1778330561740 7.4939470291137695 2360
1778330566607 7.490299701690674 2380
1778330571310 4.4672017097473145 2400
1778330576072 12.029709815979004 2420
1778330580788 8.938837051391602 2440
1778330585464 7.204195022583008 2460
1778330590419 7.604221820831299 2480
1778330595153 13.162542343139648 2500
1778330606505 8.223438262939453 2520
1778330611286 12.272969245910645 2540
1778330616099 4.471532821655273 2560
1778330620888 5.4875922203063965 2580
1778330625759 68.35079956054688 2600
1778330630536 9.30146312713623 2620
1778330635281 12.552694320678711 2640
1778330640206 8.413033485412598 2660
1778330645004 8.279326438903809 2680
1778330649818 12.888684272766113 2700
1778330654554 5.19297981262207 2720
1778330659518 9.02306079864502 2740
1778330671058 12.017217636108398 2760
1778330675853 16.74965476989746 2780
1778330680579 35.00092697143555 2800
1778330685325 12.195382118225098 2820
1778330690150 15.8629789352417 2840
1778330695204 7.900108814239502 2860
1778330699862 8.095135688781738 2880
1778330704827 19.216291427612305 2900
1778330709578 13.80903148651123 2920
1778330714381 6.270120620727539 2940
1778330719104 2.864274263381958 2960
1778330723888 7.615586757659912 2980
1778330728602 6.659880638122559 3000
