1778329931229 0.6929 20
1778329936123 0.6791 40
1778329940805 0.6432 60
1778329945686 0.6232 80
1778329950457 0.6325 100
1778329955486 0.6267 120
1778329960525 0.598 140
1778329965430 0.6233 160
1778329970285 0.6093 180
1778329975168 0.6155 200
1778329979919 0.608 220
1778329984934 0.6081 240
1778329996759 0.6223 260
1778330001718 0.5874 280
1778330006645 0.573 300
1778330011595 0.5737 320
1778330016336 0.5203 340
1778330021253 0.5629 360
1778330026084 0.5945 380
1778330030947 0.5523 400
1778330035994 0.5666 420
1778330040834 0.5405 440
1778330045780 0.5621 460
1778330050547 0.5716 480
1778330055382 0.5219 500
1778330067544 0.5845 520
1778330072415 0.5698 540
1778330077272 0.5533 560
1778330081938 0.5639 580
1778330086795 0.5822 600
1778330091426 0.5566 620
1778330096588 0.5648 640
1778330101309 0.5799 660
1778330106209 0.5674 680
1778330111121 0.5487 700
1778330115895 0.55 720
1778330120816 0.4924 740
1778330132492 0.4846 760
1778330137284 0.4999 780
1778330142023 0.4918 800
1778330147033 0.5184 820
1778330152049 0.5232 840
1778330157047 0.5061 860
1778330161725 0.5167 880
1778330166750 0.4734 900
1778330171539 0.5278 920
1778330176397 0.4877 940
1778330181145 0.4732 960
1778330186047 0.5523 980
1778330190996 0.468 1000
1778330202755 0.503 1020
1778330207647 0.478 1040
1778330212571 0.523 1060
1778330217413 0.4768 1080
1778330222277 0.4966 1100
1778330227253 0.5027 1120
1778330231916 0.5131 1140
1778330236822 0.484 1160
1778330241769 0.4907 1180
1778330246537 0.5031 1200
1778330251404 0.4523 1220
1778330256308 0.4946 1240
1778330268239 0.5002 1260
1778330273061 0.5018 1280
1778330277749 0.4754 1300
1778330282317 0.5016 1320
1778330287130 0.4865 1340
1778330291967 0.5168 1360
1778330297036 0.5203 1380
1778330301818 0.5004 1400
1778330306905 0.4644 1420
1778330311745 0.4228 1440
1778330316492 0.3944 1460
1778330321379 0.4127 1480
1778330326138 0.4162 1500
1778330338589 0.3821 1520
1778330343389 0.3441 1540
1778330348229 0.406 1560
1778330352994 0.3706 1580
1778330357771 0.348 1600
1778330362510 0.4344 1620
1778330367130 0.404 1640
1778330372033 0.3563 1660
1778330376777 0.3894 1680
1778330381645 0.3911 1700
1778330386497 0.3878 1720
1778330391328 0.3715 1740
1778330403835 0.3802 1760
1778330408522 0.3714 1780
1778330413358 0.3681 1800
1778330418117 0.3922 1820
1778330423039 0.3862 1840
1778330427744 0.3585 1860
1778330432572 0.3714 1880
1778330437331 0.3697 1900
1778330442063 0.3824 1920
1778330446781 0.3648 1940
1778330451633 0.339 1960
1778330456414 0.4069 1980
1778330461315 0.3504 2000
1778330472927 0.3695 2020
1778330477758 0.365 2040
1778330482409 0.3727 2060
1778330487257 0.334 2080
1778330491907 0.3892 2100
1778330496853 0.3364 2120
1778330501712 0.4008 2140
1778330506615 0.2728 2160
1778330511340 0.2326 2180
1778330516084 0.2258 2200
1778330520757 0.2508 2220
1778330525601 0.2534 2240
1778330537585 0.2377 2260
1778330542344 0.2474 2280
1778330547240 0.2469 2300
1778330551913 0.2308 2320
1778330556656 0.246 2340
1778330561740 0.2421 2360
1778330566607 0.2361 2380
1778330571310 0.2523 2400
1778330576072 0.2296 2420
1778330580788 0.2851 2440
1778330585464 0.226 2460
1778330590419 0.2324 2480
1778330595153 0.2599 2500
1778330606505 0.2416 2520
1778330611286 0.2266 2540
1778330616099 0.2049 2560
1778330620888 0.254 2580
1778330625759 0.229 2600
1778330630536 0.2512 2620
1778330635281 0.2564 2640
1778330640206 0.2841 2660
1778330645004 0.276 2680
1778330649818 0.2506 2700
1778330654554 0.2404 2720
1778330659518 0.2663 2740
1778330671058 0.2604 2760
1778330675853 0.235 2780
1778330680579 0.2512 2800
1778330685325 0.2206 2820
1778330690150 0.2714 2840
1778330695204 0.1899 2860
1778330699862 0.167 2880
1778330704827 0.1721 2900
1778330709578 0.1794 2920
1778330714381 0.1112 2940
1778330719104 0.1757 2960
1778330723888 0.1812 2980
1778330728602 0.1388 3000
