1776097258742 0.06756756756756757 50
1776097271723 0.13513513513513514 100
1776097284716 0.20270270270270271 150
1776097297737 0.2702702702702703 200
1776097310803 0.33783783783783783 250
1776097323896 0.40540540540540543 300
1776097337014 0.47297297297297297 350
1776097350224 0.5405405405405406 400
1776097363384 0.6081081081081081 450
1776097376583 0.6756756756756757 500
1776097389780 0.7432432432432432 550
1776097403067 0.8108108108108109 600
1776097416292 0.8783783783783784 650
1776097429546 0.9459459459459459 700
1776097450560 1.0 740
1776097450602 1.0 740
1776097461060 1.0 740
1776097471539 1.0 740
1776097471561 1.0 0
