1776097258742 0.4961856842041016 50
1776097271723 0.48009510040283204 100
1776097284716 0.45262481689453127 150
1776097297737 0.42032058715820314 200
1776097310803 0.38785839080810547 250
1776097323896 0.3585247802734375 300
1776097337014 0.3341054916381836 350
1776097350224 0.3149812126159668 400
1776097363384 0.3004646110534668 450
1776097376583 0.2900619125366211 500
1776097389780 0.28259504318237305 550
1776097403067 0.2773554611206055 600
1776097416292 0.273950138092041 650
1776097429546 0.2718795394897461 700
