1778349799870 0.005555555555555556 20
1778349818160 0.011111111111111112 40
1778349836311 0.016666666666666666 60
1778349854644 0.022222222222222223 80
1778349872644 0.027777777777777776 100
1778349890816 0.03333333333333333 120
1778349908876 0.03888888888888889 140
1778349927106 0.044444444444444446 160
1778349945605 0.05 180
1778349963669 0.05555555555555555 200
1778349981767 0.06111111111111111 220
1778349999744 0.06666666666666667 240
1778350187267 0.06944444444444445 250
1778350196755 0.07222222222222222 260
1778350215083 0.07777777777777778 280
1778350233233 0.08333333333333333 300
1778350251575 0.08888888888888889 320
1778350269774 0.09444444444444444 340
1778350287990 0.1 360
1778350306218 0.10555555555555556 380
1778350324443 0.1111111111111111 400
1778350342503 0.11666666666666667 420
1778350361029 0.12222222222222222 440
1778350379178 0.12777777777777777 460
1778350397471 0.13333333333333333 480
1778350415436 0.1388888888888889 500
1778350594586 0.1388888888888889 500
1778350613242 0.14444444444444443 520
1778350631596 0.15 540
1778350649600 0.15555555555555556 560
1778350667972 0.16111111111111112 580
1778350686374 0.16666666666666666 600
1778350704674 0.17222222222222222 620
1778350723005 0.17777777777777778 640
1778350741240 0.18333333333333332 660
1778350759916 0.18888888888888888 680
1778350778299 0.19444444444444445 700
1778350796974 0.2 720
1778350815381 0.20555555555555555 740
1778351005695 0.20833333333333334 750
1778351015617 0.2111111111111111 760
1778351034147 0.21666666666666667 780
1778351052447 0.2222222222222222 800
1778351070973 0.22777777777777777 820
1778351089470 0.23333333333333334 840
1778351108208 0.2388888888888889 860
1778351126530 0.24444444444444444 880
1778351144976 0.25 900
1778351163205 0.25555555555555554 920
1778351181692 0.2611111111111111 940
1778351199866 0.26666666666666666 960
1778351218331 0.2722222222222222 980
1778351236525 0.2777777777777778 1000
1778351418447 0.2777777777777778 1000
1778351437290 0.2833333333333333 1020
1778351455536 0.28888888888888886 1040
1778351474146 0.29444444444444445 1060
1778351492489 0.3 1080
1778351511004 0.3055555555555556 1100
1778351529172 0.3111111111111111 1120
1778351547857 0.31666666666666665 1140
1778351566239 0.32222222222222224 1160
1778351584794 0.3277777777777778 1180
1778351603164 0.3333333333333333 1200
1778351621693 0.3388888888888889 1220
1778351639996 0.34444444444444444 1240
1778351829747 0.3472222222222222 1250
1778351839695 0.35 1260
1778351858247 0.35555555555555557 1280
1778351876582 0.3611111111111111 1300
1778351894915 0.36666666666666664 1320
1778351912979 0.37222222222222223 1340
1778351931419 0.37777777777777777 1360
1778351949559 0.38333333333333336 1380
1778351968153 0.3888888888888889 1400
1778351986332 0.39444444444444443 1420
1778352004935 0.4 1440
1778352023222 0.40555555555555556 1460
1778352041752 0.4111111111111111 1480
1778352060042 0.4166666666666667 1500
1778352239880 0.4166666666666667 1500
1778352258890 0.4222222222222222 1520
1778352277121 0.42777777777777776 1540
1778352295634 0.43333333333333335 1560
1778352313763 0.4388888888888889 1580
1778352332087 0.4444444444444444 1600
1778352350397 0.45 1620
1778352368610 0.45555555555555555 1640
1778352386676 0.46111111111111114 1660
1778352405078 0.4666666666666667 1680
1778352423316 0.4722222222222222 1700
1778352441847 0.4777777777777778 1720
1778352460160 0.48333333333333334 1740
1778352648903 0.4861111111111111 1750
1778352658760 0.4888888888888889 1760
1778352676995 0.49444444444444446 1780
1778352695427 0.5 1800
1778352713744 0.5055555555555555 1820
1778352732098 0.5111111111111111 1840
1778352750422 0.5166666666666667 1860
1778352768946 0.5222222222222223 1880
1778352787158 0.5277777777777778 1900
1778352805647 0.5333333333333333 1920
1778352824033 0.5388888888888889 1940
1778352842401 0.5444444444444444 1960
1778352860605 0.55 1980
1778352879203 0.5555555555555556 2000
1778353059558 0.5555555555555556 2000
1778353078175 0.5611111111111111 2020
1778353096713 0.5666666666666667 2040
1778353115130 0.5722222222222222 2060
1778353133477 0.5777777777777777 2080
1778353152042 0.5833333333333334 2100
1778353170736 0.5888888888888889 2120
1778353188940 0.5944444444444444 2140
1778353207332 0.6 2160
1778353225490 0.6055555555555555 2180
1778353243944 0.6111111111111112 2200
1778353262166 0.6166666666666667 2220
1778353280555 0.6222222222222222 2240
1778353467962 0.625 2250
1778353477602 0.6277777777777778 2260
1778353495596 0.6333333333333333 2280
1778353513857 0.6388888888888888 2300
1778353531927 0.6444444444444445 2320
1778353550116 0.65 2340
1778353568286 0.6555555555555556 2360
1778353586451 0.6611111111111111 2380
1778353604377 0.6666666666666666 2400
1778353622677 0.6722222222222223 2420
1778353640788 0.6777777777777778 2440
1778353659061 0.6833333333333333 2460
1778353677290 0.6888888888888889 2480
1778353695496 0.6944444444444444 2500
1778353873710 0.6944444444444444 2500
1778353892209 0.7 2520
1778353910393 0.7055555555555556 2540
1778353928299 0.7111111111111111 2560
1778353946378 0.7166666666666667 2580
1778353964267 0.7222222222222222 2600
1778353982238 0.7277777777777777 2620
1778354000105 0.7333333333333333 2640
1778354018090 0.7388888888888889 2660
1778354035989 0.7444444444444445 2680
1778354053963 0.75 2700
1778354071877 0.7555555555555555 2720
1778354089949 0.7611111111111111 2740
1778354276669 0.7638888888888888 2750
1778354286113 0.7666666666666667 2760
1778354304393 0.7722222222222223 2780
1778354322533 0.7777777777777778 2800
1778354341074 0.7833333333333333 2820
1778354359159 0.7888888888888889 2840
1778354377451 0.7944444444444444 2860
1778354395679 0.8 2880
1778354414122 0.8055555555555556 2900
1778354432246 0.8111111111111111 2920
1778354450526 0.8166666666666667 2940
1778354468835 0.8222222222222222 2960
1778354487121 0.8277777777777777 2980
1778354505294 0.8333333333333334 3000
1778354683463 0.8333333333333334 3000
1778354702129 0.8388888888888889 3020
1778354720568 0.8444444444444444 3040
1778354738754 0.85 3060
1778354757242 0.8555555555555555 3080
1778354775524 0.8611111111111112 3100
1778354793823 0.8666666666666667 3120
1778354811877 0.8722222222222222 3140
1778354830438 0.8777777777777778 3160
1778354848728 0.8833333333333333 3180
1778354867113 0.8888888888888888 3200
1778354885334 0.8944444444444445 3220
1778354903631 0.9 3240
1778355092950 0.9027777777777778 3250
1778355102529 0.9055555555555556 3260
1778355121097 0.9111111111111111 3280
1778355139359 0.9166666666666666 3300
1778355157876 0.9222222222222223 3320
1778355176242 0.9277777777777778 3340
1778355195094 0.9333333333333333 3360
1778355213595 0.9388888888888889 3380
1778355232259 0.9444444444444444 3400
1778355250680 0.95 3420
1778355269095 0.9555555555555556 3440
1778355287353 0.9611111111111111 3460
1778355305816 0.9666666666666667 3480
1778355324141 0.9722222222222222 3500
1778355504523 0.9722222222222222 3500
1778355523119 0.9777777777777777 3520
1778355541520 0.9833333333333333 3540
1778355559477 0.9888888888888889 3560
1778355577770 0.9944444444444445 3580
1778355595720 1.0 3600
1778355613776 1.0055555555555555 3620
1778355631784 1.011111111111111 3640
1778355649890 1.0166666666666666 3660
1778355667837 1.0222222222222221 3680
1778355685790 1.0277777777777777 3700
1778355703728 1.0333333333333334 3720
1778355721905 1.038888888888889 3740
1778355908368 1.0416666666666667 3750
1778355917903 1.0444444444444445 3760
1778355936366 1.05 3780
1778355954363 1.0555555555555556 3800
1778355972681 1.0611111111111111 3820
1778355990699 1.0666666666666667 3840
1778356008844 1.0722222222222222 3860
1778356026816 1.0777777777777777 3880
1778356044961 1.0833333333333333 3900
1778356063028 1.0888888888888888 3920
1778356081148 1.0944444444444446 3940
1778356099262 1.1 3960
1778356117516 1.1055555555555556 3980
1778356135728 1.1111111111111112 4000
1778356314395 1.1111111111111112 4000
1778356332963 1.1166666666666667 4020
1778356351649 1.1222222222222222 4040
1778356369945 1.1277777777777778 4060
1778356388070 1.1333333333333333 4080
1778356406459 1.1388888888888888 4100
1778356424811 1.1444444444444444 4120
1778356443244 1.15 4140
1778356461550 1.1555555555555554 4160
1778356480028 1.1611111111111112 4180
1778356498450 1.1666666666666667 4200
1778356516922 1.1722222222222223 4220
1778356535172 1.1777777777777778 4240
1778356724582 1.1805555555555556 4250
1778356734279 1.1833333333333333 4260
1778356752677 1.1888888888888889 4280
1778356770973 1.1944444444444444 4300
1778356789584 1.2 4320
1778356807913 1.2055555555555555 4340
1778356826566 1.211111111111111 4360
1778356844868 1.2166666666666668 4380
1778356863413 1.2222222222222223 4400
1778356881692 1.2277777777777779 4420
1778356899978 1.2333333333333334 4440
1778356918253 1.238888888888889 4460
1778356936830 1.2444444444444445 4480
1778356955343 1.25 4500
1778357136378 1.25 4500
1778357155510 1.2555555555555555 4520
1778357173925 1.261111111111111 4540
1778357192373 1.2666666666666666 4560
1778357210636 1.2722222222222221 4580
1778357229142 1.2777777777777777 4600
1778357247351 1.2833333333333332 4620
1778357265936 1.2888888888888888 4640
1778357284302 1.2944444444444445 4660
1778357302758 1.3 4680
1778357320764 1.3055555555555556 4700
1778357338889 1.3111111111111111 4720
1778357357189 1.3166666666666667 4740
1778357546304 1.3194444444444444 4750
1778357556233 1.3222222222222222 4760
1778357574544 1.3277777777777777 4780
1778357592963 1.3333333333333333 4800
1778357611430 1.338888888888889 4820
1778357629988 1.3444444444444446 4840
1778357648317 1.35 4860
1778357666885 1.3555555555555556 4880
1778357685310 1.3611111111111112 4900
1778357703625 1.3666666666666667 4920
1778357722068 1.3722222222222222 4940
1778357740569 1.3777777777777778 4960
1778357758849 1.3833333333333333 4980
1778357777440 1.3888888888888888 5000
1778357958086 1.3888888888888888 5000
1778357977234 1.3944444444444444 5020
1778357995440 1.4 5040
1778358014018 1.4055555555555554 5060
1778358032447 1.411111111111111 5080
1778358050859 1.4166666666666667 5100
1778358069068 1.4222222222222223 5120
1778358087550 1.4277777777777778 5140
1778358105793 1.4333333333333333 5160
1778358124022 1.4388888888888889 5180
1778358142483 1.4444444444444444 5200
1778358160630 1.45 5220
1778358178886 1.4555555555555555 5240
1778358366317 1.4583333333333333 5250
1778358376127 1.4611111111111112 5260
1778358394077 1.4666666666666668 5280
1778358412325 1.4722222222222223 5300
1778358430442 1.4777777777777779 5320
1778358448747 1.4833333333333334 5340
1778358466951 1.488888888888889 5360
1778358485009 1.4944444444444445 5380
1778358503013 1.5 5400
1778358520947 1.5055555555555555 5420
1778358538930 1.511111111111111 5440
1778358556832 1.5166666666666666 5460
1778358574814 1.5222222222222221 5480
1778358592710 1.5277777777777777 5500
1778358768776 1.5277777777777777 5500
1778358787127 1.5333333333333332 5520
1778358805282 1.5388888888888888 5540
1778358823168 1.5444444444444443 5560
1778358841144 1.55 5580
1778358859217 1.5555555555555556 5600
1778358877221 1.5611111111111111 5620
1778358895102 1.5666666666666667 5640
1778358913249 1.5722222222222222 5660
1778358931120 1.5777777777777777 5680
1778358949082 1.5833333333333335 5700
1778358966962 1.588888888888889 5720
1778358985045 1.5944444444444446 5740
1778359169821 1.5972222222222223 5750
1778359179193 1.6 5760
1778359197136 1.6055555555555556 5780
1778359215008 1.6111111111111112 5800
1778359232987 1.6166666666666667 5820
1778359251055 1.6222222222222222 5840
1778359269015 1.6277777777777778 5860
1778359286869 1.6333333333333333 5880
1778359304814 1.6388888888888888 5900
1778359322686 1.6444444444444444 5920
1778359340668 1.65 5940
1778359358540 1.6555555555555554 5960
1778359376524 1.661111111111111 5980
1778359394390 1.6666666666666665 6000
1778359570696 1.6666666666666665 6000
1778359589281 1.6722222222222223 6020
1778359607298 1.6777777777777778 6040
1778359625380 1.6833333333333333 6060
1778359643411 1.6888888888888889 6080
1778359661584 1.6944444444444444 6100
1778359679494 1.7 6120
1778359697697 1.7055555555555557 6140
1778359715941 1.7111111111111112 6160
1778359734332 1.7166666666666668 6180
1778359752555 1.7222222222222223 6200
1778359771192 1.7277777777777779 6220
1778359789447 1.7333333333333334 6240
1778359978308 1.7361111111111112 6250
1778359988271 1.738888888888889 6260
1778360006742 1.7444444444444445 6280
1778360024972 1.75 6300
1778360043291 1.7555555555555555 6320
1778360061506 1.761111111111111 6340
1778360079867 1.7666666666666666 6360
1778360097860 1.7722222222222221 6380
1778360116124 1.7777777777777777 6400
1778360134201 1.7833333333333332 6420
1778360152420 1.7888888888888888 6440
1778360170782 1.7944444444444443 6460
1778360188976 1.8 6480
1778360207251 1.8055555555555556 6500
1778360387964 1.8055555555555556 6500
1778360407063 1.8111111111111111 6520
1778360425337 1.8166666666666667 6540
1778360444060 1.8222222222222222 6560
1778360462339 1.8277777777777777 6580
1778360480853 1.8333333333333335 6600
1778360499061 1.838888888888889 6620
1778360517589 1.8444444444444446 6640
1778360535660 1.85 6660
1778360554339 1.8555555555555556 6680
1778360572460 1.8611111111111112 6700
1778360590997 1.8666666666666667 6720
1778360609213 1.8722222222222222 6740
1778360799215 1.875 6750
1778360808987 1.8777777777777778 6760
1778360827507 1.8833333333333333 6780
1778360845949 1.8888888888888888 6800
1778360864406 1.8944444444444444 6820
1778360882943 1.9 6840
1778360901192 1.9055555555555554 6860
1778360919884 1.911111111111111 6880
1778360938141 1.9166666666666665 6900
1778360956871 1.9222222222222223 6920
1778360975181 1.9277777777777778 6940
1778360993453 1.9333333333333333 6960
1778361011675 1.9388888888888889 6980
1778361030145 1.9444444444444444 7000
1778361211029 1.9444444444444444 7000
1778361230124 1.95 7020
1778361248375 1.9555555555555557 7040
1778361266763 1.9611111111111112 7060
1778361285072 1.9666666666666668 7080
1778361303618 1.9722222222222223 7100
1778361321764 1.9777777777777779 7120
1778361339681 1.9833333333333334 7140
1778361357649 1.988888888888889 7160
1778361375539 1.9944444444444445 7180
1778361393469 2.0 7200
1778361411378 2.0055555555555555 7220
1778361429325 2.011111111111111 7240
1778361615825 2.013888888888889 7250
1778361616341 2.013888888888889 7250
1778361795409 2.013888888888889 7250
1778362021243 2.013888888888889 7250
1778362021708 2.013888888888889 0
