1778349799870 1.1400000000000001e-05 20
1778349818160 2.3400000000000003e-05 40
1778349836311 2.999248956884562e-05 60
1778349854644 2.9975799721835883e-05 80
1778349872644 2.995910987482615e-05 100
1778349890816 2.994242002781641e-05 120
1778349908876 2.9925730180806676e-05 140
1778349927106 2.990904033379694e-05 160
1778349945605 2.9892350486787204e-05 180
1778349963669 2.9875660639777466e-05 200
1778349981767 2.9858970792767735e-05 220
1778349999744 2.9842280945758e-05 240
1778350196755 2.9825591098748263e-05 260
1778350215083 2.980890125173853e-05 280
1778350233233 2.979221140472879e-05 300
1778350251575 2.9775521557719056e-05 320
1778350269774 2.975883171070932e-05 340
1778350287990 2.9742141863699584e-05 360
1778350306218 2.972545201668985e-05 380
1778350324443 2.9708762169680112e-05 400
1778350342503 2.9692072322670377e-05 420
1778350361029 2.967538247566064e-05 440
1778350379178 2.9658692628650905e-05 460
1778350397471 2.9642002781641167e-05 480
1778350415436 2.9625312934631433e-05 500
1778350613242 2.96086230876217e-05 520
1778350631596 2.959193324061196e-05 540
1778350649600 2.9575243393602226e-05 560
1778350667972 2.955855354659249e-05 580
1778350686374 2.9541863699582754e-05 600
1778350704674 2.9525173852573016e-05 620
1778350723005 2.9508484005563282e-05 640
1778350741240 2.9491794158553548e-05 660
1778350759916 2.947510431154381e-05 680
1778350778299 2.9458414464534075e-05 700
1778350796974 2.944172461752434e-05 720
1778350815381 2.9425034770514606e-05 740
1778351015617 2.940834492350487e-05 760
1778351034147 2.9391655076495134e-05 780
1778351052447 2.93749652294854e-05 800
1778351070973 2.9358275382475662e-05 820
1778351089470 2.9341585535465928e-05 840
1778351108208 2.932489568845619e-05 860
1778351126530 2.9308205841446455e-05 880
1778351144976 2.9291515994436718e-05 900
1778351163205 2.9274826147426983e-05 920
1778351181692 2.9258136300417245e-05 940
1778351199866 2.924144645340751e-05 960
1778351218331 2.9224756606397776e-05 980
1778351236525 2.920806675938804e-05 1000
1778351437290 2.9191376912378304e-05 1020
1778351455536 2.9174687065368566e-05 1040
1778351474146 2.9157997218358832e-05 1060
1778351492489 2.9141307371349094e-05 1080
1778351511004 2.912461752433936e-05 1100
1778351529172 2.9107927677329625e-05 1120
1778351547857 2.9091237830319888e-05 1140
1778351566239 2.9074547983310153e-05 1160
1778351584794 2.9057858136300415e-05 1180
1778351603164 2.9041168289290684e-05 1200
1778351621693 2.9024478442280946e-05 1220
1778351639996 2.9007788595271212e-05 1240
1778351839695 2.8991098748261478e-05 1260
1778351858247 2.897440890125174e-05 1280
1778351876582 2.8957719054242005e-05 1300
1778351894915 2.8941029207232268e-05 1320
1778351912979 2.8924339360222533e-05 1340
1778351931419 2.8907649513212795e-05 1360
1778351949559 2.889095966620306e-05 1380
1778351968153 2.8874269819193327e-05 1400
1778351986332 2.885757997218359e-05 1420
1778352004935 2.8840890125173854e-05 1440
1778352023222 2.8824200278164116e-05 1460
1778352041752 2.8807510431154382e-05 1480
1778352060042 2.8790820584144644e-05 1500
1778352258890 2.877413073713491e-05 1520
1778352277121 2.8757440890125175e-05 1540
1778352295634 2.8740751043115438e-05 1560
1778352313763 2.8724061196105703e-05 1580
1778352332087 2.8707371349095965e-05 1600
1778352350397 2.869068150208623e-05 1620
1778352368610 2.8673991655076493e-05 1640
1778352386676 2.865730180806676e-05 1660
1778352405078 2.8640611961057024e-05 1680
1778352423316 2.862392211404729e-05 1700
1778352441847 2.8607232267037555e-05 1720
1778352460160 2.8590542420027818e-05 1740
1778352658760 2.8573852573018083e-05 1760
1778352676995 2.8557162726008345e-05 1780
1778352695427 2.854047287899861e-05 1800
1778352713744 2.8523783031988873e-05 1820
1778352732098 2.850709318497914e-05 1840
1778352750422 2.8490403337969404e-05 1860
1778352768946 2.8473713490959667e-05 1880
1778352787158 2.8457023643949932e-05 1900
1778352805647 2.8440333796940194e-05 1920
1778352824033 2.842364394993046e-05 1940
1778352842401 2.8406954102920722e-05 1960
1778352860605 2.8390264255910988e-05 1980
1778352879203 2.8373574408901253e-05 2000
1778353078175 2.8356884561891515e-05 2020
1778353096713 2.834019471488178e-05 2040
1778353115130 2.8323504867872043e-05 2060
1778353133477 2.830681502086231e-05 2080
1778353152042 2.829012517385257e-05 2100
1778353170736 2.8273435326842837e-05 2120
1778353188940 2.8256745479833102e-05 2140
1778353207332 2.8240055632823368e-05 2160
1778353225490 2.8223365785813633e-05 2180
1778353243944 2.8206675938803895e-05 2200
1778353262166 2.818998609179416e-05 2220
1778353280555 2.8173296244784423e-05 2240
1778353477602 2.815660639777469e-05 2260
1778353495596 2.8139916550764954e-05 2280
1778353513857 2.8123226703755217e-05 2300
1778353531927 2.8106536856745482e-05 2320
1778353550116 2.8089847009735744e-05 2340
1778353568286 2.807315716272601e-05 2360
1778353586451 2.8056467315716272e-05 2380
1778353604377 2.8039777468706538e-05 2400
1778353622677 2.80230876216968e-05 2420
1778353640788 2.8006397774687066e-05 2440
1778353659061 2.798970792767733e-05 2460
1778353677290 2.7973018080667593e-05 2480
1778353695496 2.795632823365786e-05 2500
1778353892209 2.793963838664812e-05 2520
1778353910393 2.7922948539638387e-05 2540
1778353928299 2.790625869262865e-05 2560
1778353946378 2.7889568845618914e-05 2580
1778353964267 2.787287899860918e-05 2600
1778353982238 2.7856189151599442e-05 2620
1778354000105 2.783949930458971e-05 2640
1778354018090 2.7822809457579973e-05 2660
1778354035989 2.780611961057024e-05 2680
1778354053963 2.77894297635605e-05 2700
1778354071877 2.7772739916550767e-05 2720
1778354089949 2.7756050069541032e-05 2740
1778354286113 2.7739360222531294e-05 2760
1778354304393 2.772267037552156e-05 2780
1778354322533 2.7705980528511822e-05 2800
1778354341074 2.7689290681502088e-05 2820
1778354359159 2.767260083449235e-05 2840
1778354377451 2.7655910987482616e-05 2860
1778354395679 2.763922114047288e-05 2880
1778354414122 2.7622531293463143e-05 2900
1778354432246 2.760584144645341e-05 2920
1778354450526 2.758915159944367e-05 2940
1778354468835 2.7572461752433937e-05 2960
1778354487121 2.75557719054242e-05 2980
1778354505294 2.7539082058414464e-05 3000
1778354702129 2.752239221140473e-05 3020
1778354720568 2.7505702364394992e-05 3040
1778354738754 2.7489012517385258e-05 3060
1778354757242 2.747232267037552e-05 3080
1778354775524 2.7455632823365786e-05 3100
1778354793823 2.743894297635605e-05 3120
1778354811877 2.7422253129346317e-05 3140
1778354830438 2.7405563282336582e-05 3160
1778354848728 2.7388873435326845e-05 3180
1778354867113 2.737218358831711e-05 3200
1778354885334 2.7355493741307372e-05 3220
1778354903631 2.7338803894297638e-05 3240
1778355102529 2.73221140472879e-05 3260
1778355121097 2.7305424200278166e-05 3280
1778355139359 2.7288734353268428e-05 3300
1778355157876 2.7272044506258693e-05 3320
1778355176242 2.725535465924896e-05 3340
1778355195094 2.723866481223922e-05 3360
1778355213595 2.7221974965229487e-05 3380
1778355232259 2.720528511821975e-05 3400
1778355250680 2.7188595271210015e-05 3420
1778355269095 2.7171905424200277e-05 3440
1778355287353 2.7155215577190542e-05 3460
1778355305816 2.7138525730180808e-05 3480
1778355324141 2.712183588317107e-05 3500
1778355523119 2.7105146036161336e-05 3520
1778355541520 2.7088456189151598e-05 3540
1778355559477 2.7071766342141863e-05 3560
1778355577770 2.7055076495132126e-05 3580
1778355595720 2.7038386648122395e-05 3600
1778355613776 2.702169680111266e-05 3620
1778355631784 2.7005006954102922e-05 3640
1778355649890 2.6988317107093188e-05 3660
1778355667837 2.697162726008345e-05 3680
1778355685790 2.6954937413073716e-05 3700
1778355703728 2.6938247566063978e-05 3720
1778355721905 2.6921557719054243e-05 3740
1778355917903 2.690486787204451e-05 3760
1778355936366 2.688817802503477e-05 3780
1778355954363 2.6871488178025037e-05 3800
1778355972681 2.68547983310153e-05 3820
1778355990699 2.6838108484005565e-05 3840
1778356008844 2.6821418636995827e-05 3860
1778356026816 2.6804728789986092e-05 3880
1778356044961 2.6788038942976358e-05 3900
1778356063028 2.677134909596662e-05 3920
1778356081148 2.6754659248956886e-05 3940
1778356099262 2.6737969401947148e-05 3960
1778356117516 2.6721279554937414e-05 3980
1778356135728 2.6704589707927676e-05 4000
1778356332963 2.668789986091794e-05 4020
1778356351649 2.6671210013908203e-05 4040
1778356369945 2.665452016689847e-05 4060
1778356388070 2.6637830319888735e-05 4080
1778356406459 2.6621140472879e-05 4100
1778356424811 2.6604450625869266e-05 4120
1778356443244 2.6587760778859528e-05 4140
1778356461550 2.6571070931849794e-05 4160
1778356480028 2.6554381084840056e-05 4180
1778356498450 2.653769123783032e-05 4200
1778356516922 2.6521001390820587e-05 4220
1778356535172 2.650431154381085e-05 4240
1778356734279 2.6487621696801115e-05 4260
1778356752677 2.6470931849791377e-05 4280
1778356770973 2.6454242002781642e-05 4300
1778356789584 2.6437552155771905e-05 4320
1778356807913 2.642086230876217e-05 4340
1778356826566 2.6404172461752436e-05 4360
1778356844868 2.6387482614742698e-05 4380
1778356863413 2.6370792767732964e-05 4400
1778356881692 2.6354102920723226e-05 4420
1778356899978 2.633741307371349e-05 4440
1778356918253 2.6320723226703754e-05 4460
1778356936830 2.630403337969402e-05 4480
1778356955343 2.6287343532684285e-05 4500
1778357155510 2.6270653685674547e-05 4520
1778357173925 2.6253963838664812e-05 4540
1778357192373 2.6237273991655075e-05 4560
1778357210636 2.6220584144645344e-05 4580
1778357229142 2.6203894297635606e-05 4600
1778357247351 2.618720445062587e-05 4620
1778357265936 2.6170514603616137e-05 4640
1778357284302 2.61538247566064e-05 4660
1778357302758 2.6137134909596665e-05 4680
1778357320764 2.6120445062586927e-05 4700
1778357338889 2.6103755215577193e-05 4720
1778357357189 2.6087065368567455e-05 4740
1778357556233 2.607037552155772e-05 4760
1778357574544 2.6053685674547982e-05 4780
1778357592963 2.6036995827538248e-05 4800
1778357611430 2.6020305980528514e-05 4820
1778357629988 2.6003616133518776e-05 4840
1778357648317 2.598692628650904e-05 4860
1778357666885 2.5970236439499304e-05 4880
1778357685310 2.595354659248957e-05 4900
1778357703625 2.593685674547983e-05 4920
1778357722068 2.5920166898470097e-05 4940
1778357740569 2.5903477051460363e-05 4960
1778357758849 2.5886787204450625e-05 4980
1778357777440 2.587009735744089e-05 5000
1778357977234 2.5853407510431152e-05 5020
1778357995440 2.5836717663421418e-05 5040
1778358014018 2.5820027816411684e-05 5060
1778358032447 2.580333796940195e-05 5080
1778358050859 2.5786648122392215e-05 5100
1778358069068 2.5769958275382477e-05 5120
1778358087550 2.5753268428372743e-05 5140
1778358105793 2.5736578581363005e-05 5160
1778358124022 2.571988873435327e-05 5180
1778358142483 2.5703198887343533e-05 5200
1778358160630 2.5686509040333798e-05 5220
1778358178886 2.5669819193324064e-05 5240
1778358376127 2.5653129346314326e-05 5260
1778358394077 2.563643949930459e-05 5280
1778358412325 2.5619749652294854e-05 5300
1778358430442 2.560305980528512e-05 5320
1778358448747 2.558636995827538e-05 5340
1778358466951 2.5569680111265647e-05 5360
1778358485009 2.5552990264255913e-05 5380
1778358503013 2.5536300417246175e-05 5400
1778358520947 2.551961057023644e-05 5420
1778358538930 2.5502920723226703e-05 5440
1778358556832 2.5486230876216968e-05 5460
1778358574814 2.546954102920723e-05 5480
1778358592710 2.5452851182197496e-05 5500
1778358787127 2.5436161335187758e-05 5520
1778358805282 2.5419471488178027e-05 5540
1778358823168 2.5402781641168293e-05 5560
1778358841144 2.5386091794158555e-05 5580
1778358859217 2.536940194714882e-05 5600
1778358877221 2.5352712100139083e-05 5620
1778358895102 2.5336022253129348e-05 5640
1778358913249 2.531933240611961e-05 5660
1778358931120 2.5302642559109876e-05 5680
1778358949082 2.528595271210014e-05 5700
1778358966962 2.5269262865090404e-05 5720
1778358985045 2.525257301808067e-05 5740
1778359179193 2.523588317107093e-05 5760
1778359197136 2.5219193324061197e-05 5780
1778359215008 2.520250347705146e-05 5800
1778359232987 2.5185813630041725e-05 5820
1778359251055 2.516912378303199e-05 5840
1778359269015 2.5152433936022253e-05 5860
1778359286869 2.5135744089012518e-05 5880
1778359304814 2.511905424200278e-05 5900
1778359322686 2.5102364394993046e-05 5920
1778359340668 2.5085674547983308e-05 5940
1778359358540 2.5068984700973574e-05 5960
1778359376524 2.505229485396384e-05 5980
1778359394390 2.50356050069541e-05 6000
1778359589281 2.501891515994437e-05 6020
1778359607298 2.5002225312934633e-05 6040
1778359625380 2.4985535465924898e-05 6060
1778359643411 2.496884561891516e-05 6080
1778359661584 2.4952155771905426e-05 6100
1778359679494 2.493546592489569e-05 6120
1778359697697 2.4918776077885954e-05 6140
1778359715941 2.490208623087622e-05 6160
1778359734332 2.488539638386648e-05 6180
1778359752555 2.4868706536856747e-05 6200
1778359771192 2.485201668984701e-05 6220
1778359789447 2.4835326842837275e-05 6240
1778359988271 2.481863699582754e-05 6260
1778360006742 2.4801947148817803e-05 6280
1778360024972 2.4785257301808068e-05 6300
1778360043291 2.476856745479833e-05 6320
1778360061506 2.4751877607788596e-05 6340
1778360079867 2.4735187760778858e-05 6360
1778360097860 2.4718497913769124e-05 6380
1778360116124 2.4701808066759386e-05 6400
1778360134201 2.468511821974965e-05 6420
1778360152420 2.4668428372739917e-05 6440
1778360170782 2.465173852573018e-05 6460
1778360188976 2.4635048678720445e-05 6480
1778360207251 2.461835883171071e-05 6500
1778360407063 2.4601668984700976e-05 6520
1778360425337 2.4584979137691238e-05 6540
1778360444060 2.4568289290681504e-05 6560
1778360462339 2.455159944367177e-05 6580
1778360480853 2.453490959666203e-05 6600
1778360499061 2.4518219749652297e-05 6620
1778360517589 2.450152990264256e-05 6640
1778360535660 2.4484840055632825e-05 6660
1778360554339 2.4468150208623087e-05 6680
1778360572460 2.4451460361613353e-05 6700
1778360590997 2.443477051460362e-05 6720
1778360609213 2.441808066759388e-05 6740
1778360808987 2.4401390820584146e-05 6760
1778360827507 2.4384700973574408e-05 6780
1778360845949 2.4368011126564674e-05 6800
1778360864406 2.4351321279554936e-05 6820
1778360882943 2.43346314325452e-05 6840
1778360901192 2.4317941585535467e-05 6860
1778360919884 2.430125173852573e-05 6880
1778360938141 2.4284561891515995e-05 6900
1778360956871 2.4267872044506257e-05 6920
1778360975181 2.4251182197496523e-05 6940
1778360993453 2.4234492350486785e-05 6960
1778361011675 2.4217802503477054e-05 6980
1778361030145 2.420111265646732e-05 7000
1778361230124 2.4184422809457582e-05 7020
1778361248375 2.4167732962447847e-05 7040
1778361266763 2.415104311543811e-05 7060
1778361285072 2.4134353268428375e-05 7080
1778361303618 2.4117663421418637e-05 7100
1778361321764 2.4100973574408903e-05 7120
1778361339681 2.4084283727399165e-05 7140
1778361357649 2.406759388038943e-05 7160
1778361375539 2.4050904033379696e-05 7180
1778361393469 2.403421418636996e-05 7200
1778361411378 2.4017524339360224e-05 7220
1778361429325 2.4000834492350486e-05 7240
