1778349799870 3.008 20
1778349818160 2.9949 40
1778349836311 3.1432 60
1778349854644 2.8761 80
1778349872644 2.9683 100
1778349890816 2.6291 120
1778349908876 2.7961 140
1778349927106 2.3104 160
1778349945605 2.1467 180
1778349963669 1.6604 200
1778349981767 1.4316 220
1778349999744 1.4219 240
1778350196755 1.1303 260
1778350215083 0.9022 280
1778350233233 0.7849 300
1778350251575 1.1191 320
1778350269774 0.6433 340
1778350287990 0.9373 360
1778350306218 0.8119 380
1778350324443 0.5187 400
1778350342503 0.5711 420
1778350361029 0.5664 440
1778350379178 0.3945 460
1778350397471 0.76 480
1778350415436 0.2741 500
1778350613242 0.2488 520
1778350631596 0.9383 540
1778350649600 0.5685 560
1778350667972 0.4246 580
1778350686374 0.5808 600
1778350704674 0.7753 620
1778350723005 0.7032 640
1778350741240 0.6207 660
1778350759916 0.5784 680
1778350778299 0.4344 700
1778350796974 0.16 720
1778350815381 0.6786 740
1778351015617 0.2964 760
1778351034147 0.3374 780
1778351052447 0.6814 800
1778351070973 1.0062 820
1778351089470 0.6009 840
1778351108208 0.498 860
1778351126530 0.4087 880
1778351144976 0.3345 900
1778351163205 0.5975 920
1778351181692 0.1811 940
1778351199866 0.2691 960
1778351218331 0.2862 980
1778351236525 0.4484 1000
1778351437290 0.7165 1020
1778351455536 0.2221 1040
1778351474146 0.4697 1060
1778351492489 0.5726 1080
1778351511004 0.4734 1100
1778351529172 0.548 1120
1778351547857 0.1945 1140
1778351566239 0.5816 1160
1778351584794 0.2249 1180
1778351603164 0.3823 1200
1778351621693 0.4748 1220
1778351639996 0.4445 1240
1778351839695 0.3465 1260
1778351858247 0.408 1280
1778351876582 0.3367 1300
1778351894915 0.1474 1320
1778351912979 0.3214 1340
1778351931419 0.5421 1360
1778351949559 0.8893 1380
1778351968153 0.2227 1400
1778351986332 0.4435 1420
1778352004935 0.4231 1440
1778352023222 0.4875 1460
1778352041752 0.0787 1480
1778352060042 0.4752 1500
1778352258890 0.5039 1520
1778352277121 0.1283 1540
1778352295634 0.0141 1560
1778352313763 0.6572 1580
1778352332087 0.4345 1600
1778352350397 0.2044 1620
1778352368610 0.2639 1640
1778352386676 0.2545 1660
1778352405078 0.2233 1680
1778352423316 0.2639 1700
1778352441847 0.2824 1720
1778352460160 0.6838 1740
1778352658760 0.525 1760
1778352676995 0.1334 1780
1778352695427 0.1912 1800
1778352713744 0.3268 1820
1778352732098 0.7171 1840
1778352750422 0.5378 1860
1778352768946 0.4028 1880
1778352787158 0.1028 1900
1778352805647 0.1851 1920
1778352824033 0.108 1940
1778352842401 0.2231 1960
1778352860605 0.4974 1980
1778352879203 0.2699 2000
1778353078175 0.2229 2020
1778353096713 0.4884 2040
1778353115130 0.3668 2060
1778353133477 0.1962 2080
1778353152042 0.4706 2100
1778353170736 0.2398 2120
1778353188940 0.4248 2140
1778353207332 0.0722 2160
1778353225490 0.3938 2180
1778353243944 0.1673 2200
1778353262166 0.1729 2220
1778353280555 0.3652 2240
1778353477602 0.4026 2260
1778353495596 0.2467 2280
1778353513857 0.2794 2300
1778353531927 0.2681 2320
1778353550116 0.243 2340
1778353568286 0.4711 2360
1778353586451 0.1101 2380
1778353604377 0.3287 2400
1778353622677 0.4767 2420
1778353640788 0.661 2440
1778353659061 0.2478 2460
1778353677290 0.112 2480
1778353695496 0.3988 2500
1778353892209 0.3906 2520
1778353910393 0.2585 2540
1778353928299 0.2067 2560
1778353946378 0.5436 2580
1778353964267 0.2563 2600
1778353982238 0.0783 2620
1778354000105 0.3462 2640
1778354018090 0.1909 2660
1778354035989 0.1259 2680
1778354053963 0.5592 2700
1778354071877 0.0908 2720
1778354089949 0.0909 2740
1778354286113 0.0559 2760
1778354304393 0.2815 2780
1778354322533 0.8386 2800
1778354341074 0.6065 2820
1778354359159 0.6817 2840
1778354377451 0.2419 2860
1778354395679 0.216 2880
1778354414122 0.2459 2900
1778354432246 0.4411 2920
1778354450526 0.3032 2940
1778354468835 0.1674 2960
1778354487121 0.3005 2980
1778354505294 0.27 3000
1778354702129 0.2644 3020
1778354720568 0.2073 3040
1778354738754 0.3569 3060
1778354757242 0.1979 3080
1778354775524 0.2786 3100
1778354793823 0.9252 3120
1778354811877 0.5629 3140
1778354830438 0.6295 3160
1778354848728 0.2213 3180
1778354867113 0.3192 3200
1778354885334 0.3233 3220
1778354903631 0.2771 3240
1778355102529 0.3079 3260
1778355121097 0.1299 3280
1778355139359 0.0657 3300
1778355157876 0.85 3320
1778355176242 0.3013 3340
1778355195094 0.6739 3360
1778355213595 0.2012 3380
1778355232259 0.2898 3400
1778355250680 0.1428 3420
1778355269095 0.1664 3440
1778355287353 0.2821 3460
1778355305816 0.6707 3480
1778355324141 0.5146 3500
1778355523119 0.3443 3520
1778355541520 0.4921 3540
1778355559477 0.4186 3560
1778355577770 0.0952 3580
1778355595720 0.4834 3600
1778355613776 0.1371 3620
1778355631784 0.2382 3640
1778355649890 0.0943 3660
1778355667837 0.5954 3680
1778355685790 0.0897 3700
1778355703728 0.1394 3720
1778355721905 0.0891 3740
1778355917903 0.2947 3760
1778355936366 0.7599 3780
1778355954363 0.4039 3800
1778355972681 0.1512 3820
1778355990699 0.2012 3840
1778356008844 0.1167 3860
1778356026816 0.0942 3880
1778356044961 0.1723 3900
1778356063028 0.2847 3920
1778356081148 0.458 3940
1778356099262 0.1234 3960
1778356117516 0.0793 3980
1778356135728 0.1549 4000
1778356332963 0.1588 4020
1778356351649 0.2979 4040
1778356369945 0.125 4060
1778356388070 0.3994 4080
1778356406459 0.5035 4100
1778356424811 0.0966 4120
1778356443244 0.2077 4140
1778356461550 0.2624 4160
1778356480028 0.3458 4180
1778356498450 0.437 4200
1778356516922 0.0892 4220
1778356535172 0.3314 4240
1778356734279 0.3372 4260
1778356752677 0.3228 4280
1778356770973 0.2282 4300
1778356789584 0.1273 4320
1778356807913 0.3704 4340
1778356826566 0.4027 4360
1778356844868 0.1947 4380
1778356863413 0.1226 4400
1778356881692 0.0887 4420
1778356899978 0.3359 4440
1778356918253 0.3368 4460
1778356936830 0.6752 4480
1778356955343 0.5041 4500
1778357155510 0.4795 4520
1778357173925 0.3706 4540
1778357192373 0.2728 4560
1778357210636 0.1229 4580
1778357229142 0.4902 4600
1778357247351 0.1211 4620
1778357265936 0.2568 4640
1778357284302 0.1123 4660
1778357302758 0.3405 4680
1778357320764 0.2325 4700
1778357338889 0.2507 4720
1778357357189 0.1582 4740
1778357556233 0.3447 4760
1778357574544 0.205 4780
1778357592963 0.3251 4800
1778357611430 0.1469 4820
1778357629988 0.1366 4840
1778357648317 0.3557 4860
1778357666885 0.3787 4880
1778357685310 0.2635 4900
1778357703625 0.0805 4920
1778357722068 0.365 4940
1778357740569 0.0832 4960
1778357758849 0.0071 4980
1778357777440 0.9284 5000
1778357977234 0.3571 5020
1778357995440 0.0706 5040
1778358014018 0.2486 5060
1778358032447 0.1575 5080
1778358050859 0.8045 5100
1778358069068 0.264 5120
1778358087550 0.2944 5140
1778358105793 0.1604 5160
1778358124022 0.518 5180
1778358142483 0.2376 5200
1778358160630 1.1244 5220
1778358178886 0.3101 5240
1778358376127 0.0726 5260
1778358394077 0.2466 5280
1778358412325 0.1974 5300
1778358430442 0.0157 5320
1778358448747 0.1835 5340
1778358466951 0.1366 5360
1778358485009 0.2412 5380
1778358503013 0.3635 5400
1778358520947 0.2227 5420
1778358538930 0.5081 5440
1778358556832 0.6478 5460
1778358574814 0.0795 5480
1778358592710 0.4086 5500
1778358787127 0.0568 5520
1778358805282 0.2377 5540
1778358823168 0.1826 5560
1778358841144 0.0729 5580
1778358859217 0.2196 5600
1778358877221 0.0607 5620
1778358895102 0.2609 5640
1778358913249 0.1557 5660
1778358931120 0.1648 5680
1778358949082 0.5588 5700
1778358966962 0.4164 5720
1778358985045 0.3801 5740
1778359179193 0.2605 5760
1778359197136 0.1954 5780
1778359215008 0.3131 5800
1778359232987 0.1617 5820
1778359251055 0.2132 5840
1778359269015 0.3449 5860
1778359286869 0.0283 5880
1778359304814 0.3912 5900
1778359322686 0.1975 5920
1778359340668 0.2366 5940
1778359358540 0.158 5960
1778359376524 0.3516 5980
1778359394390 0.0107 6000
1778359589281 0.0781 6020
1778359607298 0.1092 6040
1778359625380 0.1688 6060
1778359643411 0.2824 6080
1778359661584 0.4322 6100
1778359679494 0.7856 6120
1778359697697 0.0509 6140
1778359715941 0.2378 6160
1778359734332 0.3723 6180
1778359752555 0.0207 6200
1778359771192 0.1889 6220
1778359789447 0.3028 6240
1778359988271 0.6878 6260
1778360006742 0.1716 6280
1778360024972 0.5607 6300
1778360043291 0.0207 6320
1778360061506 0.1145 6340
1778360079867 0.3463 6360
1778360097860 0.4748 6380
1778360116124 0.207 6400
1778360134201 0.1242 6420
1778360152420 0.9715 6440
1778360170782 0.144 6460
1778360188976 0.1303 6480
1778360207251 0.3273 6500
1778360407063 0.1533 6520
1778360425337 0.0893 6540
1778360444060 0.2305 6560
1778360462339 0.5664 6580
1778360480853 0.6648 6600
1778360499061 0.3993 6620
1778360517589 0.132 6640
1778360535660 0.1532 6660
1778360554339 0.2418 6680
1778360572460 0.0352 6700
1778360590997 0.5423 6720
1778360609213 0.3309 6740
1778360808987 0.5052 6760
1778360827507 0.1225 6780
1778360845949 0.5373 6800
1778360864406 0.0678 6820
1778360882943 0.271 6840
1778360901192 0.3195 6860
1778360919884 0.1694 6880
1778360938141 0.1015 6900
1778360956871 0.3667 6920
1778360975181 0.074 6940
1778360993453 0.0121 6960
1778361011675 0.0355 6980
1778361030145 0.4871 7000
1778361230124 0.0799 7020
1778361248375 0.2833 7040
1778361266763 0.3201 7060
1778361285072 0.2898 7080
1778361303618 0.1176 7100
1778361321764 0.4178 7120
1778361339681 0.2261 7140
1778361357649 0.1093 7160
1778361375539 0.02 7180
1778361393469 0.1402 7200
1778361411378 0.0715 7220
1778361429325 0.0303 7240
