1778288413182 1.1400000000000001e-05 20
1778288414748 2.3400000000000003e-05 40
1778288416304 2.9896710022953328e-05 60
1778288417857 2.966717674062739e-05 80
1778288419412 2.9437643458301456e-05 100
1778288420966 2.9208110175975516e-05 120
1778288422521 2.897857689364958e-05 140
1778288424078 2.874904361132364e-05 160
1778288425634 2.8519510328997704e-05 180
1778288427190 2.828997704667177e-05 200
1778288428743 2.8060443764345832e-05 220
1778288430299 2.7830910482019893e-05 240
1778288433210 2.7601377199693957e-05 260
1778288434767 2.7371843917368017e-05 280
1778288436319 2.714231063504208e-05 300
1778288437874 2.6912777352716145e-05 320
1778288439432 2.668324407039021e-05 340
1778288440986 2.6453710788064273e-05 360
1778288442539 2.622417750573833e-05 380
1778288444095 2.5994644223412394e-05 400
1778288445653 2.5765110941086458e-05 420
1778288447207 2.5535577658760522e-05 440
1778288448762 2.5306044376434586e-05 460
1778288450320 2.5076511094108647e-05 480
1778288451875 2.4846977811782707e-05 500
1778288454788 2.461744452945677e-05 520
1778288456345 2.4387911247130835e-05 540
1778288457902 2.41583779648049e-05 560
1778288459457 2.392884468247896e-05 580
1778288461014 2.3699311400153023e-05 600
1778288462573 2.3469778117827084e-05 620
1778288464130 2.3240244835501148e-05 640
1778288465687 2.3010711553175212e-05 660
1778288467248 2.2781178270849272e-05 680
1778288468803 2.2551644988523336e-05 700
1778288470357 2.23221117061974e-05 720
1778288471913 2.209257842387146e-05 740
1778288474811 2.1863045141545525e-05 760
1778288476368 2.1633511859219585e-05 780
1778288477926 2.140397857689365e-05 800
1778288479481 2.1174445294567713e-05 820
1778288481039 2.0944912012241777e-05 840
1778288482593 2.0715378729915838e-05 860
1778288484151 2.04858454475899e-05 880
1778288485705 2.0256312165263962e-05 900
1778288487261 2.0026778882938026e-05 920
1778288488813 1.979724560061209e-05 940
1778288490368 1.9567712318286154e-05 960
1778288491919 1.9338179035960218e-05 980
1778288493473 1.9108645753634275e-05 1000
1778288496370 1.887911247130834e-05 1020
1778288497925 1.8649579188982403e-05 1040
1778288499484 1.8420045906656467e-05 1060
1778288501037 1.819051262433053e-05 1080
1778288502597 1.796097934200459e-05 1100
1778288504153 1.7731446059678652e-05 1120
1778288505707 1.7501912777352716e-05 1140
1778288507260 1.727237949502678e-05 1160
1778288508819 1.7042846212700844e-05 1180
1778288510376 1.6813312930374904e-05 1200
1778288511930 1.6583779648048968e-05 1220
1778288513485 1.635424636572303e-05 1240
1778288516380 1.6124713083397093e-05 1260
1778288517932 1.5895179801071156e-05 1280
1778288519487 1.5665646518745217e-05 1300
1778288521042 1.543611323641928e-05 1320
1778288522600 1.5206579954093343e-05 1340
1778288524155 1.4977046671767407e-05 1360
1778288525712 1.474751338944147e-05 1380
1778288527266 1.4517980107115532e-05 1400
1778288528819 1.4288446824789596e-05 1420
1778288530376 1.4058913542463658e-05 1440
1778288531929 1.382938026013772e-05 1460
1778288533481 1.3599846977811782e-05 1480
1778288535033 1.3370313695485846e-05 1500
1778288537935 1.3140780413159908e-05 1520
1778288539486 1.291124713083397e-05 1540
1778288541042 1.2681713848508035e-05 1560
1778288542593 1.2452180566182097e-05 1580
1778288544149 1.2222647283856159e-05 1600
1778288545702 1.1993114001530223e-05 1620
1778288547257 1.1763580719204284e-05 1640
1778288548810 1.1534047436878347e-05 1660
1778288550365 1.1304514154552411e-05 1680
1778288551919 1.1074980872226474e-05 1700
1778288553473 1.0845447589900536e-05 1720
1778288555028 1.0615914307574598e-05 1740
1778288557910 1.0386381025248662e-05 1760
1778288559461 1.0156847742922724e-05 1780
1778288561022 9.927314460596787e-06 1800
1778288562575 9.69778117827085e-06 1820
1778288564132 9.468247895944911e-06 1840
1778288565685 9.238714613618975e-06 1860
1778288567238 9.009181331293039e-06 1880
1778288568790 8.7796480489671e-06 1900
1778288570345 8.550114766641163e-06 1920
1778288571898 8.320581484315227e-06 1940
1778288573453 8.091048201989288e-06 1960
1778288575007 7.861514919663352e-06 1980
1778288576563 7.631981637337414e-06 2000
1778288579458 7.402448355011477e-06 2020
1778288581015 7.172915072685539e-06 2040
1778288582569 6.943381790359602e-06 2060
1778288584124 6.7138485080336655e-06 2080
1778288585679 6.484315225707728e-06 2100
1778288587232 6.254781943381791e-06 2120
1778288588785 6.025248661055853e-06 2140
1778288590341 5.795715378729916e-06 2160
1778288591893 5.566182096403979e-06 2180
1778288593448 5.3366488140780415e-06 2200
1778288595000 5.107115531752104e-06 2220
1778288596552 4.877582249426167e-06 2240
1778288599455 4.64804896710023e-06 2260
1778288601011 4.418515684774292e-06 2280
1778288602564 4.188982402448355e-06 2300
1778288604116 3.9594491201224175e-06 2320
1778288605673 3.7299158377964806e-06 2340
1778288607225 3.5003825554705436e-06 2360
1778288608782 3.270849273144606e-06 2380
1778288610336 3.041315990818669e-06 2400
1778288611890 2.8117827084927316e-06 2420
1778288613443 2.582249426166794e-06 2440
1778288614997 2.352716143840857e-06 2460
1778288616552 2.1231828615149196e-06 2480
1778288618106 1.8936495791889825e-06 2500
1778288621002 1.6641162968630452e-06 2520
1778288622555 1.4345830145371078e-06 2540
1778288624108 1.2050497322111707e-06 2560
1778288625660 9.755164498852334e-07 2580
1778288627217 7.459831675592961e-07 2600
1778288628768 5.164498852333589e-07 2620
1778288630322 2.8691660290742157e-07 2640
1778288631874 5.738332058148432e-08 2660
