1778288413182 0.6982 20
1778288414748 0.6774 40
1778288416304 0.6364 60
1778288417857 0.5855 80
1778288419412 0.5514 100
1778288420966 0.4905 120
1778288422521 0.4806 140
1778288424078 0.4402 160
1778288425634 0.4675 180
1778288427190 0.4438 200
1778288428743 0.4522 220
1778288430299 0.4415 240
1778288433210 0.4522 260
1778288434767 0.4323 280
1778288436319 0.4023 300
1778288437874 0.4229 320
1778288439432 0.4262 340
1778288440986 0.4191 360
1778288442539 0.4114 380
1778288444095 0.3903 400
1778288445653 0.3992 420
1778288447207 0.3965 440
1778288448762 0.4339 460
1778288450320 0.3779 480
1778288451875 0.394 500
1778288454788 0.4205 520
1778288456345 0.4068 540
1778288457902 0.3946 560
1778288459457 0.3861 580
1778288461014 0.3995 600
1778288462573 0.3966 620
1778288464130 0.409 640
1778288465687 0.3821 660
1778288467248 0.3807 680
1778288468803 0.3754 700
1778288470357 0.3577 720
1778288471913 0.3553 740
1778288474811 0.3802 760
1778288476368 0.3829 780
1778288477926 0.3435 800
1778288479481 0.3696 820
1778288481039 0.3451 840
1778288482593 0.3697 860
1778288484151 0.3709 880
1778288485705 0.3573 900
1778288487261 0.3454 920
1778288488813 0.3585 940
1778288490368 0.3468 960
1778288491919 0.3582 980
1778288493473 0.3381 1000
1778288496370 0.3749 1020
1778288497925 0.3308 1040
1778288499484 0.335 1060
1778288501037 0.353 1080
1778288502597 0.3326 1100
1778288504153 0.3605 1120
1778288505707 0.3556 1140
1778288507260 0.3884 1160
1778288508819 0.3374 1180
1778288510376 0.3457 1200
1778288511930 0.3314 1220
1778288513485 0.3716 1240
1778288516380 0.3401 1260
1778288517932 0.3525 1280
1778288519487 0.355 1300
1778288521042 0.3373 1320
1778288522600 0.3385 1340
1778288524155 0.3365 1360
1778288525712 0.3395 1380
1778288527266 0.3118 1400
1778288528819 0.3167 1420
1778288530376 0.3735 1440
1778288531929 0.3452 1460
1778288533481 0.3087 1480
1778288535033 0.3099 1500
1778288537935 0.2954 1520
1778288539486 0.3323 1540
1778288541042 0.33 1560
1778288542593 0.3494 1580
1778288544149 0.3103 1600
1778288545702 0.3433 1620
1778288547257 0.2986 1640
1778288548810 0.2975 1660
1778288550365 0.3288 1680
1778288551919 0.3114 1700
1778288553473 0.336 1720
1778288555028 0.3233 1740
1778288557910 0.326 1760
1778288559461 0.3372 1780
1778288561022 0.3207 1800
1778288562575 0.3257 1820
1778288564132 0.3201 1840
1778288565685 0.3118 1860
1778288567238 0.32 1880
1778288568790 0.3284 1900
1778288570345 0.3166 1920
1778288571898 0.3161 1940
1778288573453 0.3119 1960
1778288575007 0.3113 1980
1778288576563 0.3162 2000
1778288579458 0.3216 2020
1778288581015 0.3033 2040
1778288582569 0.2965 2060
1778288584124 0.3068 2080
1778288585679 0.2888 2100
1778288587232 0.298 2120
1778288588785 0.3079 2140
1778288590341 0.2841 2160
1778288591893 0.3032 2180
1778288593448 0.329 2200
1778288595000 0.2861 2220
1778288596552 0.3064 2240
1778288599455 0.2838 2260
1778288601011 0.2962 2280
1778288602564 0.3025 2300
1778288604116 0.2986 2320
1778288605673 0.3066 2340
1778288607225 0.2985 2360
1778288608782 0.304 2380
1778288610336 0.3519 2400
1778288611890 0.3179 2420
1778288613443 0.2895 2440
1778288614997 0.3113 2460
1778288616552 0.3054 2480
1778288618106 0.3239 2500
1778288621002 0.3075 2520
1778288622555 0.2894 2540
1778288624108 0.2872 2560
1778288625660 0.3072 2580
1778288627217 0.2934 2600
1778288628768 0.2892 2620
1778288630322 0.2997 2640
1778288631874 0.3083 2660
