1778838551669 0.015015015015015015 20
1778838554633 0.03003003003003003 40
1778838557597 0.04504504504504504 60
1778838560559 0.06006006006006006 80
1778838563522 0.07507507507507508 100
1778838566488 0.09009009009009009 120
1778838569454 0.10510510510510511 140
1778838572418 0.12012012012012012 160
1778838575382 0.13513513513513514 180
1778838578347 0.15015015015015015 200
1778838581314 0.16516516516516516 220
1778838584281 0.18018018018018017 240
1778838596809 0.18768768768768768 250
1778838599752 0.19519519519519518 260
1778838602720 0.21021021021021022 280
1778838605692 0.22522522522522523 300
1778838608668 0.24024024024024024 320
1778838611639 0.2552552552552553 340
1778838614608 0.2702702702702703 360
1778838617577 0.2852852852852853 380
1778838620546 0.3003003003003003 400
1778838623516 0.3153153153153153 420
1778838626486 0.3303303303303303 440
1778838629455 0.34534534534534533 460
1778838632426 0.36036036036036034 480
1778838635396 0.37537537537537535 500
1778838646440 0.37537537537537535 500
1778838651185 0.39039039039039036 520
1778838654221 0.40540540540540543 540
1778838657254 0.42042042042042044 560
1778838660292 0.43543543543543545 580
1778838663284 0.45045045045045046 600
1778838666254 0.46546546546546547 620
1778838669227 0.4804804804804805 640
1778838672194 0.4954954954954955 660
1778838675165 0.5105105105105106 680
1778838678136 0.5255255255255256 700
1778838681105 0.5405405405405406 720
1778838684074 0.5555555555555556 740
1778838696608 0.5630630630630631 750
1778838699782 0.5705705705705706 760
1778838702752 0.5855855855855856 780
1778838705724 0.6006006006006006 800
1778838708701 0.6156156156156156 820
1778838711670 0.6306306306306306 840
1778838714641 0.6456456456456456 860
1778838717612 0.6606606606606606 880
1778838720582 0.6756756756756757 900
1778838723550 0.6906906906906907 920
1778838726521 0.7057057057057057 940
1778838729493 0.7207207207207207 960
1778838732464 0.7357357357357357 980
1778838735434 0.7507507507507507 1000
1778838746483 0.7507507507507507 1000
1778838750910 0.7657657657657657 1020
1778838753881 0.7807807807807807 1040
1778838756854 0.7957957957957958 1060
1778838759824 0.8108108108108109 1080
1778838762795 0.8258258258258259 1100
1778838765765 0.8408408408408409 1120
1778838768735 0.8558558558558559 1140
1778838771706 0.8708708708708709 1160
1778838774676 0.8858858858858859 1180
1778838777646 0.9009009009009009 1200
1778838780669 0.9159159159159159 1220
1778838783700 0.9309309309309309 1240
1778838796367 0.9384384384384384 1250
1778838799799 0.9459459459459459 1260
1778838802772 0.960960960960961 1280
1778838805743 0.975975975975976 1300
1778838808718 0.990990990990991 1320
1778838811820 1.006006006006006 1340
1778838814790 1.021021021021021 1360
1778838817760 1.0360360360360361 1380
1778838820732 1.0510510510510511 1400
1778838823702 1.0660660660660661 1420
1778838826671 1.0810810810810811 1440
1778838829643 1.0960960960960962 1460
1778838832613 1.1111111111111112 1480
1778838835583 1.1261261261261262 1500
1778838846638 1.1261261261261262 1500
1778838851076 1.1411411411411412 1520
1778838854050 1.1561561561561562 1540
1778838857021 1.1711711711711712 1560
1778838859995 1.1861861861861862 1580
1778838862966 1.2012012012012012 1600
1778838865939 1.2162162162162162 1620
1778838868910 1.2312312312312312 1640
1778838871881 1.2462462462462462 1660
1778838874851 1.2612612612612613 1680
1778838877823 1.2762762762762763 1700
1778838880794 1.2912912912912913 1720
1778838883764 1.3063063063063063 1740
1778838896303 1.3138138138138138 1750
1778838899495 1.3213213213213213 1760
1778838902467 1.3363363363363363 1780
1778838905437 1.3513513513513513 1800
1778838908411 1.3663663663663663 1820
1778838911423 1.3813813813813813 1840
1778838914460 1.3963963963963963 1860
1778838917498 1.4114114114114114 1880
1778838920531 1.4264264264264264 1900
1778838923556 1.4414414414414414 1920
1778838926531 1.4564564564564564 1940
1778838929502 1.4714714714714714 1960
1778838932474 1.4864864864864864 1980
1778838935445 1.5015015015015014 2000
1778838946496 1.5015015015015014 2000
1778838951147 1.5165165165165164 2020
1778838954119 1.5315315315315314 2040
1778838957089 1.5465465465465464 2060
1778838960067 1.5615615615615615 2080
1778838963037 1.5765765765765765 2100
1778838966007 1.5915915915915915 2120
1778838968978 1.6066066066066065 2140
1778838971949 1.6216216216216215 2160
1778838974921 1.6366366366366365 2180
1778838977891 1.6516516516516515 2200
1778838980860 1.6666666666666665 2220
1778838983832 1.6816816816816815 2240
1778838996365 1.689189189189189 2250
1778838999537 1.6966966966966965 2260
1778839002510 1.7117117117117115 2280
1778839005481 1.7267267267267268 2300
1778839008457 1.7417417417417418 2320
1778839011428 1.7567567567567568 2340
1778839014400 1.7717717717717718 2360
1778839017372 1.7867867867867868 2380
1778839020344 1.8018018018018018 2400
1778839023315 1.8168168168168168 2420
1778839026286 1.8318318318318318 2440
1778839029257 1.8468468468468469 2460
1778839032228 1.8618618618618619 2480
1778839035200 1.8768768768768769 2500
1778839046352 1.8768768768768769 2500
1778839051392 1.8918918918918919 2520
1778839054425 1.906906906906907 2540
1778839057407 1.921921921921922 2560
1778839060383 1.936936936936937 2580
