1778838551669 0.07490791380405426 20
1778838554633 0.18104012310504913 40
1778838557597 0.704265832901001 60
1778838560559 0.7541308999061584 80
1778838563522 1.678236961364746 100
1778838566488 5.7425713539123535 120
1778838569454 nan 140
1778838572418 1.2267013788223267 160
1778838575382 1.9899696111679077 180
1778838578347 1.8110295534133911 200
1778838581314 2.267120361328125 220
1778838584281 3.2504160404205322 240
1778838599752 1.1184204816818237 260
1778838602720 1.1446776390075684 280
1778838605692 1.2152923345565796 300
1778838608668 3.024547576904297 320
1778838611639 1.4789329767227173 340
1778838614608 1.444258213043213 360
1778838617577 1.2452541589736938 380
1778838620546 3.3278753757476807 400
1778838623516 3.213470935821533 420
1778838626486 3.235582113265991 440
1778838629455 1.96927011013031 460
1778838632426 1.701536774635315 480
1778838635396 2.080434560775757 500
1778838651185 2.158771514892578 520
1778838654221 1.6391714811325073 540
1778838657254 1.1852566003799438 560
1778838660292 1.7293803691864014 580
1778838663284 1.601297378540039 600
1778838666254 2.1877071857452393 620
1778838669227 1.4452621936798096 640
1778838672194 1.570510983467102 660
1778838675165 1.187654972076416 680
1778838678136 0.9700852036476135 700
1778838681105 1.423754334449768 720
1778838684074 1.5572880506515503 740
1778838699782 0.8526355624198914 760
1778838702752 1.2033203840255737 780
1778838705724 1.540696620941162 800
1778838708701 1.1099804639816284 820
1778838711670 0.8551779389381409 840
1778838714641 1.8460626602172852 860
1778838717612 1.2794173955917358 880
1778838720582 1.4616672992706299 900
1778838723550 1.967175006866455 920
1778838726521 1.3327655792236328 940
1778838729493 0.9385985732078552 960
1778838732464 0.9258937239646912 980
1778838735434 1.8336055278778076 1000
1778838750910 1.2165181636810303 1020
1778838753881 1.2272194623947144 1040
1778838756854 1.4998525381088257 1060
1778838759824 1.269364833831787 1080
1778838762795 0.7998666167259216 1100
1778838765765 1.2269212007522583 1120
1778838768735 1.538071870803833 1140
1778838771706 1.226987600326538 1160
1778838774676 2.0889875888824463 1180
1778838777646 1.2417752742767334 1200
1778838780669 1.1119369268417358 1220
1778838783700 1.5745134353637695 1240
1778838799799 2.8087823390960693 1260
1778838802772 0.9694584012031555 1280
1778838805743 1.333802580833435 1300
1778838808718 1.4219892024993896 1320
1778838811820 2.257171392440796 1340
1778838814790 2.129319429397583 1360
1778838817760 1.9847326278686523 1380
1778838820732 2.274310350418091 1400
1778838823702 3.2143142223358154 1420
1778838826671 3.6874310970306396 1440
1778838829643 2.0514588356018066 1460
1778838832613 1.8453041315078735 1480
1778838835583 1.5656150579452515 1500
1778838851076 1.2330366373062134 1520
1778838854050 2.139963150024414 1540
1778838857021 1.6167799234390259 1560
1778838859995 1.5982944965362549 1580
1778838862966 1.8904386758804321 1600
1778838865939 2.883077383041382 1620
1778838868910 1.4204708337783813 1640
1778838871881 0.8161395192146301 1660
1778838874851 1.102129578590393 1680
1778838877823 0.919684886932373 1700
1778838880794 1.7573904991149902 1720
1778838883764 1.4368071556091309 1740
1778838899495 1.7381982803344727 1760
1778838902467 1.5515276193618774 1780
1778838905437 3.513035774230957 1800
1778838908411 2.117074728012085 1820
1778838911423 1.8498179912567139 1840
1778838914460 1.2362980842590332 1860
1778838917498 1.445271372795105 1880
1778838920531 1.6178313493728638 1900
1778838923556 1.7833685874938965 1920
1778838926531 1.2346361875534058 1940
1778838929502 1.3234941959381104 1960
1778838932474 1.520010232925415 1980
1778838935445 3.4270501136779785 2000
1778838951147 2.751030445098877 2020
1778838954119 2.4929463863372803 2040
1778838957089 1.6351830959320068 2060
1778838960067 1.1460957527160645 2080
1778838963037 2.5695629119873047 2100
1778838966007 1.5940651893615723 2120
1778838968978 2.118863344192505 2140
1778838971949 1.0204941034317017 2160
1778838974921 1.3570457696914673 2180
1778838977891 1.8256409168243408 2200
1778838980860 1.784864902496338 2220
1778838983832 1.978392481803894 2240
1778838999537 1.4348429441452026 2260
1778839002510 2.944547176361084 2280
1778839005481 1.749596357345581 2300
1778839008457 1.9506418704986572 2320
1778839011428 2.5708305835723877 2340
1778839014400 1.9197659492492676 2360
1778839017372 1.7199108600616455 2380
1778839020344 3.3997182846069336 2400
1778839023315 1.5572090148925781 2420
1778839026286 3.4495792388916016 2440
1778839029257 1.4792335033416748 2460
1778839032228 2.796725034713745 2480
1778839035200 1.5326007604599 2500
1778839051392 1.1947804689407349 2520
1778839054425 1.885816216468811 2540
1778839057407 1.7344969511032104 2560
1778839060383 2.0575625896453857 2580
