1778838551669 0.6918701171875 20
1778838554633 0.6890373229980469 40
1778838557597 0.6330143928527832 60
1778838560559 0.6461244106292725 80
1778838563522 0.5805847644805908 100
1778838566488 0.48903236389160154 120
1778838569454 0.42528553009033204 140
1778838572418 0.4667663097381592 160
1778838575382 0.460516357421875 180
1778838578347 0.4642473697662354 200
1778838581314 0.420289421081543 220
1778838584281 0.4117764472961426 240
1778838599752 0.39255247116088865 260
1778838602720 0.4059112548828125 280
1778838605692 0.3829923629760742 300
1778838608668 0.43295722007751464 320
1778838611639 0.40570878982543945 340
1778838614608 0.4165643692016602 360
1778838617577 0.3811371326446533 380
1778838620546 0.36385378837585447 400
1778838623516 0.3483056306838989 420
1778838626486 0.3746558427810669 440
1778838629455 0.35853302478790283 460
1778838632426 0.3856671810150146 480
1778838635396 0.38935346603393556 500
1778838651185 0.35733718872070314 520
1778838654221 0.39456934928894044 540
1778838657254 0.34462590217590333 560
1778838660292 0.3395211935043335 580
1778838663284 0.3789698123931885 600
1778838666254 0.35508551597595217 620
1778838669227 0.38826000690460205 640
1778838672194 0.37952389717102053 660
1778838675165 0.3613408088684082 680
1778838678136 0.3692344665527344 700
1778838681105 0.3408996343612671 720
1778838684074 0.3982922315597534 740
1778838699782 0.3697672843933105 760
1778838702752 0.36048591136932373 780
1778838705724 0.34209260940551756 800
1778838708701 0.37471957206726075 820
1778838711670 0.3629434585571289 840
1778838714641 0.3704679012298584 860
1778838717612 0.34713866710662844 880
1778838720582 0.40903348922729493 900
1778838723550 0.318105411529541 920
1778838726521 0.3412973403930664 940
1778838729493 0.34974355697631837 960
1778838732464 0.34726676940917967 980
1778838735434 0.3706738710403442 1000
1778838750910 0.4170419692993164 1020
1778838753881 0.36480638980865476 1040
1778838756854 0.3679208278656006 1060
1778838759824 0.3741568088531494 1080
1778838762795 0.3430229425430298 1100
1778838765765 0.36405200958251954 1120
1778838768735 0.32849099636077883 1140
1778838771706 0.38872082233428956 1160
1778838774676 0.36195757389068606 1180
1778838777646 0.3662430286407471 1200
1778838780669 0.33708145618438723 1220
1778838783700 0.3398149013519287 1240
1778838799799 0.39565329551696776 1260
1778838802772 0.372944974899292 1280
1778838805743 0.37233195304870603 1300
1778838808718 0.3449099540710449 1320
1778838811820 0.31529989242553713 1340
1778838814790 0.3459038257598877 1360
1778838817760 0.29262855052948 1380
1778838820732 0.3501307249069214 1400
1778838823702 0.31451263427734377 1420
1778838826671 0.29086029529571533 1440
1778838829643 0.28341450691223147 1460
1778838832613 0.29239673614501954 1480
1778838835583 0.3221749782562256 1500
1778838851076 0.3237660646438599 1520
1778838854050 0.29547078609466554 1540
1778838857021 0.3235962390899658 1560
1778838859995 0.330428147315979 1580
1778838862966 0.27668678760528564 1600
1778838865939 0.3284584999084473 1620
1778838868910 0.2685143232345581 1640
1778838871881 0.28273165225982666 1660
1778838874851 0.2825420379638672 1680
1778838877823 0.3238438606262207 1700
1778838880794 0.31240072250366213 1720
1778838883764 0.3331807374954224 1740
1778838899495 0.32710130214691163 1760
1778838902467 0.283639121055603 1780
1778838905437 0.2966076612472534 1800
1778838908411 0.26158411502838136 1820
1778838911423 0.3191371917724609 1840
1778838914460 0.28111331462860106 1860
1778838917498 0.3217456340789795 1880
1778838920531 0.29491140842437746 1900
1778838923556 0.27567157745361326 1920
1778838926531 0.29962897300720215 1940
1778838929502 0.28975131511688235 1960
1778838932474 0.263887357711792 1980
1778838935445 0.2585712671279907 2000
1778838951147 0.3192162036895752 2020
1778838954119 0.28710193634033204 2040
1778838957089 0.3152453422546387 2060
1778838960067 0.2733230352401733 2080
1778838963037 0.25114147663116454 2100
1778838966007 0.2598146915435791 2120
1778838968978 0.2847086668014526 2140
1778838971949 0.2951474666595459 2160
1778838974921 0.28339581489562987 2180
1778838977891 0.26820156574249265 2200
1778838980860 0.2730679988861084 2220
1778838983832 0.3233578443527222 2240
1778838999537 0.28949172496795655 2260
1778839002510 0.2885345458984375 2280
1778839005481 0.3405754566192627 2300
1778839008457 0.32641005516052246 2320
1778839011428 0.2728919267654419 2340
1778839014400 0.31381940841674805 2360
1778839017372 0.30435140132904054 2380
1778839020344 0.2937644004821777 2400
1778839023315 0.27666914463043213 2420
1778839026286 0.2472238779067993 2440
1778839029257 0.3333985090255737 2460
1778839032228 0.32067930698394775 2480
1778839035200 0.2682056188583374 2500
1778839051392 0.24126121997833253 2520
1778839054425 0.29535009860992434 2540
1778839057407 0.30580825805664064 2560
1778839060383 0.307474946975708 2580
