1778306620445 2.985478162765503 20
1778306637503 0.9417010545730591 40
1778306654290 0.837499737739563 60
1778306671160 1.7077932357788086 80
1778306688160 1.6952189207077026 100
1778306705016 1.0925711393356323 120
1778306721796 0.9098652601242065 140
1778306738658 1.230599284172058 160
1778306755440 1.2482070922851562 180
1778306772297 0.8143094778060913 200
1778306789090 1.3616981506347656 220
1778306805881 1.3303128480911255 240
1778306847429 1.0132063627243042 260
1778306864439 1.4554951190948486 280
1778306881499 1.063117265701294 300
1778306898288 1.3097493648529053 320
1778306915145 2.493072509765625 340
1778306931919 2.354532241821289 360
1778306948702 1.4855138063430786 380
1778306965639 1.5463804006576538 400
1778306982535 2.330584764480591 420
1778306999512 3.360816478729248 440
1778307016335 2.8492419719696045 460
1778307033236 2.836048126220703 480
1778307050127 1.9788192510604858 500
1778307091581 2.211487054824829 520
1778307108569 2.865727186203003 540
1778307125567 2.8429548740386963 560
1778307143037 2.6101393699645996 580
1778307160260 1.9131931066513062 600
1778307177641 2.011861801147461 620
1778307194921 2.2318267822265625 640
1778307212093 1.8294726610183716 660
1778307229367 1.7530468702316284 680
1778307246657 2.3969976902008057 700
1778307264057 1.3813817501068115 720
1778307281202 1.8601367473602295 740
1778307323597 1.4913674592971802 760
1778307340948 2.3546500205993652 780
1778307358250 1.2223774194717407 800
1778307375669 1.8115298748016357 820
1778307392970 2.707731246948242 840
1778307410396 1.7175447940826416 860
1778307427545 2.573060989379883 880
1778307444532 1.0356636047363281 900
1778307461961 1.2248764038085938 920
1778307479082 4.194186687469482 940
1778307496151 2.387103319168091 960
1778307513308 2.340761661529541 980
1778307530489 2.049682855606079 1000
1778307573253 2.0373566150665283 1020
1778307590107 1.7572680711746216 1040
1778307607545 2.5793638229370117 1060
1778307624702 2.5178821086883545 1080
1778307641844 3.0234365463256836 1100
1778307658799 2.8348071575164795 1120
1778307675976 2.2410590648651123 1140
1778307693390 1.2512937784194946 1160
1778307710251 1.7392258644104004 1180
1778307727657 1.4171706438064575 1200
1778307745357 2.1137890815734863 1220
1778307762720 2.240283727645874 1240
1778307805872 3.9139208793640137 1260
1778307823153 1.0821003913879395 1280
1778307840682 2.4501445293426514 1300
1778307857910 2.1949400901794434 1320
1778307875437 1.5551974773406982 1340
1778307892524 1.3917932510375977 1360
1778307909778 1.4729238748550415 1380
1778307927261 2.194089889526367 1400
1778307944487 2.374674081802368 1420
1778307961774 2.544300079345703 1440
1778307978803 1.4363640546798706 1460
1778307996357 2.0827348232269287 1480
1778308013912 2.053117513656616 1500
1778308056743 1.8737818002700806 1520
1778308073976 2.667194128036499 1540
1778308091307 1.8310534954071045 1560
1778308108624 2.219156265258789 1580
1778308125959 1.5979887247085571 1600
1778308143393 2.0395314693450928 1620
1778308160553 1.580443024635315 1640
1778308177710 2.7202322483062744 1660
1778308195149 1.5029122829437256 1680
1778308212328 1.262022852897644 1700
1778308229644 1.5700494050979614 1720
1778308246987 2.641014575958252 1740
1778308289694 1.7613539695739746 1760
1778308306990 1.6583693027496338 1780
1778308324006 1.6229957342147827 1800
1778308341166 2.607778549194336 1820
1778308358372 2.1453640460968018 1840
1778308375878 1.69036066532135 1860
1778308393197 1.9732147455215454 1880
1778308410310 1.8117400407791138 1900
1778308427510 0.8031521439552307 1920
1778308445035 1.7620303630828857 1940
1778308462193 2.5997560024261475 1960
1778308479952 2.4689691066741943 1980
1778308496995 2.2059502601623535 2000
1778308539764 3.4471213817596436 2020
1778308556825 1.9272822141647339 2040
1778308574020 2.4483394622802734 2060
1778308591217 2.9915828704833984 2080
1778308608471 1.6912875175476074 2100
1778308625989 1.7485899925231934 2120
1778308643279 2.2357780933380127 2140
1778308660507 2.7134745121002197 2160
1778308677966 1.8034371137619019 2180
1778308695379 3.216498374938965 2200
1778308712579 1.4744328260421753 2220
1778308729563 1.4771900177001953 2240
1778308771581 3.171329975128174 2260
1778308788528 1.8403257131576538 2280
1778308805529 1.4026952981948853 2300
1778308822608 2.268289089202881 2320
1778308839735 2.179246187210083 2340
1778308856847 3.7865326404571533 2360
1778308873786 3.425018072128296 2380
1778308890769 1.976396083831787 2400
1778308907739 2.708878993988037 2420
1778308924761 2.3865764141082764 2440
1778308941673 2.734884738922119 2460
1778308958668 1.3206822872161865 2480
1778308975512 2.766529083251953 2500
1778309017210 0.9093164205551147 2520
1778309034212 1.607120156288147 2540
1778309051414 1.5024946928024292 2560
