1778107097737 0.022222222222222223 20
1778107110363 0.044444444444444446 40
1778107122993 0.06666666666666667 60
1778107135640 0.08888888888888889 80
1778107148295 0.1111111111111111 100
1778107160958 0.13333333333333333 120
1778107173622 0.15555555555555556 140
1778107186284 0.17777777777777778 160
1778107198949 0.2 180
1778107211613 0.2222222222222222 200
1778107224273 0.24444444444444444 220
1778107236936 0.26666666666666666 240
1778107288133 0.2777777777777778 250
1778107295591 0.28888888888888886 260
1778107308257 0.3111111111111111 280
1778107320919 0.3333333333333333 300
1778107333587 0.35555555555555557 320
1778107346258 0.37777777777777777 340
1778107358919 0.4 360
1778107371589 0.4222222222222222 380
1778107384251 0.4444444444444444 400
1778107396914 0.4666666666666667 420
1778107409576 0.4888888888888889 440
1778107422239 0.5111111111111111 460
1778107434915 0.5333333333333333 480
1778107447751 0.5555555555555556 500
1778107480670 0.5555555555555556 500
1778107494644 0.5777777777777777 520
1778107507301 0.6 540
1778107519980 0.6222222222222222 560
1778107532651 0.6444444444444445 580
1778107545316 0.6666666666666666 600
1778107557984 0.6888888888888889 620
1778107570649 0.7111111111111111 640
1778107583329 0.7333333333333333 660
1778107595994 0.7555555555555555 680
1778107608663 0.7777777777777778 700
1778107621333 0.8 720
1778107634007 0.8222222222222222 740
1778107672876 0.8333333333333334 750
1778107680528 0.8444444444444444 760
1778107693195 0.8666666666666667 780
1778107705850 0.8888888888888888 800
1778107718524 0.9111111111111111 820
1778107731189 0.9333333333333333 840
1778107743868 0.9555555555555556 860
1778107756527 0.9777777777777777 880
1778107769181 1.0 900
1778107781853 1.0222222222222221 920
1778107794512 1.0444444444444445 940
1778107807185 1.0666666666666667 960
1778107819849 1.0888888888888888 980
1778107832700 1.1111111111111112 1000
1778107864848 1.1111111111111112 1000
1778107878792 1.1333333333333333 1020
1778107891453 1.1555555555555554 1040
1778107904118 1.1777777777777778 1060
1778107916777 1.2 1080
1778107929446 1.2222222222222223 1100
1778107942104 1.2444444444444445 1120
1778107954781 1.2666666666666666 1140
1778107967444 1.2888888888888888 1160
1778107980113 1.3111111111111111 1180
1778107992776 1.3333333333333333 1200
1778108005445 1.3555555555555556 1220
1778108018114 1.3777777777777778 1240
1778108056362 1.3888888888888888 1250
1778108064037 1.4 1260
1778108076702 1.4222222222222223 1280
1778108089373 1.4444444444444444 1300
1778108102225 1.4666666666666668 1320
1778108114890 1.488888888888889 1340
1778108127555 1.511111111111111 1360
1778108140222 1.5333333333333332 1380
1778108152891 1.5555555555555556 1400
1778108165556 1.5777777777777777 1420
1778108178217 1.6 1440
1778108190879 1.6222222222222222 1460
1778108203543 1.6444444444444444 1480
1778108216206 1.6666666666666665 1500
1778108247976 1.6666666666666665 1500
1778108261732 1.6888888888888889 1520
1778108274403 1.7111111111111112 1540
1778108287074 1.7333333333333334 1560
1778108299740 1.7555555555555555 1580
1778108312403 1.7777777777777777 1600
1778108325066 1.8 1620
1778108337734 1.8222222222222222 1640
1778108350397 1.8444444444444446 1660
1778108363064 1.8666666666666667 1680
1778108375729 1.8888888888888888 1700
1778108388398 1.911111111111111 1720
1778108401068 1.9333333333333333 1740
1778108438790 1.9444444444444444 1750
1778108446333 1.9555555555555557 1760
1778108459193 1.9777777777777779 1780
1778108471845 2.0 1800
1778108484521 2.022222222222222 1820
1778108497186 2.0444444444444443 1840
1778108509853 2.066666666666667 1860
1778108522511 2.088888888888889 1880
1778108535171 2.111111111111111 1900
1778108547840 2.1333333333333333 1920
1778108560512 2.1555555555555554 1940
1778108573181 2.1777777777777776 1960
1778108585849 2.2 1980
1778108598511 2.2222222222222223 2000
1778108630246 2.2222222222222223 2000
1778108644337 2.2444444444444445 2020
1778108657001 2.2666666666666666 2040
1778108669664 2.2888888888888888 2060
1778108682327 2.311111111111111 2080
1778108694987 2.3333333333333335 2100
1778108707653 2.3555555555555556 2120
1778108720321 2.3777777777777778 2140
1778108732984 2.4 2160
1778108745828 2.422222222222222 2180
1778108758494 2.4444444444444446 2200
1778108771165 2.466666666666667 2220
1778108783828 2.488888888888889 2240
1778108821979 2.5 2250
1778108829647 2.511111111111111 2260
1778108842313 2.533333333333333 2280
1778108854980 2.5555555555555554 2300
1778108867644 2.5777777777777775 2320
1778108880312 2.6 2340
1778108892981 2.6222222222222222 2360
1778108905645 2.6444444444444444 2380
1778108918308 2.6666666666666665 2400
1778108930982 2.688888888888889 2420
1778108943644 2.7111111111111112 2440
1778108956308 2.7333333333333334 2460
1778108968970 2.7555555555555555 2480
1778108981641 2.7777777777777777 2500
1778109013496 2.7777777777777777 2500
1778109027423 2.8 2520
1778109040076 2.822222222222222 2540
1778109052753 2.8444444444444446 2560
1778109065420 2.8666666666666667 2580
1778109078090 2.888888888888889 2600
1778109090751 2.911111111111111 2620
1778109103421 2.9333333333333336 2640
1778109116096 2.9555555555555557 2660
1778109128763 2.977777777777778 2680
1778109141410 3.0 2700
1778109154086 3.022222222222222 2720
1778109166749 3.0444444444444443 2740
1778109204801 3.0555555555555554 2750
1778109212441 3.066666666666667 2760
1778109225090 3.088888888888889 2780
1778109237746 3.111111111111111 2800
1778109250396 3.1333333333333333 2820
1778109263052 3.1555555555555554 2840
1778109275715 3.1777777777777776 2860
1778109288375 3.2 2880
1778109301028 3.2222222222222223 2900
1778109313682 3.2444444444444445 2920
1778109326498 3.2666666666666666 2940
1778109339149 3.2888888888888888 2960
1778109351813 3.311111111111111 2980
1778109364464 3.3333333333333335 3000
1778109396110 3.3333333333333335 3000
1778109409866 3.3555555555555556 3020
1778109422507 3.3777777777777778 3040
1778109435145 3.4 3060
1778109447794 3.422222222222222 3080
1778109460452 3.4444444444444446 3100
1778109473110 3.466666666666667 3120
1778109485756 3.488888888888889 3140
1778109498405 3.511111111111111 3160
1778109511049 3.533333333333333 3180
1778109523703 3.5555555555555554 3200
1778109536351 3.5777777777777775 3220
1778109548997 3.6 3240
1778109586677 3.611111111111111 3250
1778109594205 3.6222222222222222 3260
1778109607094 3.6444444444444444 3280
1778109619744 3.6666666666666665 3300
1778109632391 3.688888888888889 3320
1778109645035 3.7111111111111112 3340
1778109657683 3.7333333333333334 3360
1778109670342 3.7555555555555555 3380
1778109682988 3.7777777777777777 3400
1778109695638 3.8 3420
1778109708301 3.822222222222222 3440
1778109720969 3.8444444444444446 3460
1778109733630 3.8666666666666667 3480
1778109746285 3.888888888888889 3500
1778109777770 3.888888888888889 3500
1778109791675 3.911111111111111 3520
1778109804339 3.9333333333333336 3540
1778109817000 3.9555555555555557 3560
1778109829665 3.977777777777778 3580
1778109842328 4.0 3600
1778109855002 4.022222222222222 3620
1778109867852 4.044444444444444 3640
1778109880514 4.066666666666666 3660
1778109893178 4.088888888888889 3680
1778109905847 4.111111111111111 3700
1778109918517 4.133333333333334 3720
1778109931179 4.155555555555556 3740
1778109968943 4.166666666666667 3750
1778109976500 4.177777777777778 3760
1778109989167 4.2 3780
1778110001832 4.222222222222222 3800
1778110014496 4.2444444444444445 3820
1778110027163 4.266666666666667 3840
1778110039832 4.288888888888889 3860
1778110052494 4.311111111111111 3880
1778110065158 4.333333333333333 3900
1778110077827 4.355555555555555 3920
1778110090491 4.377777777777778 3940
1778110103158 4.4 3960
1778110115821 4.4222222222222225 3980
1778110128485 4.444444444444445 4000
1778110160067 4.444444444444445 4000
1778110174136 4.466666666666667 4020
1778110186801 4.488888888888889 4040
1778110199470 4.511111111111111 4060
1778110212132 4.533333333333333 4080
1778110224984 4.555555555555555 4100
1778110237652 4.5777777777777775 4120
1778110250321 4.6 4140
1778110262976 4.622222222222222 4160
1778110275637 4.644444444444445 4180
1778110288304 4.666666666666667 4200
1778110300974 4.688888888888889 4220
1778110313639 4.711111111111111 4240
1778110351840 4.722222222222222 4250
1778110359309 4.733333333333333 4260
1778110371976 4.7555555555555555 4280
1778110384638 4.777777777777778 4300
1778110397301 4.8 4320
1778110409965 4.822222222222222 4340
1778110422627 4.844444444444444 4360
1778110435288 4.866666666666667 4380
1778110447953 4.888888888888889 4400
1778110460604 4.911111111111111 4420
1778110473270 4.933333333333334 4440
1778110485931 4.955555555555556 4460
1778110498596 4.977777777777778 4480
1778110511425 5.0 4500
1778110542860 5.0 4500
1778110556772 5.022222222222222 4520
1778110569442 5.044444444444444 4540
1778110582109 5.066666666666666 4560
1778110594773 5.088888888888889 4580
1778110607442 5.111111111111111 4600
1778110620104 5.133333333333334 4620
1778110632776 5.155555555555556 4640
1778110645446 5.177777777777778 4660
1778110658107 5.2 4680
1778110670770 5.222222222222222 4700
1778110683437 5.2444444444444445 4720
1778110696099 5.266666666666667 4740
1778110734277 5.277777777777778 4750
1778110741908 5.288888888888889 4760
1778110754581 5.311111111111111 4780
1778110767253 5.333333333333333 4800
1778110779923 5.355555555555555 4820
1778110792585 5.377777777777778 4840
1778110805254 5.4 4860
1778110817917 5.4222222222222225 4880
1778110830587 5.444444444444445 4900
1778110843251 5.466666666666667 4920
1778110855918 5.488888888888889 4940
1778110868581 5.511111111111111 4960
1778110881246 5.533333333333333 4980
1778110893914 5.555555555555555 5000
1778110925574 5.555555555555555 5000
1778110939460 5.5777777777777775 5020
1778110952124 5.6 5040
1778110964793 5.622222222222222 5060
1778110977454 5.644444444444445 5080
1778110990125 5.666666666666667 5100
1778111002790 5.688888888888889 5120
1778111015456 5.711111111111111 5140
1778111028119 5.733333333333333 5160
1778111040780 5.7555555555555555 5180
1778111053459 5.777777777777778 5200
1778111066122 5.8 5220
1778111078783 5.822222222222222 5240
1778111116916 5.833333333333333 5250
1778111124690 5.844444444444444 5260
1778111137350 5.866666666666667 5280
1778111150021 5.888888888888889 5300
1778111162685 5.911111111111111 5320
1778111175354 5.933333333333334 5340
1778111188024 5.955555555555556 5360
1778111200693 5.977777777777778 5380
1778111213342 6.0 5400
1778111226205 6.022222222222222 5420
1778111238867 6.044444444444444 5440
1778111251536 6.066666666666666 5460
1778111264197 6.088888888888889 5480
1778111276868 6.111111111111111 5500
1778111308504 6.111111111111111 5500
1778111322236 6.133333333333334 5520
1778111334882 6.155555555555556 5540
1778111347540 6.177777777777778 5560
1778111360196 6.2 5580
1778111372858 6.222222222222222 5600
1778111385507 6.2444444444444445 5620
1778111398165 6.266666666666667 5640
1778111410827 6.288888888888889 5660
1778111423476 6.311111111111111 5680
1778111436121 6.333333333333333 5700
1778111448775 6.355555555555555 5720
1778111461432 6.377777777777778 5740
1778111499050 6.388888888888889 5750
1778111506759 6.4 5760
1778111519406 6.4222222222222225 5780
1778111532070 6.444444444444445 5800
1778111544891 6.466666666666667 5820
1778111557547 6.488888888888889 5840
1778111570211 6.511111111111111 5860
1778111582860 6.533333333333333 5880
1778111595522 6.555555555555555 5900
1778111608181 6.5777777777777775 5920
1778111620833 6.6 5940
1778111633491 6.622222222222222 5960
1778111646141 6.644444444444445 5980
1778111658798 6.666666666666667 6000
1778111690532 6.666666666666667 6000
1778111704328 6.688888888888889 6020
1778111716965 6.711111111111111 6040
1778111729618 6.733333333333333 6060
1778111742276 6.7555555555555555 6080
1778111754914 6.777777777777778 6100
1778111767562 6.8 6120
1778111780205 6.822222222222222 6140
1778111792861 6.844444444444444 6160
1778111805519 6.866666666666667 6180
1778111818148 6.888888888888889 6200
1778111830800 6.911111111111111 6220
1778111843447 6.933333333333334 6240
1778111881305 6.944444444444445 6250
1778111888885 6.955555555555556 6260
1778111901529 6.977777777777778 6280
1778111914161 7.0 6300
1778111926812 7.022222222222222 6320
1778111939455 7.044444444444444 6340
1778111952104 7.066666666666666 6360
1778111964753 7.088888888888889 6380
1778111977409 7.111111111111111 6400
1778111990241 7.133333333333334 6420
1778112002894 7.155555555555556 6440
1778112015540 7.177777777777778 6460
1778112028189 7.2 6480
1778112040841 7.222222222222222 6500
1778112072561 7.222222222222222 6500
1778112086526 7.2444444444444445 6520
1778112099164 7.266666666666667 6540
1778112111798 7.288888888888889 6560
1778112124428 7.311111111111111 6580
1778112137071 7.333333333333333 6600
1778112149722 7.355555555555555 6620
1778112162368 7.377777777777778 6640
1778112175019 7.4 6660
1778112187650 7.4222222222222225 6680
1778112200307 7.444444444444445 6700
1778112212962 7.466666666666667 6720
1778112225597 7.488888888888889 6740
1778112263533 7.5 6750
1778112271282 7.511111111111111 6760
1778112283933 7.533333333333333 6780
1778112296586 7.555555555555555 6800
1778112309422 7.5777777777777775 6820
1778112322068 7.6 6840
1778112334720 7.622222222222222 6860
1778112347384 7.644444444444445 6880
1778112360027 7.666666666666667 6900
1778112372677 7.688888888888889 6920
1778112385319 7.711111111111111 6940
1778112397962 7.733333333333333 6960
1778112410599 7.7555555555555555 6980
1778112423249 7.777777777777778 7000
1778112454967 7.777777777777778 7000
1778112468748 7.8 7020
1778112481404 7.822222222222222 7040
1778112494053 7.844444444444444 7060
1778112506716 7.866666666666667 7080
1778112519367 7.888888888888889 7100
1778112532017 7.911111111111111 7120
1778112544672 7.933333333333334 7140
1778112557321 7.955555555555556 7160
1778112569971 7.977777777777778 7180
1778112582614 8.0 7200
1778112595277 8.022222222222222 7220
1778112607928 8.044444444444444 7240
1778112645695 8.055555555555555 7250
1778112653233 8.066666666666666 7260
1778112665882 8.088888888888889 7280
1778112678532 8.11111111111111 7300
1778112691187 8.133333333333333 7320
1778112703843 8.155555555555555 7340
1778112716501 8.177777777777777 7360
1778112729150 8.2 7380
1778112741813 8.222222222222221 7400
1778112754462 8.244444444444444 7420
1778112767126 8.266666666666667 7440
1778112779774 8.28888888888889 7460
1778112792430 8.311111111111112 7480
1778112805076 8.333333333333334 7500
1778112836804 8.333333333333334 7500
1778112850968 8.355555555555556 7520
1778112863610 8.377777777777778 7540
1778112876251 8.4 7560
1778112888900 8.422222222222222 7580
1778112901552 8.444444444444445 7600
1778112914204 8.466666666666667 7620
1778112926845 8.488888888888889 7640
1778112939485 8.511111111111111 7660
1778112952149 8.533333333333333 7680
1778112964798 8.555555555555555 7700
1778112977436 8.577777777777778 7720
1778112990079 8.6 7740
1778113027710 8.61111111111111 7750
1778113035265 8.622222222222222 7760
1778113047914 8.644444444444444 7780
1778113060564 8.666666666666666 7800
1778113073220 8.688888888888888 7820
1778113085874 8.71111111111111 7840
1778113098525 8.733333333333333 7860
1778113111174 8.755555555555556 7880
1778113123991 8.777777777777779 7900
1778113136642 8.8 7920
1778113149289 8.822222222222223 7940
1778113161936 8.844444444444445 7960
1778113174584 8.866666666666667 7980
1778113187235 8.88888888888889 8000
1778113218961 8.88888888888889 8000
1778113233071 8.911111111111111 8020
1778113245712 8.933333333333334 8040
1778113258358 8.955555555555556 8060
1778113271021 8.977777777777778 8080
1778113283662 9.0 8100
1778113296324 9.022222222222222 8120
1778113308969 9.044444444444444 8140
1778113321617 9.066666666666666 8160
1778113334267 9.088888888888889 8180
1778113346910 9.11111111111111 8200
1778113359566 9.133333333333333 8220
1778113372216 9.155555555555555 8240
1778113410177 9.166666666666666 8250
1778113417570 9.177777777777777 8260
1778113430227 9.2 8280
1778113442869 9.222222222222221 8300
1778113455524 9.244444444444444 8320
1778113468168 9.266666666666667 8340
1778113480812 9.28888888888889 8360
1778113493459 9.311111111111112 8380
1778113506108 9.333333333333334 8400
1778113518758 9.355555555555556 8420
1778113531408 9.377777777777778 8440
1778113544072 9.4 8460
1778113556719 9.422222222222222 8480
1778113569378 9.444444444444445 8500
1778113601169 9.444444444444445 8500
1778113615061 9.466666666666667 8520
1778113627709 9.488888888888889 8540
1778113640361 9.511111111111111 8560
1778113653004 9.533333333333333 8580
1778113665664 9.555555555555555 8600
1778113678302 9.577777777777778 8620
1778113690960 9.6 8640
1778113703620 9.622222222222222 8660
1778113716264 9.644444444444444 8680
1778113728917 9.666666666666666 8700
1778113741570 9.688888888888888 8720
1778113754214 9.71111111111111 8740
1778113792049 9.722222222222221 8750
1778113799603 9.733333333333333 8760
1778113812254 9.755555555555556 8780
1778113824917 9.777777777777779 8800
1778113837567 9.8 8820
1778113850226 9.822222222222223 8840
1778113862879 9.844444444444445 8860
1778113875535 9.866666666666667 8880
1778113888186 9.88888888888889 8900
1778113900836 9.911111111111111 8920
1778113913478 9.933333333333334 8940
1778113926138 9.955555555555556 8960
1778113938795 9.977777777777778 8980
1778113951428 10.0 9000
1778113983023 10.0 9000
1778113984355 10.0 9000
1778114016263 10.0 9000
1778114058683 10.0 9000
1778114059193 10.0 0
