1778107097737 3.864100694656372 20
1778107110363 4.089184761047363 40
1778107122993 16.291210174560547 60
1778107135640 17.027849197387695 80
1778107148295 22.459075927734375 100
1778107160958 9.033080101013184 120
1778107173622 5.661077976226807 140
1778107186284 10.04019546508789 160
1778107198949 41.35391616821289 180
1778107211613 40.381343841552734 200
1778107224273 46.00856399536133 220
1778107236936 30.725027084350586 240
1778107295591 12.684039115905762 260
1778107308257 48.009727478027344 280
1778107320919 26.505414962768555 300
1778107333587 53.903629302978516 320
1778107346258 30.766353607177734 340
1778107358919 2.415395498275757 360
1778107371589 15.270966529846191 380
1778107384251 27.451581954956055 400
1778107396914 22.872844696044922 420
1778107409576 15.54840087890625 440
1778107422239 16.363412857055664 460
1778107434915 12.128153800964355 480
1778107447751 19.035655975341797 500
1778107494644 77.48152160644531 520
1778107507301 32.51853561401367 540
1778107519980 54.71576690673828 560
1778107532651 23.01707649230957 580
1778107545316 44.55487060546875 600
1778107557984 32.280311584472656 620
1778107570649 42.075836181640625 640
1778107583329 32.53797149658203 660
1778107595994 56.59235382080078 680
1778107608663 10.448131561279297 700
1778107621333 33.038211822509766 720
1778107634007 16.507320404052734 740
1778107680528 48.6193733215332 760
1778107693195 21.451841354370117 780
1778107705850 33.01039505004883 800
1778107718524 11.896524429321289 820
1778107731189 26.833621978759766 840
1778107743868 7.2517409324646 860
1778107756527 32.35227966308594 880
1778107769181 29.427217483520508 900
1778107781853 43.966888427734375 920
1778107794512 56.39378356933594 940
1778107807185 38.66857147216797 960
1778107819849 12.795084953308105 980
1778107832700 47.14614486694336 1000
1778107878792 30.980995178222656 1020
1778107891453 39.454856872558594 1040
1778107904118 90.44937896728516 1060
1778107916777 36.84639358520508 1080
1778107929446 17.84580421447754 1100
1778107942104 50.68302536010742 1120
1778107954781 56.81355667114258 1140
1778107967444 19.328134536743164 1160
1778107980113 55.01438522338867 1180
1778107992776 3.7057242393493652 1200
1778108005445 81.75126647949219 1220
1778108018114 37.590538024902344 1240
1778108064037 124.57755279541016 1260
1778108076702 73.40737915039062 1280
1778108089373 2.272963047027588 1300
1778108102225 49.676551818847656 1320
1778108114890 10.803472518920898 1340
1778108127555 68.46210479736328 1360
1778108140222 51.8209114074707 1380
1778108152891 20.94973373413086 1400
1778108165556 129.32125854492188 1420
1778108178217 58.902339935302734 1440
1778108190879 2.3991730213165283 1460
1778108203543 0.8132311105728149 1480
1778108216206 8.824557304382324 1500
1778108261732 3.74934983253479 1520
1778108274403 69.93705749511719 1540
1778108287074 16.71082305908203 1560
1778108299740 3.0009567737579346 1580
1778108312403 13.897295951843262 1600
1778108325066 104.8676986694336 1620
1778108337734 2.99303936958313 1640
1778108350397 32.94275665283203 1660
1778108363064 47.35256576538086 1680
1778108375729 68.6148452758789 1700
1778108388398 0.9760488271713257 1720
1778108401068 150.8325958251953 1740
1778108446333 68.55249786376953 1760
1778108459193 64.96503448486328 1780
1778108471845 21.480756759643555 1800
1778108484521 84.40064239501953 1820
1778108497186 207.63865661621094 1840
1778108509853 102.38966369628906 1860
1778108522511 3.1986029148101807 1880
1778108535171 36.09334182739258 1900
1778108547840 27.77677345275879 1920
1778108560512 18.94253921508789 1940
1778108573181 0.9678901433944702 1960
1778108585849 66.2057876586914 1980
1778108598511 39.98634719848633 2000
1778108644337 57.517333984375 2020
1778108657001 2.7976386547088623 2040
1778108669664 74.44376373291016 2060
1778108682327 7.929361343383789 2080
1778108694987 62.73396682739258 2100
1778108707653 21.35041618347168 2120
1778108720321 102.34364318847656 2140
1778108732984 59.39466857910156 2160
1778108745828 134.326416015625 2180
1778108758494 0.5631008744239807 2200
1778108771165 49.3520622253418 2220
1778108783828 0.017598798498511314 2240
1778108829647 87.40225219726562 2260
1778108842313 71.74104309082031 2280
1778108854980 204.6142578125 2300
1778108867644 178.86468505859375 2320
1778108880312 1.5424107313156128 2340
1778108892981 32.43852233886719 2360
1778108905645 11.933106422424316 2380
1778108918308 0.0071870507672429085 2400
1778108930982 1.338800311088562 2420
1778108943644 42.17586135864258 2440
1778108956308 1.7244782447814941 2460
1778108968970 0.012889445759356022 2480
1778108981641 0.503759503364563 2500
1778109027423 45.331748962402344 2520
1778109040076 179.3086700439453 2540
1778109052753 15.975695610046387 2560
1778109065420 62.596187591552734 2580
1778109078090 2.957779884338379 2600
1778109090751 1.1665540933609009 2620
1778109103421 26.16865348815918 2640
1778109116096 81.6846694946289 2660
1778109128763 1.5485960245132446 2680
1778109141410 2.755521535873413 2700
1778109154086 0.01757856458425522 2720
1778109166749 2.1308071613311768 2740
1778109212441 1.1831895112991333 2760
1778109225090 12.430800437927246 2780
1778109237746 44.56343460083008 2800
1778109250396 0.03570759668946266 2820
1778109263052 0.06215713173151016 2840
1778109275715 179.17893981933594 2860
1778109288375 74.60614013671875 2880
1778109301028 0.43859341740608215 2900
1778109313682 70.2126235961914 2920
1778109326498 0.01555944886058569 2940
1778109339149 0.27155551314353943 2960
1778109351813 0.7069633603096008 2980
1778109364464 1.4438320398330688 3000
1778109409866 106.4742202758789 3020
1778109422507 0.3748086094856262 3040
1778109435145 72.218017578125 3060
1778109447794 54.91761016845703 3080
1778109460452 0.33588775992393494 3100
1778109473110 0.08532283455133438 3120
1778109485756 0.029118245467543602 3140
1778109498405 1.2253224849700928 3160
1778109511049 3.7303075790405273 3180
1778109523703 269.9312438964844 3200
1778109536351 0.16634176671504974 3220
1778109548997 166.8435516357422 3240
1778109594205 131.82460021972656 3260
1778109607094 1.1003735065460205 3280
1778109619744 64.55860900878906 3300
1778109632391 22.752429962158203 3320
1778109645035 1.0552598237991333 3340
1778109657683 1.11635160446167 3360
1778109670342 0.08405444025993347 3380
1778109682988 143.77236938476562 3400
1778109695638 17.400423049926758 3420
1778109708301 1.6625747680664062 3440
1778109720969 0.17202119529247284 3460
1778109733630 1.9736924171447754 3480
1778109746285 3.201195240020752 3500
1778109791675 58.46697235107422 3520
1778109804339 0.3714442849159241 3540
1778109817000 0.015186136588454247 3560
1778109829665 0.48815643787384033 3580
1778109842328 168.21798706054688 3600
1778109855002 1.7831400632858276 3620
1778109867852 63.05123519897461 3640
1778109880514 0.09591111540794373 3660
1778109893178 1.1291645765304565 3680
1778109905847 0.23300473392009735 3700
1778109918517 1.4994672536849976 3720
1778109931179 3.224632740020752 3740
1778109976500 0.8695502281188965 3760
1778109989167 0.7663726806640625 3780
1778110001832 0.018186211585998535 3800
1778110014496 1.016218662261963 3820
1778110027163 0.04152563214302063 3840
1778110039832 1.0451618432998657 3860
1778110052494 0.01357216015458107 3880
1778110065158 0.19445133209228516 3900
1778110077827 33.795433044433594 3920
1778110090491 6.6528754234313965 3940
1778110103158 0.17130576074123383 3960
1778110115821 0.0036746403202414513 3980
1778110128485 0.012645365670323372 4000
1778110174136 0.7508937120437622 4020
1778110186801 0.3558131456375122 4040
1778110199470 1.4528089761734009 4060
1778110212132 61.01604080200195 4080
1778110224984 0.8524488210678101 4100
1778110237652 18.97113037109375 4120
1778110250321 1.06539785861969 4140
1778110262976 9.045496940612793 4160
1778110275637 0.037631403654813766 4180
1778110288304 1.701518177986145 4200
1778110300974 1.4709784984588623 4220
1778110313639 1.6406543254852295 4240
1778110359309 17.629444122314453 4260
1778110371976 55.715476989746094 4280
1778110384638 2.4588005542755127 4300
1778110397301 0.09478066861629486 4320
1778110409965 120.0542221069336 4340
1778110422627 0.020941246300935745 4360
1778110435288 0.006255756597965956 4380
1778110447953 1.8418675661087036 4400
1778110460604 54.33218765258789 4420
1778110473270 0.18215563893318176 4440
1778110485931 1.551780343055725 4460
1778110498596 205.41357421875 4480
1778110511425 1.282356858253479 4500
1778110556772 0.6151597499847412 4520
1778110569442 1.026989221572876 4540
1778110582109 1.6403203010559082 4560
1778110594773 1.0754269361495972 4580
1778110607442 0.9273269176483154 4600
1778110620104 231.67587280273438 4620
1778110632776 1.306544542312622 4640
1778110645446 2.8041574954986572 4660
1778110658107 135.66627502441406 4680
1778110670770 0.003138599917292595 4700
1778110683437 0.7596083283424377 4720
1778110696099 0.0016149593284353614 4740
1778110741908 0.018599241971969604 4760
1778110754581 0.5439146757125854 4780
1778110767253 39.741172790527344 4800
1778110779923 17.152748107910156 4820
1778110792585 0.005018183030188084 4840
1778110805254 0.009914901107549667 4860
1778110817917 106.56501770019531 4880
1778110830587 38.15480041503906 4900
1778110843251 0.9726005792617798 4920
1778110855918 7.463106632232666 4940
1778110868581 0.22339625656604767 4960
1778110881246 51.93588638305664 4980
1778110893914 0.07085476815700531 5000
1778110939460 63.6780891418457 5020
1778110952124 1.2132140398025513 5040
1778110964793 1.196510910987854 5060
1778110977454 1.9213132858276367 5080
1778110990125 57.37390899658203 5100
1778111002790 0.004458819516003132 5120
1778111015456 0.002268911572173238 5140
1778111028119 1.9029757976531982 5160
1778111040780 120.33206939697266 5180
1778111053459 1.1652498245239258 5200
1778111066122 177.4089813232422 5220
1778111078783 1.0103999376296997 5240
1778111124690 2.053528070449829 5260
1778111137350 1.5244321823120117 5280
1778111150021 0.03706558793783188 5300
1778111162685 0.002035275800153613 5320
1778111175354 2.5564868450164795 5340
1778111188024 2.6540074348449707 5360
1778111200693 0.9401374459266663 5380
1778111213342 4.519800186157227 5400
1778111226205 0.0033599843736737967 5420
1778111238867 1.3295091390609741 5440
1778111251536 1.312288761138916 5460
1778111264197 4.338645935058594 5480
1778111276868 0.9374513626098633 5500
1778111322236 2.20542049407959 5520
1778111334882 0.016251834109425545 5540
1778111347540 183.71458435058594 5560
1778111360196 5.64027214050293 5580
1778111372858 46.55001449584961 5600
1778111385507 0.7890984416007996 5620
1778111398165 0.00830762553960085 5640
1778111410827 0.8826901316642761 5660
1778111423476 19.451919555664062 5680
1778111436121 0.570173978805542 5700
1778111448775 0.05926106870174408 5720
1778111461432 4.401623249053955 5740
1778111506759 3.112694501876831 5760
1778111519406 0.02756030298769474 5780
1778111532070 57.42010498046875 5800
1778111544891 0.0016507254913449287 5820
1778111557547 2.2376980781555176 5840
1778111570211 1.7777501344680786 5860
1778111582860 4.964383125305176 5880
1778111595522 1.473821759223938 5900
1778111608181 2.601890802383423 5920
1778111620833 3.5156068801879883 5940
1778111633491 0.15482594072818756 5960
1778111646141 0.018867021426558495 5980
1778111658798 1.552722692489624 6000
1778111704328 2.1325318813323975 6020
1778111716965 56.797119140625 6040
1778111729618 23.040884017944336 6060
1778111742276 7.813490390777588 6080
1778111754914 0.002218750072643161 6100
1778111767562 18.06275177001953 6120
1778111780205 2.539118528366089 6140
1778111792861 1.078973412513733 6160
1778111805519 0.011869141831994057 6180
1778111818148 0.004070148337632418 6200
1778111830800 2.883059501647949 6220
1778111843447 0.20224857330322266 6240
1778111888885 0.0031363992020487785 6260
1778111901529 0.5293285846710205 6280
1778111914161 4.488691329956055 6300
1778111926812 12.205015182495117 6320
1778111939455 0.021915946155786514 6340
1778111952104 13.130955696105957 6360
1778111964753 8.996840476989746 6380
1778111977409 0.21792170405387878 6400
1778111990241 35.20056915283203 6420
1778112002894 154.8060302734375 6440
1778112015540 0.0019097517943009734 6460
1778112028189 0.013520662672817707 6480
1778112040841 0.01898360624909401 6500
1778112086526 7.03552770614624 6520
1778112099164 0.10527373850345612 6540
1778112111798 0.8242666721343994 6560
1778112124428 2.0259783267974854 6580
1778112137071 3.335251569747925 6600
1778112149722 0.08394251763820648 6620
1778112162368 0.07415274530649185 6640
1778112175019 0.1818196028470993 6660
1778112187650 372.38470458984375 6680
1778112200307 0.14276829361915588 6700
1778112212962 0.0007822471670806408 6720
1778112225597 0.007800763007253408 6740
1778112271282 0.16146394610404968 6760
1778112283933 0.10840414464473724 6780
1778112296586 0.03040221892297268 6800
1778112309422 0.0007929671555757523 6820
1778112322068 2.9458816051483154 6840
1778112334720 0.05450043827295303 6860
1778112347384 0.001866853330284357 6880
1778112360027 0.03592308983206749 6900
1778112372677 0.6256235241889954 6920
1778112385319 0.0009721718961372972 6940
1778112397962 0.0008466633735224605 6960
1778112410599 0.23110908269882202 6980
1778112423249 3.3868534564971924 7000
1778112468748 0.024592049419879913 7020
1778112481404 0.02122078277170658 7040
1778112494053 0.003263461170718074 7060
1778112506716 0.0020042916294187307 7080
1778112519367 0.04085814952850342 7100
1778112532017 0.0012076387647539377 7120
1778112544672 0.05457039549946785 7140
1778112557321 0.6723575592041016 7160
1778112569971 3.6116299629211426 7180
1778112582614 0.001469530863687396 7200
1778112595277 0.12668682634830475 7220
1778112607928 0.012288621626794338 7240
1778112653233 0.0681973397731781 7260
1778112665882 0.03282416984438896 7280
1778112678532 0.0010282197035849094 7300
1778112691187 0.03482379764318466 7320
1778112703843 40.395118713378906 7340
1778112716501 50.171424865722656 7360
1778112729150 0.11280831694602966 7380
1778112741813 0.03579594939947128 7400
1778112754462 0.05335329845547676 7420
1778112767126 0.08598795533180237 7440
1778112779774 0.10208433121442795 7460
1778112792430 0.08727296441793442 7480
1778112805076 0.0006237173220142722 7500
1778112850968 0.01363640557974577 7520
1778112863610 0.014927739277482033 7540
1778112876251 0.0016639172099530697 7560
1778112888900 0.28381213545799255 7580
1778112901552 0.7495164275169373 7600
1778112914204 0.0015215696766972542 7620
1778112926845 0.00047276398981921375 7640
1778112939485 0.10915554314851761 7660
1778112952149 0.0014118392718955874 7680
1778112964798 69.38751983642578 7700
1778112977436 0.002106708474457264 7720
1778112990079 0.07655224204063416 7740
1778113035265 0.130134716629982 7760
1778113047914 0.0018882846925407648 7780
1778113060564 0.005125077906996012 7800
1778113073220 0.004800189286470413 7820
1778113085874 0.0025569188874214888 7840
1778113098525 0.0009798806859180331 7860
1778113111174 0.00239954493008554 7880
1778113123991 0.015845317393541336 7900
1778113136642 0.0006764561403542757 7920
1778113149289 0.01755126379430294 7940
1778113161936 0.08481018990278244 7960
1778113174584 0.3570646047592163 7980
1778113187235 0.0012327666627243161 8000
1778113233071 0.029299233108758926 8020
1778113245712 0.027863292023539543 8040
1778113258358 0.035615213215351105 8060
1778113271021 0.31366482377052307 8080
1778113283662 0.48582014441490173 8100
1778113296324 0.07420247048139572 8120
1778113308969 0.019350195303559303 8140
1778113321617 4.918160915374756 8160
1778113334267 0.0034517671447247267 8180
1778113346910 3.119574785232544 8200
1778113359566 0.0010014899307861924 8220
1778113372216 0.1169285997748375 8240
1778113417570 0.05491350218653679 8260
1778113430227 0.0019745738245546818 8280
1778113442869 0.10939518362283707 8300
1778113455524 0.01811343990266323 8320
1778113468168 0.004751931875944138 8340
1778113480812 0.03407951071858406 8360
1778113493459 0.02757875621318817 8380
1778113506108 0.007277245167642832 8400
1778113518758 0.02860904484987259 8420
1778113531408 0.020170599222183228 8440
1778113544072 0.014758260920643806 8460
1778113556719 0.01742839813232422 8480
1778113569378 0.023976491764187813 8500
1778113615061 0.025921553373336792 8520
1778113627709 0.0008543964941054583 8540
1778113640361 0.0006101429462432861 8560
1778113653004 0.03140707314014435 8580
1778113665664 0.00186436646617949 8600
1778113678302 0.0008626941125839949 8620
1778113690960 0.005509248934686184 8640
1778113703620 0.03651457652449608 8660
1778113716264 0.0048546865582466125 8680
1778113728917 0.0004320649313740432 8700
1778113741570 0.024969255551695824 8720
1778113754214 0.015259967185556889 8740
1778113799603 0.0007473722216673195 8760
1778113812254 0.00040816303226165473 8780
1778113824917 0.022721106186509132 8800
1778113837567 0.02044772170484066 8820
1778113850226 0.03247910737991333 8840
1778113862879 0.0028496107552200556 8860
1778113875535 0.005436777602881193 8880
1778113888186 0.17638538777828217 8900
1778113900836 0.0005308768595568836 8920
1778113913478 0.01205556932836771 8940
1778113926138 0.011607090942561626 8960
1778113938795 0.005008162930607796 8980
1778113951428 0.011600797064602375 9000
