1778713996539 0.84916090965271 20
1778713999360 1.1513057947158813 40
1778714002174 3.942199945449829 60
1778714004985 1.9584450721740723 80
1778714007795 0.8907718062400818 100
1778714010615 0.9511679410934448 120
1778714013449 1.2621018886566162 140
1778714016293 1.6349433660507202 160
1778714019104 1.215861439704895 180
1778714021911 1.166083574295044 200
1778714024738 1.1351282596588135 220
1778714027547 1.1168662309646606 240
1778714035233 2.1823410987854004 260
1778714038053 1.2417826652526855 280
1778714040893 0.9606198668479919 300
1778714043738 1.4075586795806885 320
1778714046567 1.9686740636825562 340
1778714049379 1.6365169286727905 360
1778714052185 1.2112336158752441 380
1778714054995 1.0528490543365479 400
1778714057797 2.044888973236084 420
1778714060615 0.9469662308692932 440
1778714063428 1.7642053365707397 460
1778714066240 2.041714668273926 480
1778714069078 0.9014002680778503 500
1778714076724 1.6344224214553833 520
1778714079545 1.1807533502578735 540
1778714082360 1.4644638299942017 560
1778714085178 1.5796926021575928 580
1778714088012 2.4774668216705322 600
1778714090828 0.9977269172668457 620
1778714093642 0.9388877153396606 640
1778714096452 1.3870625495910645 660
1778714099264 2.6115474700927734 680
1778714102070 1.3320627212524414 700
1778714104881 1.7543001174926758 720
1778714107689 1.08296799659729 740
1778714115311 1.0677540302276611 760
1778714118117 1.8374567031860352 780
1778714120929 0.9682431817054749 800
1778714123737 1.2454752922058105 820
1778714126552 2.116927146911621 840
1778714129356 1.1307013034820557 860
1778714132168 1.3695837259292603 880
1778714134984 1.386616826057434 900
1778714137796 1.1958503723144531 920
1778714140736 1.3384811878204346 940
1778714143659 1.5440318584442139 960
1778714146464 1.0142199993133545 980
1778714149276 1.3167744874954224 1000
1778714156934 1.1589912176132202 1020
1778714159748 1.1727159023284912 1040
1778714162563 1.044346570968628 1060
1778714165376 1.0317147970199585 1080
1778714168191 1.4365848302841187 1100
1778714170987 1.7391706705093384 1120
1778714173784 0.9395365118980408 1140
1778714176595 1.6487833261489868 1160
1778714179407 1.6618884801864624 1180
1778714182216 1.198732852935791 1200
1778714185013 1.4300113916397095 1220
1778714187816 1.591058611869812 1240
1778714195504 1.425830602645874 1260
1778714198337 1.1045325994491577 1280
1778714201146 1.561507225036621 1300
1778714203952 1.2020106315612793 1320
1778714206783 1.3624382019042969 1340
1778714209594 1.4233821630477905 1360
1778714212417 1.342122197151184 1380
1778714215227 1.4666016101837158 1400
1778714218033 1.1131222248077393 1420
1778714220852 1.6848469972610474 1440
1778714223664 1.6877340078353882 1460
1778714226490 0.9971005916595459 1480
1778714229306 1.728271245956421 1500
1778714236975 2.2416317462921143 1520
1778714239789 3.084131956100464 1540
1778714242598 1.5099844932556152 1560
1778714245398 2.072936534881592 1580
1778714248207 1.4362982511520386 1600
1778714251009 1.1442067623138428 1620
1778714253831 2.0974037647247314 1640
1778714256643 1.627469778060913 1660
1778714259458 1.8961824178695679 1680
1778714262265 1.423066258430481 1700
1778714265077 2.0734598636627197 1720
1778714267890 1.122765064239502 1740
1778714275575 1.4599193334579468 1760
1778714278408 1.835965633392334 1780
1778714281228 1.0283427238464355 1800
1778714284036 1.8718628883361816 1820
1778714286848 2.183851480484009 1840
1778714289645 1.4108279943466187 1860
1778714292449 1.2339165210723877 1880
1778714295252 1.8020968437194824 1900
1778714298070 1.0200560092926025 1920
1778714300887 1.1650755405426025 1940
1778714303695 1.1694484949111938 1960
1778714306503 1.5337330102920532 1980
1778714309306 1.526068925857544 2000
1778714316976 1.7914118766784668 2020
1778714319774 1.5879381895065308 2040
1778714322818 1.446346640586853 2060
1778714325644 1.145437240600586 2080
1778714328448 1.5362588167190552 2100
1778714331265 2.3683242797851562 2120
1778714334071 1.3695570230484009 2140
1778714336873 1.2622451782226562 2160
1778714339679 1.268208622932434 2180
1778714342491 1.180779218673706 2200
1778714345303 1.995435118675232 2220
1778714348106 1.7328227758407593 2240
1778714355761 3.6887357234954834 2260
1778714358574 1.2459394931793213 2280
1778714361394 1.9652984142303467 2300
1778714364203 1.5727280378341675 2320
1778714367017 1.3894057273864746 2340
1778714369824 2.776826858520508 2360
1778714372636 1.8940964937210083 2380
1778714375449 1.373361587524414 2400
1778714378256 1.672774076461792 2420
1778714381067 2.9208438396453857 2440
1778714383880 1.2069674730300903 2460
1778714386687 1.394204020500183 2480
1778714389492 1.284120798110962 2500
1778714397155 1.0854359865188599 2520
1778714399970 1.796679139137268 2540
1778714402788 1.5225037336349487 2560
1778714405600 1.5128958225250244 2580
1778714408408 1.330934762954712 2600
1778714411228 1.772467017173767 2620
1778714414039 2.1661159992218018 2640
1778714416842 2.580850839614868 2660
1778714419648 1.9342609643936157 2680
1778714422465 3.527904748916626 2700
1778714425276 2.441218852996826 2720
1778714428082 1.6161887645721436 2740
1778714435759 1.409678339958191 2760
1778714438563 1.4909520149230957 2780
1778714441376 2.0781493186950684 2800
1778714444172 1.5563781261444092 2820
1778714446981 1.618431568145752 2840
1778714449803 3.0784308910369873 2860
1778714452617 1.5414705276489258 2880
1778714455432 2.336571216583252 2900
1778714458242 1.3605135679244995 2920
1778714461055 1.5909714698791504 2940
1778714463867 1.7372894287109375 2960
1778714466688 2.009521722793579 2980
1778714469510 1.756375789642334 3000
1778714477188 1.4101450443267822 3020
1778714480012 2.217836618423462 3040
1778714482839 2.6024703979492188 3060
1778714485664 2.999067783355713 3080
1778714488477 1.3302669525146484 3100
1778714491290 1.7839597463607788 3120
1778714494104 1.344165563583374 3140
1778714496927 2.322248697280884 3160
1778714499756 2.1299073696136475 3180
1778714502569 1.9397071599960327 3200
1778714505650 2.926812171936035 3220
1778714508486 2.1763405799865723 3240
1778714516197 2.9810187816619873 3260
1778714519014 1.251341700553894 3280
1778714521833 1.5147687196731567 3300
1778714524646 1.952126145362854 3320
1778714527474 2.1996560096740723 3340
1778714530312 2.1477174758911133 3360
1778714533126 1.957249402999878 3380
1778714535946 1.5438545942306519 3400
1778714538759 1.3544642925262451 3420
1778714541592 2.825751781463623 3440
1778714544431 1.0814777612686157 3460
1778714547251 1.8766576051712036 3480
1778714550059 1.6893854141235352 3500
1778714557723 2.3883187770843506 3520
1778714560840 1.8056926727294922 3540
1778714563681 1.5328351259231567 3560
