1778757042509 1.08e-05 20
1778757043393 2.22e-05 40
1778757044283 2.9958702064896758e-05 60
1778757045174 2.984070796460177e-05 80
1778757046067 2.9722713864306786e-05 100
1778757046961 2.96047197640118e-05 120
1778757047855 2.9486725663716815e-05 140
1778757048738 2.936873156342183e-05 160
1778757049632 2.9256637168141595e-05 180
1778757050526 2.9138643067846607e-05 200
1778757051419 2.9020648967551623e-05 220
1778757052302 2.8908554572271387e-05 240
1778757061932 2.87905604719764e-05 260
1778757062826 2.867256637168142e-05 280
1778757063719 2.8554572271386432e-05 300
1778757064610 2.8436578171091448e-05 320
1778757065500 2.831858407079646e-05 340
1778757066380 2.8206489675516224e-05 360
1778757067271 2.8088495575221237e-05 380
1778757068162 2.7970501474926256e-05 400
1778757069052 2.785250737463127e-05 420
1778757069944 2.7734513274336285e-05 440
1778757070834 2.7616519174041297e-05 460
1778757071727 2.7498525073746313e-05 480
1778757072621 2.7380530973451326e-05 500
1778757082248 2.7262536873156345e-05 520
1778757083143 2.7144542772861358e-05 540
1778757084036 2.7026548672566374e-05 560
1778757084930 2.6908554572271386e-05 580
1778757085822 2.6790560471976402e-05 600
1778757086716 2.6672566371681415e-05 620
1778757087609 2.6554572271386434e-05 640
1778757088504 2.6436578171091447e-05 660
1778757089397 2.6318584070796462e-05 680
1778757090290 2.6200589970501475e-05 700
1778757091182 2.608259587020649e-05 720
1778757092077 2.5964601769911504e-05 740
1778757101731 2.584660766961652e-05 760
1778757102622 2.5728613569321535e-05 780
1778757103512 2.5610619469026548e-05 800
1778757104403 2.5492625368731564e-05 820
1778757105293 2.5374631268436576e-05 840
1778757106187 2.5256637168141592e-05 860
1778757107081 2.513864306784661e-05 880
1778757107974 2.5020648967551624e-05 900
1778757108867 2.4902654867256637e-05 920
1778757109759 2.4784660766961653e-05 940
1778757110653 2.4666666666666665e-05 960
1778757111545 2.454867256637168e-05 980
1778757112438 2.4430678466076697e-05 1000
1778757122066 2.4312684365781713e-05 1020
1778757122947 2.4194690265486726e-05 1040
1778757123841 2.4076696165191742e-05 1060
1778757124734 2.3958702064896754e-05 1080
1778757125627 2.384070796460177e-05 1100
1778757126521 2.3722713864306786e-05 1120
1778757127415 2.3604719764011802e-05 1140
1778757128309 2.3486725663716815e-05 1160
1778757129203 2.336873156342183e-05 1180
1778757130097 2.3250737463126843e-05 1200
1778757130991 2.3132743362831856e-05 1220
1778757131885 2.3014749262536875e-05 1240
1778757141364 2.2896755162241888e-05 1260
1778757142256 2.2778761061946904e-05 1280
1778757143147 2.2660766961651916e-05 1300
1778757144037 2.2542772861356932e-05 1320
1778757144930 2.2424778761061945e-05 1340
1778757145823 2.2306784660766964e-05 1360
1778757146717 2.2188790560471977e-05 1380
1778757147609 2.2070796460176993e-05 1400
1778757148503 2.1952802359882005e-05 1420
1778757149397 2.183480825958702e-05 1440
1778757150290 2.1716814159292034e-05 1460
1778757151185 2.1598820058997053e-05 1480
1778757152078 2.1480825958702066e-05 1500
1778757161858 2.136283185840708e-05 1520
1778757162751 2.1244837758112094e-05 1540
1778757163641 2.112684365781711e-05 1560
1778757164533 2.1008849557522123e-05 1580
1778757165428 2.0890855457227142e-05 1600
1778757166322 2.0772861356932154e-05 1620
1778757167216 2.065486725663717e-05 1640
1778757168110 2.0536873156342183e-05 1660
1778757169003 2.0418879056047196e-05 1680
1778757169897 2.030088495575221e-05 1700
1778757170792 2.0182890855457227e-05 1720
1778757171686 2.0064896755162243e-05 1740
1778757181353 1.9946902654867256e-05 1760
1778757182246 1.9828908554572272e-05 1780
1778757183137 1.9710914454277284e-05 1800
1778757184029 1.95929203539823e-05 1820
1778757184922 1.9474926253687316e-05 1840
1778757185817 1.9356932153392332e-05 1860
1778757186711 1.9238938053097345e-05 1880
1778757187607 1.912094395280236e-05 1900
1778757188502 1.9002949852507373e-05 1920
1778757189398 1.888495575221239e-05 1940
1778757190291 1.8766961651917405e-05 1960
1778757191183 1.864896755162242e-05 1980
1778757192076 1.8530973451327434e-05 2000
1778757201536 1.841297935103245e-05 2020
1778757202431 1.8294985250737462e-05 2040
1778757203312 1.8176991150442478e-05 2060
1778757204206 1.8058997050147494e-05 2080
1778757205100 1.794100294985251e-05 2100
1778757205995 1.7823008849557523e-05 2120
1778757206889 1.7705014749262535e-05 2140
1778757207783 1.758702064896755e-05 2160
1778757208677 1.7469026548672564e-05 2180
1778757209571 1.7351032448377583e-05 2200
1778757210466 1.7233038348082596e-05 2220
1778757211360 1.711504424778761e-05 2240
1778757221136 1.6997050147492624e-05 2260
1778757222027 1.687905604719764e-05 2280
1778757222918 1.6761061946902653e-05 2300
1778757223810 1.6643067846607672e-05 2320
1778757224703 1.6525073746312685e-05 2340
1778757225597 1.64070796460177e-05 2360
1778757226491 1.6289085545722713e-05 2380
1778757227386 1.617109144542773e-05 2400
1778757228280 1.605309734513274e-05 2420
1778757229174 1.593510324483776e-05 2440
1778757230068 1.5817109144542773e-05 2460
1778757230961 1.569911504424779e-05 2480
1778757231856 1.5581120943952802e-05 2500
1778757241518 1.5463126843657818e-05 2520
1778757242410 1.534513274336283e-05 2540
1778757243305 1.5227138643067848e-05 2560
1778757244201 1.5109144542772862e-05 2580
1778757245096 1.4991150442477877e-05 2600
1778757245991 1.4873156342182891e-05 2620
1778757246886 1.4755162241887907e-05 2640
1778757247782 1.4637168141592921e-05 2660
1778757248678 1.4519174041297935e-05 2680
1778757249570 1.4401179941002951e-05 2700
1778757250465 1.4283185840707966e-05 2720
1778757251360 1.416519174041298e-05 2740
1778757260819 1.4047197640117996e-05 2760
1778757261714 1.392920353982301e-05 2780
1778757262608 1.3811209439528024e-05 2800
1778757263503 1.369321533923304e-05 2820
1778757264397 1.3575221238938054e-05 2840
1778757265292 1.3457227138643067e-05 2860
1778757266187 1.3339233038348083e-05 2880
1778757267081 1.3221238938053097e-05 2900
1778757267976 1.3103244837758112e-05 2920
1778757268872 1.2985250737463127e-05 2940
1778757269768 1.2867256637168142e-05 2960
1778757270664 1.2749262536873156e-05 2980
1778757271559 1.2631268436578172e-05 3000
1778757281333 1.2513274336283186e-05 3020
1778757282229 1.23952802359882e-05 3040
1778757283124 1.2277286135693216e-05 3060
1778757284020 1.215929203539823e-05 3080
1778757284902 1.2041297935103245e-05 3100
1778757285798 1.192330383480826e-05 3120
1778757286693 1.1805309734513275e-05 3140
1778757287587 1.168731563421829e-05 3160
1778757288483 1.1569321533923305e-05 3180
1778757289378 1.145132743362832e-05 3200
1778757290273 1.1333333333333334e-05 3220
1778757291169 1.121533923303835e-05 3240
1778757300837 1.1097345132743364e-05 3260
1778757301734 1.0979351032448378e-05 3280
1778757302627 1.0861356932153394e-05 3300
1778757303521 1.0743362831858407e-05 3320
1778757304417 1.0625368731563421e-05 3340
1778757305312 1.0507374631268437e-05 3360
1778757306208 1.0389380530973451e-05 3380
1778757307103 1.0271386430678465e-05 3400
1778757307995 1.0153392330383481e-05 3420
1778757308890 1.0035398230088496e-05 3440
1778757309786 9.91740412979351e-06 3460
1778757310680 9.799410029498524e-06 3480
1778757311575 9.68141592920354e-06 3500
1778757321043 9.563421828908554e-06 3520
1778757321937 9.445427728613569e-06 3540
1778757322830 9.327433628318585e-06 3560
1778757323725 9.209439528023599e-06 3580
1778757324620 9.091445427728613e-06 3600
1778757325514 8.973451327433629e-06 3620
1778757326409 8.855457227138643e-06 3640
1778757327303 8.737463126843658e-06 3660
1778757328198 8.619469026548674e-06 3680
1778757329092 8.501474926253688e-06 3700
1778757329986 8.383480825958702e-06 3720
1778757330880 8.265486725663718e-06 3740
1778757340651 8.147492625368732e-06 3760
1778757341543 8.029498525073746e-06 3780
1778757342437 7.91150442477876e-06 3800
1778757343331 7.793510324483775e-06 3820
1778757344225 7.67551622418879e-06 3840
1778757345119 7.557522123893806e-06 3860
1778757346013 7.43952802359882e-06 3880
1778757346907 7.321533923303835e-06 3900
1778757347801 7.20353982300885e-06 3920
1778757348695 7.085545722713864e-06 3940
1778757349588 6.967551622418879e-06 3960
1778757350480 6.849557522123894e-06 3980
1778757351371 6.731563421828908e-06 4000
1778757361024 6.6135693215339235e-06 4020
1778757361919 6.495575221238939e-06 4040
1778757362811 6.377581120943953e-06 4060
1778757363704 6.259587020648968e-06 4080
1778757364598 6.141592920353983e-06 4100
1778757365478 6.023598820058997e-06 4120
1778757366373 5.905604719764012e-06 4140
1778757367268 5.787610619469027e-06 4160
1778757368161 5.669616519174041e-06 4180
1778757369051 5.551622418879056e-06 4200
1778757369944 5.433628318584071e-06 4220
1778757370839 5.315634218289085e-06 4240
1778757380271 5.1976401179941005e-06 4260
1778757381165 5.0796460176991156e-06 4280
1778757382059 4.96165191740413e-06 4300
1778757382953 4.843657817109145e-06 4320
1778757383847 4.72566371681416e-06 4340
1778757384738 4.607669616519174e-06 4360
1778757385631 4.489675516224189e-06 4380
1778757386525 4.371681415929204e-06 4400
1778757387419 4.253687315634218e-06 4420
1778757388314 4.135693215339233e-06 4440
1778757389208 4.017699115044248e-06 4460
1778757390100 3.899705014749262e-06 4480
1778757390994 3.7817109144542775e-06 4500
1778757400785 3.663716814159292e-06 4520
1778757401679 3.545722713864307e-06 4540
1778757402573 3.427728613569322e-06 4560
1778757403468 3.309734513274336e-06 4580
1778757404362 3.191740412979351e-06 4600
1778757405256 3.073746312684366e-06 4620
1778757406152 2.9557522123893806e-06 4640
1778757407047 2.8377581120943953e-06 4660
1778757407941 2.71976401179941e-06 4680
1778757408836 2.6017699115044247e-06 4700
1778757409730 2.4837758112094393e-06 4720
1778757410624 2.3657817109144544e-06 4740
1778757420293 2.247787610619469e-06 4760
1778757421184 2.129793510324484e-06 4780
1778757422077 2.0117994100294985e-06 4800
1778757422971 1.8938053097345134e-06 4820
1778757423855 1.7817109144542773e-06 4840
1778757424749 1.663716814159292e-06 4860
1778757425644 1.545722713864307e-06 4880
1778757426538 1.4277286135693216e-06 4900
1778757427432 1.3097345132743363e-06 4920
1778757428331 1.1917404129793512e-06 4940
1778757429226 1.0737463126843656e-06 4960
1778757430121 9.557522123893805e-07 4980
1778757431015 8.377581120943953e-07 5000
1778757440463 7.197640117994101e-07 5020
1778757441358 6.017699115044248e-07 5040
1778757442253 4.837758112094395e-07 5060
1778757443147 3.657817109144543e-07 5080
1778757444042 2.47787610619469e-07 5100
1778757444926 1.3569321533923305e-07 5120
