1778709845756 0.019474196689386564 20
1778709846649 0.03894839337877313 40
1778709847550 0.05842259006815969 60
1778709848453 0.07789678675754626 80
1778709849356 0.09737098344693282 100
1778709850259 0.11684518013631938 120
1778709851161 0.13631937682570594 140
1778709852056 0.15579357351509251 160
1778709852957 0.17526777020447906 180
1778709853860 0.19474196689386564 200
1778709854763 0.21421616358325218 220
1778709855654 0.23369036027263876 240
1778709863691 0.24342745861733203 250
1778709865492 0.25316455696202533 260
1778709866397 0.2726387536514119 280
1778709867303 0.2921129503407984 300
1778709868208 0.31158714703018503 320
1778709869117 0.3310613437195716 340
1778709870011 0.3505355404089581 360
1778709870916 0.37000973709834467 380
1778709871821 0.3894839337877313 400
1778709872724 0.4089581304771178 420
1778709873629 0.42843232716650437 440
1778709874534 0.44790652385589097 460
1778709875440 0.4673807205452775 480
1778709876342 0.48685491723466406 500
1778709883912 0.48685491723466406 500
1778709886137 0.5063291139240507 520
1778709887041 0.5258033106134372 540
1778709887944 0.5452775073028238 560
1778709888848 0.5647517039922103 580
1778709889751 0.5842259006815969 600
1778709890656 0.6037000973709834 620
1778709891558 0.6231742940603701 640
1778709892462 0.6426484907497566 660
1778709893369 0.6621226874391432 680
1778709894273 0.6815968841285297 700
1778709895177 0.7010710808179162 720
1778709896079 0.7205452775073028 740
1778709904129 0.7302823758519961 750
1778709905954 0.7400194741966893 760
1778709906856 0.759493670886076 780
1778709907761 0.7789678675754625 800
1778709908665 0.7984420642648491 820
1778709909570 0.8179162609542356 840
1778709910475 0.8373904576436222 860
1778709911379 0.8568646543330087 880
1778709912283 0.8763388510223953 900
1778709913186 0.8958130477117819 920
1778709914090 0.9152872444011685 940
1778709914995 0.934761441090555 960
1778709915899 0.9542356377799416 980
1778709916806 0.9737098344693281 1000
1778709924385 0.9737098344693281 1000
1778709926590 0.9931840311587147 1020
1778709927500 1.0126582278481013 1040
1778709928404 1.0321324245374879 1060
1778709929310 1.0516066212268744 1080
1778709930215 1.071080817916261 1100
1778709931120 1.0905550146056475 1120
1778709932026 1.110029211295034 1140
1778709932929 1.1295034079844206 1160
1778709933833 1.1489776046738072 1180
1778709934737 1.1684518013631937 1200
1778709935642 1.1879259980525803 1220
1778709936546 1.2074001947419668 1240
1778709944563 1.2171372930866602 1250
1778709946211 1.2268743914313536 1260
1778709947114 1.24634858812074 1280
1778709948016 1.2658227848101267 1300
1778709948918 1.2852969814995132 1320
1778709949821 1.3047711781888998 1340
1778709950724 1.3242453748782863 1360
1778709951626 1.3437195715676729 1380
1778709952569 1.3631937682570594 1400
1778709953534 1.382667964946446 1420
1778709954470 1.4021421616358325 1440
1778709955382 1.421616358325219 1460
1778709956301 1.4410905550146056 1480
1778709957247 1.4605647517039921 1500
1778709964972 1.4605647517039921 1500
1778709967337 1.480038948393379 1520
1778709968241 1.4995131450827652 1540
1778709969147 1.518987341772152 1560
1778709970050 1.5384615384615383 1580
1778709970955 1.557935735150925 1600
1778709971859 1.5774099318403116 1620
1778709972763 1.5968841285296982 1640
1778709973667 1.6163583252190847 1660
1778709974571 1.6358325219084713 1680
1778709975478 1.6553067185978578 1700
1778709976382 1.6747809152872444 1720
1778709977286 1.694255111976631 1740
1778709985332 1.7039922103213243 1750
1778709987160 1.7137293086660175 1760
1778709988064 1.7332035053554042 1780
1778709988966 1.7526777020447906 1800
1778709989870 1.7721518987341773 1820
1778709990778 1.7916260954235637 1840
1778709991683 1.8111002921129504 1860
1778709992587 1.8305744888023368 1880
1778709993490 1.8500486854917235 1900
1778709994395 1.86952288218111 1920
1778709995299 1.8889970788704966 1940
1778709996204 1.9084712755598832 1960
1778709997111 1.9279454722492697 1980
1778709998017 1.9474196689386563 2000
1778710005591 1.9474196689386563 2000
1778710007659 1.9668938656280428 2020
1778710008562 1.9863680623174296 2040
1778710009451 2.005842259006816 2060
1778710010357 2.0253164556962027 2080
1778710011260 2.044790652385589 2100
1778710012167 2.0642648490749758 2120
1778710013072 2.083739045764362 2140
1778710013975 2.103213242453749 2160
1778710014880 2.122687439143135 2180
1778710015786 2.142161635832522 2200
1778710016690 2.1616358325219083 2220
1778710017594 2.181110029211295 2240
1778710025609 2.190847127555988 2250
1778710027567 2.2005842259006814 2260
1778710028473 2.220058422590068 2280
1778710029378 2.239532619279455 2300
1778710030280 2.2590068159688412 2320
1778710031180 2.278481012658228 2340
1778710032083 2.2979552093476143 2360
1778710032986 2.317429406037001 2380
1778710033889 2.3369036027263874 2400
1778710034789 2.356377799415774 2420
1778710035692 2.3758519961051605 2440
1778710036593 2.3953261927945473 2460
1778710037494 2.4148003894839336 2480
1778710038395 2.4342745861733204 2500
1778710045932 2.4342745861733204 2500
1778710048173 2.453748782862707 2520
1778710049076 2.4732229795520935 2540
1778710049980 2.49269717624148 2560
1778710050884 2.5121713729308666 2580
1778710051789 2.5316455696202533 2600
1778710052693 2.5511197663096397 2620
1778710053597 2.5705939629990264 2640
1778710054500 2.5900681596884128 2660
1778710055405 2.6095423563777995 2680
1778710056308 2.629016553067186 2700
1778710057211 2.6484907497565726 2720
1778710058117 2.667964946445959 2740
1778710066157 2.6777020447906525 2750
1778710067755 2.6874391431353457 2760
1778710068658 2.706913339824732 2780
1778710069562 2.726387536514119 2800
1778710070469 2.7458617332035056 2820
1778710071377 2.765335929892892 2840
1778710072282 2.7848101265822782 2860
1778710073187 2.804284323271665 2880
1778710074092 2.8237585199610518 2900
1778710074997 2.843232716650438 2920
1778710075900 2.862706913339825 2940
1778710076804 2.882181110029211 2960
1778710077709 2.901655306718598 2980
1778710078612 2.9211295034079843 3000
1778710086224 2.9211295034079843 3000
1778710088599 2.940603700097371 3020
1778710089503 2.960077896786758 3040
1778710090407 2.979552093476144 3060
1778710091310 2.9990262901655305 3080
1778710092200 3.0185004868549172 3100
1778710093104 3.037974683544304 3120
1778710094008 3.0574488802336903 3140
1778710094912 3.076923076923077 3160
1778710095818 3.0963972736124634 3180
1778710096722 3.11587147030185 3200
1778710097627 3.1353456669912365 3220
1778710098530 3.1548198636806233 3240
1778710106534 3.1645569620253164 3250
1778710108350 3.1742940603700096 3260
1778710109253 3.1937682570593964 3280
1778710110156 3.2132424537487827 3300
1778710111058 3.2327166504381695 3320
1778710111963 3.252190847127556 3340
1778710112866 3.2716650438169426 3360
1778710113772 3.291139240506329 3380
1778710114675 3.3106134371957157 3400
1778710115580 3.3300876338851024 3420
1778710116485 3.3495618305744888 3440
1778710117390 3.3690360272638755 3460
1778710118295 3.388510223953262 3480
1778710119198 3.4079844206426486 3500
1778710126809 3.4079844206426486 3500
1778710128858 3.427458617332035 3520
1778710129761 3.4469328140214217 3540
1778710130665 3.466407010710808 3560
1778710131569 3.485881207400195 3580
1778710132474 3.505355404089581 3600
1778710133377 3.524829600778968 3620
1778710134278 3.5443037974683547 3640
1778710135183 3.563777994157741 3660
1778710136086 3.5832521908471273 3680
1778710136990 3.602726387536514 3700
1778710137892 3.622200584225901 3720
1778710138809 3.641674780915287 3740
1778710146985 3.651411879259981 3750
1778710148942 3.661148977604674 3760
1778710149845 3.6806231742940603 3780
1778710150749 3.700097370983447 3800
1778710151652 3.7195715676728334 3820
1778710152557 3.73904576436222 3840
1778710153460 3.7585199610516065 3860
1778710154363 3.7779941577409932 3880
1778710155266 3.7974683544303796 3900
1778710156170 3.8169425511197663 3920
1778710157074 3.836416747809153 3940
1778710157977 3.8558909444985394 3960
1778710158882 3.8753651411879257 3980
1778710159785 3.8948393378773125 4000
1778710167354 3.8948393378773125 4000
1778710169629 3.9143135345666993 4020
1778710170533 3.9337877312560856 4040
1778710171437 3.9532619279454724 4060
1778710172344 3.9727361246348587 4080
1778710173246 3.9922103213242455 4100
1778710174140 4.011684518013632 4120
1778710175048 4.031158714703018 4140
1778710175955 4.050632911392405 4160
1778710176859 4.070107108081792 4180
1778710177763 4.089581304771178 4200
1778710178668 4.109055501460565 4220
1778710179573 4.1285296981499515 4240
1778710187596 4.138266796494644 4250
1778710189207 4.148003894839338 4260
1778710190109 4.167478091528724 4280
1778710191013 4.186952288218111 4300
1778710191918 4.206426484907498 4320
1778710192823 4.225900681596884 4340
1778710193727 4.24537487828627 4360
1778710194631 4.264849074975658 4380
1778710195535 4.284323271665044 4400
1778710196438 4.30379746835443 4420
1778710197344 4.3232716650438165 4440
1778710198249 4.342745861733204 4460
1778710199156 4.36222005842259 4480
1778710200060 4.381694255111976 4500
1778710207636 4.381694255111976 4500
1778710210038 4.401168451801363 4520
1778710210942 4.42064264849075 4540
1778710211845 4.440116845180136 4560
1778710212753 4.459591041869523 4580
1778710213655 4.47906523855891 4600
1778710214559 4.498539435248296 4620
1778710215465 4.5180136319376825 4640
1778710216368 4.537487828627069 4660
1778710217273 4.556962025316456 4680
1778710218176 4.576436222005842 4700
1778710219081 4.595910418695229 4720
1778710219986 4.615384615384615 4740
1778710228053 4.625121713729309 4750
1778710229844 4.634858812074002 4760
1778710230748 4.6543330087633885 4780
1778710231654 4.673807205452775 4800
1778710232558 4.693281402142162 4820
1778710233452 4.712755598831548 4840
1778710234357 4.732229795520935 4860
1778710235261 4.751703992210321 4880
1778710236166 4.771178188899708 4900
1778710237071 4.790652385589095 4920
1778710237975 4.810126582278481 4940
1778710238883 4.829600778967867 4960
1778710239787 4.849074975657254 4980
1778710240691 4.868549172346641 5000
1778710248285 4.868549172346641 5000
1778710250350 4.888023369036027 5020
1778710251255 4.907497565725414 5040
1778710252159 4.926971762414801 5060
1778710253064 4.946445959104187 5080
1778710253969 4.965920155793573 5100
1778710254866 4.98539435248296 5120
1778710256950 5.0 5135
1778710264764 5.0 5135
1778710275759 5.0 5135
1778710287317 5.0 0
