1778709845756 1.0891 20
1778709846649 1.0359 40
1778709847550 0.9849 60
1778709848453 0.9375 80
1778709849356 0.9248 100
1778709850259 0.8842 120
1778709851161 0.8769 140
1778709852056 0.8391 160
1778709852957 0.8282 180
1778709853860 0.7294 200
1778709854763 0.732 220
1778709855654 0.7563 240
1778709865492 0.7503 260
1778709866397 0.7211 280
1778709867303 0.6336 300
1778709868208 0.6225 320
1778709869117 0.5773 340
1778709870011 0.5329 360
1778709870916 0.5089 380
1778709871821 0.5042 400
1778709872724 0.4816 420
1778709873629 0.4412 440
1778709874534 0.5295 460
1778709875440 0.3953 480
1778709876342 0.4666 500
1778709886137 0.4632 520
1778709887041 0.4166 540
1778709887944 0.4268 560
1778709888848 0.3611 580
1778709889751 0.4027 600
1778709890656 0.3519 620
1778709891558 0.4058 640
1778709892462 0.3581 660
1778709893369 0.3293 680
1778709894273 0.3892 700
1778709895177 0.3732 720
1778709896079 0.3613 740
1778709905954 0.3861 760
1778709906856 0.3929 780
1778709907761 0.4056 800
1778709908665 0.3466 820
1778709909570 0.3206 840
1778709910475 0.3243 860
1778709911379 0.3945 880
1778709912283 0.412 900
1778709913186 0.3882 920
1778709914090 0.3457 940
1778709914995 0.3282 960
1778709915899 0.3125 980
1778709916806 0.3166 1000
1778709926590 0.3342 1020
1778709927500 0.3163 1040
1778709928404 0.2703 1060
1778709929310 0.3121 1080
1778709930215 0.2644 1100
1778709931120 0.3043 1120
1778709932026 0.2824 1140
1778709932929 0.2754 1160
1778709933833 0.3468 1180
1778709934737 0.3322 1200
1778709935642 0.2343 1220
1778709936546 0.3174 1240
1778709946211 0.2395 1260
1778709947114 0.3014 1280
1778709948016 0.2516 1300
1778709948918 0.2502 1320
1778709949821 0.2778 1340
1778709950724 0.2631 1360
1778709951626 0.2724 1380
1778709952569 0.2903 1400
1778709953534 0.2814 1420
1778709954470 0.2779 1440
1778709955382 0.2749 1460
1778709956301 0.329 1480
1778709957247 0.2926 1500
1778709967337 0.2769 1520
1778709968241 0.2671 1540
1778709969147 0.2393 1560
1778709970050 0.3125 1580
1778709970955 0.2461 1600
1778709971859 0.2973 1620
1778709972763 0.2357 1640
1778709973667 0.2717 1660
1778709974571 0.2039 1680
1778709975478 0.2873 1700
1778709976382 0.3131 1720
1778709977286 0.2944 1740
1778709987160 0.2459 1760
1778709988064 0.261 1780
1778709988966 0.2218 1800
1778709989870 0.2766 1820
1778709990778 0.3171 1840
1778709991683 0.2561 1860
1778709992587 0.2958 1880
1778709993490 0.3147 1900
1778709994395 0.2908 1920
1778709995299 0.2883 1940
1778709996204 0.252 1960
1778709997111 0.2583 1980
1778709998017 0.201 2000
1778710007659 0.2834 2020
1778710008562 0.2204 2040
1778710009451 0.2124 2060
1778710010357 0.2005 2080
1778710011260 0.1859 2100
1778710012167 0.1945 2120
1778710013072 0.1664 2140
1778710013975 0.1603 2160
1778710014880 0.2214 2180
1778710015786 0.1709 2200
1778710016690 0.1571 2220
1778710017594 0.1563 2240
1778710027567 0.1437 2260
1778710028473 0.2373 2280
1778710029378 0.1691 2300
1778710030280 0.1745 2320
1778710031180 0.1836 2340
1778710032083 0.1945 2360
1778710032986 0.2025 2380
1778710033889 0.2556 2400
1778710034789 0.1701 2420
1778710035692 0.1542 2440
1778710036593 0.1668 2460
1778710037494 0.2077 2480
1778710038395 0.1724 2500
1778710048173 0.2322 2520
1778710049076 0.1421 2540
1778710049980 0.2557 2560
1778710050884 0.2079 2580
1778710051789 0.1886 2600
1778710052693 0.1805 2620
1778710053597 0.1536 2640
1778710054500 0.203 2660
1778710055405 0.1601 2680
1778710056308 0.2436 2700
1778710057211 0.1878 2720
1778710058117 0.2334 2740
1778710067755 0.2226 2760
1778710068658 0.1923 2780
1778710069562 0.2079 2800
1778710070469 0.2423 2820
1778710071377 0.2232 2840
1778710072282 0.1619 2860
1778710073187 0.2252 2880
1778710074092 0.1928 2900
1778710074997 0.2231 2920
1778710075900 0.2301 2940
1778710076804 0.157 2960
1778710077709 0.1642 2980
1778710078612 0.1874 3000
1778710088599 0.1843 3020
1778710089503 0.167 3040
1778710090407 0.1892 3060
1778710091310 0.1708 3080
1778710092200 0.1446 3100
1778710093104 0.1105 3120
1778710094008 0.1426 3140
1778710094912 0.1618 3160
1778710095818 0.1257 3180
1778710096722 0.1183 3200
1778710097627 0.1163 3220
1778710098530 0.1246 3240
1778710108350 0.0987 3260
1778710109253 0.1223 3280
1778710110156 0.1066 3300
1778710111058 0.1242 3320
1778710111963 0.1516 3340
1778710112866 0.1201 3360
1778710113772 0.146 3380
1778710114675 0.1375 3400
1778710115580 0.1426 3420
1778710116485 0.1433 3440
1778710117390 0.1719 3460
1778710118295 0.1227 3480
1778710119198 0.1235 3500
1778710128858 0.1188 3520
1778710129761 0.1668 3540
1778710130665 0.1317 3560
1778710131569 0.151 3580
1778710132474 0.1135 3600
1778710133377 0.1877 3620
1778710134278 0.1052 3640
1778710135183 0.1185 3660
1778710136086 0.109 3680
1778710136990 0.1509 3700
1778710137892 0.1023 3720
1778710138809 0.1319 3740
1778710148942 0.156 3760
1778710149845 0.1944 3780
1778710150749 0.1073 3800
1778710151652 0.1099 3820
1778710152557 0.1224 3840
1778710153460 0.1342 3860
1778710154363 0.0968 3880
1778710155266 0.1014 3900
1778710156170 0.1242 3920
1778710157074 0.1405 3940
1778710157977 0.1266 3960
1778710158882 0.1431 3980
1778710159785 0.1423 4000
1778710169629 0.1135 4020
1778710170533 0.1187 4040
1778710171437 0.1342 4060
1778710172344 0.0913 4080
1778710173246 0.1333 4100
1778710174140 0.0969 4120
1778710175048 0.1222 4140
1778710175955 0.1079 4160
1778710176859 0.0619 4180
1778710177763 0.0598 4200
1778710178668 0.0873 4220
1778710179573 0.0927 4240
1778710189207 0.118 4260
1778710190109 0.0805 4280
1778710191013 0.0913 4300
1778710191918 0.1331 4320
1778710192823 0.1293 4340
1778710193727 0.1074 4360
1778710194631 0.1249 4380
1778710195535 0.095 4400
1778710196438 0.0787 4420
1778710197344 0.0365 4440
1778710198249 0.1108 4460
1778710199156 0.1038 4480
1778710200060 0.0924 4500
1778710210038 0.039 4520
1778710210942 0.1203 4540
1778710211845 0.0792 4560
1778710212753 0.105 4580
1778710213655 0.0909 4600
1778710214559 0.0968 4620
1778710215465 0.1048 4640
1778710216368 0.07 4660
1778710217273 0.0829 4680
1778710218176 0.0598 4700
1778710219081 0.1245 4720
1778710219986 0.0885 4740
1778710229844 0.1093 4760
1778710230748 0.0701 4780
1778710231654 0.1093 4800
1778710232558 0.0908 4820
1778710233452 0.0954 4840
1778710234357 0.0975 4860
1778710235261 0.1108 4880
1778710236166 0.0792 4900
1778710237071 0.0621 4920
1778710237975 0.0702 4940
1778710238883 0.0474 4960
1778710239787 0.0771 4980
1778710240691 0.0777 5000
1778710250350 0.1116 5020
1778710251255 0.0721 5040
1778710252159 0.0677 5060
1778710253064 0.0879 5080
1778710253969 0.0787 5100
1778710254866 0.0427 5120
