1778633957654 0.06006006006006006 20
1778633971251 0.12012012012012012 40
1778633984831 0.18018018018018017 60
1778633998351 0.24024024024024024 80
1778634011999 0.3003003003003003 100
1778634026343 0.36036036036036034 120
1778634040681 0.42042042042042044 140
1778634054960 0.4804804804804805 160
1778634068981 0.5405405405405406 180
1778634082546 0.6006006006006006 200
1778634096043 0.6606606606606606 220
1778634109215 0.7207207207207207 240
1778634136248 0.7507507507507507 250
1778634147465 0.7807807807807807 260
1778634161591 0.8408408408408409 280
1778634175920 0.9009009009009009 300
1778634190264 0.960960960960961 320
1778634204573 1.021021021021021 340
1778634219013 1.0810810810810811 360
1778634233571 1.1411411411411412 380
1778634248028 1.2012012012012012 400
1778634262334 1.2612612612612613 420
1778634276611 1.3213213213213213 440
1778634290861 1.3813813813813813 460
1778634305011 1.4414414414414414 480
1778634319128 1.5015015015015014 500
1778634339604 1.5015015015015014 500
1778634357537 1.5615615615615615 520
