1778633957654 2.7703 20
1778633971251 2.7715 40
1778633984831 2.7719 60
1778633998351 2.7706 80
1778634011999 2.772 100
1778634026343 2.7727 120
1778634040681 2.7716 140
1778634054960 2.7712 160
1778634068981 2.7711 180
1778634082546 2.7711 200
1778634096043 2.77 220
1778634109215 2.77 240
1778634147465 2.7706 260
1778634161591 2.7706 280
1778634175920 2.7699 300
1778634190264 2.7697 320
1778634204573 2.7716 340
1778634219013 2.7708 360
1778634233571 2.7704 380
1778634248028 2.7691 400
1778634262334 2.7686 420
1778634276611 2.7697 440
1778634290861 2.7689 460
1778634305011 2.7681 480
1778634319128 2.7699 500
1778634357537 2.7708 520
