1778864344720 0.015015015015015015 20
1778864347710 0.03003003003003003 40
1778864350688 0.04504504504504504 60
1778864353683 0.06006006006006006 80
1778864356663 0.07507507507507508 100
1778864359674 0.09009009009009009 120
1778864362685 0.10510510510510511 140
1778864365699 0.12012012012012012 160
1778864368695 0.13513513513513514 180
1778864371711 0.15015015015015015 200
1778864374712 0.16516516516516516 220
1778864377721 0.18018018018018017 240
1778864390092 0.18768768768768768 250
1778864393334 0.19519519519519518 260
1778864396342 0.21021021021021022 280
1778864399352 0.22522522522522523 300
1778864402353 0.24024024024024024 320
1778864405355 0.2552552552552553 340
1778864408360 0.2702702702702703 360
1778864411364 0.2852852852852853 380
1778864414372 0.3003003003003003 400
1778864417377 0.3153153153153153 420
1778864420375 0.3303303303303303 440
1778864423377 0.34534534534534533 460
1778864426383 0.36036036036036034 480
1778864429384 0.37537537537537535 500
1778864440246 0.37537537537537535 500
1778864445005 0.39039039039039036 520
1778864448017 0.40540540540540543 540
1778864451025 0.42042042042042044 560
1778864454033 0.43543543543543545 580
1778864457044 0.45045045045045046 600
1778864460054 0.46546546546546547 620
1778864463072 0.4804804804804805 640
1778864466093 0.4954954954954955 660
1778864469109 0.5105105105105106 680
1778864472117 0.5255255255255256 700
1778864475136 0.5405405405405406 720
1778864478150 0.5555555555555556 740
1778864490534 0.5630630630630631 750
1778864493812 0.5705705705705706 760
1778864496839 0.5855855855855856 780
1778864499863 0.6006006006006006 800
1778864502878 0.6156156156156156 820
1778864505908 0.6306306306306306 840
1778864508935 0.6456456456456456 860
1778864511954 0.6606606606606606 880
1778864514970 0.6756756756756757 900
1778864517998 0.6906906906906907 920
1778864521012 0.7057057057057057 940
1778864524030 0.7207207207207207 960
1778864527048 0.7357357357357357 980
1778864530069 0.7507507507507507 1000
1778864540948 0.7507507507507507 1000
1778864545497 0.7657657657657657 1020
1778864548508 0.7807807807807807 1040
1778864551509 0.7957957957957958 1060
1778864554515 0.8108108108108109 1080
1778864557513 0.8258258258258259 1100
1778864560468 0.8408408408408409 1120
1778864563423 0.8558558558558559 1140
1778864566381 0.8708708708708709 1160
1778864569337 0.8858858858858859 1180
1778864572292 0.9009009009009009 1200
1778864575247 0.9159159159159159 1220
1778864578202 0.9309309309309309 1240
1778864590419 0.9384384384384384 1250
1778864593855 0.9459459459459459 1260
1778864596810 0.960960960960961 1280
1778864599765 0.975975975975976 1300
1778864602720 0.990990990990991 1320
1778864605657 1.006006006006006 1340
1778864608615 1.021021021021021 1360
1778864611570 1.0360360360360361 1380
1778864614529 1.0510510510510511 1400
1778864617484 1.0660660660660661 1420
1778864620437 1.0810810810810811 1440
1778864623392 1.0960960960960962 1460
1778864626348 1.1111111111111112 1480
1778864629303 1.1261261261261262 1500
1778864640043 1.1261261261261262 1500
1778864644446 1.1411411411411412 1520
1778864647400 1.1561561561561562 1540
1778864650355 1.1711711711711712 1560
1778864653311 1.1861861861861862 1580
1778864656267 1.2012012012012012 1600
1778864659222 1.2162162162162162 1620
1778864662177 1.2312312312312312 1640
1778864665133 1.2462462462462462 1660
1778864668088 1.2612612612612613 1680
1778864671048 1.2762762762762763 1700
1778864674003 1.2912912912912913 1720
1778864676958 1.3063063063063063 1740
1778864689189 1.3138138138138138 1750
1778864692582 1.3213213213213213 1760
1778864695536 1.3363363363363363 1780
1778864698490 1.3513513513513513 1800
1778864701444 1.3663663663663663 1820
1778864704398 1.3813813813813813 1840
1778864707352 1.3963963963963963 1860
1778864710307 1.4114114114114114 1880
1778864713261 1.4264264264264264 1900
1778864716216 1.4414414414414414 1920
1778864719174 1.4564564564564564 1940
1778864722129 1.4714714714714714 1960
1778864725088 1.4864864864864864 1980
1778864728042 1.5015015015015014 2000
1778864738800 1.5015015015015014 2000
1778864743244 1.5165165165165164 2020
1778864746197 1.5315315315315314 2040
1778864749150 1.5465465465465464 2060
1778864752103 1.5615615615615615 2080
1778864755056 1.5765765765765765 2100
1778864758009 1.5915915915915915 2120
1778864760962 1.6066066066066065 2140
1778864763916 1.6216216216216215 2160
1778864766871 1.6366366366366365 2180
1778864769824 1.6516516516516515 2200
1778864772785 1.6666666666666665 2220
1778864775738 1.6816816816816815 2240
1778864787948 1.689189189189189 2250
1778864791115 1.6966966966966965 2260
1778864794067 1.7117117117117115 2280
1778864797020 1.7267267267267268 2300
1778864799974 1.7417417417417418 2320
1778864802926 1.7567567567567568 2340
1778864805885 1.7717717717717718 2360
1778864808840 1.7867867867867868 2380
1778864811793 1.8018018018018018 2400
1778864814744 1.8168168168168168 2420
1778864817697 1.8318318318318318 2440
1778864820649 1.8468468468468469 2460
1778864823601 1.8618618618618619 2480
1778864826554 1.8768768768768769 2500
1778864837283 1.8768768768768769 2500
1778864841962 1.8918918918918919 2520
1778864844916 1.906906906906907 2540
1778864847868 1.921921921921922 2560
1778864850826 1.936936936936937 2580
1778864853779 1.951951951951952 2600
1778864856731 1.966966966966967 2620
1778864859685 1.981981981981982 2640
1778864862637 1.996996996996997 2660
1778864865576 2.012012012012012 2680
1778864868529 2.027027027027027 2700
1778864871481 2.042042042042042 2720
1778864874433 2.057057057057057 2740
1778864886636 2.0645645645645647 2750
1778864889803 2.0720720720720722 2760
1778864892761 2.0870870870870872 2780
1778864895715 2.1021021021021022 2800
1778864898674 2.1171171171171173 2820
1778864901628 2.1321321321321323 2840
1778864904582 2.1471471471471473 2860
1778864907535 2.1621621621621623 2880
1778864910490 2.1771771771771773 2900
1778864913445 2.1921921921921923 2920
1778864916399 2.2072072072072073 2940
1778864919352 2.2222222222222223 2960
1778864922307 2.2372372372372373 2980
1778864925261 2.2522522522522523 3000
1778864935987 2.2522522522522523 3000
1778864940669 2.2672672672672673 3020
1778864943626 2.2822822822822824 3040
1778864946580 2.2972972972972974 3060
1778864949538 2.3123123123123124 3080
1778864952492 2.3273273273273274 3100
1778864955446 2.3423423423423424 3120
1778864958401 2.3573573573573574 3140
1778864961354 2.3723723723723724 3160
1778864964307 2.3873873873873874 3180
1778864967260 2.4024024024024024 3200
1778864970213 2.4174174174174174 3220
1778864973167 2.4324324324324325 3240
1778864985387 2.43993993993994 3250
1778864988553 2.4474474474474475 3260
1778864991509 2.4624624624624625 3280
1778864994462 2.4774774774774775 3300
1778864997420 2.4924924924924925 3320
1778865000373 2.5075075075075075 3340
1778865003325 2.5225225225225225 3360
1778865006278 2.5375375375375375 3380
1778865009230 2.5525525525525525 3400
1778865012182 2.5675675675675675 3420
1778865015135 2.5825825825825826 3440
1778865018087 2.5975975975975976 3460
1778865021039 2.6126126126126126 3480
1778865023992 2.6276276276276276 3500
1778865034707 2.6276276276276276 3500
1778865039393 2.6426426426426426 3520
1778865042347 2.6576576576576576 3540
1778865045299 2.6726726726726726 3560
1778865048257 2.6876876876876876 3580
1778865051210 2.7027027027027026 3600
1778865054163 2.7177177177177176 3620
1778865057117 2.7327327327327327 3640
1778865060071 2.7477477477477477 3660
1778865063024 2.7627627627627627 3680
1778865065976 2.7777777777777777 3700
1778865068928 2.7927927927927927 3720
1778865071880 2.8078078078078077 3740
1778865084081 2.815315315315315 3750
1778865087244 2.8228228228228227 3760
1778865090199 2.8378378378378377 3780
1778865093152 2.8528528528528527 3800
1778865096108 2.8678678678678677 3820
1778865099060 2.8828828828828827 3840
1778865102014 2.8978978978978978 3860
1778865104967 2.9129129129129128 3880
1778865107920 2.9279279279279278 3900
1778865110872 2.942942942942943 3920
1778865113824 2.957957957957958 3940
1778865116777 2.972972972972973 3960
1778865119729 2.987987987987988 3980
1778865122665 3.003003003003003 4000
1778865133382 3.003003003003003 4000
1778865138060 3.018018018018018 4020
1778865141015 3.033033033033033 4040
1778865143972 3.048048048048048 4060
1778865146929 3.063063063063063 4080
1778865149883 3.078078078078078 4100
1778865152834 3.093093093093093 4120
1778865155786 3.108108108108108 4140
1778865158739 3.123123123123123 4160
1778865161693 3.138138138138138 4180
1778865164646 3.153153153153153 4200
1778865167598 3.1681681681681684 4220
1778865170551 3.1831831831831834 4240
1778865182749 3.190690690690691 4250
1778865185910 3.1981981981981984 4260
1778865188866 3.2132132132132134 4280
1778865191819 3.2282282282282284 4300
1778865194778 3.2432432432432434 4320
1778865197729 3.2582582582582584 4340
1778865200682 3.2732732732732734 4360
1778865203636 3.2882882882882885 4380
1778865206588 3.3033033033033035 4400
1778865209540 3.3183183183183185 4420
1778865212492 3.3333333333333335 4440
1778865215444 3.3483483483483485 4460
1778865218397 3.3633633633633635 4480
1778865221348 3.3783783783783785 4500
1778865232078 3.3783783783783785 4500
1778865236764 3.3933933933933935 4520
1778865239718 3.4084084084084085 4540
1778865242669 3.4234234234234235 4560
1778865245625 3.4384384384384385 4580
1778865248575 3.4534534534534536 4600
1778865251527 3.4684684684684686 4620
1778865254477 3.4834834834834836 4640
1778865257428 3.4984984984984986 4660
1778865260381 3.5135135135135136 4680
1778865263332 3.5285285285285286 4700
1778865266283 3.5435435435435436 4720
1778865269234 3.5585585585585586 4740
1778865281447 3.566066066066066 4750
1778865284615 3.5735735735735736 4760
1778865287567 3.5885885885885886 4780
1778865290519 3.6036036036036037 4800
1778865293470 3.6186186186186187 4820
1778865296422 3.6336336336336337 4840
1778865299375 3.6486486486486487 4860
1778865302327 3.6636636636636637 4880
1778865305283 3.6786786786786787 4900
1778865308234 3.6936936936936937 4920
1778865311185 3.7087087087087087 4940
1778865314138 3.7237237237237237 4960
1778865317090 3.7387387387387387 4980
1778865320042 3.7537537537537538 5000
1778865330775 3.7537537537537538 5000
1778865335466 3.7687687687687688 5020
1778865338418 3.7837837837837838 5040
1778865341369 3.798798798798799 5060
1778865344322 3.813813813813814 5080
1778865347274 3.828828828828829 5100
1778865350230 3.843843843843844 5120
1778865353183 3.858858858858859 5140
1778865356134 3.873873873873874 5160
1778865359085 3.888888888888889 5180
1778865362062 3.903903903903904 5200
1778865365043 3.918918918918919 5220
1778865368268 3.933933933933934 5240
1778865380868 3.9414414414414414 5250
1778865384062 3.948948948948949 5260
1778865387039 3.963963963963964 5280
1778865390040 3.978978978978979 5300
1778865393039 3.993993993993994 5320
1778865396019 4.009009009009009 5340
1778865399017 4.024024024024024 5360
1778865402010 4.039039039039039 5380
1778865404998 4.054054054054054 5400
1778865408002 4.069069069069069 5420
1778865411008 4.084084084084084 5440
1778865414013 4.099099099099099 5460
1778865417008 4.114114114114114 5480
1778865419998 4.129129129129129 5500
1778865430847 4.129129129129129 5500
1778865435613 4.1441441441441444 5520
1778865438618 4.1591591591591595 5540
1778865441620 4.1741741741741745 5560
1778865444627 4.1891891891891895 5580
1778865447634 4.2042042042042045 5600
1778865450638 4.2192192192192195 5620
1778865453639 4.2342342342342345 5640
1778865456638 4.2492492492492495 5660
1778865459638 4.2642642642642645 5680
1778865462641 4.2792792792792795 5700
1778865465639 4.2942942942942945 5720
1778865468631 4.3093093093093096 5740
1778865480983 4.316816816816817 5750
1778865484282 4.324324324324325 5760
1778865487287 4.33933933933934 5780
1778865490298 4.354354354354355 5800
1778865493298 4.36936936936937 5820
1778865496301 4.384384384384385 5840
1778865499298 4.3993993993994 5860
1778865502293 4.414414414414415 5880
1778865505298 4.42942942942943 5900
1778865508294 4.444444444444445 5920
1778865511291 4.45945945945946 5940
1778865514288 4.474474474474475 5960
1778865517290 4.48948948948949 5980
1778865520290 4.504504504504505 6000
1778865531189 4.504504504504505 6000
1778865535945 4.51951951951952 6020
1778865538942 4.534534534534535 6040
1778865541947 4.54954954954955 6060
1778865544961 4.564564564564565 6080
1778865547963 4.57957957957958 6100
1778865550974 4.594594594594595 6120
1778865553981 4.60960960960961 6140
1778865556984 4.624624624624625 6160
1778865559996 4.63963963963964 6180
1778865563007 4.654654654654655 6200
1778865566012 4.66966966966967 6220
1778865569023 4.684684684684685 6240
1778865581380 4.692192192192192 6250
1778865584660 4.6996996996997 6260
1778865587666 4.714714714714715 6280
1778865590665 4.72972972972973 6300
1778865593663 4.744744744744745 6320
1778865596666 4.75975975975976 6340
1778865599675 4.774774774774775 6360
1778865602674 4.78978978978979 6380
1778865605682 4.804804804804805 6400
1778865608684 4.81981981981982 6420
1778865611676 4.834834834834835 6440
1778865614673 4.84984984984985 6460
1778865617668 4.864864864864865 6480
1778865620672 4.87987987987988 6500
1778865631549 4.87987987987988 6500
1778865636341 4.894894894894895 6520
1778865639342 4.90990990990991 6540
1778865642345 4.924924924924925 6560
1778865645351 4.93993993993994 6580
1778865648354 4.954954954954955 6600
1778865651361 4.96996996996997 6620
1778865654365 4.984984984984985 6640
1778865657342 5.0 6660
1778865668195 5.0 6660
1778865669968 5.0 6660
1778865682061 5.0 6660
1778865695298 5.0 6660
1778865710742 5.0 0
