1778864344720 0.07483198493719101 20
1778864347710 0.17919369041919708 40
1778864350688 0.7436227798461914 60
1778864353683 2.5126774311065674 80
1778864356663 1.3325837850570679 100
1778864359674 3.5341649055480957 120
1778864362685 2.259136199951172 140
1778864365699 2.756389856338501 160
1778864368695 2.0651228427886963 180
1778864371711 1.166420340538025 200
1778864374712 1.557433009147644 220
1778864377721 2.3465943336486816 240
1778864393334 0.875279426574707 260
1778864396342 0.9719991087913513 280
1778864399352 1.189642310142517 300
1778864402353 2.1348767280578613 320
1778864405355 1.4974334239959717 340
1778864408360 1.310784101486206 360
1778864411364 1.234209656715393 380
1778864414372 3.4797415733337402 400
1778864417377 2.7791829109191895 420
1778864420375 2.45017409324646 440
1778864423377 1.729725956916809 460
1778864426383 1.706346035003662 480
1778864429384 1.3743500709533691 500
1778864445005 2.6149120330810547 520
1778864448017 1.43025541305542 540
1778864451025 1.2189198732376099 560
1778864454033 1.5345245599746704 580
1778864457044 1.0270004272460938 600
1778864460054 1.7680898904800415 620
1778864463072 1.244708776473999 640
1778864466093 1.4560197591781616 660
1778864469109 1.3174333572387695 680
1778864472117 1.162110686302185 700
1778864475136 1.3546086549758911 720
1778864478150 1.1805528402328491 740
1778864493812 0.9647435545921326 760
1778864496839 1.1158854961395264 780
1778864499863 1.3558216094970703 800
1778864502878 0.9418042302131653 820
1778864505908 0.8041708469390869 840
1778864508935 2.0255253314971924 860
1778864511954 1.1840344667434692 880
1778864514970 1.4411870241165161 900
1778864517998 1.2109767198562622 920
1778864521012 1.3340775966644287 940
1778864524030 1.0494446754455566 960
1778864527048 0.9819539189338684 980
1778864530069 1.5325545072555542 1000
1778864545497 1.4170043468475342 1020
1778864548508 0.8638875484466553 1040
1778864551509 1.2451976537704468 1060
1778864554515 1.1941676139831543 1080
1778864557513 0.7999923825263977 1100
1778864560468 0.9533742070198059 1120
1778864563423 1.6606152057647705 1140
1778864566381 1.1736067533493042 1160
1778864569337 2.504594564437866 1180
1778864572292 1.4387191534042358 1200
1778864575247 1.3497415781021118 1220
1778864578202 0.9004276990890503 1240
1778864593855 2.5548744201660156 1260
1778864596810 0.981278121471405 1280
1778864599765 1.2573233842849731 1300
1778864602720 1.0808594226837158 1320
1778864605657 1.1016782522201538 1340
1778864608615 1.2264200448989868 1360
1778864611570 1.4982056617736816 1380
1778864614529 1.702907681465149 1400
1778864617484 2.7462329864501953 1420
1778864620437 2.417095184326172 1440
1778864623392 1.421182632446289 1460
1778864626348 1.1635113954544067 1480
1778864629303 1.2524946928024292 1500
1778864644446 1.401755928993225 1520
1778864647400 1.7302871942520142 1540
1778864650355 1.471998929977417 1560
1778864653311 1.3099000453948975 1580
1778864656267 1.1517012119293213 1600
1778864659222 2.3078203201293945 1620
1778864662177 1.3899719715118408 1640
1778864665133 0.8261190056800842 1660
1778864668088 1.2310900688171387 1680
1778864671048 1.0506398677825928 1700
1778864674003 1.570564866065979 1720
1778864676958 0.9678810238838196 1740
1778864692582 2.1609785556793213 1760
1778864695536 0.9588252902030945 1780
1778864698490 3.121708393096924 1800
1778864701444 1.371767520904541 1820
1778864704398 1.1845523118972778 1840
1778864707352 1.5723806619644165 1860
1778864710307 1.2021946907043457 1880
1778864713261 1.183982014656067 1900
1778864716216 1.342519998550415 1920
1778864719174 1.189030408859253 1940
1778864722129 1.0900074243545532 1960
1778864725088 1.7379790544509888 1980
1778864728042 1.9477015733718872 2000
1778864743244 2.7858502864837646 2020
1778864746197 2.5449142456054688 2040
1778864749150 1.4877153635025024 2060
1778864752103 0.9328127503395081 2080
1778864755056 2.420109748840332 2100
1778864758009 1.5113765001296997 2120
1778864760962 2.119810104370117 2140
1778864763916 1.6740480661392212 2160
1778864766871 1.297667384147644 2180
1778864769824 1.9358556270599365 2200
1778864772785 1.5225828886032104 2220
1778864775738 2.5013363361358643 2240
1778864791115 1.1471656560897827 2260
1778864794067 1.6817728281021118 2280
1778864797020 2.1505210399627686 2300
1778864799974 1.3949531316757202 2320
1778864802926 1.886756420135498 2340
1778864805885 1.7992488145828247 2360
1778864808840 1.693617582321167 2380
1778864811793 1.9968479871749878 2400
1778864814744 1.3670589923858643 2420
1778864817697 3.2462761402130127 2440
1778864820649 1.1708720922470093 2460
1778864823601 1.6001131534576416 2480
1778864826554 1.4861762523651123 2500
1778864841962 1.107102870941162 2520
1778864844916 1.2678691148757935 2540
1778864847868 1.5938291549682617 2560
1778864850826 1.838845133781433 2580
1778864853779 3.059115409851074 2600
1778864856731 2.0041115283966064 2620
1778864859685 1.8896681070327759 2640
1778864862637 1.9385443925857544 2660
1778864865576 2.00048565864563 2680
1778864868529 2.5502092838287354 2700
1778864871481 1.3700374364852905 2720
1778864874433 2.54433536529541 2740
1778864889803 1.9883257150650024 2760
1778864892761 0.9017282724380493 2780
1778864895715 1.3017525672912598 2800
1778864898674 1.6489686965942383 2820
1778864901628 1.4576712846755981 2840
1778864904582 1.621798038482666 2860
1778864907535 2.335665464401245 2880
1778864910490 1.2949013710021973 2900
1778864913445 1.9629542827606201 2920
1778864916399 1.6767103672027588 2940
1778864919352 2.358509063720703 2960
1778864922307 2.393009662628174 2980
1778864925261 1.496889591217041 3000
1778864940669 2.756877899169922 3020
1778864943626 1.3658381700515747 3040
1778864946580 1.2699098587036133 3060
1778864949538 0.45212769508361816 3080
1778864952492 1.902909517288208 3100
1778864955446 2.132436990737915 3120
1778864958401 3.104306697845459 3140
1778864961354 1.4567584991455078 3160
1778864964307 2.2613425254821777 3180
1778864967260 1.2076183557510376 3200
1778864970213 2.6805574893951416 3220
1778864973167 2.5524685382843018 3240
1778864988553 1.3787202835083008 3260
1778864991509 2.622166395187378 3280
1778864994462 1.246563196182251 3300
1778864997420 2.0721757411956787 3320
1778865000373 3.66032338142395 3340
1778865003325 4.098811626434326 3360
1778865006278 2.627354145050049 3380
1778865009230 2.3513786792755127 3400
1778865012182 2.4432101249694824 3420
1778865015135 2.292161464691162 3440
1778865018087 2.4104440212249756 3460
1778865021039 2.26814866065979 3480
1778865023992 2.655212163925171 3500
1778865039393 3.6971793174743652 3520
1778865042347 2.7575979232788086 3540
1778865045299 2.0064761638641357 3560
1778865048257 2.3771557807922363 3580
1778865051210 2.8364081382751465 3600
1778865054163 3.8696129322052 3620
1778865057117 2.065981149673462 3640
1778865060071 2.6608028411865234 3660
1778865063024 3.3558778762817383 3680
1778865065976 1.5494393110275269 3700
1778865068928 1.561385989189148 3720
1778865071880 2.6564974784851074 3740
1778865087244 3.038090467453003 3760
1778865090199 2.023754119873047 3780
1778865093152 2.3026411533355713 3800
1778865096108 1.914017915725708 3820
1778865099060 2.4052977561950684 3840
1778865102014 2.5886390209198 3860
1778865104967 2.400529384613037 3880
1778865107920 1.8123281002044678 3900
1778865110872 2.5242760181427 3920
1778865113824 2.77396559715271 3940
1778865116777 2.27986478805542 3960
1778865119729 1.6607146263122559 3980
1778865122665 1.0624678134918213 4000
1778865138060 2.1307148933410645 4020
1778865141015 1.9935643672943115 4040
1778865143972 1.6178520917892456 4060
1778865146929 2.5582871437072754 4080
1778865149883 0.5180770754814148 4100
1778865152834 4.1302809715271 4120
1778865155786 1.6167802810668945 4140
1778865158739 2.762523889541626 4160
1778865161693 1.2293241024017334 4180
1778865164646 1.972022533416748 4200
1778865167598 2.0481274127960205 4220
1778865170551 3.4077253341674805 4240
1778865185910 4.056949615478516 4260
1778865188866 1.7177215814590454 4280
1778865191819 3.160398006439209 4300
1778865194778 2.254300117492676 4320
1778865197729 2.87782621383667 4340
1778865200682 2.974489688873291 4360
1778865203636 0.7352426648139954 4380
1778865206588 2.9610002040863037 4400
1778865209540 1.870468258857727 4420
1778865212492 1.4895095825195312 4440
1778865215444 1.489974021911621 4460
1778865218397 2.181475877761841 4480
1778865221348 4.798918724060059 4500
1778865236764 2.8851394653320312 4520
1778865239718 1.5158138275146484 4540
1778865242669 2.5028531551361084 4560
1778865245625 2.1617202758789062 4580
1778865248575 2.8790478706359863 4600
1778865251527 0.9493479132652283 4620
1778865254477 3.6490211486816406 4640
1778865257428 1.853679895401001 4660
1778865260381 5.348162651062012 4680
1778865263332 3.571547508239746 4700
1778865266283 3.3136825561523438 4720
1778865269234 0.9314884543418884 4740
1778865284615 3.120147943496704 4760
1778865287567 0.9704787731170654 4780
1778865290519 3.43979549407959 4800
1778865293470 1.379612684249878 4820
1778865296422 4.625805377960205 4840
1778865299375 2.4529311656951904 4860
1778865302327 3.7506790161132812 4880
1778865305283 2.0467610359191895 4900
1778865308234 2.759417772293091 4920
1778865311185 2.5418524742126465 4940
1778865314138 2.1134016513824463 4960
1778865317090 4.843272686004639 4980
1778865320042 3.0505223274230957 5000
1778865335466 2.931701183319092 5020
1778865338418 0.5852643251419067 5040
1778865341369 1.3331129550933838 5060
1778865344322 4.0806565284729 5080
1778865347274 3.1766059398651123 5100
1778865350230 1.0840333700180054 5120
1778865353183 1.9865314960479736 5140
1778865356134 4.87489652633667 5160
1778865359085 3.3954734802246094 5180
1778865362062 4.3148193359375 5200
1778865365043 0.4789802134037018 5220
1778865368268 1.2437093257904053 5240
1778865384062 1.0568244457244873 5260
1778865387039 3.248075246810913 5280
1778865390040 5.178088665008545 5300
1778865393039 2.019310474395752 5320
1778865396019 1.8754637241363525 5340
1778865399017 1.6522085666656494 5360
1778865402010 1.3550128936767578 5380
1778865404998 0.18778102099895477 5400
1778865408002 0.9092891812324524 5420
1778865411008 1.7885541915893555 5440
1778865414013 0.5583975315093994 5460
1778865417008 2.6726083755493164 5480
1778865419998 0.932100236415863 5500
1778865435613 0.947597086429596 5520
1778865438618 0.5287753343582153 5540
1778865441620 2.1452958583831787 5560
1778865444627 1.9816904067993164 5580
1778865447634 0.7101219296455383 5600
1778865450638 3.2007932662963867 5620
1778865453639 0.8233650326728821 5640
1778865456638 1.3229275941848755 5660
1778865459638 3.6618082523345947 5680
1778865462641 1.8280071020126343 5700
1778865465639 1.7823987007141113 5720
1778865468631 2.001560688018799 5740
1778865484282 2.530026435852051 5760
1778865487287 1.423448085784912 5780
1778865490298 1.8772425651550293 5800
1778865493298 1.6057249307632446 5820
1778865496301 2.253181219100952 5840
1778865499298 3.9109065532684326 5860
1778865502293 2.5882065296173096 5880
1778865505298 2.649015426635742 5900
1778865508294 2.1877474784851074 5920
1778865511291 2.656989097595215 5940
1778865514288 0.5056524872779846 5960
1778865517290 2.602372169494629 5980
1778865520290 3.9924092292785645 6000
1778865535945 5.5935845375061035 6020
1778865538942 2.3585710525512695 6040
1778865541947 7.274857521057129 6060
1778865544961 1.2315281629562378 6080
1778865547963 1.2636257410049438 6100
1778865550974 0.7434762716293335 6120
1778865553981 2.1252570152282715 6140
1778865556984 0.5129733085632324 6160
1778865559996 0.43217238783836365 6180
1778865563007 1.534788727760315 6200
1778865566012 3.8091721534729004 6220
1778865569023 1.3977577686309814 6240
1778865584660 1.084567666053772 6260
1778865587666 1.7454527616500854 6280
1778865590665 4.9541778564453125 6300
1778865593663 3.969655752182007 6320
1778865596666 0.943703293800354 6340
1778865599675 1.880140781402588 6360
1778865602674 2.6679844856262207 6380
1778865605682 0.5826618075370789 6400
1778865608684 0.32513463497161865 6420
1778865611676 4.517307758331299 6440
1778865614673 3.1604321002960205 6460
1778865617668 4.221015453338623 6480
1778865620672 0.47196415066719055 6500
1778865636341 1.5523003339767456 6520
1778865639342 4.052206516265869 6540
1778865642345 0.3002197742462158 6560
1778865645351 1.0585540533065796 6580
1778865648354 0.765120804309845 6600
1778865651361 2.6400303840637207 6620
1778865654365 2.772756814956665 6640
1778865657342 2.24566912651062 6660
