1779324598289 1.1400000000000001e-05 20
1779324599433 2.3400000000000003e-05 40
1779324600622 2.9923186344238974e-05 60
1779324601835 2.97524893314367e-05 80
1779324603013 2.9581792318634425e-05 100
1779324604132 2.941109530583215e-05 120
1779324605248 2.9240398293029872e-05 140
1779324606437 2.9069701280227596e-05 160
1779324607545 2.8899004267425323e-05 180
1779324608640 2.8728307254623044e-05 200
1779324609727 2.8557610241820767e-05 220
1779324610850 2.838691322901849e-05 240
1779324617623 2.821621621621622e-05 260
1779324618777 2.8045519203413942e-05 280
1779324619901 2.7874822190611666e-05 300
1779324621032 2.770412517780939e-05 320
1779324622122 2.7533428165007113e-05 340
1779324623298 2.7362731152204837e-05 360
1779324624410 2.719203413940256e-05 380
1779324625483 2.7021337126600285e-05 400
1779324626600 2.685064011379801e-05 420
1779324627714 2.6679943100995732e-05 440
1779324628808 2.650924608819346e-05 460
1779324629932 2.6338549075391183e-05 480
1779324631061 2.6167852062588904e-05 500
1779324638218 2.5997155049786627e-05 520
1779324639349 2.5826458036984355e-05 540
1779324640411 2.565576102418208e-05 560
1779324641623 2.5485064011379802e-05 580
1779324642730 2.5314366998577526e-05 600
1779324643800 2.514366998577525e-05 620
1779324644981 2.4972972972972973e-05 640
1779324646135 2.4802275960170697e-05 660
1779324647214 2.463157894736842e-05 680
1779324648368 2.4460881934566145e-05 700
1779324649616 2.429018492176387e-05 720
1779324650930 2.4119487908961596e-05 740
1779324657672 2.394879089615932e-05 760
1779324658841 2.3778093883357043e-05 780
1779324659955 2.3607396870554764e-05 800
1779324660955 2.343669985775249e-05 820
1779324662076 2.3266002844950215e-05 840
1779324663199 2.3095305832147938e-05 860
1779324664280 2.2924608819345662e-05 880
1779324665350 2.2753911806543386e-05 900
1779324666401 2.2583214793741113e-05 920
1779324667470 2.2412517780938833e-05 940
1779324668594 2.2241820768136557e-05 960
1779324669702 2.207112375533428e-05 980
1779324670757 2.1900426742532005e-05 1000
1779324677648 2.1729729729729732e-05 1020
1779324678723 2.1559032716927456e-05 1040
1779324679740 2.138833570412518e-05 1060
1779324680777 2.1217638691322903e-05 1080
1779324681857 2.1046941678520624e-05 1100
1779324682944 2.087624466571835e-05 1120
1779324683992 2.0705547652916074e-05 1140
1779324685133 2.0534850640113798e-05 1160
1779324686186 2.0364153627311522e-05 1180
1779324687199 2.019345661450925e-05 1200
1779324688180 2.0022759601706973e-05 1220
1779324689196 1.9852062588904693e-05 1240
1779324695167 1.9681365576102417e-05 1260
1779324696128 1.951066856330014e-05 1280
1779324697125 1.9339971550497868e-05 1300
1779324698209 1.9169274537695592e-05 1320
1779324699277 1.8998577524893316e-05 1340
1779324700327 1.882788051209104e-05 1360
1779324701383 1.865718349928876e-05 1380
1779324702451 1.8486486486486487e-05 1400
1779324703527 1.831578947368421e-05 1420
1779324704562 1.8145092460881934e-05 1440
1779324705596 1.7974395448079658e-05 1460
1779324706703 1.7803698435277385e-05 1480
1779324707778 1.763300142247511e-05 1500
1779324715408 1.7462304409672833e-05 1520
1779324716523 1.7291607396870553e-05 1540
1779324717675 1.7120910384068277e-05 1560
1779324718821 1.6950213371266004e-05 1580
1779324719954 1.6779516358463728e-05 1600
1779324721102 1.6608819345661452e-05 1620
1779324722205 1.6438122332859175e-05 1640
1779324723391 1.62674253200569e-05 1660
1779324724683 1.6096728307254623e-05 1680
1779324725760 1.5926031294452347e-05 1700
1779324726828 1.575533428165007e-05 1720
1779324727910 1.5584637268847794e-05 1740
1779324734613 1.541394025604552e-05 1760
1779324735707 1.5243243243243245e-05 1780
1779324736762 1.5072546230440967e-05 1800
1779324737821 1.4901849217638691e-05 1820
1779324738881 1.4731152204836417e-05 1840
1779324739961 1.4560455192034139e-05 1860
1779324741026 1.4389758179231864e-05 1880
1779324742162 1.4219061166429588e-05 1900
1779324743355 1.4048364153627312e-05 1920
1779324744454 1.3877667140825035e-05 1940
1779324745573 1.370697012802276e-05 1960
1779324746667 1.3536273115220485e-05 1980
1779324747757 1.3365576102418208e-05 2000
1779324754923 1.3194879089615932e-05 2020
1779324756066 1.3024182076813656e-05 2040
1779324757214 1.285348506401138e-05 2060
1779324758328 1.2682788051209104e-05 2080
1779324759514 1.2512091038406827e-05 2100
1779324760708 1.2341394025604553e-05 2120
1779324761853 1.2170697012802277e-05 2140
1779324763048 1.2e-05 2160
1779324764362 1.1829302987197724e-05 2180
1779324765458 1.1658605974395448e-05 2200
1779324766610 1.1487908961593173e-05 2220
1779324767759 1.1317211948790895e-05 2240
1779324774878 1.1146514935988621e-05 2260
1779324776043 1.0975817923186345e-05 2280
1779324777437 1.080512091038407e-05 2300
1779324778661 1.0634423897581792e-05 2320
1779324779815 1.0463726884779516e-05 2340
1779324780889 1.0293029871977241e-05 2360
1779324781976 1.0122332859174963e-05 2380
1779324783028 9.951635846372689e-06 2400
1779324784067 9.780938833570413e-06 2420
1779324785117 9.610241820768138e-06 2440
1779324786187 9.43954480796586e-06 2460
1779324787320 9.268847795163584e-06 2480
1779324788344 9.09815078236131e-06 2500
1779324795063 8.927453769559033e-06 2520
1779324796152 8.756756756756757e-06 2540
1779324797223 8.58605974395448e-06 2560
1779324798362 8.415362731152206e-06 2580
1779324799547 8.244665718349928e-06 2600
1779324800763 8.073968705547652e-06 2620
1779324801930 7.903271692745378e-06 2640
1779324803008 7.732574679943101e-06 2660
1779324804112 7.561877667140826e-06 2680
1779324805316 7.391180654338549e-06 2700
1779324806664 7.2204836415362735e-06 2720
1779324807842 7.049786628733997e-06 2740
1779324815376 6.879089615931722e-06 2760
1779324816588 6.708392603129446e-06 2780
1779324817833 6.5376955903271694e-06 2800
1779324818987 6.366998577524893e-06 2820
1779324820187 6.196301564722617e-06 2840
1779324821429 6.025604551920342e-06 2860
1779324822693 5.854907539118065e-06 2880
1779324824035 5.68421052631579e-06 2900
1779324825192 5.513513513513514e-06 2920
1779324826305 5.3428165007112375e-06 2940
1779324827475 5.172119487908961e-06 2960
1779324828612 5.001422475106686e-06 2980
1779324829730 4.83072546230441e-06 3000
1779324836448 4.660028449502134e-06 3020
1779324837490 4.489331436699858e-06 3040
1779324838547 4.318634423897582e-06 3060
1779324839658 4.147937411095306e-06 3080
1779324840901 3.977240398293029e-06 3100
1779324841957 3.806543385490754e-06 3120
1779324843045 3.635846372688478e-06 3140
1779324844093 3.4651493598862024e-06 3160
1779324845242 3.2944523470839257e-06 3180
1779324846407 3.12375533428165e-06 3200
1779324847461 2.953058321479374e-06 3220
1779324848547 2.7823613086770983e-06 3240
1779324855502 2.611664295874822e-06 3260
1779324856657 2.4409672830725463e-06 3280
1779324857937 2.2702702702702705e-06 3300
1779324859127 2.0995732574679942e-06 3320
1779324860319 1.9288762446657184e-06 3340
1779324861630 1.7581792318634424e-06 3360
1779324862863 1.5874822190611664e-06 3380
1779324864031 1.4167852062588904e-06 3400
1779324865260 1.2460881934566146e-06 3420
1779324866390 1.0753911806543386e-06 3440
1779324867506 9.046941678520625e-07 3460
1779324868471 7.339971550497866e-07 3480
1779324869506 5.633001422475107e-07 3500
1779324876910 3.9260312944523475e-07 3520
1779324878002 2.2190611664295875e-07 3540
1779324879060 5.120910384068279e-08 3560
