1779324598289 0.6959 20
1779324599433 0.6918 40
1779324600622 0.6885 60
1779324601835 0.682 80
1779324603013 0.6824 100
1779324604132 0.6838 120
1779324605248 0.6812 140
1779324606437 0.684 160
1779324607545 0.6728 180
1779324608640 0.6817 200
1779324609727 0.6796 220
1779324610850 0.6697 240
1779324617623 0.6799 260
1779324618777 0.6761 280
1779324619901 0.6705 300
1779324621032 0.6752 320
1779324622122 0.6707 340
1779324623298 0.6731 360
1779324624410 0.6707 380
1779324625483 0.6726 400
1779324626600 0.6868 420
1779324627714 0.6689 440
1779324628808 0.6676 460
1779324629932 0.6645 480
1779324631061 0.678 500
1779324638218 0.6597 520
1779324639349 0.6657 540
1779324640411 0.6737 560
1779324641623 0.6618 580
1779324642730 0.687 600
1779324643800 0.6525 620
1779324644981 0.6798 640
1779324646135 0.6519 660
1779324647214 0.6621 680
1779324648368 0.6651 700
1779324649616 0.6521 720
1779324650930 0.6531 740
1779324657672 0.6575 760
1779324658841 0.6569 780
1779324659955 0.6511 800
1779324660955 0.6488 820
1779324662076 0.6647 840
1779324663199 0.6563 860
1779324664280 0.6463 880
1779324665350 0.6456 900
1779324666401 0.6723 920
1779324667470 0.6555 940
1779324668594 0.6573 960
1779324669702 0.6583 980
1779324670757 0.6515 1000
1779324677648 0.6573 1020
1779324678723 0.6523 1040
1779324679740 0.6657 1060
1779324680777 0.6471 1080
1779324681857 0.6673 1100
1779324682944 0.6597 1120
1779324683992 0.674 1140
1779324685133 0.6693 1160
1779324686186 0.6717 1180
1779324687199 0.6608 1200
1779324688180 0.6501 1220
1779324689196 0.6707 1240
1779324695167 0.6666 1260
1779324696128 0.6437 1280
1779324697125 0.6591 1300
1779324698209 0.659 1320
1779324699277 0.6633 1340
1779324700327 0.669 1360
1779324701383 0.6595 1380
1779324702451 0.6753 1400
1779324703527 0.6515 1420
1779324704562 0.6501 1440
1779324705596 0.6589 1460
1779324706703 0.6439 1480
1779324707778 0.6356 1500
1779324715408 0.637 1520
1779324716523 0.645 1540
1779324717675 0.6708 1560
1779324718821 0.6652 1580
1779324719954 0.6288 1600
1779324721102 0.6385 1620
1779324722205 0.6537 1640
1779324723391 0.6487 1660
1779324724683 0.655 1680
1779324725760 0.646 1700
1779324726828 0.6639 1720
1779324727910 0.667 1740
1779324734613 0.6407 1760
1779324735707 0.6411 1780
1779324736762 0.6602 1800
1779324737821 0.6492 1820
1779324738881 0.6656 1840
1779324739961 0.653 1860
1779324741026 0.6499 1880
1779324742162 0.6636 1900
1779324743355 0.6647 1920
1779324744454 0.6379 1940
1779324745573 0.6587 1960
1779324746667 0.6596 1980
1779324747757 0.665 2000
1779324754923 0.6625 2020
1779324756066 0.6586 2040
1779324757214 0.6401 2060
1779324758328 0.6462 2080
1779324759514 0.6639 2100
1779324760708 0.65 2120
1779324761853 0.6566 2140
1779324763048 0.6436 2160
1779324764362 0.6647 2180
1779324765458 0.6378 2200
1779324766610 0.6473 2220
1779324767759 0.6389 2240
1779324774878 0.6647 2260
1779324776043 0.6469 2280
1779324777437 0.6377 2300
1779324778661 0.6344 2320
1779324779815 0.6477 2340
1779324780889 0.6412 2360
1779324781976 0.6721 2380
1779324783028 0.6529 2400
1779324784067 0.6523 2420
1779324785117 0.6652 2440
1779324786187 0.6438 2460
1779324787320 0.6399 2480
1779324788344 0.6461 2500
1779324795063 0.6622 2520
1779324796152 0.6426 2540
1779324797223 0.6617 2560
1779324798362 0.6499 2580
1779324799547 0.6433 2600
1779324800763 0.6573 2620
1779324801930 0.6493 2640
1779324803008 0.6404 2660
1779324804112 0.6417 2680
1779324805316 0.6452 2700
1779324806664 0.6539 2720
1779324807842 0.6425 2740
1779324815376 0.664 2760
1779324816588 0.6409 2780
1779324817833 0.6446 2800
1779324818987 0.6464 2820
1779324820187 0.6541 2840
1779324821429 0.6368 2860
1779324822693 0.6428 2880
1779324824035 0.6352 2900
1779324825192 0.6451 2920
1779324826305 0.6431 2940
1779324827475 0.6423 2960
1779324828612 0.6414 2980
1779324829730 0.649 3000
1779324836448 0.6371 3020
1779324837490 0.6618 3040
1779324838547 0.6379 3060
1779324839658 0.6245 3080
1779324840901 0.66 3100
1779324841957 0.6383 3120
1779324843045 0.6662 3140
1779324844093 0.6337 3160
1779324845242 0.6361 3180
1779324846407 0.6504 3200
1779324847461 0.6457 3220
1779324848547 0.6477 3240
1779324855502 0.6514 3260
1779324856657 0.6585 3280
1779324857937 0.663 3300
1779324859127 0.6483 3320
1779324860319 0.6371 3340
1779324861630 0.6623 3360
1779324862863 0.6434 3380
1779324864031 0.6309 3400
1779324865260 0.6568 3420
1779324866390 0.6353 3440
1779324867506 0.6595 3460
1779324868471 0.648 3480
1779324869506 0.6662 3500
1779324876910 0.643 3520
1779324878002 0.6449 3540
1779324879060 0.6562 3560
