1778761098029 0.1092896174863388 20
1778761098352 0.2185792349726776 40
1778761098676 0.32786885245901637 60
1778761099000 0.4371584699453552 80
1778761099325 0.546448087431694 100
1778761099650 0.6557377049180327 120
1778761099975 0.7650273224043715 140
1778761100300 0.8743169398907104 160
1778761100625 0.9836065573770492 180
1778761100949 1.092896174863388 200
1778761101274 1.2021857923497268 220
1778761101598 1.3114754098360657 240
1778761102073 1.366120218579235 250
1778761104541 1.4207650273224044 260
1778761104871 1.530054644808743 280
1778761105197 1.639344262295082 300
1778761105521 1.748633879781421 320
1778761105846 1.8579234972677594 340
1778761106172 1.9672131147540983 360
1778761106496 2.0765027322404372 380
1778761106822 2.185792349726776 400
1778761107147 2.2950819672131146 420
1778761107472 2.4043715846994536 440
1778761107797 2.5136612021857925 460
1778761108122 2.6229508196721314 480
1778761108446 2.73224043715847 500
1778761108759 2.73224043715847 500
1778761111382 2.841530054644809 520
1778761111707 2.9508196721311473 540
1778761112031 3.060109289617486 560
1778761112356 3.169398907103825 580
1778761112681 3.278688524590164 600
1778761113006 3.387978142076503 620
1778761113331 3.4972677595628414 640
1778761113655 3.6065573770491803 660
1778761113980 3.7158469945355193 680
1778761114305 3.8251366120218577 700
1778761114629 3.9344262295081966 720
1778761114953 4.043715846994536 740
1778761115433 4.098360655737705 750
1778761117709 4.1530054644808745 760
1778761118090 4.262295081967213 780
1778761118415 4.371584699453552 800
1778761118748 4.48087431693989 820
1778761119074 4.590163934426229 840
1778761119400 4.699453551912568 860
1778761119725 4.808743169398907 880
1778761120050 4.918032786885246 900
1778761120374 5.027322404371585 920
1778761120699 5.136612021857924 940
1778761121023 5.245901639344262 960
1778761121348 5.355191256830601 980
1778761121672 5.46448087431694 1000
1778761121993 5.46448087431694 1000
1778761124926 5.573770491803279 1020
1778761125252 5.683060109289618 1040
1778761125578 5.7923497267759565 1060
1778761125904 5.901639344262295 1080
1778761126229 6.0109289617486334 1100
1778761126555 6.120218579234972 1120
1778761126879 6.229508196721311 1140
1778761127206 6.33879781420765 1160
1778761127531 6.448087431693989 1180
1778761127856 6.557377049180328 1200
1778761128182 6.666666666666667 1220
1778761128507 6.775956284153006 1240
1778761128981 6.830601092896175 1250
1778761131187 6.885245901639344 1260
1778761131513 6.994535519125683 1280
1778761131837 7.103825136612022 1300
1778761132161 7.213114754098361 1320
1778761132486 7.3224043715847 1340
1778761132810 7.4316939890710385 1360
1778761133134 7.540983606557377 1380
1778761133459 7.6502732240437155 1400
1778761133783 7.759562841530054 1420
1778761134108 7.868852459016393 1440
1778761134434 7.978142076502732 1460
1778761134758 8.087431693989071 1480
1778761135083 8.19672131147541 1500
1778761135398 8.19672131147541 1500
1778761138050 8.306010928961749 1520
1778761138375 8.415300546448087 1540
1778761138701 8.524590163934427 1560
1778761139026 8.633879781420765 1580
1778761139350 8.743169398907105 1600
1778761139675 8.852459016393443 1620
1778761139999 8.96174863387978 1640
1778761140323 9.07103825136612 1660
1778761140648 9.180327868852459 1680
1778761140974 9.289617486338798 1700
1778761141299 9.398907103825136 1720
1778761141624 9.508196721311476 1740
1778761142098 9.562841530054644 1750
1778761144565 9.617486338797814 1760
1778761144893 9.726775956284152 1780
1778761145219 9.836065573770492 1800
1778761145544 9.94535519125683 1820
1778761148387 10.0 1830
1778761148959 10.0 1830
1778761149349 10.0 1830
1778761153889 10.0 0
