1778761098029 0.7 20
1778761098352 0.6983 40
1778761098676 0.6933 60
1778761099000 0.6881 80
1778761099325 0.6772 100
1778761099650 0.6778 120
1778761099975 0.6672 140
1778761100300 0.6641 160
1778761100625 0.6706 180
1778761100949 0.6552 200
1778761101274 0.659 220
1778761101598 0.6491 240
1778761104541 0.6423 260
1778761104871 0.6438 280
1778761105197 0.6481 300
1778761105521 0.6635 320
1778761105846 0.6493 340
1778761106172 0.6329 360
1778761106496 0.6423 380
1778761106822 0.6349 400
1778761107147 0.6335 420
1778761107472 0.635 440
1778761107797 0.6521 460
1778761108122 0.6376 480
1778761108446 0.6355 500
1778761111382 0.6243 520
1778761111707 0.6225 540
1778761112031 0.6107 560
1778761112356 0.6043 580
1778761112681 0.6252 600
1778761113006 0.6197 620
1778761113331 0.6424 640
1778761113655 0.6348 660
1778761113980 0.6316 680
1778761114305 0.6351 700
1778761114629 0.6337 720
1778761114953 0.6335 740
1778761117709 0.6179 760
1778761118090 0.6008 780
1778761118415 0.6227 800
1778761118748 0.6293 820
1778761119074 0.6201 840
1778761119400 0.6042 860
1778761119725 0.6271 880
1778761120050 0.6209 900
1778761120374 0.6377 920
1778761120699 0.6174 940
1778761121023 0.6202 960
1778761121348 0.606 980
1778761121672 0.6059 1000
1778761124926 0.6182 1020
1778761125252 0.6242 1040
1778761125578 0.6196 1060
1778761125904 0.6092 1080
1778761126229 0.6087 1100
1778761126555 0.6105 1120
1778761126879 0.5845 1140
1778761127206 0.6041 1160
1778761127531 0.6139 1180
1778761127856 0.629 1200
1778761128182 0.6168 1220
1778761128507 0.6183 1240
1778761131187 0.6274 1260
1778761131513 0.6053 1280
1778761131837 0.6325 1300
1778761132161 0.6057 1320
1778761132486 0.6065 1340
1778761132810 0.5938 1360
1778761133134 0.6122 1380
1778761133459 0.602 1400
1778761133783 0.5966 1420
1778761134108 0.6396 1440
1778761134434 0.5983 1460
1778761134758 0.6006 1480
1778761135083 0.62 1500
1778761138050 0.6068 1520
1778761138375 0.5956 1540
1778761138701 0.6272 1560
1778761139026 0.616 1580
1778761139350 0.5901 1600
1778761139675 0.6011 1620
1778761139999 0.6061 1640
1778761140323 0.5975 1660
1778761140648 0.6063 1680
1778761140974 0.6 1700
1778761141299 0.6072 1720
1778761141624 0.6145 1740
1778761144565 0.6025 1760
1778761144893 0.5958 1780
1778761145219 0.6039 1800
1778761145544 0.6247 1820
