1778761808110 1.1400000000000001e-05 20
1778761809025 2.3400000000000003e-05 40
1778761809942 2.9923186344238974e-05 60
1778761810857 2.97524893314367e-05 80
1778761811773 2.9581792318634425e-05 100
1778761812689 2.941109530583215e-05 120
1778761813605 2.9240398293029872e-05 140
1778761814521 2.9069701280227596e-05 160
1778761815436 2.8899004267425323e-05 180
1778761816351 2.8728307254623044e-05 200
1778761817267 2.8557610241820767e-05 220
1778761818182 2.838691322901849e-05 240
1778761824495 2.821621621621622e-05 260
1778761825410 2.8045519203413942e-05 280
1778761826325 2.7874822190611666e-05 300
1778761827240 2.770412517780939e-05 320
1778761828156 2.7533428165007113e-05 340
1778761829071 2.7362731152204837e-05 360
1778761829985 2.719203413940256e-05 380
1778761830902 2.7021337126600285e-05 400
1778761831817 2.685064011379801e-05 420
1778761832732 2.6679943100995732e-05 440
1778761833647 2.650924608819346e-05 460
1778761834562 2.6338549075391183e-05 480
1778761835477 2.6167852062588904e-05 500
1778761841849 2.5997155049786627e-05 520
1778761842766 2.5826458036984355e-05 540
1778761843682 2.565576102418208e-05 560
1778761844598 2.5485064011379802e-05 580
1778761845514 2.5314366998577526e-05 600
1778761846430 2.514366998577525e-05 620
1778761847346 2.4972972972972973e-05 640
1778761848261 2.4802275960170697e-05 660
1778761849176 2.463157894736842e-05 680
1778761850091 2.4460881934566145e-05 700
1778761851000 2.429018492176387e-05 720
1778761851917 2.4119487908961596e-05 740
1778761858042 2.394879089615932e-05 760
1778761858965 2.3778093883357043e-05 780
1778761859881 2.3607396870554764e-05 800
1778761860797 2.343669985775249e-05 820
1778761861713 2.3266002844950215e-05 840
1778761862629 2.3095305832147938e-05 860
1778761863546 2.2924608819345662e-05 880
1778761864463 2.2753911806543386e-05 900
1778761865380 2.2583214793741113e-05 920
1778761866298 2.2412517780938833e-05 940
1778761867214 2.2241820768136557e-05 960
1778761868131 2.207112375533428e-05 980
1778761869049 2.1900426742532005e-05 1000
1778761875613 2.1729729729729732e-05 1020
1778761876530 2.1559032716927456e-05 1040
1778761877446 2.138833570412518e-05 1060
1778761878363 2.1217638691322903e-05 1080
1778761879279 2.1046941678520624e-05 1100
1778761880195 2.087624466571835e-05 1120
1778761881112 2.0705547652916074e-05 1140
1778761882028 2.0534850640113798e-05 1160
1778761882944 2.0364153627311522e-05 1180
1778761883861 2.019345661450925e-05 1200
1778761884778 2.0022759601706973e-05 1220
1778761885695 1.9852062588904693e-05 1240
1778761891799 1.9681365576102417e-05 1260
1778761892715 1.951066856330014e-05 1280
1778761893633 1.9339971550497868e-05 1300
1778761894550 1.9169274537695592e-05 1320
1778761895465 1.8998577524893316e-05 1340
1778761896381 1.882788051209104e-05 1360
1778761897296 1.865718349928876e-05 1380
1778761898211 1.8486486486486487e-05 1400
1778761899127 1.831578947368421e-05 1420
1778761900036 1.8145092460881934e-05 1440
1778761900952 1.7974395448079658e-05 1460
1778761901867 1.7803698435277385e-05 1480
1778761902783 1.763300142247511e-05 1500
1778761909134 1.7462304409672833e-05 1520
1778761910049 1.7291607396870553e-05 1540
1778761910965 1.7120910384068277e-05 1560
1778761911881 1.6950213371266004e-05 1580
1778761912797 1.6779516358463728e-05 1600
1778761913713 1.6608819345661452e-05 1620
1778761914630 1.6438122332859175e-05 1640
1778761915546 1.62674253200569e-05 1660
1778761916462 1.6096728307254623e-05 1680
1778761917378 1.5926031294452347e-05 1700
1778761918294 1.575533428165007e-05 1720
1778761919210 1.5584637268847794e-05 1740
1778761925554 1.541394025604552e-05 1760
1778761926470 1.5243243243243245e-05 1780
1778761927387 1.5072546230440967e-05 1800
1778761928302 1.4901849217638691e-05 1820
1778761929220 1.4731152204836417e-05 1840
1778761930135 1.4560455192034139e-05 1860
1778761931050 1.4389758179231864e-05 1880
1778761931966 1.4219061166429588e-05 1900
1778761932881 1.4048364153627312e-05 1920
1778761933796 1.3877667140825035e-05 1940
1778761934710 1.370697012802276e-05 1960
1778761935626 1.3536273115220485e-05 1980
1778761936542 1.3365576102418208e-05 2000
1778761942833 1.3194879089615932e-05 2020
1778761943748 1.3024182076813656e-05 2040
1778761944663 1.285348506401138e-05 2060
1778761945578 1.2682788051209104e-05 2080
1778761946493 1.2512091038406827e-05 2100
1778761947408 1.2341394025604553e-05 2120
1778761948316 1.2170697012802277e-05 2140
1778761949231 1.2e-05 2160
1778761950146 1.1829302987197724e-05 2180
1778761951060 1.1658605974395448e-05 2200
1778761951974 1.1487908961593173e-05 2220
1778761952889 1.1317211948790895e-05 2240
1778761959244 1.1146514935988621e-05 2260
1778761960159 1.0975817923186345e-05 2280
1778761961076 1.080512091038407e-05 2300
1778761961992 1.0634423897581792e-05 2320
1778761962908 1.0463726884779516e-05 2340
1778761963824 1.0293029871977241e-05 2360
1778761964740 1.0122332859174963e-05 2380
1778761965656 9.951635846372689e-06 2400
1778761966571 9.780938833570413e-06 2420
1778761967487 9.610241820768138e-06 2440
1778761968403 9.43954480796586e-06 2460
1778761969319 9.268847795163584e-06 2480
1778761970235 9.09815078236131e-06 2500
1778761976569 8.927453769559033e-06 2520
1778761977485 8.756756756756757e-06 2540
1778761978402 8.58605974395448e-06 2560
1778761979317 8.415362731152206e-06 2580
1778761980234 8.244665718349928e-06 2600
1778761981149 8.073968705547652e-06 2620
1778761982065 7.903271692745378e-06 2640
1778761982981 7.732574679943101e-06 2660
1778761983896 7.561877667140826e-06 2680
1778761984812 7.391180654338549e-06 2700
1778761985728 7.2204836415362735e-06 2720
1778761986644 7.049786628733997e-06 2740
1778761993206 6.879089615931722e-06 2760
1778761994121 6.708392603129446e-06 2780
1778761995035 6.5376955903271694e-06 2800
1778761995949 6.366998577524893e-06 2820
1778761996865 6.196301564722617e-06 2840
1778761997772 6.025604551920342e-06 2860
1778761998686 5.854907539118065e-06 2880
1778761999600 5.68421052631579e-06 2900
1778762000514 5.513513513513514e-06 2920
1778762001428 5.3428165007112375e-06 2940
1778762002343 5.172119487908961e-06 2960
1778762003257 5.001422475106686e-06 2980
1778762004172 4.83072546230441e-06 3000
1778762010284 4.660028449502134e-06 3020
1778762011199 4.489331436699858e-06 3040
1778762012115 4.318634423897582e-06 3060
1778762013031 4.147937411095306e-06 3080
1778762013949 3.977240398293029e-06 3100
1778762014865 3.806543385490754e-06 3120
1778762015781 3.635846372688478e-06 3140
1778762016696 3.4651493598862024e-06 3160
1778762017611 3.2944523470839257e-06 3180
1778762018526 3.12375533428165e-06 3200
1778762019441 2.953058321479374e-06 3220
1778762020357 2.7823613086770983e-06 3240
1778762026970 2.611664295874822e-06 3260
1778762027886 2.4409672830725463e-06 3280
1778762028802 2.2702702702702705e-06 3300
1778762029717 2.0995732574679942e-06 3320
1778762030633 1.9288762446657184e-06 3340
1778762031549 1.7581792318634424e-06 3360
1778762032465 1.5874822190611664e-06 3380
1778762033380 1.4167852062588904e-06 3400
1778762034296 1.2460881934566146e-06 3420
1778762035211 1.0753911806543386e-06 3440
1778762036126 9.046941678520625e-07 3460
1778762037041 7.339971550497866e-07 3480
1778762037956 5.633001422475107e-07 3500
1778762044083 3.9260312944523475e-07 3520
1778762044999 2.2190611664295875e-07 3540
1778762045915 5.120910384068279e-08 3560
