1779313072006 0.015015015015015015 20
1779313072871 0.03003003003003003 40
1779313073669 0.04504504504504504 60
1779313074706 0.06006006006006006 80
1779313075815 0.07507507507507508 100
1779313076997 0.09009009009009009 120
1779313078048 0.10510510510510511 140
1779313079057 0.12012012012012012 160
1779313080094 0.13513513513513514 180
1779313081139 0.15015015015015015 200
1779313082134 0.16516516516516516 220
1779313083121 0.18018018018018017 240
1779313097539 0.18768768768768768 250
1779313099447 0.19519519519519518 260
1779313100580 0.21021021021021022 280
1779313101589 0.22522522522522523 300
1779313102623 0.24024024024024024 320
1779313103506 0.2552552552552553 340
1779313104496 0.2702702702702703 360
1779313105519 0.2852852852852853 380
1779313106456 0.3003003003003003 400
1779313107562 0.3153153153153153 420
1779313108613 0.3303303303303303 440
1779313109530 0.34534534534534533 460
1779313110495 0.36036036036036034 480
1779313111494 0.37537537537537535 500
1779313120168 0.37537537537537535 500
1779313123294 0.39039039039039036 520
1779313124300 0.40540540540540543 540
1779313125527 0.42042042042042044 560
1779313126451 0.43543543543543545 580
1779313127568 0.45045045045045046 600
1779313128471 0.46546546546546547 620
1779313129514 0.4804804804804805 640
1779313130493 0.4954954954954955 660
1779313131729 0.5105105105105106 680
1779313132739 0.5255255255255256 700
1779313133671 0.5405405405405406 720
1779313134574 0.5555555555555556 740
1779313143327 0.5630630630630631 750
1779313145601 0.5705705705705706 760
1779313146520 0.5855855855855856 780
1779313147648 0.6006006006006006 800
1779313148628 0.6156156156156156 820
1779313149521 0.6306306306306306 840
1779313150707 0.6456456456456456 860
1779313151734 0.6606606606606606 880
1779313152704 0.6756756756756757 900
1779313153628 0.6906906906906907 920
1779313154969 0.7057057057057057 940
1779313155978 0.7207207207207207 960
1779313156810 0.7357357357357357 980
1779313157698 0.7507507507507507 1000
1779313162657 0.7507507507507507 1000
1779313165441 0.7657657657657657 1020
1779313166280 0.7807807807807807 1040
1779313167123 0.7957957957957958 1060
1779313167993 0.8108108108108109 1080
1779313168843 0.8258258258258259 1100
1779313169722 0.8408408408408409 1120
1779313170815 0.8558558558558559 1140
1779313172034 0.8708708708708709 1160
1779313173219 0.8858858858858859 1180
1779313174364 0.9009009009009009 1200
1779313175521 0.9159159159159159 1220
1779313176563 0.9309309309309309 1240
1779313182163 0.9384384384384384 1250
1779313184366 0.9459459459459459 1260
1779313185478 0.960960960960961 1280
1779313186468 0.975975975975976 1300
1779313187675 0.990990990990991 1320
1779313188781 1.006006006006006 1340
1779313189748 1.021021021021021 1360
1779313190742 1.0360360360360361 1380
1779313191430 1.0510510510510511 1400
1779313192420 1.0660660660660661 1420
1779313193431 1.0810810810810811 1440
1779313194120 1.0960960960960962 1460
1779313194815 1.1111111111111112 1480
1779313195501 1.1261261261261262 1500
1779313201350 1.1261261261261262 1500
1779313203929 1.1411411411411412 1520
1779313204614 1.1561561561561562 1540
1779313205287 1.1711711711711712 1560
1779313205954 1.1861861861861862 1580
1779313206783 1.2012012012012012 1600
1779313207450 1.2162162162162162 1620
1779313208118 1.2312312312312312 1640
1779313209055 1.2462462462462462 1660
1779313210078 1.2612612612612613 1680
1779313211090 1.2762762762762763 1700
1779313212097 1.2912912912912913 1720
1779313213152 1.3063063063063063 1740
1779313218893 1.3138138138138138 1750
1779313221438 1.3213213213213213 1760
1779313222454 1.3363363363363363 1780
1779313223555 1.3513513513513513 1800
1779313224615 1.3663663663663663 1820
1779313225689 1.3813813813813813 1840
1779313226815 1.3963963963963963 1860
1779313227951 1.4114114114114114 1880
1779313228770 1.4264264264264264 1900
1779313229466 1.4414414414414414 1920
1779313230192 1.4564564564564564 1940
1779313231123 1.4714714714714714 1960
1779313232019 1.4864864864864864 1980
1779313232863 1.5015015015015014 2000
1779313243423 1.5015015015015014 2000
1779313246055 1.5165165165165164 2020
1779313247191 1.5315315315315314 2040
1779313248236 1.5465465465465464 2060
1779313249401 1.5615615615615615 2080
1779313250355 1.5765765765765765 2100
1779313251188 1.5915915915915915 2120
1779313251873 1.6066066066066065 2140
1779313253069 1.6216216216216215 2160
1779313254024 1.6366366366366365 2180
1779313255079 1.6516516516516515 2200
1779313256071 1.6666666666666665 2220
1779313257087 1.6816816816816815 2240
1779313265465 1.689189189189189 2250
1779313268081 1.6966966966966965 2260
1779313269131 1.7117117117117115 2280
1779313270156 1.7267267267267268 2300
1779313271152 1.7417417417417418 2320
1779313272163 1.7567567567567568 2340
1779313273219 1.7717717717717718 2360
1779313274174 1.7867867867867868 2380
1779313275355 1.8018018018018018 2400
1779313276246 1.8168168168168168 2420
1779313277287 1.8318318318318318 2440
1779313278364 1.8468468468468469 2460
1779313279471 1.8618618618618619 2480
1779313280494 1.8768768768768769 2500
1779313286778 1.8768768768768769 2500
1779313289758 1.8918918918918919 2520
1779313290749 1.906906906906907 2540
1779313291713 1.921921921921922 2560
1779313292700 1.936936936936937 2580
1779313293415 1.951951951951952 2600
1779313294101 1.966966966966967 2620
1779313295163 1.981981981981982 2640
1779313296133 1.996996996996997 2660
1779313297312 2.012012012012012 2680
1779313298407 2.027027027027027 2700
1779313299473 2.042042042042042 2720
1779313300640 2.057057057057057 2740
1779313306814 2.0645645645645647 2750
1779313309980 2.0720720720720722 2760
1779313310876 2.0870870870870872 2780
1779313311729 2.1021021021021022 2800
1779313312598 2.1171171171171173 2820
1779313313428 2.1321321321321323 2840
1779313314115 2.1471471471471473 2860
1779313314839 2.1621621621621623 2880
1779313315619 2.1771771771771773 2900
1779313316360 2.1921921921921923 2920
1779313317065 2.2072072072072073 2940
1779313317756 2.2222222222222223 2960
1779313318454 2.2372372372372373 2980
1779313319348 2.2522522522522523 3000
1779313323432 2.2522522522522523 3000
1779313325862 2.2672672672672673 3020
1779313326786 2.2822822822822824 3040
1779313327810 2.2972972972972974 3060
1779313328697 2.3123123123123124 3080
1779313329685 2.3273273273273274 3100
1779313330575 2.3423423423423424 3120
1779313331608 2.3573573573573574 3140
1779313332477 2.3723723723723724 3160
1779313333510 2.3873873873873874 3180
1779313334284 2.4024024024024024 3200
1779313335218 2.4174174174174174 3220
1779313336036 2.4324324324324325 3240
1779313347894 2.43993993993994 3250
1779313350407 2.4474474474474475 3260
1779313351342 2.4624624624624625 3280
1779313352340 2.4774774774774775 3300
1779313353307 2.4924924924924925 3320
1779313354325 2.5075075075075075 3340
1779313355148 2.5225225225225225 3360
1779313356010 2.5375375375375375 3380
1779313357085 2.5525525525525525 3400
1779313358083 2.5675675675675675 3420
1779313358982 2.5825825825825826 3440
1779313359933 2.5975975975975976 3460
1779313360903 2.6126126126126126 3480
1779313361863 2.6276276276276276 3500
1779313365706 2.6276276276276276 3500
1779313368261 2.6426426426426426 3520
1779313369125 2.6576576576576576 3540
1779313369999 2.6726726726726726 3560
1779313371077 2.6876876876876876 3580
1779313372108 2.7027027027027026 3600
1779313373093 2.7177177177177176 3620
1779313373996 2.7327327327327327 3640
1779313375096 2.7477477477477477 3660
1779313376065 2.7627627627627627 3680
1779313377197 2.7777777777777777 3700
1779313378124 2.7927927927927927 3720
1779313379019 2.8078078078078077 3740
1779313386987 2.815315315315315 3750
1779313389077 2.8228228228228227 3760
1779313389909 2.8378378378378377 3780
1779313390700 2.8528528528528527 3800
1779313391614 2.8678678678678677 3820
1779313392493 2.8828828828828827 3840
1779313393332 2.8978978978978978 3860
1779313394180 2.9129129129129128 3880
1779313395055 2.9279279279279278 3900
1779313395942 2.942942942942943 3920
1779313396866 2.957957957957958 3940
1779313397700 2.972972972972973 3960
1779313398666 2.987987987987988 3980
1779313399509 3.003003003003003 4000
1779313405545 3.003003003003003 4000
1779313408009 3.018018018018018 4020
1779313408796 3.033033033033033 4040
1779313409561 3.048048048048048 4060
1779313410320 3.063063063063063 4080
1779313411117 3.078078078078078 4100
1779313411954 3.093093093093093 4120
1779313412877 3.108108108108108 4140
1779313413810 3.123123123123123 4160
1779313414754 3.138138138138138 4180
1779313415634 3.153153153153153 4200
1779313416382 3.1681681681681684 4220
1779313417196 3.1831831831831834 4240
1779313422545 3.190690690690691 4250
1779313424845 3.1981981981981984 4260
1779313425692 3.2132132132132134 4280
1779313426409 3.2282282282282284 4300
1779313427236 3.2432432432432434 4320
1779313428148 3.2582582582582584 4340
1779313429088 3.2732732732732734 4360
1779313430208 3.2882882882882885 4380
1779313431219 3.3033033033033035 4400
1779313432112 3.3183183183183185 4420
1779313432921 3.3333333333333335 4440
1779313433746 3.3483483483483485 4460
1779313434557 3.3633633633633635 4480
1779313435501 3.3783783783783785 4500
1779313441462 3.3783783783783785 4500
1779313444367 3.3933933933933935 4520
1779313445329 3.4084084084084085 4540
1779313446241 3.4234234234234235 4560
1779313447071 3.4384384384384385 4580
1779313448127 3.4534534534534536 4600
1779313448999 3.4684684684684686 4620
1779313450268 3.4834834834834836 4640
1779313451160 3.4984984984984986 4660
1779313452102 3.5135135135135136 4680
1779313453009 3.5285285285285286 4700
1779313453907 3.5435435435435436 4720
1779313454787 3.5585585585585586 4740
1779313462161 3.566066066066066 4750
1779313464296 3.5735735735735736 4760
1779313465150 3.5885885885885886 4780
1779313466058 3.6036036036036037 4800
1779313466969 3.6186186186186187 4820
1779313467733 3.6336336336336337 4840
1779313468474 3.6486486486486487 4860
1779313469181 3.6636636636636637 4880
1779313469959 3.6786786786786787 4900
1779313470856 3.6936936936936937 4920
1779313471673 3.7087087087087087 4940
1779313472491 3.7237237237237237 4960
1779313473352 3.7387387387387387 4980
1779313474230 3.7537537537537538 5000
1779313478187 3.7537537537537538 5000
1779313480854 3.7687687687687688 5020
1779313481644 3.7837837837837838 5040
1779313482656 3.798798798798799 5060
1779313483573 3.813813813813814 5080
1779313484443 3.828828828828829 5100
1779313485271 3.843843843843844 5120
1779313486007 3.858858858858859 5140
1779313486785 3.873873873873874 5160
1779313487519 3.888888888888889 5180
1779313488205 3.903903903903904 5200
1779313488958 3.918918918918919 5220
1779313489705 3.933933933933934 5240
1779313494730 3.9414414414414414 5250
1779313496429 3.948948948948949 5260
1779313497107 3.963963963963964 5280
1779313497795 3.978978978978979 5300
1779313498571 3.993993993993994 5320
1779313499458 4.009009009009009 5340
1779313500253 4.024024024024024 5360
1779313501057 4.039039039039039 5380
1779313501965 4.054054054054054 5400
1779313502773 4.069069069069069 5420
1779313503543 4.084084084084084 5440
1779313504350 4.099099099099099 5460
1779313505239 4.114114114114114 5480
1779313506040 4.129129129129129 5500
1779313509499 4.129129129129129 5500
1779313512184 4.1441441441441444 5520
1779313513088 4.1591591591591595 5540
1779313514008 4.1741741741741745 5560
1779313514874 4.1891891891891895 5580
1779313515740 4.2042042042042045 5600
1779313516617 4.2192192192192195 5620
1779313517497 4.2342342342342345 5640
1779313518296 4.2492492492492495 5660
1779313519058 4.2642642642642645 5680
1779313520001 4.2792792792792795 5700
1779313520855 4.2942942942942945 5720
1779313521743 4.3093093093093096 5740
1779313528695 4.316816816816817 5750
1779313531183 4.324324324324325 5760
1779313532095 4.33933933933934 5780
1779313533100 4.354354354354355 5800
1779313533979 4.36936936936937 5820
1779313534979 4.384384384384385 5840
1779313535753 4.3993993993994 5860
1779313536590 4.414414414414415 5880
1779313537428 4.42942942942943 5900
1779313538203 4.444444444444445 5920
1779313539017 4.45945945945946 5940
1779313539918 4.474474474474475 5960
1779313540841 4.48948948948949 5980
1779313541890 4.504504504504505 6000
1779313545880 4.504504504504505 6000
1779313548987 4.51951951951952 6020
1779313549956 4.534534534534535 6040
1779313550851 4.54954954954955 6060
1779313551777 4.564564564564565 6080
1779313552710 4.57957957957958 6100
1779313553605 4.594594594594595 6120
1779313554331 4.60960960960961 6140
1779313555064 4.624624624624625 6160
1779313555774 4.63963963963964 6180
1779313556496 4.654654654654655 6200
1779313557241 4.66966966966967 6220
1779313557981 4.684684684684685 6240
1779313561803 4.692192192192192 6250
1779313564368 4.6996996996997 6260
1779313565201 4.714714714714715 6280
1779313566051 4.72972972972973 6300
1779313566942 4.744744744744745 6320
1779313567752 4.75975975975976 6340
1779313568592 4.774774774774775 6360
1779313569430 4.78978978978979 6380
1779313570269 4.804804804804805 6400
1779313571101 4.81981981981982 6420
1779313572070 4.834834834834835 6440
1779313572995 4.84984984984985 6460
1779313573804 4.864864864864865 6480
1779313574646 4.87987987987988 6500
1779313579387 4.87987987987988 6500
1779313582480 4.894894894894895 6520
1779313583356 4.90990990990991 6540
1779313584227 4.924924924924925 6560
1779313585020 4.93993993993994 6580
1779313585864 4.954954954954955 6600
1779313586703 4.96996996996997 6620
1779313587518 4.984984984984985 6640
1779313588361 5.0 6660
1779313591389 5.0 6660
1779313595625 5.0 6660
1779313601973 5.0 6660
1779313609133 5.0 0
