1778901557234 0.021953896816684963 20
1778901558958 0.043907793633369926 40
1778901560682 0.06586169045005488 60
1778901562405 0.08781558726673985 80
1778901564129 0.10976948408342481 100
1778901565853 0.13172338090010977 120
1778901567577 0.15367727771679474 140
1778901569301 0.1756311745334797 160
1778901571026 0.19758507135016465 180
1778901572750 0.21953896816684962 200
1778901574474 0.2414928649835346 220
1778901576199 0.26344676180021953 240
1778901586589 0.27442371020856204 250
1778901589256 0.2854006586169045 260
1778901590980 0.30735455543358947 280
1778901592705 0.32930845225027444 300
1778901594430 0.3512623490669594 320
1778901596153 0.3732162458836443 340
1778901597881 0.3951701427003293 360
1778901599605 0.41712403951701427 380
1778901601329 0.43907793633369924 400
1778901603054 0.4610318331503842 420
1778901604778 0.4829857299670692 440
1778901606502 0.5049396267837541 460
1778901608226 0.5268935236004391 480
1778901609950 0.5488474204171241 500
1778901619480 0.5488474204171241 500
1778901622793 0.570801317233809 520
1778901624517 0.5927552140504939 540
1778901626241 0.6147091108671789 560
1778901627966 0.6366630076838639 580
1778901629692 0.6586169045005489 600
1778901631417 0.6805708013172338 620
1778901633141 0.7025246981339188 640
1778901634871 0.7244785949506037 660
1778901636596 0.7464324917672887 680
1778901638320 0.7683863885839737 700
1778901640044 0.7903402854006586 720
1778901641770 0.8122941822173436 740
1778901652162 0.823271130625686 750
1778901654376 0.8342480790340285 760
1778901656100 0.8562019758507134 780
1778901657825 0.8781558726673985 800
1778901659549 0.9001097694840834 820
1778901661273 0.9220636663007684 840
1778901662998 0.9440175631174533 860
1778901664724 0.9659714599341384 880
1778901666449 0.9879253567508233 900
1778901668143 1.0098792535675083 920
1778901669867 1.031833150384193 940
1778901671598 1.0537870472008781 960
1778901673322 1.0757409440175631 980
1778901675046 1.0976948408342482 1000
1778901684573 1.0976948408342482 1000
1778901688100 1.119648737650933 1020
1778901689825 1.141602634467618 1040
1778901691549 1.163556531284303 1060
1778901693273 1.1855104281009878 1080
1778901694997 1.2074643249176729 1100
1778901696722 1.2294182217343579 1120
1778901698446 1.2513721185510427 1140
1778901700170 1.2733260153677277 1160
1778901701894 1.2952799121844127 1180
1778901703618 1.3172338090010978 1200
1778901705342 1.3391877058177828 1220
1778901707068 1.3611416026344676 1240
1778901717460 1.37211855104281 1250
1778901719914 1.3830954994511526 1260
1778901721638 1.4050493962678376 1280
1778901723361 1.4270032930845225 1300
1778901725085 1.4489571899012075 1320
1778901726809 1.4709110867178925 1340
1778901728533 1.4928649835345773 1360
1778901730257 1.5148188803512623 1380
1778901731981 1.5367727771679474 1400
1778901733705 1.5587266739846322 1420
1778901735428 1.5806805708013172 1440
1778901737152 1.6026344676180022 1460
1778901738876 1.624588364434687 1480
1778901740599 1.6465422612513723 1500
1778901750132 1.6465422612513723 1500
1778901753453 1.668496158068057 1520
1778901755177 1.690450054884742 1540
1778901756901 1.7124039517014271 1560
1778901758625 1.734357848518112 1580
1778901760349 1.756311745334797 1600
1778901762072 1.778265642151482 1620
1778901763796 1.8002195389681668 1640
1778901765520 1.8221734357848518 1660
1778901767244 1.8441273326015368 1680
1778901768967 1.8660812294182216 1700
1778901770691 1.8880351262349067 1720
1778901772415 1.9099890230515917 1740
1778901782802 1.920965971459934 1750
1778901785328 1.9319429198682765 1760
1778901787052 1.9538968166849617 1780
1778901788775 1.9758507135016465 1800
1778901790501 1.9978046103183313 1820
1778901792198 2.0197585071350166 1840
1778901793922 2.0417124039517014 1860
1778901795646 2.063666300768386 1880
1778901797370 2.0856201975850714 1900
1778901799093 2.1075740944017562 1920
1778901800817 2.129527991218441 1940
1778901802541 2.1514818880351263 1960
1778901804265 2.173435784851811 1980
1778901805988 2.1953896816684964 2000
1778901815517 2.1953896816684964 2000
1778901818589 2.217343578485181 2020
1778901820312 2.239297475301866 2040
1778901822034 2.261251372118551 2060
1778901823757 2.283205268935236 2080
1778901825480 2.305159165751921 2100
1778901827206 2.327113062568606 2120
1778901828928 2.349066959385291 2140
1778901830651 2.3710208562019757 2160
1778901832374 2.392974753018661 2180
1778901834101 2.4149286498353457 2200
1778901835824 2.436882546652031 2220
1778901837547 2.4588364434687158 2240
1778901847930 2.469813391877058 2250
1778901850344 2.4807903402854006 2260
1778901852066 2.5027442371020854 2280
1778901853789 2.5246981339187706 2300
1778901855512 2.5466520307354554 2320
1778901857235 2.5686059275521407 2340
1778901858958 2.5905598243688255 2360
1778901860680 2.6125137211855103 2380
1778901862403 2.6344676180021955 2400
1778901864125 2.6564215148188803 2420
1778901865848 2.6783754116355656 2440
1778901867571 2.7003293084522504 2460
1778901869296 2.722283205268935 2480
1778901871019 2.74423710208562 2500
1778901880543 2.74423710208562 2500
1778901883840 2.7661909989023052 2520
1778901885563 2.78814489571899 2540
1778901887285 2.8100987925356753 2560
1778901889008 2.83205268935236 2580
1778901890731 2.854006586169045 2600
1778901892454 2.8759604829857297 2620
1778901894177 2.897914379802415 2640
1778901895900 2.9198682766190998 2660
1778901897623 2.941822173435785 2680
1778901899345 2.96377607025247 2700
1778901901068 2.9857299670691546 2720
1778901902760 3.00768386388584 2740
1778901913146 3.0186608122941823 2750
1778901915814 3.0296377607025247 2760
1778901917538 3.0515916575192095 2780
1778901919263 3.0735455543358947 2800
1778901920986 3.0954994511525795 2820
1778901922711 3.1174533479692643 2840
1778901924436 3.1394072447859496 2860
1778901926160 3.1613611416026344 2880
1778901927884 3.1833150384193196 2900
1778901929608 3.2052689352360044 2920
1778901931332 3.2272228320526892 2940
1778901933056 3.2491767288693745 2960
1778901934781 3.2711306256860593 2980
1778901936505 3.293084522502744 3000
1778901946036 3.293084522502744 3000
1778901949141 3.3150384193194293 3020
1778901950865 3.336992316136114 3040
1778901952590 3.358946212952799 3060
1778901954314 3.380900109769484 3080
1778901956038 3.402854006586169 3100
1778901957763 3.4248079034028542 3120
1778901959487 3.446761800219539 3140
1778901961211 3.468715697036224 3160
1778901962936 3.4906695938529086 3180
1778901964660 3.512623490669594 3200
1778901966385 3.5345773874862787 3220
1778901968109 3.556531284302964 3240
1778901978502 3.5675082327113063 3250
1778901981201 3.5784851811196488 3260
1778901982925 3.6004390779363336 3280
1778901984649 3.622392974753019 3300
1778901986373 3.6443468715697036 3320
1778901988096 3.666300768386389 3340
1778901989820 3.6882546652030737 3360
1778901991543 3.7102085620197585 3380
1778901993267 3.7321624588364433 3400
1778901994991 3.7541163556531285 3420
1778901996715 3.7760702524698133 3440
1778901998439 3.7980241492864986 3460
1778902000162 3.8199780461031834 3480
1778902001885 3.841931942919868 3500
1778902011416 3.841931942919868 3500
1778902014512 3.863885839736553 3520
1778902016235 3.885839736553238 3540
1778902017958 3.907793633369923 3560
1778902019681 3.9297475301866083 3580
1778902021403 3.951701427003293 3600
1778902023126 3.973655323819978 3620
1778902024849 3.995609220636663 3640
1778902026541 4.017563117453348 3660
1778902028264 4.039517014270033 3680
1778902029987 4.061470911086718 3700
1778902031709 4.083424807903403 3720
1778902033432 4.105378704720088 3740
1778902043815 4.11635565312843 3750
1778902046307 4.127332601536772 3760
1778902048030 4.149286498353458 3780
1778902049753 4.171240395170143 3800
1778902051475 4.193194291986828 3820
1778902053201 4.2151481888035125 3840
1778902054924 4.237102085620197 3860
1778902056647 4.259055982436882 3880
1778902058369 4.281009879253568 3900
1778902060092 4.302963776070253 3920
1778902061815 4.324917672886937 3940
1778902063538 4.346871569703622 3960
1778902065260 4.368825466520307 3980
1778902066983 4.390779363336993 4000
1778902076505 4.390779363336993 4000
1778902079820 4.4127332601536775 4020
1778902081543 4.434687156970362 4040
1778902083266 4.456641053787047 4060
1778902084989 4.478594950603732 4080
1778902086712 4.500548847420417 4100
1778902088438 4.522502744237102 4120
1778902090161 4.544456641053787 4140
1778902091884 4.566410537870472 4160
1778902093608 4.588364434687157 4180
1778902095334 4.610318331503842 4200
1778902097057 4.632272228320527 4220
1778902098780 4.654226125137212 4240
1778902109164 4.6652030735455545 4250
1778902111598 4.676180021953897 4260
1778902113319 4.698133918770582 4280
1778902115042 4.7200878155872665 4300
1778902116764 4.742041712403951 4320
1778902118485 4.763995609220637 4340
1778902120207 4.785949506037322 4360
1778902121929 4.807903402854007 4380
1778902123651 4.829857299670691 4400
1778902125373 4.851811196487376 4420
1778902127095 4.873765093304062 4440
1778902128817 4.895718990120747 4460
1778902130540 4.9176728869374315 4480
1778902132265 4.939626783754116 4500
1778902141796 4.939626783754116 4500
1778902145115 4.961580680570801 4520
1778902146838 4.983534577387486 4540
1778902157627 5.0 4555
1778902159248 5.0 4555
1778902170045 5.0 4555
1778902172995 5.0 4555
1778902177307 5.0 0
