1778901557234 0.09249530732631683 20
1778901558958 0.16812966763973236 40
1778901560682 0.07980284839868546 60
1778901562405 0.08580608665943146 80
1778901564129 0.07362226396799088 100
1778901565853 0.04676206782460213 120
1778901567577 0.054241281002759933 140
1778901569301 0.2615787982940674 160
1778901571026 0.10036307573318481 180
1778901572750 0.1375693827867508 200
1778901574474 0.25254878401756287 220
1778901576199 0.11368993669748306 240
1778901589256 0.07590269297361374 260
1778901590980 0.05526329204440117 280
1778901592705 0.13277633488178253 300
1778901594430 0.08708833158016205 320
1778901596153 0.1429874300956726 340
1778901597881 0.0605250708758831 360
1778901599605 0.11024164408445358 380
1778901601329 0.06978986412286758 400
1778901603054 0.1121215745806694 420
1778901604778 0.2427186667919159 440
1778901606502 0.14657871425151825 460
1778901608226 0.15169572830200195 480
1778901609950 0.06090560182929039 500
1778901622793 0.12400895357131958 520
1778901624517 0.07190798223018646 540
1778901626241 0.1538524627685547 560
1778901627966 0.10840349644422531 580
1778901629692 0.12124879658222198 600
1778901631417 0.04002593830227852 620
1778901633141 0.20493341982364655 640
1778901634871 0.040183987468481064 660
1778901636596 0.15512828528881073 680
1778901638320 0.14680814743041992 700
1778901640044 0.14416034519672394 720
1778901641770 0.05389288812875748 740
1778901654376 0.13820378482341766 760
1778901656100 0.11020984500646591 780
1778901657825 0.05098990350961685 800
1778901659549 0.19911853969097137 820
1778901661273 0.10724756866693497 840
1778901662998 0.194895401597023 860
1778901664724 0.15140725672245026 880
1778901666449 0.1933847814798355 900
1778901668143 0.14174163341522217 920
1778901669867 0.04641009122133255 940
1778901671598 0.10354237258434296 960
1778901673322 0.22410283982753754 980
1778901675046 0.06614985316991806 1000
1778901688100 0.17204460501670837 1020
1778901689825 0.1413213461637497 1040
1778901691549 0.07227671891450882 1060
1778901693273 0.14180371165275574 1080
1778901694997 0.32650911808013916 1100
1778901696722 0.07954234629869461 1120
1778901698446 0.09835954010486603 1140
1778901700170 0.38644298911094666 1160
1778901701894 0.10731364041566849 1180
1778901703618 0.23287703096866608 1200
1778901705342 0.06457284092903137 1220
1778901707068 0.06891965866088867 1240
1778901719914 0.1522793173789978 1260
1778901721638 0.05871595814824104 1280
1778901723361 0.050772588700056076 1300
1778901725085 0.1029801294207573 1320
1778901726809 0.190156951546669 1340
1778901728533 0.056061021983623505 1360
1778901730257 0.2445378303527832 1380
1778901731981 0.10944054275751114 1400
1778901733705 0.10590927302837372 1420
1778901735428 0.0707012414932251 1440
1778901737152 0.13916702568531036 1460
1778901738876 0.06764815002679825 1480
1778901740599 0.11351373791694641 1500
1778901753453 0.1604408621788025 1520
1778901755177 0.19074685871601105 1540
1778901756901 0.05764302238821983 1560
1778901758625 0.06531223654747009 1580
1778901760349 0.04734029993414879 1600
1778901762072 0.06010725721716881 1620
1778901763796 0.042368654161691666 1640
1778901765520 0.1342967003583908 1660
1778901767244 0.06081950291991234 1680
1778901768967 0.1958862692117691 1700
1778901770691 0.07223446667194366 1720
1778901772415 0.04422252997756004 1740
1778901785328 0.1773441731929779 1760
1778901787052 0.04477563500404358 1780
1778901788775 0.1292443573474884 1800
1778901790501 0.0887797549366951 1820
1778901792198 0.11293960362672806 1840
1778901793922 0.06243494525551796 1860
1778901795646 0.09011538326740265 1880
1778901797370 0.14695775508880615 1900
1778901799093 0.13134855031967163 1920
1778901800817 0.040599822998046875 1940
1778901802541 0.04838382080197334 1960
1778901804265 0.1626235544681549 1980
1778901805988 0.04204196110367775 2000
1778901818589 0.03480830043554306 2020
1778901820312 0.07171175628900528 2040
1778901822034 0.06921938806772232 2060
1778901823757 0.0611962229013443 2080
1778901825480 0.24197013676166534 2100
1778901827206 0.2124885618686676 2120
1778901828928 0.11339543014764786 2140
1778901830651 0.06566013395786285 2160
1778901832374 0.14695337414741516 2180
1778901834101 0.09650745987892151 2200
1778901835824 0.053923022001981735 2220
1778901837547 0.05342761054635048 2240
1778901850344 0.11558882892131805 2260
1778901852066 0.06106079742312431 2280
1778901853789 0.10274909436702728 2300
1778901855512 0.15599209070205688 2320
1778901857235 0.0645383819937706 2340
1778901858958 0.07585491240024567 2360
1778901860680 0.06487979739904404 2380
1778901862403 0.33806312084198 2400
1778901864125 0.15499620139598846 2420
1778901865848 0.07581169903278351 2440
1778901867571 0.15832413733005524 2460
1778901869296 0.04759376868605614 2480
1778901871019 0.1701388657093048 2500
1778901883840 0.09334154427051544 2520
1778901885563 0.07748846709728241 2540
1778901887285 0.16547086834907532 2560
1778901889008 0.12199092656373978 2580
1778901890731 0.27893194556236267 2600
1778901892454 0.04218822717666626 2620
1778901894177 0.06215102970600128 2640
1778901895900 0.1624419242143631 2660
1778901897623 0.0783737450838089 2680
1778901899345 0.10259426385164261 2700
1778901901068 0.26986265182495117 2720
1778901902760 0.22923828661441803 2740
1778901915814 0.09076076000928879 2760
1778901917538 0.12474570423364639 2780
1778901919263 0.24554163217544556 2800
1778901920986 0.18993638455867767 2820
1778901922711 0.08826607465744019 2840
1778901924436 0.0717541053891182 2860
1778901926160 0.19562099874019623 2880
1778901927884 0.10929661244153976 2900
1778901929608 0.2163766473531723 2920
1778901931332 0.12101560086011887 2940
1778901933056 0.040600501000881195 2960
1778901934781 0.10522840172052383 2980
1778901936505 0.17710672318935394 3000
1778901949141 0.1279541552066803 3020
1778901950865 0.10742013901472092 3040
1778901952590 0.1799866259098053 3060
1778901954314 0.20003193616867065 3080
1778901956038 0.05642683431506157 3100
1778901957763 0.05654978007078171 3120
1778901959487 0.05844162032008171 3140
1778901961211 0.15569324791431427 3160
1778901962936 0.06343894451856613 3180
1778901964660 0.1134975254535675 3200
1778901966385 0.04408765211701393 3220
1778901968109 0.0501987598836422 3240
1778901981201 0.12598127126693726 3260
1778901982925 0.048353493213653564 3280
1778901984649 0.20257343351840973 3300
1778901986373 0.1345038264989853 3320
1778901988096 0.03629768639802933 3340
1778901989820 0.08519763499498367 3360
1778901991543 0.12124297767877579 3380
1778901993267 0.14025774598121643 3400
1778901994991 0.23428551852703094 3420
1778901996715 0.10339190065860748 3440
1778901998439 0.07253341376781464 3460
1778902000162 0.03518271446228027 3480
1778902001885 0.053484849631786346 3500
1778902014512 0.24657726287841797 3520
1778902016235 0.03310099244117737 3540
1778902017958 0.14447534084320068 3560
1778902019681 0.06388165056705475 3580
1778902021403 0.05787425488233566 3600
1778902023126 0.1140410304069519 3620
1778902024849 0.04345811530947685 3640
1778902026541 0.11612879484891891 3660
1778902028264 0.17377519607543945 3680
1778902029987 0.03986369073390961 3700
1778902031709 0.253285676240921 3720
1778902033432 0.11098112165927887 3740
1778902046307 0.08533035218715668 3760
1778902048030 0.09357056021690369 3780
1778902049753 0.05979311093688011 3800
1778902051475 0.1699289083480835 3820
1778902053201 0.12160442769527435 3840
1778902054924 0.21482646465301514 3860
1778902056647 0.07307364046573639 3880
1778902058369 0.05226588994264603 3900
1778902060092 0.08030354976654053 3920
1778902061815 0.06303463131189346 3940
1778902063538 0.2119573950767517 3960
1778902065260 0.0401107594370842 3980
1778902066983 0.1891646683216095 4000
1778902079820 0.15684114396572113 4020
1778902081543 0.06365406513214111 4040
1778902083266 0.11844132840633392 4060
1778902084989 0.11218155175447464 4080
1778902086712 0.048326168209314346 4100
1778902088438 0.1587936133146286 4120
1778902090161 0.09007974714040756 4140
1778902091884 0.0899701863527298 4160
1778902093608 0.05367228388786316 4180
1778902095334 0.06881233304738998 4200
1778902097057 0.06894892454147339 4220
1778902098780 0.11593488603830338 4240
1778902111598 0.05297253653407097 4260
1778902113319 0.16515688598155975 4280
1778902115042 0.22431747615337372 4300
1778902116764 0.036385081708431244 4320
1778902118485 0.19462469220161438 4340
1778902120207 0.07530459016561508 4360
1778902121929 0.1578046977519989 4380
1778902123651 0.08433655649423599 4400
1778902125373 0.11262880265712738 4420
1778902127095 0.04881719499826431 4440
1778902128817 0.03832407295703888 4460
1778902130540 0.11246243119239807 4480
1778902132265 0.085285983979702 4500
1778902145115 0.06701333820819855 4520
1778902146838 0.12136944383382797 4540
