1778881199371 0.021953896816684963 20
1778881204010 0.043907793633369926 40
1778881208650 0.06586169045005488 60
1778881213289 0.08781558726673985 80
1778881217930 0.10976948408342481 100
1778881222569 0.13172338090010977 120
1778881227208 0.15367727771679474 140
1778881231848 0.1756311745334797 160
1778881236487 0.19758507135016465 180
1778881241126 0.21953896816684962 200
1778881245765 0.2414928649835346 220
1778881250406 0.26344676180021953 240
1778881264431 0.27442371020856204 250
1778881268180 0.2854006586169045 260
1778881272820 0.30735455543358947 280
1778881277467 0.32930845225027444 300
1778881282106 0.3512623490669594 320
1778881286745 0.3732162458836443 340
1778881291384 0.3951701427003293 360
1778881296023 0.41712403951701427 380
1778881300663 0.43907793633369924 400
1778881305303 0.4610318331503842 420
1778881309942 0.4829857299670692 440
1778881314581 0.5049396267837541 460
1778881319219 0.5268935236004391 480
1778881323858 0.5488474204171241 500
1778881335565 0.5488474204171241 500
1778881341617 0.570801317233809 520
1778881346264 0.5927552140504939 540
1778881350904 0.6147091108671789 560
1778881355544 0.6366630076838639 580
1778881360185 0.6586169045005489 600
1778881364826 0.6805708013172338 620
1778881369466 0.7025246981339188 640
1778881374106 0.7244785949506037 660
1778881378747 0.7464324917672887 680
1778881383388 0.7683863885839737 700
1778881388029 0.7903402854006586 720
1778881392669 0.8122941822173436 740
1778881406699 0.823271130625686 750
1778881410896 0.8342480790340285 760
1778881415537 0.8562019758507134 780
1778881420181 0.8781558726673985 800
1778881424818 0.9001097694840834 820
1778881429456 0.9220636663007684 840
1778881434094 0.9440175631174533 860
1778881438733 0.9659714599341384 880
1778881443372 0.9879253567508233 900
1778881447916 1.0098792535675083 920
1778881452556 1.031833150384193 940
1778881457195 1.0537870472008781 960
1778881461834 1.0757409440175631 980
1778881466473 1.0976948408342482 1000
1778881478179 1.0976948408342482 1000
1778881484249 1.119648737650933 1020
1778881488890 1.141602634467618 1040
1778881493531 1.163556531284303 1060
1778881498168 1.1855104281009878 1080
1778881502807 1.2074643249176729 1100
1778881507446 1.2294182217343579 1120
1778881512083 1.2513721185510427 1140
1778881516721 1.2733260153677277 1160
1778881521361 1.2952799121844127 1180
1778881526001 1.3172338090010978 1200
1778881530643 1.3391877058177828 1220
1778881535282 1.3611416026344676 1240
1778881549310 1.37211855104281 1250
1778881553517 1.3830954994511526 1260
1778881558157 1.4050493962678376 1280
1778881562801 1.4270032930845225 1300
1778881567440 1.4489571899012075 1320
1778881572078 1.4709110867178925 1340
1778881576717 1.4928649835345773 1360
1778881581354 1.5148188803512623 1380
1778881585994 1.5367727771679474 1400
1778881590631 1.5587266739846322 1420
1778881595269 1.5806805708013172 1440
1778881599907 1.6026344676180022 1460
1778881604546 1.624588364434687 1480
1778881609185 1.6465422612513723 1500
1778881620897 1.6465422612513723 1500
1778881626965 1.668496158068057 1520
1778881631602 1.690450054884742 1540
1778881636242 1.7124039517014271 1560
1778881640880 1.734357848518112 1580
1778881645518 1.756311745334797 1600
1778881650156 1.778265642151482 1620
1778881654794 1.8002195389681668 1640
1778881659432 1.8221734357848518 1660
1778881664070 1.8441273326015368 1680
1778881668708 1.8660812294182216 1700
1778881673346 1.8880351262349067 1720
1778881677983 1.9099890230515917 1740
1778881692008 1.920965971459934 1750
1778881696201 1.9319429198682765 1760
1778881700836 1.9538968166849617 1780
1778881705474 1.9758507135016465 1800
1778881710106 1.9978046103183313 1820
1778881714646 2.0197585071350166 1840
1778881719280 2.0417124039517014 1860
1778881723915 2.063666300768386 1880
1778881728548 2.0856201975850714 1900
1778881733183 2.1075740944017562 1920
1778881737816 2.129527991218441 1940
1778881742450 2.1514818880351263 1960
1778881747084 2.173435784851811 1980
1778881751718 2.1953896816684964 2000
1778881763407 2.1953896816684964 2000
1778881769480 2.217343578485181 2020
1778881774116 2.239297475301866 2040
1778881778757 2.261251372118551 2060
1778881783393 2.283205268935236 2080
1778881788029 2.305159165751921 2100
1778881792666 2.327113062568606 2120
1778881797302 2.349066959385291 2140
1778881801938 2.3710208562019757 2160
1778881806575 2.392974753018661 2180
1778881811211 2.4149286498353457 2200
1778881815846 2.436882546652031 2220
1778881820484 2.4588364434687158 2240
1778881834506 2.469813391877058 2250
1778881838479 2.4807903402854006 2260
1778881843120 2.5027442371020854 2280
1778881847762 2.5246981339187706 2300
1778881852399 2.5466520307354554 2320
1778881857038 2.5686059275521407 2340
1778881861677 2.5905598243688255 2360
1778881866315 2.6125137211855103 2380
1778881870952 2.6344676180021955 2400
1778881875591 2.6564215148188803 2420
1778881880228 2.6783754116355656 2440
1778881884867 2.7003293084522504 2460
1778881889503 2.722283205268935 2480
1778881894141 2.74423710208562 2500
1778881905848 2.74423710208562 2500
1778881912153 2.7661909989023052 2520
1778881916792 2.78814489571899 2540
1778881921432 2.8100987925356753 2560
1778881926069 2.83205268935236 2580
1778881930707 2.854006586169045 2600
1778881935344 2.8759604829857297 2620
1778881939982 2.897914379802415 2640
1778881944619 2.9198682766190998 2660
1778881949256 2.941822173435785 2680
1778881953894 2.96377607025247 2700
1778881958532 2.9857299670691546 2720
1778881963075 3.00768386388584 2740
1778881977098 3.0186608122941823 2750
1778881981074 3.0296377607025247 2760
1778881985715 3.0515916575192095 2780
1778881990358 3.0735455543358947 2800
1778881994996 3.0954994511525795 2820
1778881999635 3.1174533479692643 2840
1778882004274 3.1394072447859496 2860
1778882008913 3.1613611416026344 2880
1778882013552 3.1833150384193196 2900
1778882018191 3.2052689352360044 2920
1778882022830 3.2272228320526892 2940
1778882027469 3.2491767288693745 2960
1778882032108 3.2711306256860593 2980
1778882036747 3.293084522502744 3000
1778882048460 3.293084522502744 3000
1778882054768 3.3150384193194293 3020
1778882059408 3.336992316136114 3040
1778882064059 3.358946212952799 3060
1778882068698 3.380900109769484 3080
1778882073338 3.402854006586169 3100
1778882077978 3.4248079034028542 3120
1778882082617 3.446761800219539 3140
1778882087256 3.468715697036224 3160
1778882091895 3.4906695938529086 3180
1778882096536 3.512623490669594 3200
1778882101175 3.5345773874862787 3220
1778882105814 3.556531284302964 3240
1778882119844 3.5675082327113063 3250
1778882123815 3.5784851811196488 3260
1778882128456 3.6004390779363336 3280
1778882133097 3.622392974753019 3300
1778882137733 3.6443468715697036 3320
1778882142370 3.666300768386389 3340
1778882147006 3.6882546652030737 3360
1778882151643 3.7102085620197585 3380
1778882156280 3.7321624588364433 3400
1778882160917 3.7541163556531285 3420
1778882165553 3.7760702524698133 3440
1778882170190 3.7980241492864986 3460
1778882174827 3.8199780461031834 3480
1778882179464 3.841931942919868 3500
1778882191167 3.841931942919868 3500
1778882197471 3.863885839736553 3520
1778882202104 3.885839736553238 3540
1778882206742 3.907793633369923 3560
1778882211376 3.9297475301866083 3580
1778882216008 3.951701427003293 3600
1778882220642 3.973655323819978 3620
1778882225274 3.995609220636663 3640
1778882229812 4.017563117453348 3660
1778882234446 4.039517014270033 3680
1778882239080 4.061470911086718 3700
1778882243714 4.083424807903403 3720
1778882248347 4.105378704720088 3740
1778882262371 4.11635565312843 3750
1778882266345 4.127332601536772 3760
1778882270984 4.149286498353458 3780
1778882275627 4.171240395170143 3800
1778882280264 4.193194291986828 3820
1778882284901 4.2151481888035125 3840
1778882289539 4.237102085620197 3860
1778882294177 4.259055982436882 3880
1778882298814 4.281009879253568 3900
1778882303451 4.302963776070253 3920
1778882308088 4.324917672886937 3940
1778882312725 4.346871569703622 3960
1778882317362 4.368825466520307 3980
1778882321999 4.390779363336993 4000
1778882333704 4.390779363336993 4000
1778882340008 4.4127332601536775 4020
1778882344648 4.434687156970362 4040
1778882349290 4.456641053787047 4060
1778882353928 4.478594950603732 4080
1778882358567 4.500548847420417 4100
1778882363205 4.522502744237102 4120
1778882367843 4.544456641053787 4140
1778882372481 4.566410537870472 4160
1778882377120 4.588364434687157 4180
1778882381758 4.610318331503842 4200
1778882386397 4.632272228320527 4220
1778882391035 4.654226125137212 4240
1778882405058 4.6652030735455545 4250
1778882409029 4.676180021953897 4260
1778882413670 4.698133918770582 4280
1778882418311 4.7200878155872665 4300
1778882422949 4.742041712403951 4320
1778882427586 4.763995609220637 4340
1778882432223 4.785949506037322 4360
1778882436860 4.807903402854007 4380
1778882441497 4.829857299670691 4400
1778882446134 4.851811196487376 4420
1778882450770 4.873765093304062 4440
1778882455408 4.895718990120747 4460
1778882460044 4.9176728869374315 4480
1778882464682 4.939626783754116 4500
1778882476385 4.939626783754116 4500
1778882482685 4.961580680570801 4520
1778882487322 4.983534577387486 4540
1778882502396 5.0 4555
1778882504047 5.0 4555
1778882516931 5.0 4555
1778882520500 5.0 4555
1778882525487 5.0 0
