1778881199371 0.11435020714998245 20
1778881204010 0.15141437947750092 40
1778881208650 1.344182014465332 60
1778881213289 2.4265832901000977 80
1778881217930 1.4748811721801758 100
1778881222569 1.4887748956680298 120
1778881227208 1.5478588342666626 140
1778881231848 1.5831772089004517 160
1778881236487 1.16891348361969 180
1778881241126 1.1633726358413696 200
1778881245765 0.948843777179718 220
1778881250406 0.9240967035293579 240
1778881268180 1.0620828866958618 260
1778881272820 0.7581165432929993 280
1778881277467 1.292446255683899 300
1778881282106 1.0467026233673096 320
1778881286745 1.0414190292358398 340
1778881291384 1.1271593570709229 360
1778881296023 1.4432607889175415 380
1778881300663 0.8809313178062439 400
1778881305303 3.0179498195648193 420
1778881309942 1.3833951950073242 440
1778881314581 1.5211049318313599 460
1778881319219 1.965140461921692 480
1778881323858 1.394370436668396 500
1778881341617 1.004294753074646 520
1778881346264 1.7839680910110474 540
1778881350904 1.2920180559158325 560
1778881355544 1.2733067274093628 580
1778881360185 0.8248973488807678 600
1778881364826 0.6955082416534424 620
1778881369466 3.1175782680511475 640
1778881374106 0.9791733622550964 660
1778881378747 0.9554300308227539 680
1778881383388 1.2728240489959717 700
1778881388029 1.7649883031845093 720
1778881392669 1.718919038772583 740
1778881410896 0.9422205686569214 760
1778881415537 0.9689892530441284 780
1778881420181 0.6384130716323853 800
1778881424818 1.2453981637954712 820
1778881429456 0.8460449576377869 840
1778881434094 0.9357467293739319 860
1778881438733 1.950697422027588 880
1778881443372 1.289617657661438 900
1778881447916 1.7085657119750977 920
1778881452556 1.1338858604431152 940
1778881457195 1.0401743650436401 960
1778881461834 1.2243866920471191 980
1778881466473 1.1924769878387451 1000
1778881484249 2.472505569458008 1020
1778881488890 1.1393259763717651 1040
1778881493531 2.4872498512268066 1060
1778881498168 1.6086323261260986 1080
1778881502807 1.940948486328125 1100
1778881507446 1.1213080883026123 1120
1778881512083 1.5719548463821411 1140
1778881516721 1.6246551275253296 1160
1778881521361 1.8187377452850342 1180
1778881526001 1.734941005706787 1200
1778881530643 1.3733439445495605 1220
1778881535282 1.2861695289611816 1240
1778881553517 0.9269251227378845 1260
1778881558157 1.0622704029083252 1280
1778881562801 1.9489340782165527 1300
1778881567440 1.360779881477356 1320
1778881572078 1.20026433467865 1340
1778881576717 1.042655348777771 1360
1778881581354 1.6355561017990112 1380
1778881585994 1.708680272102356 1400
1778881590631 0.9761452078819275 1420
1778881595269 1.541717767715454 1440
1778881599907 1.4629921913146973 1460
1778881604546 1.6898008584976196 1480
1778881609185 2.025583028793335 1500
1778881626965 1.1935482025146484 1520
1778881631602 1.2000219821929932 1540
1778881636242 1.1844048500061035 1560
1778881640880 1.7043328285217285 1580
1778881645518 4.625637531280518 1600
1778881650156 2.508713722229004 1620
1778881654794 1.1991404294967651 1640
1778881659432 1.2423064708709717 1660
1778881664070 1.9211872816085815 1680
1778881668708 1.1355526447296143 1700
1778881673346 2.7845170497894287 1720
1778881677983 1.5850346088409424 1740
1778881696201 1.6812450885772705 1760
1778881700836 1.5730199813842773 1780
1778881705474 1.145318627357483 1800
1778881710106 1.2968066930770874 1820
1778881714646 1.8451887369155884 1840
1778881719280 1.5469167232513428 1860
1778881723915 3.176244020462036 1880
1778881728548 3.829045295715332 1900
1778881733183 2.7678377628326416 1920
1778881737816 2.213218927383423 1940
1778881742450 3.3764851093292236 1960
1778881747084 2.290195941925049 1980
1778881751718 1.9999301433563232 2000
1778881769480 1.5804294347763062 2020
1778881774116 1.538224697113037 2040
1778881778757 1.5677777528762817 2060
1778881783393 2.7366456985473633 2080
1778881788029 2.5878400802612305 2100
1778881792666 1.5649936199188232 2120
1778881797302 1.6303125619888306 2140
1778881801938 1.8925191164016724 2160
1778881806575 3.0893023014068604 2180
1778881811211 2.638798475265503 2200
1778881815846 3.6456804275512695 2220
1778881820484 1.7481331825256348 2240
1778881838479 3.1644935607910156 2260
1778881843120 3.003159523010254 2280
1778881847762 2.502556800842285 2300
1778881852399 2.5146305561065674 2320
1778881857038 2.143540620803833 2340
1778881861677 1.883884310722351 2360
1778881866315 2.9825196266174316 2380
1778881870952 1.7620152235031128 2400
1778881875591 2.676784038543701 2420
1778881880228 2.0360374450683594 2440
1778881884867 3.173633337020874 2460
1778881889503 1.7598142623901367 2480
1778881894141 3.4212257862091064 2500
1778881912153 2.8428966999053955 2520
1778881916792 5.13723611831665 2540
1778881921432 2.124803304672241 2560
1778881926069 2.4474709033966064 2580
1778881930707 4.139250755310059 2600
1778881935344 2.3630034923553467 2620
1778881939982 2.742931365966797 2640
1778881944619 1.9038292169570923 2660
1778881949256 1.789439082145691 2680
1778881953894 4.6215410232543945 2700
1778881958532 4.398369312286377 2720
1778881963075 2.7853617668151855 2740
1778881981074 2.1141374111175537 2760
1778881985715 2.263148546218872 2780
1778881990358 2.9150469303131104 2800
1778881994996 2.6523685455322266 2820
1778881999635 2.1222879886627197 2840
1778882004274 2.1289052963256836 2860
1778882008913 2.8605518341064453 2880
1778882013552 2.829610586166382 2900
1778882018191 4.155783176422119 2920
1778882022830 2.562237501144409 2940
1778882027469 3.4922256469726562 2960
1778882032108 10.900673866271973 2980
1778882036747 3.086148262023926 3000
1778882054768 3.272188425064087 3020
1778882059408 3.380585193634033 3040
1778882064059 9.101846694946289 3060
1778882068698 2.4930455684661865 3080
1778882073338 2.533982276916504 3100
1778882077978 3.1502232551574707 3120
1778882082617 2.9564709663391113 3140
1778882087256 4.198721408843994 3160
1778882091895 4.611620903015137 3180
1778882096536 2.4987008571624756 3200
1778882101175 3.1955556869506836 3220
1778882105814 4.366425514221191 3240
1778882123815 6.871273517608643 3260
1778882128456 4.791865348815918 3280
1778882133097 3.9194703102111816 3300
1778882137733 4.6507248878479 3320
1778882142370 7.9695725440979 3340
1778882147006 3.6131949424743652 3360
1778882151643 4.569539546966553 3380
1778882156280 4.308377265930176 3400
1778882160917 3.924487829208374 3420
1778882165553 2.264702081680298 3440
1778882170190 2.93701434135437 3460
1778882174827 10.699811935424805 3480
1778882179464 2.7966723442077637 3500
1778882197471 5.163508415222168 3520
1778882202104 5.7856926918029785 3540
1778882206742 6.541848659515381 3560
1778882211376 1.7797799110412598 3580
1778882216008 4.235291481018066 3600
1778882220642 2.234800338745117 3620
1778882225274 3.2854151725769043 3640
1778882229812 2.735806703567505 3660
1778882234446 1.7621557712554932 3680
1778882239080 5.161597728729248 3700
1778882243714 5.25842809677124 3720
1778882248347 5.195611476898193 3740
1778882266345 5.0504560470581055 3760
1778882270984 2.071037769317627 3780
1778882275627 3.3289318084716797 3800
1778882280264 3.321384906768799 3820
1778882284901 3.1809754371643066 3840
1778882289539 8.69331169128418 3860
1778882294177 3.156533718109131 3880
1778882298814 4.481733798980713 3900
1778882303451 1.2428497076034546 3920
1778882308088 5.693304538726807 3940
1778882312725 4.6376800537109375 3960
1778882317362 2.0197606086730957 3980
1778882321999 3.4107413291931152 4000
1778882340008 7.844009876251221 4020
1778882344648 3.4525089263916016 4040
1778882349290 4.48248291015625 4060
1778882353928 4.399628639221191 4080
1778882358567 2.7424960136413574 4100
1778882363205 4.269353866577148 4120
1778882367843 4.23797607421875 4140
1778882372481 3.832690954208374 4160
1778882377120 5.200849533081055 4180
1778882381758 4.875218391418457 4200
1778882386397 3.5607151985168457 4220
1778882391035 4.369318962097168 4240
1778882409029 3.4007081985473633 4260
1778882413670 3.8390626907348633 4280
1778882418311 4.7960896492004395 4300
1778882422949 3.645951986312866 4320
1778882427586 3.3808035850524902 4340
1778882432223 3.4867308139801025 4360
1778882436860 3.632591724395752 4380
1778882441497 3.260488271713257 4400
1778882446134 4.895483493804932 4420
1778882450770 10.679349899291992 4440
1778882455408 4.505529880523682 4460
1778882460044 9.328292846679688 4480
1778882464682 4.321087837219238 4500
1778882482685 2.7224459648132324 4520
1778882487322 2.9853601455688477 4540
