1778881199371 0.6933334350585938 20
1778881204010 0.6906097412109375 40
1778881208650 0.6400445938110352 60
1778881213289 0.5226158618927002 80
1778881217930 0.472393798828125 100
1778881222569 0.44893436431884765 120
1778881227208 0.46225590705871583 140
1778881231848 0.4566810607910156 160
1778881236487 0.4273385047912598 180
1778881241126 0.4821749687194824 200
1778881245765 0.4636735439300537 220
1778881250406 0.4815117359161377 240
1778881268180 0.41031994819641116 260
1778881272820 0.4032773971557617 280
1778881277467 0.46224179267883303 300
1778881282106 0.3990407705307007 320
1778881286745 0.4277495384216309 340
1778881291384 0.44486150741577146 360
1778881296023 0.44982028007507324 380
1778881300663 0.39939379692077637 400
1778881305303 0.4374569892883301 420
1778881309942 0.4182096004486084 440
1778881314581 0.4221407413482666 460
1778881319219 0.4085798740386963 480
1778881323858 0.44769868850708006 500
1778881341617 0.40524849891662595 520
1778881346264 0.44684572219848634 540
1778881350904 0.41290946006774903 560
1778881355544 0.3819615602493286 580
1778881360185 0.4022099494934082 600
1778881364826 0.4533867359161377 620
1778881369466 0.4173239231109619 640
1778881374106 0.45981540679931643 660
1778881378747 0.4158327102661133 680
1778881383388 0.41597518920898435 700
1778881388029 0.4469402313232422 720
1778881392669 0.4266513824462891 740
1778881410896 0.42082920074462893 760
1778881415537 0.4395021438598633 780
1778881420181 0.4099374771118164 800
1778881424818 0.4060709476470947 820
1778881429456 0.4324943065643311 840
1778881434094 0.3598944187164307 860
1778881438733 0.40574254989624026 880
1778881443372 0.392973518371582 900
1778881447916 0.3970376491546631 920
1778881452556 0.3697415590286255 940
1778881457195 0.3699628829956055 960
1778881461834 0.39580869674682617 980
1778881466473 0.39860901832580564 1000
1778881484249 0.40384736061096194 1020
1778881488890 0.43201045989990233 1040
1778881493531 0.37470760345458987 1060
1778881498168 0.37301461696624755 1080
1778881502807 0.3932894229888916 1100
1778881507446 0.41060266494750974 1120
1778881512083 0.34882798194885256 1140
1778881516721 0.3660119533538818 1160
1778881521361 0.35547327995300293 1180
1778881526001 0.3787472486495972 1200
1778881530643 0.38016281127929685 1220
1778881535282 0.3737537622451782 1240
1778881553517 0.3834525108337402 1260
1778881558157 0.40229358673095705 1280
1778881562801 0.3618388414382935 1300
1778881567440 0.3796090126037598 1320
1778881572078 0.3931615352630615 1340
1778881576717 0.3510954141616821 1360
1778881581354 0.36236574649810793 1380
1778881585994 0.3771930456161499 1400
1778881590631 0.3980579376220703 1420
1778881595269 0.40274438858032224 1440
1778881599907 0.3753171682357788 1460
1778881604546 0.37216525077819823 1480
1778881609185 0.35773205757141113 1500
1778881626965 0.33896968364715574 1520
1778881631602 0.3906841516494751 1540
1778881636242 0.3908830165863037 1560
1778881640880 0.3905968189239502 1580
1778881645518 0.3351415157318115 1600
1778881650156 0.36675586700439455 1620
1778881654794 0.39141383171081545 1640
1778881659432 0.36502346992492674 1660
1778881664070 0.37496399879455566 1680
1778881668708 0.31870193481445314 1700
1778881673346 0.3504547119140625 1720
1778881677983 0.4024487018585205 1740
1778881696201 0.3695732831954956 1760
1778881700836 0.3181263208389282 1780
1778881705474 0.35228610038757324 1800
1778881710106 0.359866738319397 1820
1778881714646 0.30270776748657224 1840
1778881719280 0.3196704864501953 1860
1778881723915 0.29349937438964846 1880
1778881728548 0.3025261640548706 1900
1778881733183 0.28304975032806395 1920
1778881737816 0.29664082527160646 1940
1778881742450 0.32749764919281005 1960
1778881747084 0.3338016033172607 1980
1778881751718 0.3189414978027344 2000
1778881769480 0.3000432252883911 2020
1778881774116 0.36705594062805175 2040
1778881778757 0.30765068531036377 2060
1778881783393 0.2666346788406372 2080
1778881788029 0.30158238410949706 2100
1778881792666 0.2836840391159058 2120
1778881797302 0.3238030433654785 2140
1778881801938 0.29136631488800047 2160
1778881806575 0.28337562084198 2180
1778881811211 0.29099814891815184 2200
1778881815846 0.26031134128570554 2220
1778881820484 0.30394392013549804 2240
1778881838479 0.3110982656478882 2260
1778881843120 0.3113013744354248 2280
1778881847762 0.29588770866394043 2300
1778881852399 0.2909734010696411 2320
1778881857038 0.32280759811401366 2340
1778881861677 0.25856566429138184 2360
1778881866315 0.30319664478302 2380
1778881870952 0.29242305755615233 2400
1778881875591 0.33804447650909425 2420
1778881880228 0.3027502059936523 2440
1778881884867 0.2968469142913818 2460
1778881889503 0.30030016899108886 2480
1778881894141 0.3162645101547241 2500
1778881912153 0.30153532028198243 2520
1778881916792 0.3058069944381714 2540
1778881921432 0.29527833461761477 2560
1778881926069 0.30279290676116943 2580
1778881930707 0.3026914596557617 2600
1778881935344 0.30928499698638917 2620
1778881939982 0.315726637840271 2640
1778881944619 0.2909961938858032 2660
1778881949256 0.32812788486480715 2680
1778881953894 0.33860020637512206 2700
1778881958532 0.2819659233093262 2720
1778881963075 0.3057443618774414 2740
1778881981074 0.23259475231170654 2760
1778881985715 0.261806058883667 2780
1778881990358 0.20827803611755372 2800
1778881994996 0.2766778230667114 2820
1778881999635 0.22134532928466796 2840
1778882004274 0.23246314525604247 2860
1778882008913 0.21836791038513184 2880
1778882013552 0.22107603549957275 2900
1778882018191 0.20206081867218018 2920
1778882022830 0.1996330976486206 2940
1778882027469 0.21930034160614015 2960
1778882032108 0.2287738561630249 2980
1778882036747 0.20848374366760253 3000
1778882054768 0.2591101169586182 3020
1778882059408 0.21094672679901122 3040
1778882064059 0.23383285999298095 3060
1778882068698 0.19689037799835205 3080
1778882073338 0.23810963630676268 3100
1778882077978 0.22418062686920165 3120
1778882082617 0.24363226890563966 3140
1778882087256 0.2531061887741089 3160
1778882091895 0.24355788230895997 3180
1778882096536 0.22368907928466797 3200
1778882101175 0.21635711193084717 3220
1778882105814 0.20265645980834962 3240
1778882123815 0.2525734186172485 3260
1778882128456 0.2288587808609009 3280
1778882133097 0.20867669582366943 3300
1778882137733 0.22227587699890136 3320
1778882142370 0.21600134372711183 3340
1778882147006 0.2460458517074585 3360
1778882151643 0.1763571858406067 3380
1778882156280 0.24088757038116454 3400
1778882160917 0.2360980987548828 3420
1778882165553 0.16733617782592775 3440
1778882170190 0.22795233726501465 3460
1778882174827 0.2083513021469116 3480
1778882179464 0.2011699676513672 3500
1778882197471 0.24434988498687743 3520
1778882202104 0.2041933059692383 3540
1778882206742 0.2195906639099121 3560
1778882211376 0.19066321849822998 3580
1778882216008 0.21223878860473633 3600
1778882220642 0.20839934349060057 3620
1778882225274 0.2218538761138916 3640
1778882229812 0.16291563510894774 3660
1778882234446 0.17073864936828614 3680
1778882239080 0.1839515209197998 3700
1778882243714 0.16419122219085694 3720
1778882248347 0.18139081001281737 3740
1778882266345 0.16431660652160646 3760
1778882270984 0.17579129934310914 3780
1778882275627 0.1763828992843628 3800
1778882280264 0.15610876083374023 3820
1778882284901 0.17296708822250367 3840
1778882289539 0.18507962226867675 3860
1778882294177 0.14438979625701903 3880
1778882298814 0.12156819105148316 3900
1778882303451 0.14899312257766723 3920
1778882308088 0.13251211643218994 3940
1778882312725 0.1939576029777527 3960
1778882317362 0.1333335280418396 3980
1778882321999 0.14713447093963622 4000
1778882340008 0.14914135932922362 4020
1778882344648 0.1550503373146057 4040
1778882349290 0.1163181185722351 4060
1778882353928 0.14070204496383668 4080
1778882358567 0.13588476181030273 4100
1778882363205 0.1587633013725281 4120
1778882367843 0.1577136278152466 4140
1778882372481 0.177925968170166 4160
1778882377120 0.1571563482284546 4180
1778882381758 0.13922079801559448 4200
1778882386397 0.1523739218711853 4220
1778882391035 0.16220602989196778 4240
1778882409029 0.1961362600326538 4260
1778882413670 0.1594889760017395 4280
1778882418311 0.15829797983169555 4300
1778882422949 0.1170724868774414 4320
1778882427586 0.1755586624145508 4340
1778882432223 0.1868787169456482 4360
1778882436860 0.1548824906349182 4380
1778882441497 0.16885831356048583 4400
1778882446134 0.1559678077697754 4420
1778882450770 0.14970486164093016 4440
1778882455408 0.14080880880355834 4460
1778882460044 0.14480242729187012 4480
1778882464682 0.15382144451141358 4500
1778882482685 0.14991233348846436 4520
1778882487322 0.14858514070510864 4540
