1778598643034 3.4887516498565674 20
1778598643647 1.6615246534347534 40
1778598644233 2.8494458198547363 60
1778598644840 5.650671482086182 80
1778598645447 2.5959670543670654 100
1778598646036 3.856823205947876 120
1778598646624 2.968977212905884 140
1778598647213 2.8747599124908447 160
1778598647801 2.24587345123291 180
1778598648391 23.711750030517578 200
1778598648977 5.770110607147217 220
1778598649566 2.632603406906128 240
1778598651964 3.0363576412200928 260
1778598652562 3.705806255340576 280
1778598653151 40.33728790283203 300
1778598653741 2.554655075073242 320
1778598654330 2.229909658432007 340
1778598654919 3.426414966583252 360
1778598655508 2.331780433654785 380
1778598656098 3.3256514072418213 400
1778598656687 6.1352458000183105 420
1778598657276 2.4521000385284424 440
1778598657868 3.727499485015869 460
1778598658457 3.1579673290252686 480
1778598659048 3.2229080200195312 500
1778598661572 2.134201765060425 520
1778598662162 4.060498237609863 540
1778598662757 4.430373668670654 560
1778598663342 2.670757293701172 580
1778598663932 1.817543387413025 600
1778598664532 4.311081409454346 620
1778598665151 7.867081165313721 640
1778598665749 1.8185651302337646 660
1778598666339 3.216648817062378 680
1778598666947 3.5823192596435547 700
1778598667546 1.8640238046646118 720
1778598668150 5.281040191650391 740
1778598670716 3.030867338180542 760
1778598671305 2.3758721351623535 780
1778598671896 2.517824172973633 800
1778598672486 3.3949532508850098 820
1778598673076 1.7264189720153809 840
1778598673686 3.418067216873169 860
1778598674275 4.2757110595703125 880
1778598674863 1.7824089527130127 900
1778598675455 2.844089984893799 920
1778598676043 7.9786376953125 940
1778598676637 2.3848044872283936 960
1778598677232 2.9053807258605957 980
1778598677825 4.737204551696777 1000
1778598680190 7.230020523071289 1020
1778598680781 2.661531686782837 1040
1778598681370 6.130138874053955 1060
1778598681960 2.3813986778259277 1080
1778598682549 2.6395366191864014 1100
1778598683140 3.5666065216064453 1120
1778598683731 4.018156051635742 1140
1778598684319 4.39753532409668 1160
1778598684908 4.233799934387207 1180
1778598685496 4.400826930999756 1200
1778598686086 2.294145107269287 1220
1778598686676 2.9798831939697266 1240
1778598689436 2.940807580947876 1260
1778598690028 3.79301118850708 1280
1778598690618 4.407849311828613 1300
1778598691201 2.4150264263153076 1320
1778598691791 2.710689067840576 1340
1778598692381 3.683696985244751 1360
1778598692971 4.681786060333252 1380
1778598693569 5.322750568389893 1400
1778598694161 4.257275104522705 1420
1778598694751 5.410679817199707 1440
1778598695340 2.764064073562622 1460
1778598695948 3.641206979751587 1480
1778598696560 4.364016056060791 1500
1778598698961 2.8513970375061035 1520
1778598699570 3.9770987033843994 1540
1778598700175 2.604541540145874 1560
1778598700761 4.940279960632324 1580
1778598701350 8.048771858215332 1600
1778598701941 6.92286491394043 1620
1778598702531 4.665750980377197 1640
1778598703125 4.298896312713623 1660
1778598703714 3.907147169113159 1680
1778598704304 5.309942722320557 1700
1778598704892 2.9634413719177246 1720
1778598705482 3.619082450866699 1740
1778598708193 5.176658630371094 1760
1778598708798 4.584716320037842 1780
1778598709409 4.2847771644592285 1800
1778598710022 3.5463571548461914 1820
1778598710633 3.160552740097046 1840
1778598711244 3.437922954559326 1860
1778598711858 2.7107810974121094 1880
1778598712467 5.780249118804932 1900
1778598713082 6.395378112792969 1920
1778598713684 5.904013156890869 1940
1778598714285 3.779093027114868 1960
1778598714892 2.7141401767730713 1980
1778598715498 8.211836814880371 2000
1778598717859 4.302168369293213 2020
1778598718450 3.1518149375915527 2040
1778598719040 2.7877330780029297 2060
1778598719629 4.022540092468262 2080
1778598720218 6.515309810638428 2100
1778598720808 3.013709545135498 2120
1778598721397 3.850923776626587 2140
1778598721986 4.846078395843506 2160
1778598722574 4.698558330535889 2180
1778598723167 4.0298380851745605 2200
1778598723757 4.179741382598877 2220
1778598724351 3.7925026416778564 2240
1778598726905 6.471347808837891 2260
1778598727500 6.531725883483887 2280
1778598728091 4.150383472442627 2300
1778598728679 4.02529764175415 2320
1778598729269 7.613719463348389 2340
1778598729860 2.843705654144287 2360
1778598730452 3.0800838470458984 2380
1778598731054 4.438266277313232 2400
1778598731666 7.066470146179199 2420
1778598732283 3.915771961212158 2440
1778598732898 4.9764251708984375 2460
1778598733505 3.1319355964660645 2480
1778598734096 5.566746711730957 2500
1778598736622 4.006863117218018 2520
1778598737211 3.2301783561706543 2540
1778598737803 3.1938560009002686 2560
1778598738393 4.516781330108643 2580
1778598738978 6.008888244628906 2600
1778598739578 3.991792917251587 2620
1778598740190 5.281769752502441 2640
1778598740799 3.0707764625549316 2660
1778598741400 9.668214797973633 2680
1778598742000 5.720912456512451 2700
1778598742610 4.160451889038086 2720
