1778598643034 0.6883 20
1778598643647 0.6828 40
1778598644233 0.6198 60
1778598644840 0.5688 80
1778598645447 0.5152 100
1778598646036 0.5228 120
1778598646624 0.4838 140
1778598647213 0.4702 160
1778598647801 0.4398 180
1778598648391 0.5091 200
1778598648977 0.4649 220
1778598649566 0.4777 240
1778598651964 0.4419 260
1778598652562 0.4115 280
1778598653151 0.4801 300
1778598653741 0.4333 320
1778598654330 0.4461 340
1778598654919 0.4428 360
1778598655508 0.4453 380
1778598656098 0.4186 400
1778598656687 0.4519 420
1778598657276 0.43 440
1778598657868 0.4238 460
1778598658457 0.4328 480
1778598659048 0.4904 500
1778598661572 0.4285 520
1778598662162 0.4509 540
1778598662757 0.4288 560
1778598663342 0.3894 580
1778598663932 0.4257 600
1778598664532 0.472 620
1778598665151 0.427 640
1778598665749 0.5159 660
1778598666339 0.4454 680
1778598666947 0.4392 700
1778598667546 0.4602 720
1778598668150 0.425 740
1778598670716 0.4475 760
1778598671305 0.4563 780
1778598671896 0.4249 800
1778598672486 0.4184 820
1778598673076 0.4217 840
1778598673686 0.3949 860
1778598674275 0.4147 880
1778598674863 0.407 900
1778598675455 0.4095 920
1778598676043 0.3665 940
1778598676637 0.3743 960
1778598677232 0.3773 980
1778598677825 0.3826 1000
1778598680190 0.4086 1020
1778598680781 0.4193 1040
1778598681370 0.3809 1060
1778598681960 0.3607 1080
1778598682549 0.3896 1100
1778598683140 0.4117 1120
1778598683731 0.3612 1140
1778598684319 0.3622 1160
1778598684908 0.3286 1180
1778598685496 0.3573 1200
1778598686086 0.378 1220
1778598686676 0.3907 1240
1778598689436 0.3585 1260
1778598690028 0.3884 1280
1778598690618 0.3283 1300
1778598691201 0.3905 1320
1778598691791 0.381 1340
1778598692381 0.3541 1360
1778598692971 0.3764 1380
1778598693569 0.3778 1400
1778598694161 0.4052 1420
1778598694751 0.3867 1440
1778598695340 0.3971 1460
1778598695948 0.3773 1480
1778598696560 0.3402 1500
1778598698961 0.3564 1520
1778598699570 0.3835 1540
1778598700175 0.3751 1560
1778598700761 0.3946 1580
1778598701350 0.3487 1600
1778598701941 0.3406 1620
1778598702531 0.3692 1640
1778598703125 0.3434 1660
1778598703714 0.3638 1680
1778598704304 0.3282 1700
1778598704892 0.354 1720
1778598705482 0.3926 1740
1778598708193 0.3416 1760
1778598708798 0.3127 1780
1778598709409 0.3752 1800
1778598710022 0.3355 1820
1778598710633 0.2991 1840
1778598711244 0.3141 1860
1778598711858 0.2681 1880
1778598712467 0.3242 1900
1778598713082 0.2689 1920
1778598713684 0.2923 1940
1778598714285 0.3109 1960
1778598714892 0.3188 1980
1778598715498 0.2818 2000
1778598717859 0.3034 2020
1778598718450 0.3586 2040
1778598719040 0.2924 2060
1778598719629 0.2528 2080
1778598720218 0.3003 2100
1778598720808 0.2716 2120
1778598721397 0.2908 2140
1778598721986 0.2857 2160
1778598722574 0.2663 2180
1778598723167 0.281 2200
1778598723757 0.2767 2220
1778598724351 0.2906 2240
1778598726905 0.3325 2260
1778598727500 0.2895 2280
1778598728091 0.2899 2300
1778598728679 0.2806 2320
1778598729269 0.2935 2340
1778598729860 0.2781 2360
1778598730452 0.2842 2380
1778598731054 0.2967 2400
1778598731666 0.3181 2420
1778598732283 0.3027 2440
1778598732898 0.2802 2460
1778598733505 0.3183 2480
1778598734096 0.2559 2500
1778598736622 0.2711 2520
1778598737211 0.2725 2540
1778598737803 0.2623 2560
1778598738393 0.2897 2580
1778598738978 0.2657 2600
1778598739578 0.2885 2620
1778598740190 0.31 2640
1778598740799 0.2912 2660
1778598741400 0.2707 2680
1778598742000 0.3048 2700
1778598742610 0.2776 2720
