1779324037549 1.1400000000000001e-05 20
1779324037871 2.3400000000000003e-05 40
1779324038136 2.9848314606741574e-05 60
1779324038449 2.9511235955056183e-05 80
1779324038763 2.9174157303370788e-05 100
1779324039080 2.8837078651685393e-05 120
1779324039394 2.8499999999999998e-05 140
1779324039727 2.816292134831461e-05 160
1779324040023 2.7825842696629215e-05 180
1779324040364 2.748876404494382e-05 200
1779324040726 2.7151685393258426e-05 220
1779324041129 2.6814606741573034e-05 240
1779324042506 2.6477528089887643e-05 260
1779324042853 2.6140449438202248e-05 280
1779324043116 2.5803370786516853e-05 300
1779324043380 2.5466292134831462e-05 320
1779324043727 2.5129213483146067e-05 340
1779324044037 2.4792134831460676e-05 360
1779324044363 2.445505617977528e-05 380
1779324044666 2.411797752808989e-05 400
1779324044940 2.3780898876404495e-05 420
1779324045203 2.34438202247191e-05 440
1779324045446 2.310674157303371e-05 460
1779324045709 2.2769662921348317e-05 480
1779324045957 2.2432584269662922e-05 500
1779324047269 2.2095505617977528e-05 520
1779324047557 2.1758426966292133e-05 540
1779324047821 2.1421348314606745e-05 560
1779324048103 2.108426966292135e-05 580
1779324048379 2.0747191011235955e-05 600
1779324048744 2.041011235955056e-05 620
1779324049072 2.007303370786517e-05 640
1779324049426 1.9735955056179778e-05 660
1779324049692 1.9398876404494383e-05 680
1779324049968 1.9061797752808988e-05 700
1779324050243 1.8724719101123597e-05 720
1779324050536 1.8387640449438202e-05 740
1779324051861 1.805056179775281e-05 760
1779324052127 1.7713483146067416e-05 780
1779324052412 1.7376404494382024e-05 800
1779324052741 1.703932584269663e-05 820
1779324053025 1.6702247191011235e-05 840
1779324053309 1.6365168539325843e-05 860
1779324053554 1.6028089887640452e-05 880
1779324053823 1.5691011235955057e-05 900
1779324054061 1.5353932584269662e-05 920
1779324054290 1.501685393258427e-05 940
1779324054608 1.4679775280898876e-05 960
1779324054941 1.4342696629213485e-05 980
1779324055249 1.400561797752809e-05 1000
1779324056668 1.3668539325842697e-05 1020
1779324056973 1.3331460674157304e-05 1040
1779324057254 1.299438202247191e-05 1060
1779324057543 1.2657303370786518e-05 1080
1779324057835 1.2320224719101125e-05 1100
1779324058123 1.1983146067415731e-05 1120
1779324058401 1.1646067415730338e-05 1140
1779324058682 1.1308988764044944e-05 1160
1779324059007 1.0971910112359552e-05 1180
1779324059346 1.0634831460674157e-05 1200
1779324059638 1.0297752808988764e-05 1220
1779324059924 9.960674157303371e-06 1240
1779324061352 9.623595505617976e-06 1260
1779324061665 9.286516853932585e-06 1280
1779324062002 8.94943820224719e-06 1300
1779324062324 8.612359550561799e-06 1320
1779324062670 8.275280898876404e-06 1340
1779324063002 7.938202247191011e-06 1360
1779324063331 7.601123595505618e-06 1380
1779324063717 7.264044943820225e-06 1400
1779324064013 6.926966292134832e-06 1420
1779324064317 6.5898876404494385e-06 1440
1779324064641 6.252808988764045e-06 1460
1779324065022 5.915730337078652e-06 1480
1779324065320 5.578651685393258e-06 1500
1779324066773 5.241573033707865e-06 1520
1779324067073 4.904494382022472e-06 1540
1779324067397 4.567415730337079e-06 1560
1779324067684 4.230337078651686e-06 1580
1779324067976 3.893258426966292e-06 1600
1779324068277 3.5561797752808994e-06 1620
1779324068588 3.219101123595506e-06 1640
1779324068908 2.8820224719101123e-06 1660
1779324069233 2.544943820224719e-06 1680
1779324069583 2.2078651685393257e-06 1700
1779324069928 1.8707865168539326e-06 1720
1779324070279 1.5337078651685393e-06 1740
1779324071694 1.1966292134831462e-06 1760
1779324072007 8.595505617977528e-07 1780
1779324072303 5.224719101123595e-07 1800
1779324072593 1.853932584269663e-07 1820
