1779324037549 0.6927 20
1779324037871 0.6952 40
1779324038136 0.6958 60
1779324038449 0.694 80
1779324038763 0.6935 100
1779324039080 0.695 120
1779324039394 0.6931 140
1779324039727 0.6958 160
1779324040023 0.6968 180
1779324040364 0.6943 200
1779324040726 0.6954 220
1779324041129 0.6952 240
1779324042506 0.6945 260
1779324042853 0.6948 280
1779324043116 0.6936 300
1779324043380 0.693 320
1779324043727 0.6927 340
1779324044037 0.6948 360
1779324044363 0.6946 380
1779324044666 0.6928 400
1779324044940 0.6942 420
1779324045203 0.6947 440
1779324045446 0.693 460
1779324045709 0.6924 480
1779324045957 0.6933 500
1779324047269 0.6921 520
1779324047557 0.6945 540
1779324047821 0.6932 560
1779324048103 0.6913 580
1779324048379 0.6931 600
1779324048744 0.6941 620
1779324049072 0.6936 640
1779324049426 0.6913 660
1779324049692 0.6908 680
1779324049968 0.6931 700
1779324050243 0.6926 720
1779324050536 0.6929 740
1779324051861 0.6913 760
1779324052127 0.6912 780
1779324052412 0.6919 800
1779324052741 0.6939 820
1779324053025 0.6934 840
1779324053309 0.6935 860
1779324053554 0.6947 880
1779324053823 0.6902 900
1779324054061 0.6956 920
1779324054290 0.6944 940
1779324054608 0.6943 960
1779324054941 0.692 980
1779324055249 0.6922 1000
1779324056668 0.6914 1020
1779324056973 0.6954 1040
1779324057254 0.692 1060
1779324057543 0.6908 1080
1779324057835 0.6889 1100
1779324058123 0.6945 1120
1779324058401 0.6925 1140
1779324058682 0.6898 1160
1779324059007 0.6911 1180
1779324059346 0.6935 1200
1779324059638 0.6904 1220
1779324059924 0.6936 1240
1779324061352 0.6911 1260
1779324061665 0.6931 1280
1779324062002 0.6902 1300
1779324062324 0.6927 1320
1779324062670 0.695 1340
1779324063002 0.6927 1360
1779324063331 0.6908 1380
1779324063717 0.6935 1400
1779324064013 0.6904 1420
1779324064317 0.6918 1440
1779324064641 0.6929 1460
1779324065022 0.6909 1480
1779324065320 0.6917 1500
1779324066773 0.6925 1520
1779324067073 0.6941 1540
1779324067397 0.6938 1560
1779324067684 0.6915 1580
1779324067976 0.6936 1600
1779324068277 0.6889 1620
1779324068588 0.6916 1640
1779324068908 0.6902 1660
1779324069233 0.6927 1680
1779324069583 0.6913 1700
1779324069928 0.6924 1720
1779324070279 0.6936 1740
1779324071694 0.6918 1760
1779324072007 0.6931 1780
1779324072303 0.6898 1800
1779324072593 0.6927 1820
