1778290352540 0.043859649122807015 20
1778290355447 0.08771929824561403 40
1778290358340 0.13157894736842105 60
1778290361240 0.17543859649122806 80
1778290364144 0.21929824561403508 100
1778290367053 0.2631578947368421 120
1778290369959 0.30701754385964913 140
1778290372867 0.3508771929824561 160
1778290375772 0.39473684210526316 180
1778290378681 0.43859649122807015 200
1778290381585 0.4824561403508772 220
1778290384492 0.5263157894736842 240
1778290386433 0.5482456140350878 250
1778290389077 0.5701754385964912 260
1778290391982 0.6140350877192983 280
1778290394890 0.6578947368421053 300
1778290397794 0.7017543859649122 320
1778290400702 0.7456140350877193 340
1778290403610 0.7894736842105263 360
1778290406519 0.8333333333333334 380
1778290409423 0.8771929824561403 400
1778290412330 0.9210526315789473 420
1778290415235 0.9649122807017544 440
1778290418144 1.0087719298245614 460
1778290421046 1.0526315789473684 480
1778290423956 1.0964912280701755 500
1778290424390 1.0964912280701755 500
1778290428481 1.1403508771929824 520
1778290431388 1.1842105263157894 540
1778290434292 1.2280701754385965 560
1778290437199 1.2719298245614035 580
1778290440102 1.3157894736842106 600
1778290443011 1.3596491228070176 620
1778290445915 1.4035087719298245 640
1778290448827 1.4473684210526316 660
1778290451730 1.4912280701754386 680
1778290454637 1.5350877192982457 700
1778290457541 1.5789473684210527 720
1778290460449 1.6228070175438596 740
1778290462389 1.6447368421052633 750
1778290464852 1.6666666666666665 760
1778290467756 1.7105263157894737 780
1778290470662 1.7543859649122808 800
1778290473566 1.7982456140350878 820
1778290476474 1.8421052631578947 840
1778290479380 1.8859649122807016 860
1778290482290 1.9298245614035088 880
1778290485199 1.973684210526316 900
1778290488114 2.017543859649123 920
1778290491024 2.06140350877193 940
1778290493932 2.1052631578947367 960
1778290496839 2.1491228070175437 980
1778290499747 2.192982456140351 1000
1778290500178 2.192982456140351 1000
1778290504515 2.236842105263158 1020
1778290507422 2.280701754385965 1040
1778290510327 2.324561403508772 1060
1778290513236 2.3684210526315788 1080
1778290516139 2.412280701754386 1100
1778290519047 2.456140350877193 1120
1778290521952 2.5 1140
1778290524862 2.543859649122807 1160
1778290527768 2.587719298245614 1180
1778290530677 2.6315789473684212 1200
1778290533585 2.675438596491228 1220
1778290536493 2.719298245614035 1240
1778290538374 2.7412280701754383 1250
1778290541054 2.763157894736842 1260
1778290543956 2.807017543859649 1280
1778290546864 2.8508771929824563 1300
1778290549767 2.8947368421052633 1320
1778290552675 2.93859649122807 1340
1778290555576 2.982456140350877 1360
1778290557816 3.0 1368
1778290558482 3.0 1368
1778290558666 3.0 1368
1778290559207 3.0 0
