1778290352540 1.02e-05 20
1778290355447 2.22e-05 40
1778290358340 2.9863429438543247e-05 60
1778290361240 2.94309559939302e-05 80
1778290364144 2.8975720789074358e-05 100
1778290367053 2.8520485584218517e-05 120
1778290369959 2.806525037936267e-05 140
1778290372867 2.7610015174506828e-05 160
1778290375772 2.7154779969650987e-05 180
1778290378681 2.6699544764795146e-05 200
1778290381585 2.6244309559939302e-05 220
1778290384492 2.578907435508346e-05 240
1778290389077 2.5333839150227617e-05 260
1778290391982 2.4878603945371776e-05 280
1778290394890 2.4423368740515935e-05 300
1778290397794 2.396813353566009e-05 320
1778290400702 2.351289833080425e-05 340
1778290403610 2.305766312594841e-05 360
1778290406519 2.2602427921092568e-05 380
1778290409423 2.214719271623672e-05 400
1778290412330 2.169195751138088e-05 420
1778290415235 2.1236722306525038e-05 440
1778290418144 2.0781487101669197e-05 460
1778290421046 2.0326251896813356e-05 480
1778290423956 1.9871016691957512e-05 500
1778290428481 1.9415781487101668e-05 520
1778290431388 1.8960546282245827e-05 540
1778290434292 1.8505311077389986e-05 560
1778290437199 1.805007587253414e-05 580
1778290440102 1.75948406676783e-05 600
1778290443011 1.713960546282246e-05 620
1778290445915 1.668437025796662e-05 640
1778290448827 1.6229135053110774e-05 660
1778290451730 1.577389984825493e-05 680
1778290454637 1.531866464339909e-05 700
1778290457541 1.4863429438543248e-05 720
1778290460449 1.4408194233687405e-05 740
1778290464852 1.3952959028831563e-05 760
1778290467756 1.3497723823975722e-05 780
1778290470662 1.304248861911988e-05 800
1778290473566 1.2587253414264037e-05 820
1778290476474 1.2132018209408194e-05 840
1778290479380 1.1676783004552353e-05 860
1778290482290 1.1221547799696509e-05 880
1778290485199 1.0766312594840668e-05 900
1778290488114 1.0311077389984825e-05 920
1778290491024 9.855842185128984e-06 940
1778290493932 9.400606980273142e-06 960
1778290496839 8.945371775417299e-06 980
1778290499747 8.490136570561458e-06 1000
1778290504515 8.034901365705614e-06 1020
1778290507422 7.579666160849773e-06 1040
1778290510327 7.12443095599393e-06 1060
1778290513236 6.669195751138088e-06 1080
1778290516139 6.213960546282246e-06 1100
1778290519047 5.758725341426404e-06 1120
1778290521952 5.303490136570561e-06 1140
1778290524862 4.848254931714719e-06 1160
1778290527768 4.393019726858877e-06 1180
1778290530677 3.937784522003035e-06 1200
1778290533585 3.4825493171471925e-06 1220
1778290536493 3.0273141122913507e-06 1240
1778290541054 2.5720789074355085e-06 1260
1778290543956 2.1168437025796663e-06 1280
1778290546864 1.661608497723824e-06 1300
1778290549767 1.2063732928679817e-06 1320
1778290552675 7.511380880121397e-07 1340
1778290555576 2.959028831562974e-07 1360
