1776260787435 0.7203538417816162 50
1776260800304 0.718891978263855 100
1776260813195 0.7274227738380432 150
1776260826118 0.7235139608383179 200
1776260839066 0.729944109916687 250
1776260852024 0.5944631099700928 300
1776260865000 0.49801743030548096 350
1776260878001 0.47862058877944946 400
1776260891015 0.28755512833595276 450
1776260904046 0.22712396085262299 500
1776260917099 0.14077316224575043 550
1776260930157 0.22415944933891296 600
1776260943221 0.07494346052408218 650
1776260956297 0.16184359788894653 700
1776260979312 0.24597994983196259 750
1776260992415 0.19269759953022003 800
1776261005521 0.3036830425262451 850
1776261018638 0.24561604857444763 900
1776261031769 0.1521868109703064 950
1776261044918 0.051913466304540634 1000
1776261058078 0.14311160147190094 1050
1776261071234 0.007777845952659845 1100
1776261084405 0.06007050722837448 1150
1776261097564 0.553128719329834 1200
1776261110742 0.04997803643345833 1250
1776261123923 0.30046603083610535 1300
1776261137101 0.003216319717466831 1350
1776261150280 0.19964052736759186 1400
1776261163467 0.14918600022792816 1450
1776261186596 0.2528603672981262 1500
1776261199789 0.05392962694168091 1550
1776261212975 0.04921979084610939 1600
1776261226172 0.04487324878573418 1650
1776261239375 0.24150450527668 1700
1776261252557 0.04787536337971687 1750
1776261265769 0.0035363787319511175 1800
1776261278963 0.005639183335006237 1850
1776261292172 0.35804060101509094 1900
1776261305385 0.05651663988828659 1950
1776261318581 0.39454808831214905 2000
1776261331799 0.2072509080171585 2050
1776261345000 0.14672024548053741 2100
1776261358214 0.15310494601726532 2150
1776261371432 0.05190126597881317 2200
