1776260787435 0.4961259460449219 50
1776260800304 0.4790351104736328 100
1776260813195 0.44566448211669923 150
1776260826118 0.4028808212280273 200
1776260839066 0.3601008224487305 250
1776260852024 0.3229240417480469 300
1776260865000 0.2942356491088867 350
1776260878001 0.2745123100280762 400
1776260891015 0.2619866943359375 450
1776260904046 0.2557292366027832 500
1776260917099 0.25251007080078125 550
1776260930157 0.2509428596496582 600
1776260943221 0.2503798294067383 650
1776260956297 0.2501469039916992 700
1776260979312 0.2500676345825195 750
1776260992415 0.24998100280761718 800
1776261005521 0.25006057739257814 850
1776261018638 0.2500022888183594 900
1776261031769 0.2500247764587402 950
1776261044918 0.25000762939453125 1000
1776261058078 0.2500104331970215 1050
1776261071234 0.2500143623352051 1100
1776261084405 0.25000328063964844 1150
1776261097564 0.2500547981262207 1200
1776261110742 0.25000789642333987 1250
1776261123923 0.25000791549682616 1300
1776261137101 0.2500044822692871 1350
1776261150280 0.2500076675415039 1400
1776261163467 0.2500100898742676 1450
1776261186596 0.2500229263305664 1500
1776261199789 0.2499920082092285 1550
1776261212975 0.2500255393981934 1600
1776261226172 0.24998085021972657 1650
1776261239375 0.24998874664306642 1700
1776261252557 0.2500824737548828 1750
1776261265769 0.24998979568481444 1800
1776261278963 0.24998769760131836 1850
1776261292172 0.24998464584350585 1900
1776261305385 0.24998706817626953 1950
1776261318581 0.24999652862548827 2000
1776261331799 0.25003103256225584 2050
1776261345000 0.25005720138549803 2100
1776261358214 0.25003440856933595 2150
1776261371432 0.2500079345703125 2200
