1776948802590 0.044444444444444446 20
1776948815571 0.08888888888888889 40
1776948828581 0.13333333333333333 60
1776948841633 0.17777777777777778 80
1776948854783 0.2222222222222222 100
1776948867983 0.26666666666666666 120
1776948881238 0.3111111111111111 140
1776948894548 0.35555555555555557 160
1776948907908 0.4 180
1776948921303 0.4444444444444444 200
1776948934743 0.4888888888888889 220
1776948948258 0.5333333333333333 240
1776948966230 0.5555555555555556 250
1776948973017 0.5777777777777777 260
1776948986617 0.6222222222222222 280
1776949000246 0.6666666666666666 300
1776949013899 0.7111111111111111 320
1776949027581 0.7555555555555555 340
1776949041352 0.8 360
1776949055065 0.8444444444444444 380
1776949068812 0.8888888888888888 400
1776949082593 0.9333333333333333 420
1776949096324 0.9777777777777777 440
1776949110088 1.0222222222222221 460
1776949123871 1.0666666666666667 480
1776949137646 1.1111111111111112 500
1776949148926 1.1111111111111112 500
1776949164775 1.1555555555555554 520
1776949178566 1.2 540
1776949192374 1.2444444444444445 560
1776949206178 1.2888888888888888 580
1776949219951 1.3333333333333333 600
1776949233750 1.3777777777777778 620
1776949247530 1.4222222222222223 640
1776949261362 1.4666666666666668 660
1776949275205 1.511111111111111 680
1776949289037 1.5555555555555556 700
1776949302871 1.6 720
1776949316697 1.6444444444444444 740
1776949334928 1.6666666666666665 750
1776949341857 1.6888888888888889 760
1776949355692 1.7333333333333334 780
1776949369550 1.7777777777777777 800
1776949383414 1.8222222222222222 820
1776949397248 1.8666666666666667 840
1776949411096 1.911111111111111 860
1776949424932 1.9555555555555557 880
1776949438775 2.0 900
1776949452611 2.0444444444444443 920
1776949466446 2.088888888888889 940
1776949480277 2.1333333333333333 960
1776949494154 2.1777777777777776 980
1776949507972 2.2222222222222223 1000
1776949519296 2.2222222222222223 1000
1776949535187 2.2666666666666666 1020
1776949549017 2.311111111111111 1040
1776949562846 2.3555555555555556 1060
1776949576673 2.4 1080
1776949590514 2.4444444444444446 1100
1776949604348 2.488888888888889 1120
1776949618177 2.533333333333333 1140
1776949632015 2.5777777777777775 1160
1776949645848 2.6222222222222222 1180
1776949659686 2.6666666666666665 1200
1776949673541 2.7111111111111112 1220
1776949687375 2.7555555555555555 1240
1776949705596 2.7777777777777777 1250
1776949712535 2.8 1260
1776949726368 2.8444444444444446 1280
1776949740231 2.888888888888889 1300
1776949754061 2.9333333333333336 1320
1776949767914 2.977777777777778 1340
1776949781734 3.022222222222222 1360
1776949795575 3.066666666666667 1380
1776949809416 3.111111111111111 1400
1776949823275 3.1555555555555554 1420
1776949837124 3.2 1440
1776949850974 3.2444444444444445 1460
1776949864815 3.2888888888888888 1480
1776949878682 3.3333333333333335 1500
1776949890005 3.3333333333333335 1500
1776949905910 3.3777777777777778 1520
1776949919768 3.422222222222222 1540
1776949933650 3.466666666666667 1560
1776949947521 3.511111111111111 1580
1776949961383 3.5555555555555554 1600
1776949975283 3.6 1620
1776949989153 3.6444444444444444 1640
1776950003040 3.688888888888889 1660
1776950016930 3.7333333333333334 1680
1776950030831 3.7777777777777777 1700
1776950044739 3.822222222222222 1720
1776950058602 3.8666666666666667 1740
1776950076895 3.888888888888889 1750
1776950083820 3.911111111111111 1760
1776950097686 3.9555555555555557 1780
1776950111528 4.0 1800
1776950125419 4.044444444444444 1820
1776950139269 4.088888888888889 1840
1776950153136 4.133333333333334 1860
1776950166971 4.177777777777778 1880
1776950180829 4.222222222222222 1900
1776950194709 4.266666666666667 1920
1776950208608 4.311111111111111 1940
1776950222511 4.355555555555555 1960
1776950236414 4.4 1980
1776950250262 4.444444444444445 2000
1776950261626 4.444444444444445 2000
1776950277163 4.488888888888889 2020
1776950291008 4.533333333333333 2040
1776950304855 4.5777777777777775 2060
1776950318690 4.622222222222222 2080
1776950332517 4.666666666666667 2100
1776950346328 4.711111111111111 2120
1776950360167 4.7555555555555555 2140
1776950374016 4.8 2160
1776950387908 4.844444444444444 2180
1776950401763 4.888888888888889 2200
1776950415621 4.933333333333334 2220
1776950429501 4.977777777777778 2240
1776950447786 5.0 2250
1776950454741 5.022222222222222 2260
1776950468620 5.066666666666666 2280
1776950482477 5.111111111111111 2300
1776950496334 5.155555555555556 2320
1776950510211 5.2 2340
1776950524079 5.2444444444444445 2360
1776950537943 5.288888888888889 2380
1776950551797 5.333333333333333 2400
1776950565671 5.377777777777778 2420
1776950579520 5.4222222222222225 2440
1776950593380 5.466666666666667 2460
1776950607234 5.511111111111111 2480
1776950621100 5.555555555555555 2500
1776950632461 5.555555555555555 2500
1776950648344 5.6 2520
1776950662166 5.644444444444445 2540
1776950676027 5.688888888888889 2560
1776950689889 5.733333333333333 2580
1776950703745 5.777777777777778 2600
1776950717622 5.822222222222222 2620
1776950731483 5.866666666666667 2640
1776950745336 5.911111111111111 2660
1776950759172 5.955555555555556 2680
1776950772991 6.0 2700
1776950775115 6.0 2700
1776950786857 6.0 2700
1776950801355 6.0 2700
1776950808804 6.0 0
