1776948802590 2.1111111111111114e-06 20
1776948815571 4.333333333333333e-06 40
1776948828581 6.555555555555556e-06 60
1776948841633 8.666666666666666e-06 80
1776948854783 1.088888888888889e-05 100
1776948867983 1.3111111111111113e-05 120
1776948881238 1.533333333333333e-05 140
1776948894548 1.7555555555555556e-05 160
1776948907908 1.9777777777777778e-05 180
1776948921303 2.2e-05 200
1776948934743 2.4222222222222224e-05 220
1776948948258 2.6444444444444446e-05 240
1776948973017 2.8666666666666668e-05 260
1776948986617 2.9901234567901236e-05 280
1776949000246 2.965432098765432e-05 300
1776949013899 2.940740740740741e-05 320
1776949027581 2.9160493827160494e-05 340
1776949041352 2.8913580246913583e-05 360
1776949055065 2.8666666666666668e-05 380
1776949068812 2.8419753086419753e-05 400
1776949082593 2.817283950617284e-05 420
1776949096324 2.793827160493827e-05 440
1776949110088 2.769135802469136e-05 460
1776949123871 2.7444444444444447e-05 480
1776949137646 2.719753086419753e-05 500
1776949164775 2.6950617283950617e-05 520
1776949178566 2.6703703703703705e-05 540
1776949192374 2.645679012345679e-05 560
1776949206178 2.620987654320988e-05 580
1776949219951 2.5975308641975307e-05 600
1776949233750 2.5728395061728396e-05 620
1776949247530 2.5481481481481484e-05 640
1776949261362 2.523456790123457e-05 660
1776949275205 2.4987654320987654e-05 680
1776949289037 2.4740740740740742e-05 700
1776949302871 2.4493827160493827e-05 720
1776949316697 2.4246913580246916e-05 740
1776949341857 2.4e-05 760
1776949355692 2.3753086419753086e-05 780
1776949369550 2.3506172839506174e-05 800
1776949383414 2.3259259259259262e-05 820
1776949397248 2.3012345679012344e-05 840
1776949411096 2.2765432098765432e-05 860
1776949424932 2.251851851851852e-05 880
1776949438775 2.2271604938271606e-05 900
1776949452611 2.202469135802469e-05 920
1776949466446 2.177777777777778e-05 940
1776949480277 2.1530864197530864e-05 960
1776949494154 2.1283950617283952e-05 980
1776949507972 2.103703703703704e-05 1000
1776949535187 2.0790123456790122e-05 1020
1776949549017 2.054320987654321e-05 1040
1776949562846 2.02962962962963e-05 1060
1776949576673 2.0049382716049384e-05 1080
1776949590514 1.980246913580247e-05 1100
1776949604348 1.9555555555555557e-05 1120
1776949618177 1.9308641975308642e-05 1140
1776949632015 1.906172839506173e-05 1160
1776949645848 1.8814814814814816e-05 1180
1776949659686 1.85679012345679e-05 1200
1776949673541 1.832098765432099e-05 1220
1776949687375 1.8074074074074077e-05 1240
1776949712535 1.782716049382716e-05 1260
1776949726368 1.7580246913580247e-05 1280
1776949740231 1.7333333333333332e-05 1300
1776949754061 1.708641975308642e-05 1320
1776949767914 1.6839506172839506e-05 1340
1776949781734 1.659259259259259e-05 1360
1776949795575 1.634567901234568e-05 1380
1776949809416 1.6098765432098767e-05 1400
1776949823275 1.5851851851851852e-05 1420
1776949837124 1.5604938271604937e-05 1440
1776949850974 1.5358024691358026e-05 1460
1776949864815 1.511111111111111e-05 1480
1776949878682 1.4864197530864197e-05 1500
1776949905910 1.4617283950617286e-05 1520
1776949919768 1.437037037037037e-05 1540
1776949933650 1.4123456790123457e-05 1560
1776949947521 1.3876543209876544e-05 1580
1776949961383 1.362962962962963e-05 1600
1776949975283 1.3382716049382716e-05 1620
1776949989153 1.3135802469135804e-05 1640
1776950003040 1.2888888888888889e-05 1660
1776950016930 1.2641975308641976e-05 1680
1776950030831 1.239506172839506e-05 1700
1776950044739 1.2148148148148149e-05 1720
1776950058602 1.1901234567901234e-05 1740
1776950083820 1.165432098765432e-05 1760
1776950097686 1.1407407407407407e-05 1780
1776950111528 1.1160493827160494e-05 1800
1776950125419 1.091358024691358e-05 1820
1776950139269 1.0666666666666667e-05 1840
1776950153136 1.0419753086419754e-05 1860
1776950166971 1.0172839506172839e-05 1880
1776950180829 9.925925925925927e-06 1900
1776950194709 9.679012345679012e-06 1920
1776950208608 9.432098765432099e-06 1940
1776950222511 9.185185185185186e-06 1960
1776950236414 8.938271604938272e-06 1980
1776950250262 8.703703703703705e-06 2000
1776950277163 8.45679012345679e-06 2020
1776950291008 8.209876543209876e-06 2040
1776950304855 7.962962962962963e-06 2060
1776950318690 7.71604938271605e-06 2080
1776950332517 7.469135802469136e-06 2100
1776950346328 7.222222222222222e-06 2120
1776950360167 6.975308641975309e-06 2140
1776950374016 6.728395061728395e-06 2160
1776950387908 6.481481481481481e-06 2180
1776950401763 6.234567901234568e-06 2200
1776950415621 5.9876543209876546e-06 2220
1776950429501 5.74074074074074e-06 2240
1776950454741 5.493827160493827e-06 2260
1776950468620 5.246913580246914e-06 2280
1776950482477 4.9999999999999996e-06 2300
1776950496334 4.753086419753086e-06 2320
1776950510211 4.506172839506173e-06 2340
1776950524079 4.259259259259259e-06 2360
1776950537943 4.012345679012346e-06 2380
1776950551797 3.7654320987654325e-06 2400
1776950565671 3.5185185185185183e-06 2420
1776950579520 3.271604938271605e-06 2440
1776950593380 3.0246913580246912e-06 2460
1776950607234 2.7777777777777775e-06 2480
1776950621100 2.5308641975308646e-06 2500
1776950648344 2.283950617283951e-06 2520
1776950662166 2.037037037037037e-06 2540
1776950676027 1.7901234567901235e-06 2560
1776950689889 1.54320987654321e-06 2580
1776950703745 1.2962962962962962e-06 2600
1776950717622 1.0493827160493827e-06 2620
1776950731483 8.024691358024692e-07 2640
1776950745336 5.555555555555555e-07 2660
1776950759172 3.08641975308642e-07 2680
1776950772991 6.17283950617284e-08 2700
