1776948802590 2.9967 20
1776948815571 2.9837 40
1776948828581 2.9673 60
1776948841633 2.9248 80
1776948854783 2.8742 100
1776948867983 2.8143 120
1776948881238 2.7521 140
1776948894548 2.6493 160
1776948907908 2.5735 180
1776948921303 2.5411 200
1776948934743 2.482 220
1776948948258 2.4179 240
1776948973017 2.3192 260
1776948986617 2.3007 280
1776949000246 2.2241 300
1776949013899 2.221 320
1776949027581 2.1096 340
1776949041352 2.1516 360
1776949055065 1.986 380
1776949068812 1.9163 400
1776949082593 1.9308 420
1776949096324 1.7807 440
1776949110088 1.828 460
1776949123871 1.7475 480
1776949137646 1.7089 500
1776949164775 1.6251 520
1776949178566 1.6194 540
1776949192374 1.6218 560
1776949206178 1.5848 580
1776949219951 1.4767 600
1776949233750 1.5242 620
1776949247530 1.4682 640
1776949261362 1.4428 660
1776949275205 1.3686 680
1776949289037 1.4154 700
1776949302871 1.351 720
1776949316697 1.371 740
1776949341857 1.4199 760
1776949355692 1.353 780
1776949369550 1.2652 800
1776949383414 1.3302 820
1776949397248 1.3566 840
1776949411096 1.2656 860
1776949424932 1.1781 880
1776949438775 1.0586 900
1776949452611 1.1106 920
1776949466446 1.142 940
1776949480277 1.1082 960
1776949494154 1.0023 980
1776949507972 1.0229 1000
1776949535187 1.0385 1020
1776949549017 1.0151 1040
1776949562846 1.0396 1060
1776949576673 0.979 1080
1776949590514 0.9864 1100
1776949604348 0.992 1120
1776949618177 0.8836 1140
1776949632015 0.9651 1160
1776949645848 0.9054 1180
1776949659686 0.9841 1200
1776949673541 0.8616 1220
1776949687375 0.9694 1240
1776949712535 0.8842 1260
1776949726368 0.9223 1280
1776949740231 0.8877 1300
1776949754061 0.8162 1320
1776949767914 0.858 1340
1776949781734 0.7316 1360
1776949795575 0.7188 1380
1776949809416 0.758 1400
1776949823275 0.646 1420
1776949837124 0.7233 1440
1776949850974 0.7118 1460
1776949864815 0.6913 1480
1776949878682 0.6983 1500
1776949905910 0.7185 1520
1776949919768 0.7643 1540
1776949933650 0.6733 1560
1776949947521 0.6656 1580
1776949961383 0.7205 1600
1776949975283 0.6503 1620
1776949989153 0.6661 1640
1776950003040 0.7725 1660
1776950016930 0.6398 1680
1776950030831 0.66 1700
1776950044739 0.6603 1720
1776950058602 0.6124 1740
1776950083820 0.6118 1760
1776950097686 0.6335 1780
1776950111528 0.6102 1800
1776950125419 0.4984 1820
1776950139269 0.5575 1840
1776950153136 0.5429 1860
1776950166971 0.5588 1880
1776950180829 0.52 1900
1776950194709 0.4689 1920
1776950208608 0.5283 1940
1776950222511 0.4762 1960
1776950236414 0.5209 1980
1776950250262 0.4466 2000
1776950277163 0.4365 2020
1776950291008 0.5325 2040
1776950304855 0.4214 2060
1776950318690 0.4893 2080
1776950332517 0.4518 2100
1776950346328 0.4271 2120
1776950360167 0.3693 2140
1776950374016 0.4939 2160
1776950387908 0.4546 2180
1776950401763 0.4237 2200
1776950415621 0.4352 2220
1776950429501 0.4819 2240
1776950454741 0.3929 2260
1776950468620 0.3682 2280
1776950482477 0.351 2300
1776950496334 0.3664 2320
1776950510211 0.4233 2340
1776950524079 0.3084 2360
1776950537943 0.3127 2380
1776950551797 0.3484 2400
1776950565671 0.3538 2420
1776950579520 0.3059 2440
1776950593380 0.387 2460
1776950607234 0.3578 2480
1776950621100 0.2907 2500
1776950648344 0.3595 2520
1776950662166 0.3791 2540
1776950676027 0.3751 2560
1776950689889 0.2895 2580
1776950703745 0.309 2600
1776950717622 0.3443 2620
1776950731483 0.36 2640
1776950745336 0.3253 2660
1776950759172 0.3629 2680
1776950772991 0.3383 2700
