1778884771793 0.02806032970887408 20
1778884795019 0.05612065941774816 40
1778884818248 0.08418098912662224 60
1778884841476 0.11224131883549632 80
1778884864706 0.14030164854437038 100
1778884887938 0.16836197825324448 120
1778884911164 0.19642230796211854 140
1778884934395 0.22448263767099264 160
1778884957624 0.2525429673798667 180
1778884980854 0.28060329708874077 200
1778885004084 0.3086636267976149 220
1778885027314 0.33672395650648895 240
1778885082988 0.350754121360926 250
1778885096001 0.364784286215363 260
1778885119242 0.3928446159242371 280
1778885142485 0.4209049456331112 300
1778885165727 0.44896527534198527 320
1778885188969 0.47702560505085934 340
1778885212214 0.5050859347597334 360
1778885235455 0.5331462644686075 380
1778885258699 0.5612065941774815 400
1778885281944 0.5892669238863557 420
1778885305184 0.6173272535952298 440
1778885328427 0.6453875833041038 460
1778885351668 0.6734479130129779 480
1778885374912 0.701508242721852 500
1778885418881 0.701508242721852 500
1778885443716 0.729568572430726 520
1778885466921 0.7576289021396001 540
1778885490127 0.7856892318484742 560
1778885513334 0.8137495615573483 580
1778885536569 0.8418098912662224 600
1778885559810 0.8698702209750965 620
1778885583051 0.8979305506839705 640
1778885606292 0.9259908803928446 660
1778885629534 0.9540512101017187 680
1778885652774 0.9821115398105927 700
1778885675642 1.0098211153981058 720
1778885698882 1.03788144510698 740
1778885754466 1.051911609961417 750
1778885767485 1.0659417748158542 760
1778885790723 1.0940021045247281 780
1778885813958 1.1220624342336023 800
1778885837197 1.1501227639424763 820
1778885860434 1.1781830936513504 840
1778885883673 1.2062434233602244 860
1778885906912 1.2343037530690986 880
1778885930150 1.2623640827779727 900
1778885953389 1.2904244124868467 920
1778885976628 1.3184847421957209 940
1778885999868 1.3465450719045948 960
1778886023108 1.374605401613469 980
1778886046346 1.402665731322343 1000
1778886090286 1.402665731322343 1000
1778886115144 1.4307260610312171 1020
1778886138370 1.4587863907400913 1040
1778886161596 1.4868467204489653 1060
1778886184825 1.5149070501578392 1080
1778886208051 1.5429673798667134 1100
1778886231279 1.5710277095755876 1120
1778886254512 1.5990880392844615 1140
1778886277740 1.6271483689933357 1160
1778886300969 1.6552086987022099 1180
1778886324197 1.6832690284110838 1200
1778886347425 1.7113293581199578 1220
1778886370653 1.739389687828832 1240
1778886426231 1.753419852683269 1250
1778886439716 1.7674500175377061 1260
1778886462953 1.79551034724658 1280
1778886486190 1.8235706769554543 1300
1778886509427 1.8516310066643284 1320
1778886532665 1.8796913363732024 1340
1778886555904 1.9077516660820764 1360
1778886579141 1.9358119957909505 1380
1778886602379 1.9638723254998247 1400
1778886625615 1.9919326552086987 1420
1778886648485 2.0196422307962116 1440
1778886671725 2.047702560505086 1460
1778886694965 2.07576289021396 1480
1778886718204 2.103823219922834 1500
1778886762151 2.103823219922834 1500
1778886786756 2.1318835496317083 1520
1778886809961 2.1599438793405823 1540
1778886833166 2.1880042090494563 1560
1778886856370 2.21606453875833 1580
1778886879575 2.2441248684672046 1600
1778886902782 2.2721851981760786 1620
1778886925987 2.3002455278849525 1640
1778886949192 2.328305857593827 1660
1778886972398 2.356366187302701 1680
1778886995604 2.384426517011575 1700
1778887018809 2.4124868467204488 1720
1778887042013 2.440547176429323 1740
1778887097555 2.45457734128376 1750
1778887110787 2.468607506138197 1760
1778887133995 2.496667835847071 1780
1778887157201 2.5247281655559455 1800
1778887180407 2.5527884952648194 1820
1778887203615 2.5808488249736934 1840
1778887226823 2.608909154682568 1860
1778887250030 2.6369694843914417 1880
1778887273237 2.6650298141003157 1900
1778887296445 2.6930901438091897 1920
1778887319654 2.7211504735180636 1940
1778887342863 2.749210803226938 1960
1778887366072 2.777271132935812 1980
1778887389281 2.805331462644686 2000
1778887433196 2.805331462644686 2000
1778887458049 2.8333917923535603 2020
1778887481275 2.8614521220624343 2040
1778887504502 2.889512451771308 2060
1778887527729 2.9175727814801826 2080
1778887550955 2.9456331111890566 2100
1778887574184 2.9736934408979305 2120
1778887597037 3.0014030164854435 2140
1778887620262 3.029463346194318 2160
1778887643491 3.057523675903192 2180
1778887666716 3.085584005612066 2200
1778887689939 3.11364433532094 2220
1778887713164 3.141704665029814 2240
1778887768712 3.155734829884251 2250
1778887781945 3.169764994738688 2260
1778887805149 3.197825324447562 2280
1778887828352 3.2258856541564365 2300
1778887851556 3.2539459838653104 2320
1778887874759 3.2820063135741844 2340
1778887897963 3.3100666432830588 2360
1778887921167 3.3381269729919327 2380
1778887944373 3.3661873027008067 2400
1778887967577 3.3942476324096806 2420
1778887990783 3.422307962118555 2440
1778888013986 3.450368291827429 2460
1778888037192 3.478428621536303 2480
1778888060396 3.506488951245177 2500
1778888104331 3.506488951245177 2500
1778888129191 3.5345492809540513 2520
1778888152418 3.5626096106629253 2540
1778888175648 3.590669940371799 2560
1778888198877 3.6187302700806736 2580
1778888222103 3.6467905997895476 2600
1778888245335 3.6748509294984215 2620
1778888268564 3.702911259207296 2640
1778888291794 3.73097158891617 2660
1778888315021 3.759031918625044 2680
1778888338249 3.7870922483339178 2700
1778888361477 3.8151525780427917 2720
1778888384707 3.843212907751666 2740
1778888440261 3.857243072606103 2750
1778888453502 3.87127323746054 2760
1778888476728 3.899333567169414 2780
1778888499956 3.9273938968782884 2800
1778888523184 3.9554542265871624 2820
1778888546408 3.9835145562960363 2840
1778888569263 4.01122413188355 2860
1778888592489 4.039284461592423 2880
1778888615716 4.067344791301298 2900
1778888638943 4.095405121010172 2920
1778888662170 4.123465450719046 2940
1778888685395 4.15152578042792 2960
1778888708621 4.179586110136794 2980
1778888731848 4.207646439845668 3000
1778888775784 4.207646439845668 3000
1778888800638 4.235706769554542 3020
1778888823863 4.263767099263417 3040
1778888847088 4.29182742897229 3060
1778888870313 4.319887758681165 3080
1778888893540 4.347948088390039 3100
1778888916765 4.3760084180989125 3120
1778888939992 4.404068747807787 3140
1778888963217 4.43212907751666 3160
1778888986442 4.460189407225535 3180
1778889009667 4.488249736934409 3200
1778889032892 4.516310066643283 3220
1778889056116 4.544370396352157 3240
1778889111670 4.558400561206594 3250
1778889124909 4.5724307260610315 3260
1778889148131 4.600491055769905 3280
1778889171353 4.628551385478779 3300
1778889194577 4.656611715187654 3320
1778889217800 4.684672044896527 3340
1778889241022 4.712732374605402 3360
1778889264246 4.740792704314275 3380
1778889287470 4.76885303402315 3400
1778889310693 4.796913363732024 3420
1778889333916 4.8249736934408975 3440
1778889357139 4.853034023149772 3460
1778889380361 4.881094352858646 3480
1778889403582 4.90915468256752 3500
1778889447519 4.90915468256752 3500
1778889472373 4.937215012276394 3520
1778889495598 4.965275341985269 3540
1778889518823 4.993335671694142 3560
1778889568213 5.0 3565
1778889569835 5.0 3565
1778889614921 5.0 3565
1778889669599 5.0 3565
1778889725675 5.0 0
