1778884771793 3.8e-05 20
1778884795019 7.800000000000001e-05 40
1778884818248 9.974395448079659e-05 60
1778884841476 9.917496443812234e-05 80
1778884864706 9.860597439544809e-05 100
1778884887938 9.803698435277383e-05 120
1778884911164 9.746799431009958e-05 140
1778884934395 9.689900426742532e-05 160
1778884957624 9.633001422475108e-05 180
1778884980854 9.576102418207683e-05 200
1778885004084 9.519203413940256e-05 220
1778885027314 9.462304409672831e-05 240
1778885096001 9.405405405405407e-05 260
1778885119242 9.34850640113798e-05 280
1778885142485 9.291607396870555e-05 300
1778885165727 9.23470839260313e-05 320
1778885188969 9.177809388335704e-05 340
1778885212214 9.12091038406828e-05 360
1778885235455 9.064011379800855e-05 380
1778885258699 9.007112375533428e-05 400
1778885281944 8.950213371266003e-05 420
1778885305184 8.893314366998578e-05 440
1778885328427 8.836415362731152e-05 460
1778885351668 8.779516358463727e-05 480
1778885374912 8.722617354196302e-05 500
1778885443716 8.665718349928877e-05 520
1778885466921 8.608819345661452e-05 540
1778885490127 8.551920341394027e-05 560
1778885513334 8.495021337126601e-05 580
1778885536569 8.438122332859175e-05 600
1778885559810 8.38122332859175e-05 620
1778885583051 8.324324324324326e-05 640
1778885606292 8.267425320056899e-05 660
1778885629534 8.210526315789474e-05 680
1778885652774 8.153627311522049e-05 700
1778885675642 8.096728307254622e-05 720
1778885698882 8.039829302987199e-05 740
1778885767485 7.982930298719773e-05 760
1778885790723 7.926031294452347e-05 780
1778885813958 7.869132290184922e-05 800
1778885837197 7.812233285917498e-05 820
1778885860434 7.755334281650071e-05 840
1778885883673 7.698435277382646e-05 860
1778885906912 7.641536273115221e-05 880
1778885930150 7.584637268847796e-05 900
1778885953389 7.52773826458037e-05 920
1778885976628 7.470839260312945e-05 940
1778885999868 7.41394025604552e-05 960
1778886023108 7.357041251778094e-05 980
1778886046346 7.300142247510668e-05 1000
1778886115144 7.243243243243245e-05 1020
1778886138370 7.186344238975818e-05 1040
1778886161596 7.129445234708393e-05 1060
1778886184825 7.072546230440968e-05 1080
1778886208051 7.015647226173541e-05 1100
1778886231279 6.958748221906117e-05 1120
1778886254512 6.901849217638692e-05 1140
1778886277740 6.844950213371266e-05 1160
1778886300969 6.78805120910384e-05 1180
1778886324197 6.731152204836417e-05 1200
1778886347425 6.67425320056899e-05 1220
1778886370653 6.617354196301565e-05 1240
1778886439716 6.56045519203414e-05 1260
1778886462953 6.503556187766715e-05 1280
1778886486190 6.44665718349929e-05 1300
1778886509427 6.389758179231864e-05 1320
1778886532665 6.332859174964439e-05 1340
1778886555904 6.275960170697012e-05 1360
1778886579141 6.219061166429587e-05 1380
1778886602379 6.162162162162163e-05 1400
1778886625615 6.105263157894737e-05 1420
1778886648485 6.048364153627312e-05 1440
1778886671725 5.991465149359886e-05 1460
1778886694965 5.934566145092462e-05 1480
1778886718204 5.877667140825036e-05 1500
1778886786756 5.82076813655761e-05 1520
1778886809961 5.763869132290185e-05 1540
1778886833166 5.706970128022759e-05 1560
1778886856370 5.650071123755335e-05 1580
1778886879575 5.5931721194879095e-05 1600
1778886902782 5.536273115220484e-05 1620
1778886925987 5.4793741109530585e-05 1640
1778886949192 5.4224751066856326e-05 1660
1778886972398 5.365576102418208e-05 1680
1778886995604 5.308677098150783e-05 1700
1778887018809 5.251778093883357e-05 1720
1778887042013 5.194879089615932e-05 1740
1778887110787 5.1379800853485074e-05 1760
1778887133995 5.0810810810810815e-05 1780
1778887157201 5.0241820768136563e-05 1800
1778887180407 4.9672830725462305e-05 1820
1778887203615 4.910384068278805e-05 1840
1778887226823 4.85348506401138e-05 1860
1778887250030 4.796586059743955e-05 1880
1778887273237 4.739687055476529e-05 1900
1778887296445 4.682788051209104e-05 1920
1778887319654 4.625889046941679e-05 1940
1778887342863 4.5689900426742535e-05 1960
1778887366072 4.512091038406828e-05 1980
1778887389281 4.4551920341394025e-05 2000
1778887458049 4.398293029871978e-05 2020
1778887481275 4.341394025604552e-05 2040
1778887504502 4.284495021337126e-05 2060
1778887527729 4.227596017069702e-05 2080
1778887550955 4.170697012802276e-05 2100
1778887574184 4.113798008534851e-05 2120
1778887597037 4.0568990042674255e-05 2140
1778887620262 4e-05 2160
1778887643491 3.943100995732575e-05 2180
1778887666716 3.886201991465149e-05 2200
1778887689939 3.829302987197724e-05 2220
1778887713164 3.772403982930299e-05 2240
1778887781945 3.715504978662874e-05 2260
1778887805149 3.658605974395448e-05 2280
1778887828352 3.6017069701280234e-05 2300
1778887851556 3.5448079658605975e-05 2320
1778887874759 3.487908961593172e-05 2340
1778887897963 3.431009957325747e-05 2360
1778887921167 3.374110953058321e-05 2380
1778887944373 3.317211948790897e-05 2400
1778887967577 3.260312944523471e-05 2420
1778887990783 3.203413940256046e-05 2440
1778888013986 3.1465149359886205e-05 2460
1778888037192 3.089615931721195e-05 2480
1778888060396 3.0327169274537698e-05 2500
1778888129191 2.9758179231863443e-05 2520
1778888152418 2.918918918918919e-05 2540
1778888175648 2.8620199146514936e-05 2560
1778888198877 2.8051209103840688e-05 2580
1778888222103 2.7482219061166432e-05 2600
1778888245335 2.6913229018492174e-05 2620
1778888268564 2.6344238975817925e-05 2640
1778888291794 2.577524893314367e-05 2660
1778888315021 2.5206258890469418e-05 2680
1778888338249 2.4637268847795163e-05 2700
1778888361477 2.406827880512091e-05 2720
1778888384707 2.349928876244666e-05 2740
1778888453502 2.2930298719772404e-05 2760
1778888476728 2.2361308677098152e-05 2780
1778888499956 2.17923186344239e-05 2800
1778888523184 2.1223328591749645e-05 2820
1778888546408 2.065433854907539e-05 2840
1778888569263 2.0085348506401138e-05 2860
1778888592489 1.9516358463726886e-05 2880
1778888615716 1.8947368421052634e-05 2900
1778888638943 1.837837837837838e-05 2920
1778888662170 1.7809388335704124e-05 2940
1778888685395 1.7240398293029872e-05 2960
1778888708621 1.667140825035562e-05 2980
1778888731848 1.6102418207681365e-05 3000
1778888800638 1.5533428165007113e-05 3020
1778888823863 1.4964438122332861e-05 3040
1778888847088 1.4395448079658608e-05 3060
1778888870313 1.3826458036984353e-05 3080
1778888893540 1.3257467994310099e-05 3100
1778888916765 1.2688477951635847e-05 3120
1778888939992 1.2119487908961594e-05 3140
1778888963217 1.155049786628734e-05 3160
1778888986442 1.0981507823613087e-05 3180
1778889009667 1.0412517780938833e-05 3200
1778889032892 9.843527738264581e-06 3220
1778889056116 9.274537695590328e-06 3240
1778889124909 8.705547652916074e-06 3260
1778889148131 8.13655761024182e-06 3280
1778889171353 7.567567567567568e-06 3300
1778889194577 6.998577524893314e-06 3320
1778889217800 6.429587482219062e-06 3340
1778889241022 5.860597439544808e-06 3360
1778889264246 5.291607396870555e-06 3380
1778889287470 4.722617354196301e-06 3400
1778889310693 4.1536273115220484e-06 3420
1778889333916 3.5846372688477953e-06 3440
1778889357139 3.0156472261735418e-06 3460
1778889380361 2.4466571834992887e-06 3480
1778889403582 1.8776671408250356e-06 3500
1778889472373 1.3086770981507825e-06 3520
1778889495598 7.396870554765292e-07 3540
1778889518823 1.7069701280227596e-07 3560
