1779341799237 0.18814799189567566 20
1779341818109 1.8150410652160645 40
1779341836630 1.9835659265518188 60
1779341855502 3.239877700805664 80
1779341874053 3.7725682258605957 100
1779341892925 3.926851749420166 120
1779341911444 3.4994561672210693 140
1779341930385 3.90806245803833 160
1779341949248 7.882160663604736 180
1779341967766 5.526271820068359 200
1779341986680 4.655179023742676 220
1779342005148 5.995497226715088 240
1779342029775 3.4710299968719482 260
1779342048288 4.096571922302246 280
1779342067193 4.7341389656066895 300
1779342086106 6.792165756225586 320
1779342104622 3.7194442749023438 340
1779342123331 9.938942909240723 360
1779342141744 2.436112642288208 380
1779342160523 4.0717973709106445 400
1779342178905 1.8203479051589966 420
1779342197626 3.552083730697632 440
1779342215962 4.413198471069336 460
