1778758870167 0.015015015015015015 20
1778758870323 0.03003003003003003 40
1778758870480 0.04504504504504504 60
1778758870634 0.06006006006006006 80
1778758870788 0.07507507507507508 100
1778758870942 0.09009009009009009 120
1778758871096 0.10510510510510511 140
1778758871249 0.12012012012012012 160
1778758871403 0.13513513513513514 180
1778758871557 0.15015015015015015 200
1778758871713 0.16516516516516516 220
1778758871869 0.18018018018018017 240
1778758873867 0.18768768768768768 250
1778758874465 0.19519519519519518 260
1778758874622 0.21021021021021022 280
1778758874778 0.22522522522522523 300
1778758874935 0.24024024024024024 320
1778758875090 0.2552552552552553 340
1778758875244 0.2702702702702703 360
1778758875399 0.2852852852852853 380
1778758875555 0.3003003003003003 400
1778758875711 0.3153153153153153 420
1778758875867 0.3303303303303303 440
1778758876023 0.34534534534534533 460
1778758876179 0.36036036036036034 480
1778758876335 0.37537537537537535 500
1778758878284 0.37537537537537535 500
1778758878944 0.39039039039039036 520
1778758879102 0.40540540540540543 540
1778758879258 0.42042042042042044 560
1778758879412 0.43543543543543545 580
1778758879566 0.45045045045045046 600
1778758879720 0.46546546546546547 620
1778758879874 0.4804804804804805 640
1778758880030 0.4954954954954955 660
1778758880184 0.5105105105105106 680
1778758880339 0.5255255255255256 700
1778758880493 0.5405405405405406 720
1778758880647 0.5555555555555556 740
1778758882668 0.5630630630630631 750
1778758883247 0.5705705705705706 760
1778758883404 0.5855855855855856 780
1778758883561 0.6006006006006006 800
1778758883717 0.6156156156156156 820
1778758883873 0.6306306306306306 840
1778758884029 0.6456456456456456 860
1778758884185 0.6606606606606606 880
1778758884342 0.6756756756756757 900
1778758884497 0.6906906906906907 920
1778758884653 0.7057057057057057 940
1778758884809 0.7207207207207207 960
1778758884965 0.7357357357357357 980
1778758885121 0.7507507507507507 1000
1778758887077 0.7507507507507507 1000
1778758887748 0.7657657657657657 1020
1778758887903 0.7807807807807807 1040
1778758888059 0.7957957957957958 1060
1778758888215 0.8108108108108109 1080
1778758888371 0.8258258258258259 1100
1778758888526 0.8408408408408409 1120
1778758888681 0.8558558558558559 1140
1778758888836 0.8708708708708709 1160
1778758888991 0.8858858858858859 1180
1778758889146 0.9009009009009009 1200
1778758889300 0.9159159159159159 1220
1778758889456 0.9309309309309309 1240
1778758891474 0.9384384384384384 1250
1778758892069 0.9459459459459459 1260
1778758892225 0.960960960960961 1280
1778758892380 0.975975975975976 1300
1778758892536 0.990990990990991 1320
1778758892693 1.006006006006006 1340
1778758892849 1.021021021021021 1360
1778758893005 1.0360360360360361 1380
1778758893160 1.0510510510510511 1400
1778758893315 1.0660660660660661 1420
1778758893470 1.0810810810810811 1440
1778758893625 1.0960960960960962 1460
1778758893780 1.1111111111111112 1480
1778758893935 1.1261261261261262 1500
1778758895871 1.1261261261261262 1500
1778758896546 1.1411411411411412 1520
1778758896701 1.1561561561561562 1540
1778758896856 1.1711711711711712 1560
1778758897011 1.1861861861861862 1580
1778758897166 1.2012012012012012 1600
1778758897321 1.2162162162162162 1620
1778758897475 1.2312312312312312 1640
1778758897630 1.2462462462462462 1660
1778758897785 1.2612612612612613 1680
1778758897939 1.2762762762762763 1700
1778758898093 1.2912912912912913 1720
1778758898248 1.3063063063063063 1740
1778758900266 1.3138138138138138 1750
1778758900858 1.3213213213213213 1760
1778758901014 1.3363363363363363 1780
1778758901168 1.3513513513513513 1800
1778758901321 1.3663663663663663 1820
1778758901475 1.3813813813813813 1840
1778758901628 1.3963963963963963 1860
1778758901782 1.4114114114114114 1880
1778758901936 1.4264264264264264 1900
1778758902089 1.4414414414414414 1920
1778758902243 1.4564564564564564 1940
1778758902396 1.4714714714714714 1960
1778758902549 1.4864864864864864 1980
1778758902704 1.5015015015015014 2000
1778758904612 1.5015015015015014 2000
1778758905278 1.5165165165165164 2020
1778758905434 1.5315315315315314 2040
1778758905589 1.5465465465465464 2060
1778758905745 1.5615615615615615 2080
1778758905901 1.5765765765765765 2100
1778758906057 1.5915915915915915 2120
1778758906212 1.6066066066066065 2140
1778758906367 1.6216216216216215 2160
1778758906522 1.6366366366366365 2180
1778758906677 1.6516516516516515 2200
1778758906833 1.6666666666666665 2220
1778758906988 1.6816816816816815 2240
1778758909012 1.689189189189189 2250
1778758909600 1.6966966966966965 2260
1778758909755 1.7117117117117115 2280
1778758909910 1.7267267267267268 2300
1778758910064 1.7417417417417418 2320
1778758910217 1.7567567567567568 2340
1778758910371 1.7717717717717718 2360
1778758910524 1.7867867867867868 2380
1778758910677 1.8018018018018018 2400
1778758910830 1.8168168168168168 2420
1778758910983 1.8318318318318318 2440
1778758911135 1.8468468468468469 2460
1778758911288 1.8618618618618619 2480
1778758911441 1.8768768768768769 2500
1778758913365 1.8768768768768769 2500
1778758914044 1.8918918918918919 2520
1778758914199 1.906906906906907 2540
1778758914355 1.921921921921922 2560
1778758914510 1.936936936936937 2580
1778758914665 1.951951951951952 2600
1778758914820 1.966966966966967 2620
1778758914975 1.981981981981982 2640
1778758915130 1.996996996996997 2660
1778758915289 2.012012012012012 2680
1778758915444 2.027027027027027 2700
1778758915597 2.042042042042042 2720
1778758915751 2.057057057057057 2740
1778758917765 2.0645645645645647 2750
1778758918362 2.0720720720720722 2760
1778758918517 2.0870870870870872 2780
1778758918671 2.1021021021021022 2800
1778758918824 2.1171171171171173 2820
1778758918977 2.1321321321321323 2840
1778758919130 2.1471471471471473 2860
1778758919284 2.1621621621621623 2880
1778758919437 2.1771771771771773 2900
1778758919591 2.1921921921921923 2920
1778758919746 2.2072072072072073 2940
1778758919901 2.2222222222222223 2960
1778758920056 2.2372372372372373 2980
1778758920211 2.2522522522522523 3000
1778758922144 2.2522522522522523 3000
1778758922816 2.2672672672672673 3020
1778758922972 2.2822822822822824 3040
1778758923127 2.2972972972972974 3060
1778758923282 2.3123123123123124 3080
1778758923440 2.3273273273273274 3100
1778758923595 2.3423423423423424 3120
1778758923750 2.3573573573573574 3140
1778758923905 2.3723723723723724 3160
1778758924060 2.3873873873873874 3180
1778758924215 2.4024024024024024 3200
1778758924372 2.4174174174174174 3220
1778758924528 2.4324324324324325 3240
1778758926544 2.43993993993994 3250
1778758927144 2.4474474474474475 3260
1778758927299 2.4624624624624625 3280
1778758927454 2.4774774774774775 3300
1778758927609 2.4924924924924925 3320
1778758927764 2.5075075075075075 3340
1778758927919 2.5225225225225225 3360
1778758928073 2.5375375375375375 3380
1778758928228 2.5525525525525525 3400
1778758928383 2.5675675675675675 3420
1778758928537 2.5825825825825826 3440
1778758928689 2.5975975975975976 3460
1778758928842 2.6126126126126126 3480
1778758928995 2.6276276276276276 3500
1778758930904 2.6276276276276276 3500
1778758931514 2.6426426426426426 3520
1778758931667 2.6576576576576576 3540
1778758931820 2.6726726726726726 3560
1778758931973 2.6876876876876876 3580
1778758932126 2.7027027027027026 3600
1778758932279 2.7177177177177176 3620
1778758932433 2.7327327327327327 3640
1778758932586 2.7477477477477477 3660
1778758932740 2.7627627627627627 3680
1778758932892 2.7777777777777777 3700
1778758933045 2.7927927927927927 3720
1778758933198 2.8078078078078077 3740
1778758935201 2.815315315315315 3750
1778758935857 2.8228228228228227 3760
1778758936013 2.8378378378378377 3780
1778758936168 2.8528528528528527 3800
1778758936323 2.8678678678678677 3820
1778758936477 2.8828828828828827 3840
1778758936632 2.8978978978978978 3860
1778758936786 2.9129129129129128 3880
1778758936941 2.9279279279279278 3900
1778758937095 2.942942942942943 3920
1778758937250 2.957957957957958 3940
1778758937405 2.972972972972973 3960
1778758937560 2.987987987987988 3980
1778758937719 3.003003003003003 4000
1778758939667 3.003003003003003 4000
1778758940273 3.018018018018018 4020
1778758940428 3.033033033033033 4040
1778758940584 3.048048048048048 4060
1778758940738 3.063063063063063 4080
1778758940893 3.078078078078078 4100
1778758941047 3.093093093093093 4120
1778758941201 3.108108108108108 4140
1778758941356 3.123123123123123 4160
1778758941510 3.138138138138138 4180
1778758941664 3.153153153153153 4200
1778758941819 3.1681681681681684 4220
1778758941974 3.1831831831831834 4240
1778758943968 3.190690690690691 4250
1778758944562 3.1981981981981984 4260
1778758944717 3.2132132132132134 4280
1778758944871 3.2282282282282284 4300
1778758945026 3.2432432432432434 4320
1778758945181 3.2582582582582584 4340
1778758945337 3.2732732732732734 4360
1778758945492 3.2882882882882885 4380
1778758945647 3.3033033033033035 4400
1778758945802 3.3183183183183185 4420
1778758945957 3.3333333333333335 4440
1778758946113 3.3483483483483485 4460
1778758946268 3.3633633633633635 4480
1778758946423 3.3783783783783785 4500
1778758948331 3.3783783783783785 4500
1778758949058 3.3933933933933935 4520
1778758949213 3.4084084084084085 4540
1778758949368 3.4234234234234235 4560
1778758949523 3.4384384384384385 4580
1778758949678 3.4534534534534536 4600
1778758949833 3.4684684684684686 4620
1778758949988 3.4834834834834836 4640
1778758950143 3.4984984984984986 4660
1778758950298 3.5135135135135136 4680
1778758950452 3.5285285285285286 4700
1778758950607 3.5435435435435436 4720
1778758950761 3.5585585585585586 4740
1778758952785 3.566066066066066 4750
1778758953386 3.5735735735735736 4760
1778758953540 3.5885885885885886 4780
1778758953693 3.6036036036036037 4800
1778758953846 3.6186186186186187 4820
1778758953999 3.6336336336336337 4840
1778758954152 3.6486486486486487 4860
1778758954307 3.6636636636636637 4880
1778758954462 3.6786786786786787 4900
1778758954616 3.6936936936936937 4920
1778758954771 3.7087087087087087 4940
1778758954927 3.7237237237237237 4960
1778758955081 3.7387387387387387 4980
1778758955237 3.7537537537537538 5000
1778758957182 3.7537537537537538 5000
1778758957860 3.7687687687687688 5020
1778758958015 3.7837837837837838 5040
1778758958171 3.798798798798799 5060
1778758958326 3.813813813813814 5080
1778758958481 3.828828828828829 5100
1778758958635 3.843843843843844 5120
1778758958790 3.858858858858859 5140
1778758958944 3.873873873873874 5160
1778758959099 3.888888888888889 5180
1778758959253 3.903903903903904 5200
1778758959408 3.918918918918919 5220
1778758959563 3.933933933933934 5240
1778758961577 3.9414414414414414 5250
1778758962170 3.948948948948949 5260
1778758962325 3.963963963963964 5280
1778758962480 3.978978978978979 5300
1778758962635 3.993993993993994 5320
1778758962793 4.009009009009009 5340
1778758962948 4.024024024024024 5360
1778758963103 4.039039039039039 5380
1778758963257 4.054054054054054 5400
1778758963412 4.069069069069069 5420
1778758963566 4.084084084084084 5440
1778758963719 4.099099099099099 5460
1778758963871 4.114114114114114 5480
1778758964024 4.129129129129129 5500
1778758965961 4.129129129129129 5500
1778758966569 4.1441441441441444 5520
1778758966722 4.1591591591591595 5540
1778758966876 4.1741741741741745 5560
1778758967030 4.1891891891891895 5580
1778758967183 4.2042042042042045 5600
1778758967336 4.2192192192192195 5620
1778758967490 4.2342342342342345 5640
1778758967645 4.2492492492492495 5660
1778758967799 4.2642642642642645 5680
1778758967954 4.2792792792792795 5700
1778758968107 4.2942942942942945 5720
1778758968260 4.3093093093093096 5740
1778758970271 4.316816816816817 5750
1778758970924 4.324324324324325 5760
1778758971079 4.33933933933934 5780
1778758971235 4.354354354354355 5800
1778758971390 4.36936936936937 5820
1778758971545 4.384384384384385 5840
1778758971700 4.3993993993994 5860
1778758971855 4.414414414414415 5880
1778758972010 4.42942942942943 5900
1778758972165 4.444444444444445 5920
1778758972320 4.45945945945946 5940
1778758972473 4.474474474474475 5960
1778758972626 4.48948948948949 5980
1778758972779 4.504504504504505 6000
1778758974721 4.504504504504505 6000
1778758975396 4.51951951951952 6020
1778758975551 4.534534534534535 6040
1778758975704 4.54954954954955 6060
1778758975856 4.564564564564565 6080
1778758976009 4.57957957957958 6100
1778758976163 4.594594594594595 6120
1778758976316 4.60960960960961 6140
1778758976469 4.624624624624625 6160
1778758976622 4.63963963963964 6180
1778758976775 4.654654654654655 6200
1778758976928 4.66966966966967 6220
1778758977081 4.684684684684685 6240
1778758979097 4.692192192192192 6250
1778758979626 4.6996996996997 6260
1778758979781 4.714714714714715 6280
1778758979937 4.72972972972973 6300
1778758980093 4.744744744744745 6320
1778758980248 4.75975975975976 6340
1778758980402 4.774774774774775 6360
1778758980557 4.78978978978979 6380
1778758980712 4.804804804804805 6400
1778758980866 4.81981981981982 6420
1778758981021 4.834834834834835 6440
1778758981176 4.84984984984985 6460
1778758981334 4.864864864864865 6480
1778758981487 4.87987987987988 6500
1778758983419 4.87987987987988 6500
1778758984077 4.894894894894895 6520
1778758984233 4.90990990990991 6540
1778758984391 4.924924924924925 6560
1778758984548 4.93993993993994 6580
1778758984705 4.954954954954955 6600
1778758984863 4.96996996996997 6620
1778758985017 4.984984984984985 6640
1778758985173 5.0 6660
1778758985778 5.0 6660
1778758987784 5.0 6660
1778758990604 5.0 6660
1778758994035 5.0 0
