1778758870167 1.1400000000000001e-05 20
1778758870323 2.3400000000000003e-05 40
1778758870480 2.9959152798789713e-05 60
1778758870634 2.986838124054463e-05 80
1778758870788 2.977760968229955e-05 100
1778758870942 2.9686838124054462e-05 120
1778758871096 2.959606656580938e-05 140
1778758871249 2.9505295007564295e-05 160
1778758871403 2.9414523449319215e-05 180
1778758871557 2.9323751891074132e-05 200
1778758871713 2.923298033282905e-05 220
1778758871869 2.9142208774583965e-05 240
1778758874465 2.905143721633888e-05 260
1778758874622 2.8960665658093798e-05 280
1778758874778 2.8869894099848715e-05 300
1778758874935 2.8779122541603634e-05 320
1778758875090 2.8688350983358548e-05 340
1778758875244 2.8597579425113464e-05 360
1778758875399 2.850680786686838e-05 380
1778758875555 2.84160363086233e-05 400
1778758875711 2.8325264750378217e-05 420
1778758875867 2.823449319213313e-05 440
1778758876023 2.8143721633888047e-05 460
1778758876179 2.8052950075642967e-05 480
1778758876335 2.7962178517397883e-05 500
1778758878944 2.78714069591528e-05 520
1778758879102 2.778063540090772e-05 540
1778758879258 2.7689863842662633e-05 560
1778758879412 2.759909228441755e-05 580
1778758879566 2.7508320726172466e-05 600
1778758879720 2.7417549167927386e-05 620
1778758879874 2.7326777609682302e-05 640
1778758880030 2.7236006051437215e-05 660
1778758880184 2.7145234493192132e-05 680
1778758880339 2.7054462934947052e-05 700
1778758880493 2.696369137670197e-05 720
1778758880647 2.6872919818456885e-05 740
1778758883247 2.6782148260211798e-05 760
1778758883404 2.6691376701966718e-05 780
1778758883561 2.6600605143721634e-05 800
1778758883717 2.650983358547655e-05 820
1778758883873 2.641906202723147e-05 840
1778758884029 2.6328290468986387e-05 860
1778758884185 2.62375189107413e-05 880
1778758884342 2.6146747352496217e-05 900
1778758884497 2.6055975794251137e-05 920
1778758884653 2.5965204236006053e-05 940
1778758884809 2.587443267776097e-05 960
1778758884965 2.5783661119515883e-05 980
1778758885121 2.5692889561270803e-05 1000
1778758887748 2.560211800302572e-05 1020
1778758887903 2.5511346444780636e-05 1040
1778758888059 2.5420574886535553e-05 1060
1778758888215 2.532980332829047e-05 1080
1778758888371 2.5239031770045386e-05 1100
1778758888526 2.5148260211800302e-05 1120
1778758888681 2.505748865355522e-05 1140
1778758888836 2.496671709531014e-05 1160
1778758888991 2.4875945537065055e-05 1180
1778758889146 2.4785173978819968e-05 1200
1778758889300 2.4694402420574888e-05 1220
1778758889456 2.4603630862329805e-05 1240
1778758892069 2.451285930408472e-05 1260
1778758892225 2.4422087745839638e-05 1280
1778758892380 2.4331316187594554e-05 1300
1778758892536 2.424054462934947e-05 1320
1778758892693 2.4149773071104387e-05 1340
1778758892849 2.4059001512859304e-05 1360
1778758893005 2.3968229954614224e-05 1380
1778758893160 2.3877458396369137e-05 1400
1778758893315 2.3786686838124053e-05 1420
1778758893470 2.369591527987897e-05 1440
1778758893625 2.360514372163389e-05 1460
1778758893780 2.3514372163388806e-05 1480
1778758893935 2.3423600605143723e-05 1500
1778758896546 2.333282904689864e-05 1520
1778758896701 2.3242057488653556e-05 1540
1778758896856 2.3151285930408472e-05 1560
1778758897011 2.306051437216339e-05 1580
1778758897166 2.296974281391831e-05 1600
1778758897321 2.2878971255673222e-05 1620
1778758897475 2.278819969742814e-05 1640
1778758897630 2.2697428139183055e-05 1660
1778758897785 2.2606656580937975e-05 1680
1778758897939 2.251588502269289e-05 1700
1778758898093 2.2425113464447805e-05 1720
1778758898248 2.233434190620272e-05 1740
1778758900858 2.224357034795764e-05 1760
1778758901014 2.2152798789712558e-05 1780
1778758901168 2.2062027231467474e-05 1800
1778758901321 2.197125567322239e-05 1820
1778758901475 2.1880484114977307e-05 1840
1778758901628 2.1789712556732224e-05 1860
1778758901782 2.169894099848714e-05 1880
1778758901936 2.160816944024206e-05 1900
1778758902089 2.1517397881996977e-05 1920
1778758902243 2.142662632375189e-05 1940
1778758902396 2.1335854765506806e-05 1960
1778758902549 2.1245083207261726e-05 1980
1778758902704 2.1154311649016643e-05 2000
1778758905278 2.106354009077156e-05 2020
1778758905434 2.0972768532526472e-05 2040
1778758905589 2.0881996974281392e-05 2060
1778758905745 2.079122541603631e-05 2080
1778758905901 2.0700453857791225e-05 2100
1778758906057 2.0609682299546145e-05 2120
1778758906212 2.0518910741301062e-05 2140
1778758906367 2.0428139183055975e-05 2160
1778758906522 2.033736762481089e-05 2180
1778758906677 2.024659606656581e-05 2200
1778758906833 2.0155824508320728e-05 2220
1778758906988 2.0065052950075644e-05 2240
1778758909600 1.9974281391830558e-05 2260
1778758909755 1.9883509833585478e-05 2280
1778758909910 1.9792738275340394e-05 2300
1778758910064 1.970196671709531e-05 2320
1778758910217 1.9611195158850227e-05 2340
1778758910371 1.9520423600605144e-05 2360
1778758910524 1.942965204236006e-05 2380
1778758910677 1.9338880484114977e-05 2400
1778758910830 1.9248108925869897e-05 2420
1778758910983 1.9157337367624813e-05 2440
1778758911135 1.906656580937973e-05 2460
1778758911288 1.8975794251134643e-05 2480
1778758911441 1.8885022692889563e-05 2500
1778758914044 1.879425113464448e-05 2520
1778758914199 1.8703479576399396e-05 2540
1778758914355 1.8612708018154312e-05 2560
1778758914510 1.852193645990923e-05 2580
1778758914665 1.8431164901664145e-05 2600
1778758914820 1.8340393343419062e-05 2620
1778758914975 1.824962178517398e-05 2640
1778758915130 1.8158850226928898e-05 2660
1778758915289 1.806807866868381e-05 2680
1778758915444 1.7977307110438728e-05 2700
1778758915597 1.7886535552193648e-05 2720
1778758915751 1.7795763993948564e-05 2740
1778758918362 1.770499243570348e-05 2760
1778758918517 1.7614220877458397e-05 2780
1778758918671 1.7523449319213314e-05 2800
1778758918824 1.743267776096823e-05 2820
1778758918977 1.7341906202723147e-05 2840
1778758919130 1.7251134644478063e-05 2860
1778758919284 1.7160363086232983e-05 2880
1778758919437 1.7069591527987897e-05 2900
1778758919591 1.6978819969742813e-05 2920
1778758919746 1.688804841149773e-05 2940
1778758919901 1.679727685325265e-05 2960
1778758920056 1.6706505295007566e-05 2980
1778758920211 1.661573373676248e-05 3000
1778758922816 1.65249621785174e-05 3020
1778758922972 1.6434190620272316e-05 3040
1778758923127 1.6343419062027232e-05 3060
1778758923282 1.625264750378215e-05 3080
1778758923440 1.6161875945537065e-05 3100
1778758923595 1.607110438729198e-05 3120
1778758923750 1.5980332829046898e-05 3140
1778758923905 1.5889561270801815e-05 3160
1778758924060 1.5798789712556735e-05 3180
1778758924215 1.570801815431165e-05 3200
1778758924372 1.5617246596066564e-05 3220
1778758924528 1.552647503782148e-05 3240
1778758927144 1.54357034795764e-05 3260
1778758927299 1.5344931921331317e-05 3280
1778758927454 1.5254160363086232e-05 3300
1778758927609 1.5163388804841152e-05 3320
1778758927764 1.5072617246596067e-05 3340
1778758927919 1.4981845688350983e-05 3360
1778758928073 1.4891074130105902e-05 3380
1778758928228 1.4800302571860816e-05 3400
1778758928383 1.4709531013615735e-05 3420
1778758928537 1.4618759455370651e-05 3440
1778758928689 1.4527987897125568e-05 3460
1778758928842 1.4437216338880484e-05 3480
1778758928995 1.43464447806354e-05 3500
1778758931514 1.4255673222390317e-05 3520
1778758931667 1.4164901664145235e-05 3540
1778758931820 1.407413010590015e-05 3560
1778758931973 1.3983358547655068e-05 3580
1778758932126 1.3892586989409985e-05 3600
1778758932279 1.3801815431164902e-05 3620
1778758932433 1.371104387291982e-05 3640
1778758932586 1.3620272314674735e-05 3660
1778758932740 1.3529500756429653e-05 3680
1778758932892 1.343872919818457e-05 3700
1778758933045 1.3347957639939486e-05 3720
1778758933198 1.3257186081694402e-05 3740
1778758935857 1.316641452344932e-05 3760
1778758936013 1.3075642965204235e-05 3780
1778758936168 1.2984871406959154e-05 3800
1778758936323 1.289409984871407e-05 3820
1778758936477 1.2803328290468987e-05 3840
1778758936632 1.2712556732223903e-05 3860
1778758936786 1.262178517397882e-05 3880
1778758936941 1.2531013615733736e-05 3900
1778758937095 1.2440242057488654e-05 3920
1778758937250 1.2349470499243571e-05 3940
1778758937405 1.2258698940998488e-05 3960
1778758937560 1.2167927382753404e-05 3980
1778758937719 1.207715582450832e-05 4000
1778758940273 1.1986384266263239e-05 4020
1778758940428 1.1895612708018154e-05 4040
1778758940584 1.1804841149773072e-05 4060
1778758940738 1.1714069591527988e-05 4080
1778758940893 1.1623298033282905e-05 4100
1778758941047 1.1532526475037821e-05 4120
1778758941201 1.1441754916792738e-05 4140
1778758941356 1.1350983358547654e-05 4160
1778758941510 1.1260211800302573e-05 4180
1778758941664 1.1169440242057488e-05 4200
1778758941819 1.1078668683812406e-05 4220
1778758941974 1.0987897125567324e-05 4240
1778758944562 1.0897125567322239e-05 4260
1778758944717 1.0806354009077157e-05 4280
1778758944871 1.0715582450832072e-05 4300
1778758945026 1.062481089258699e-05 4320
1778758945181 1.0534039334341907e-05 4340
1778758945337 1.0443267776096823e-05 4360
1778758945492 1.035249621785174e-05 4380
1778758945647 1.0261724659606658e-05 4400
1778758945802 1.0170953101361573e-05 4420
1778758945957 1.0080181543116491e-05 4440
1778758946113 9.989409984871406e-06 4460
1778758946268 9.898638426626324e-06 4480
1778758946423 9.80786686838124e-06 4500
1778758949058 9.717095310136157e-06 4520
1778758949213 9.626323751891075e-06 4540
1778758949368 9.535552193645992e-06 4560
1778758949523 9.449319213313162e-06 4580
1778758949678 9.358547655068079e-06 4600
1778758949833 9.267776096822997e-06 4620
1778758949988 9.177004538577912e-06 4640
1778758950143 9.08623298033283e-06 4660
1778758950298 8.995461422087746e-06 4680
1778758950452 8.904689863842663e-06 4700
1778758950607 8.81391830559758e-06 4720
1778758950761 8.723146747352496e-06 4740
1778758953386 8.632375189107412e-06 4760
1778758953540 8.54160363086233e-06 4780
1778758953693 8.450832072617246e-06 4800
1778758953846 8.360060514372164e-06 4820
1778758953999 8.26928895612708e-06 4840
1778758954152 8.178517397881997e-06 4860
1778758954307 8.087745839636915e-06 4880
1778758954462 7.99697428139183e-06 4900
1778758954616 7.906202723146748e-06 4920
1778758954771 7.815431164901665e-06 4940
1778758954927 7.724659606656581e-06 4960
1778758955081 7.633888048411498e-06 4980
1778758955237 7.543116490166415e-06 5000
1778758957860 7.4523449319213315e-06 5020
1778758958015 7.361573373676249e-06 5040
1778758958171 7.2708018154311654e-06 5060
1778758958326 7.180030257186082e-06 5080
1778758958481 7.0892586989409985e-06 5100
1778758958635 6.998487140695916e-06 5120
1778758958790 6.907715582450832e-06 5140
1778758958944 6.816944024205749e-06 5160
1778758959099 6.726172465960665e-06 5180
1778758959253 6.635400907715583e-06 5200
1778758959408 6.544629349470499e-06 5220
1778758959563 6.453857791225416e-06 5240
1778758962170 6.363086232980332e-06 5260
1778758962325 6.27231467473525e-06 5280
1778758962480 6.181543116490166e-06 5300
1778758962635 6.090771558245084e-06 5320
1778758962793 6e-06 5340
1778758962948 5.9092284417549175e-06 5360
1778758963103 5.818456883509834e-06 5380
1778758963257 5.7276853252647506e-06 5400
1778758963412 5.636913767019667e-06 5420
1778758963566 5.5461422087745845e-06 5440
1778758963719 5.455370650529501e-06 5460
1778758963871 5.3645990922844175e-06 5480
1778758964024 5.273827534039334e-06 5500
1778758966569 5.183055975794251e-06 5520
1778758966722 5.092284417549168e-06 5540
1778758966876 5.0015128593040845e-06 5560
1778758967030 4.910741301059001e-06 5580
1778758967183 4.819969742813918e-06 5600
1778758967336 4.729198184568836e-06 5620
1778758967490 4.638426626323752e-06 5640
1778758967645 4.547655068078669e-06 5660
1778758967799 4.456883509833586e-06 5680
1778758967954 4.366111951588503e-06 5700
1778758968107 4.275340393343419e-06 5720
1778758968260 4.184568835098336e-06 5740
1778758970924 4.093797276853253e-06 5760
1778758971079 4.00302571860817e-06 5780
1778758971235 3.912254160363086e-06 5800
1778758971390 3.821482602118003e-06 5820
1778758971545 3.7307110438729196e-06 5840
1778758971700 3.639939485627837e-06 5860
1778758971855 3.5491679273827535e-06 5880
1778758972010 3.4583963691376704e-06 5900
1778758972165 3.367624810892587e-06 5920
1778758972320 3.276853252647504e-06 5940
1778758972473 3.1860816944024204e-06 5960
1778758972626 3.0953101361573374e-06 5980
1778758972779 3.004538577912254e-06 6000
1778758975396 2.9137670196671713e-06 6020
1778758975551 2.822995461422088e-06 6040
1778758975704 2.7322239031770048e-06 6060
1778758975856 2.6414523449319213e-06 6080
1778758976009 2.5506807866868382e-06 6100
1778758976163 2.4599092284417547e-06 6120
1778758976316 2.3691376701966717e-06 6140
1778758976469 2.2783661119515886e-06 6160
1778758976622 2.1875945537065056e-06 6180
1778758976775 2.096822995461422e-06 6200
1778758976928 2.006051437216339e-06 6220
1778758977081 1.9152798789712556e-06 6240
1778758979626 1.8245083207261725e-06 6260
1778758979781 1.7337367624810895e-06 6280
1778758979937 1.6429652042360062e-06 6300
1778758980093 1.552193645990923e-06 6320
1778758980248 1.4614220877458397e-06 6340
1778758980402 1.3706505295007566e-06 6360
1778758980557 1.2798789712556734e-06 6380
1778758980712 1.1891074130105901e-06 6400
1778758980866 1.0983358547655068e-06 6420
1778758981021 1.0075642965204238e-06 6440
1778758981176 9.167927382753404e-07 6460
1778758981334 8.260211800302572e-07 6480
1778758981487 7.35249621785174e-07 6500
1778758984077 6.444780635400908e-07 6520
1778758984233 5.537065052950076e-07 6540
1778758984391 4.6293494704992436e-07 6560
1778758984548 3.7216338880484115e-07 6580
1778758984705 2.8139183055975794e-07 6600
1778758984863 1.9062027231467473e-07 6620
1778758985017 9.984871406959153e-08 6640
1778758985173 9.07715582450832e-09 6660
