1778847163881 3.8e-05 20
1778847170657 7.800000000000001e-05 40
1778847177314 9.78048780487805e-05 60
1778847184076 9.292682926829269e-05 80
1778847190669 8.804878048780489e-05 100
1778847197406 8.317073170731707e-05 120
1778847203997 7.829268292682928e-05 140
1778847210733 7.341463414634146e-05 160
1778847217467 6.853658536585367e-05 180
1778847224057 6.365853658536585e-05 200
1778847230790 5.878048780487805e-05 220
1778847237380 5.390243902439025e-05 240
1778847247705 4.902439024390244e-05 260
1778847254292 4.414634146341464e-05 280
1778847261024 3.9268292682926835e-05 300
1778847267757 3.4390243902439025e-05 320
1778847274347 2.951219512195122e-05 340
1778847281079 2.4634146341463414e-05 360
1778847287666 1.975609756097561e-05 380
1778847294398 1.4878048780487805e-05 400
1778847300992 1e-05 420
1778847307803 5.121951219512195e-06 440
1778847314459 2.439024390243903e-07 460
