1778847163881 2.7727210998535154 20
1778847170657 2.7746116638183596 40
1778847177314 2.7368467330932615 60
1778847184076 2.7688621520996093 80
1778847190669 2.73121337890625 100
1778847197406 2.7620147705078124 120
1778847203997 2.728778266906738 140
1778847210733 2.7591712951660154 160
1778847217467 2.7578460693359377 180
1778847224057 2.723000144958496 200
1778847230790 2.755255126953125 220
1778847237380 2.719302749633789 240
1778847247705 2.75350341796875 260
1778847254292 2.7142333984375 280
1778847261024 2.749498748779297 300
1778847267757 2.748146820068359 320
1778847274347 2.7141849517822267 340
1778847281079 2.7454879760742186 360
1778847287666 2.7121463775634767 380
1778847294398 2.745130920410156 400
1778847300992 2.7120534896850588 420
1778847307803 2.7452247619628904 440
1778847314459 2.7095413208007812 460
