1779324173321 1.2393953800201416 20
1779324173661 2.7415311336517334 40
1779324173967 3.347517490386963 60
1779324174309 1.2763805389404297 80
1779324174636 0.9316418170928955 100
1779324174941 4.498480319976807 120
1779324175268 1.9039983749389648 140
1779324175599 0.8245706558227539 160
1779324175942 1.4974414110183716 180
1779324176284 1.2630383968353271 200
1779324176645 1.7377978563308716 220
1779324177042 1.8387012481689453 240
1779324178491 3.761664628982544 260
1779324178810 2.9146766662597656 280
1779324179130 1.3773876428604126 300
1779324179460 1.5249680280685425 320
1779324179799 0.8873793482780457 340
1779324180149 0.7846507430076599 360
1779324180411 2.1435799598693848 380
1779324180762 2.0683822631835938 400
1779324181061 0.8511399626731873 420
1779324181436 1.0458478927612305 440
1779324181793 1.943495750427246 460
1779324182146 1.626676321029663 480
1779324182467 2.762564182281494 500
1779324183698 2.5118017196655273 520
1779324184139 2.2100136280059814 540
1779324184502 1.1576064825057983 560
1779324184814 1.0907642841339111 580
1779324185131 1.0053281784057617 600
1779324185508 2.2914631366729736 620
1779324185810 2.182065010070801 640
1779324186135 2.2552263736724854 660
1779324186474 4.2497758865356445 680
1779324186810 3.465827226638794 700
1779324187153 3.1113789081573486 720
1779324187490 1.0886859893798828 740
1779324188848 3.4344544410705566 760
1779324189235 4.190749645233154 780
1779324189610 5.478735446929932 800
1779324190059 2.1384809017181396 820
1779324190455 1.4160590171813965 840
1779324190783 6.83774995803833 860
1779324191107 1.2603976726531982 880
1779324191487 1.7337168455123901 900
1779324191880 1.554141640663147 920
1779324192259 1.2051301002502441 940
1779324192584 1.8433300256729126 960
1779324192915 3.2576189041137695 980
1779324193239 2.264371633529663 1000
1779324194489 2.5487167835235596 1020
1779324194814 4.1793365478515625 1040
1779324195132 4.016521453857422 1060
1779324195446 4.058915615081787 1080
1779324195740 1.3834857940673828 1100
1779324196039 2.4989640712738037 1120
1779324196346 1.5726343393325806 1140
1779324196697 2.377133846282959 1160
1779324197027 3.8209822177886963 1180
1779324197358 1.3759236335754395 1200
1779324197733 1.5278011560440063 1220
1779324198117 1.688758373260498 1240
1779324199540 2.5079405307769775 1260
1779324199862 3.749220371246338 1280
1779324200214 1.3626313209533691 1300
1779324200677 3.3156538009643555 1320
1779324201129 2.326965570449829 1340
1779324201603 1.444688081741333 1360
1779324201958 0.913956880569458 1380
1779324202301 1.4616496562957764 1400
1779324202782 2.915987014770508 1420
1779324203199 1.4131039381027222 1440
1779324203550 1.9828664064407349 1460
1779324203916 0.8473333716392517 1480
1779324204264 0.9588342905044556 1500
1779324205610 1.1023272275924683 1520
1779324205928 2.2266252040863037 1540
1779324206228 1.5699042081832886 1560
1779324206532 2.3260409832000732 1580
1779324206847 1.2051188945770264 1600
1779324207133 2.6847994327545166 1620
1779324207415 2.3346800804138184 1640
1779324207746 2.5911028385162354 1660
1779324208066 1.670287847518921 1680
1779324208444 2.5395734310150146 1700
1779324208797 0.9394494891166687 1720
1779324209164 3.8903963565826416 1740
1779324210570 3.2440381050109863 1760
1779324210834 1.5552502870559692 1780
1779324211088 0.9358082413673401 1800
1779324211338 6.0201416015625 1820
