1779324173321 0.7053 20
1779324173661 0.6959 40
1779324173967 0.6988 60
1779324174309 0.6967 80
1779324174636 0.6961 100
1779324174941 0.7002 120
1779324175268 0.6897 140
1779324175599 0.702 160
1779324175942 0.6981 180
1779324176284 0.6936 200
1779324176645 0.6955 220
1779324177042 0.7022 240
1779324178491 0.7021 260
1779324178810 0.6927 280
1779324179130 0.7009 300
1779324179460 0.6987 320
1779324179799 0.6955 340
1779324180149 0.6977 360
1779324180411 0.694 380
1779324180762 0.7005 400
1779324181061 0.6967 420
1779324181436 0.6988 440
1779324181793 0.6952 460
1779324182146 0.7015 480
1779324182467 0.6949 500
1779324183698 0.703 520
1779324184139 0.6934 540
1779324184502 0.6908 560
1779324184814 0.6997 580
1779324185131 0.6943 600
1779324185508 0.6995 620
1779324185810 0.6987 640
1779324186135 0.7001 660
1779324186474 0.6992 680
1779324186810 0.696 700
1779324187153 0.6981 720
1779324187490 0.697 740
1779324188848 0.6991 760
1779324189235 0.7014 780
1779324189610 0.6994 800
1779324190059 0.6974 820
1779324190455 0.6927 840
1779324190783 0.6935 860
1779324191107 0.6936 880
1779324191487 0.7016 900
1779324191880 0.7027 920
1779324192259 0.695 940
1779324192584 0.6942 960
1779324192915 0.7001 980
1779324193239 0.6934 1000
1779324194489 0.6988 1020
1779324194814 0.7001 1040
1779324195132 0.6951 1060
1779324195446 0.6979 1080
1779324195740 0.6994 1100
1779324196039 0.6972 1120
1779324196346 0.701 1140
1779324196697 0.704 1160
1779324197027 0.7055 1180
1779324197358 0.6954 1200
1779324197733 0.6965 1220
1779324198117 0.6944 1240
1779324199540 0.7006 1260
1779324199862 0.7032 1280
1779324200214 0.6987 1300
1779324200677 0.6935 1320
1779324201129 0.6931 1340
1779324201603 0.697 1360
1779324201958 0.6991 1380
1779324202301 0.7019 1400
1779324202782 0.6917 1420
1779324203199 0.7021 1440
1779324203550 0.6968 1460
1779324203916 0.7025 1480
1779324204264 0.7022 1500
1779324205610 0.6976 1520
1779324205928 0.6983 1540
1779324206228 0.7005 1560
1779324206532 0.7 1580
1779324206847 0.7022 1600
1779324207133 0.6952 1620
1779324207415 0.6998 1640
1779324207746 0.6972 1660
1779324208066 0.6986 1680
1779324208444 0.7004 1700
1779324208797 0.7 1720
1779324209164 0.699 1740
1779324210570 0.6971 1760
1779324210834 0.6936 1780
1779324211088 0.7009 1800
1779324211338 0.6942 1820
