1779332948685 0.29618921875953674 20
1779332951807 0.30579835176467896 40
1779332954917 0.5630937218666077 60
1779332958088 1.3728996515274048 80
1779332961229 2.294849157333374 100
1779332964391 1.6103965044021606 120
1779332967550 2.3592848777770996 140
1779332970727 1.763491153717041 160
1779332973897 1.38528573513031 180
1779332977092 1.0725177526474 200
1779332980195 1.4959816932678223 220
1779332983421 1.5626391172409058 240
1779333001100 1.4005160331726074 260
1779333004257 1.1100965738296509 280
1779333007377 1.9351385831832886 300
1779333010461 1.1222856044769287 320
1779333013588 0.8719251155853271 340
1779333016783 1.6289054155349731 360
1779333020023 1.6358082294464111 380
1779333023245 2.107090473175049 400
1779333026433 1.344968318939209 420
1779333029646 1.9814209938049316 440
1779333032838 0.9303487539291382 460
1779333036111 0.7420880794525146 480
1779333039317 1.057726263999939 500
1779333057249 1.3658037185668945 520
1779333060417 2.102039337158203 540
1779333063610 2.356390953063965 560
1779333066865 1.1690936088562012 580
1779333070112 0.9067872762680054 600
1779333073307 1.979937195777893 620
1779333076279 1.238964557647705 640
1779333079247 2.5686802864074707 660
1779333082214 1.930182933807373 680
1779333085307 2.44677996635437 700
1779333088547 0.9191042184829712 720
1779333091723 0.8119269609451294 740
1779333109969 1.061396598815918 760
1779333113179 1.9191951751708984 780
1779333116487 1.4171500205993652 800
1779333119803 0.9468361735343933 820
1779333123052 1.282233476638794 840
1779333126267 1.8785430192947388 860
1779333129244 0.9818620681762695 880
1779333132215 2.2232463359832764 900
1779333135195 1.849547028541565 920
1779333138165 1.485068440437317 940
1779333141141 2.5099244117736816 960
1779333144282 1.2041383981704712 980
1779333147271 1.1589277982711792 1000
1779333164075 1.268787145614624 1020
1779333167241 1.6662381887435913 1040
1779333170455 1.2536911964416504 1060
1779333173727 0.9152439832687378 1080
1779333176847 0.8580930233001709 1100
1779333180031 1.4129713773727417 1120
1779333183291 2.305940866470337 1140
1779333186537 2.1755282878875732 1160
1779333189783 1.083842158317566 1180
1779333193018 1.1984552145004272 1200
1779333196209 1.2935049533843994 1220
1779333199774 0.8047633171081543 1240
1779333217324 2.0528712272644043 1260
1779333220675 1.0664317607879639 1280
1779333223957 1.2252376079559326 1300
1779333227030 1.0102583169937134 1320
1779333230574 2.2977495193481445 1340
1779333233756 1.4612839221954346 1360
1779333236768 1.5203654766082764 1380
1779333239725 2.074582576751709 1400
1779333242676 1.3611383438110352 1420
1779333245732 0.9694218635559082 1440
1779333248879 1.8116618394851685 1460
1779333252085 1.150925636291504 1480
1779333255314 1.1300181150436401 1500
1779333273759 2.4372448921203613 1520
1779333276998 1.6360461711883545 1540
1779333280252 1.419642448425293 1560
1779333283471 1.159013271331787 1580
1779333286673 1.3470748662948608 1600
1779333289846 3.6089189052581787 1620
1779333292992 3.8180768489837646 1640
1779333296373 1.5424647331237793 1660
1779333299530 1.378481149673462 1680
1779333302883 1.6605833768844604 1700
1779333305912 1.0865987539291382 1720
1779333309089 1.523952603340149 1740
1779333326695 1.4654942750930786 1760
1779333329990 1.7738070487976074 1780
1779333333247 1.523758888244629 1800
1779333336458 1.2381266355514526 1820
1779333339602 2.043581962585449 1840
1779333342840 1.2429635524749756 1860
1779333345982 1.523339867591858 1880
1779333349241 1.6952283382415771 1900
1779333352584 1.3398104906082153 1920
1779333355773 1.2266918420791626 1940
1779333359057 1.8452346324920654 1960
1779333362336 1.6611452102661133 1980
1779333365705 1.6235568523406982 2000
1779333384220 1.9745136499404907 2020
1779333387627 1.2539206743240356 2040
1779333390905 1.6441271305084229 2060
1779333394254 1.5553598403930664 2080
1779333397417 1.4333622455596924 2100
1779333400474 1.737024188041687 2120
1779333403512 2.2877354621887207 2140
1779333406512 2.2515032291412354 2160
1779333409483 4.468569278717041 2180
1779333412457 2.0088894367218018 2200
1779333415485 1.4764947891235352 2220
1779333418612 2.411653518676758 2240
1779333435936 1.6423028707504272 2260
1779333439186 1.8054448366165161 2280
1779333442396 1.3482941389083862 2300
1779333445672 1.599856972694397 2320
1779333449083 2.737637996673584 2340
1779333452317 2.241401433944702 2360
1779333455757 1.228559136390686 2380
1779333459071 0.9996452927589417 2400
1779333462324 1.8873944282531738 2420
1779333465549 1.652678370475769 2440
1779333468799 1.6153020858764648 2460
1779333472032 1.9194282293319702 2480
1779333475362 1.7015166282653809 2500
1779333493862 1.1326768398284912 2520
1779333497069 2.2311201095581055 2540
1779333500239 2.1948914527893066 2560
1779333503445 1.4628783464431763 2580
1779333506646 2.3108367919921875 2600
1779333509830 1.089329481124878 2620
1779333513099 2.3307881355285645 2640
1779333516348 1.6368472576141357 2660
1779333519614 1.7805849313735962 2680
1779333522805 2.2323060035705566 2700
1779333525983 0.9488639831542969 2720
1779333529157 2.6129539012908936 2740
1779333546765 1.6967837810516357 2760
1779333549965 2.3562099933624268 2780
1779333553280 1.130692958831787 2800
1779333556507 1.8399367332458496 2820
1779333559738 1.6777604818344116 2840
1779333562967 1.4633827209472656 2860
1779333566204 1.993798017501831 2880
1779333569409 3.5296759605407715 2900
1779333572619 1.9820364713668823 2920
1779333575796 2.5223162174224854 2940
1779333578985 1.466603398323059 2960
1779333582193 2.663180351257324 2980
1779333585291 4.567296504974365 3000
1779333601669 1.811665415763855 3020
1779333604633 2.073241710662842 3040
1779333607599 2.2627034187316895 3060
1779333610569 1.1211267709732056 3080
1779333613537 6.003678798675537 3100
1779333616505 2.2706828117370605 3120
1779333619472 2.7791337966918945 3140
1779333622453 1.7556103467941284 3160
1779333625440 1.7445389032363892 3180
1779333628524 1.052507758140564 3200
1779333631671 2.267829656600952 3220
1779333634811 2.4421706199645996 3240
1779333652595 2.3735594749450684 3260
1779333655677 2.2707619667053223 3280
1779333658778 2.403975009918213 3300
1779333661762 2.726909637451172 3320
1779333664764 2.712012767791748 3340
1779333667757 2.833751916885376 3360
1779333670732 2.433295726776123 3380
1779333673833 1.2388172149658203 3400
1779333677001 2.3658106327056885 3420
1779333680177 1.3784805536270142 3440
1779333683369 4.270082950592041 3460
1779333686533 1.2392795085906982 3480
1779333689807 2.636300563812256 3500
1779333707586 3.095921039581299 3520
1779333710888 3.076279878616333 3540
1779333714123 2.3120386600494385 3560
1779333717334 2.557187557220459 3580
1779333720541 2.063708543777466 3600
1779333723894 1.8569424152374268 3620
1779333726981 2.1229634284973145 3640
1779333730048 1.5774246454238892 3660
1779333733155 1.9430043697357178 3680
1779333736298 2.4958975315093994 3700
1779333739424 2.46211576461792 3720
1779333742475 2.4201841354370117 3740
1779333759476 1.8411085605621338 3760
1779333762578 1.6741994619369507 3780
1779333765694 2.7067487239837646 3800
1779333768868 2.2853105068206787 3820
1779333772080 1.6972167491912842 3840
1779333775277 2.047410726547241 3860
1779333778471 3.530445098876953 3880
1779333781663 1.8081867694854736 3900
1779333784934 2.218740224838257 3920
1779333788114 2.4189889430999756 3940
1779333791334 5.402045249938965 3960
1779333794611 1.8823398351669312 3980
1779333797853 1.0413898229599 4000
1779333816079 2.9821672439575195 4020
1779333819283 3.1541218757629395 4040
1779333822549 2.20111083984375 4060
1779333825777 0.8399986028671265 4080
1779333828976 3.379162311553955 4100
1779333832201 1.5682345628738403 4120
1779333835484 3.4188284873962402 4140
1779333838816 1.5774242877960205 4160
1779333842059 2.676192045211792 4180
1779333845260 0.9850661158561707 4200
1779333848536 1.0421545505523682 4220
1779333851788 0.7618944644927979 4240
1779333869402 2.5362555980682373 4260
1779333872427 2.8864850997924805 4280
1779333875399 2.925750494003296 4300
1779333878568 3.9627087116241455 4320
1779333881826 1.7904763221740723 4340
1779333885088 3.757711410522461 4360
1779333888271 1.9844611883163452 4380
1779333891478 4.185530185699463 4400
1779333894605 3.9494807720184326 4420
1779333897785 4.91000509262085 4440
1779333900961 2.908892869949341 4460
1779333904181 7.942209243774414 4480
1779333907448 2.008896589279175 4500
1779333925352 2.384913444519043 4520
1779333928621 1.3095420598983765 4540
1779333931831 1.023408055305481 4560
1779333935024 2.0854690074920654 4580
1779333938239 2.4485085010528564 4600
1779333941569 2.0091676712036133 4620
1779333944806 2.266918182373047 4640
1779333948062 4.35429048538208 4660
1779333951297 5.636949062347412 4680
1779333954657 4.7923665046691895 4700
1779333957937 2.748741626739502 4720
1779333961171 2.3245434761047363 4740
1779333978870 1.9692765474319458 4760
1779333981953 2.3078441619873047 4780
1779333985158 2.2696542739868164 4800
1779333988304 6.836164951324463 4820
1779333991354 1.0621565580368042 4840
1779333994325 1.6020069122314453 4860
1779333997420 3.685865879058838 4880
1779334000601 1.661833643913269 4900
1779334003790 4.356550216674805 4920
1779334006983 4.543242454528809 4940
1779334010095 1.0315183401107788 4960
1779334013174 3.967949628829956 4980
1779334016226 4.113204002380371 5000
1779334033774 0.7770959734916687 5020
1779334037013 0.5541905760765076 5040
1779334040205 2.8951120376586914 5060
1779334043524 2.875959873199463 5080
1779334046839 2.200206995010376 5100
1779334050244 0.7580205202102661 5120
1779334053541 1.8782273530960083 5140
1779334056824 2.6564342975616455 5160
1779334060265 1.60740065574646 5180
1779334063585 3.4654629230499268 5200
1779334066996 0.5900638103485107 5220
1779334070257 3.1107866764068604 5240
1779334088262 2.445039987564087 5260
1779334091303 2.8205697536468506 5280
1779334094414 1.6438242197036743 5300
1779334097454 3.132824420928955 5320
1779334100414 2.983771324157715 5340
1779334103410 1.898391842842102 5360
1779334106507 1.1556432247161865 5380
1779334109682 3.79375958442688 5400
1779334112884 1.850770115852356 5420
1779334116096 2.3163528442382812 5440
1779334119324 2.1453661918640137 5460
1779334122448 3.431433916091919 5480
1779334125575 0.44145020842552185 5500
1779334142894 3.3139328956604004 5520
1779334146045 4.2743916511535645 5540
1779334149178 2.0203208923339844 5560
1779334152263 0.5413475632667542 5580
1779334155327 5.0151848793029785 5600
1779334158444 1.850836157798767 5620
1779334161556 5.983315467834473 5640
1779334164717 2.439385414123535 5660
1779334167815 1.2259079217910767 5680
1779334170918 2.053237199783325 5700
1779334174176 2.4483768939971924 5720
1779334177176 1.7587831020355225 5740
1779334194262 0.7054575085639954 5760
1779334197384 2.3076565265655518 5780
1779334200491 1.8066997528076172 5800
1779334203596 2.216428518295288 5820
1779334206663 2.6053125858306885 5840
1779334209709 1.7742522954940796 5860
1779334212721 1.057348370552063 5880
1779334215735 3.2328381538391113 5900
1779334218803 2.836076498031616 5920
1779334221868 2.5071194171905518 5940
1779334224919 1.3213820457458496 5960
1779334227991 0.8619507551193237 5980
1779334231063 0.24081768095493317 6000
1779334248247 1.2735533714294434 6020
1779334251349 0.3855482041835785 6040
1779334254506 1.6559323072433472 6060
1779334257622 0.18199820816516876 6080
1779334260705 2.1821796894073486 6100
1779334263782 2.519137382507324 6120
1779334266984 0.5766202807426453 6140
1779334270080 0.7177159786224365 6160
1779334273193 2.8865807056427 6180
1779334276334 2.563917636871338 6200
1779334279499 2.968203544616699 6220
1779334282620 1.2965534925460815 6240
1779334299756 0.8259607553482056 6260
1779334302909 2.2410991191864014 6280
1779334306067 2.911792278289795 6300
1779334309203 0.9728010296821594 6320
1779334312264 0.8955203890800476 6340
1779334315387 2.5247011184692383 6360
1779334318525 0.2656756341457367 6380
1779334321608 2.32800555229187 6400
1779334324737 0.5767588019371033 6420
1779334327868 2.6672539710998535 6440
1779334331019 1.1581940650939941 6460
1779334334098 4.496984004974365 6480
1779334337267 0.08302949368953705 6500
1779334354374 3.9222092628479004 6520
1779334357509 6.419684886932373 6540
1779334360630 0.5329924821853638 6560
1779334363736 3.7510626316070557 6580
1779334366824 0.358738511800766 6600
1779334369916 3.4212725162506104 6620
1779334372987 3.1860885620117188 6640
1779334376089 2.016395092010498 6660
