1779332948685 3.8e-05 20
1779332951807 7.800000000000001e-05 40
1779332954917 9.986384266263238e-05 60
1779332958088 9.956127080181544e-05 80
1779332961229 9.925869894099849e-05 100
1779332964391 9.895612708018155e-05 120
1779332967550 9.86535552193646e-05 140
1779332970727 9.835098335854766e-05 160
1779332973897 9.804841149773071e-05 180
1779332977092 9.774583963691377e-05 200
1779332980195 9.744326777609682e-05 220
1779332983421 9.714069591527989e-05 240
1779333001100 9.683812405446295e-05 260
1779333004257 9.653555219364599e-05 280
1779333007377 9.623298033282904e-05 300
1779333010461 9.593040847201211e-05 320
1779333013588 9.562783661119517e-05 340
1779333016783 9.532526475037822e-05 360
1779333020023 9.502269288956128e-05 380
1779333023245 9.472012102874433e-05 400
1779333026433 9.441754916792739e-05 420
1779333029646 9.411497730711044e-05 440
1779333032838 9.38124054462935e-05 460
1779333036111 9.350983358547655e-05 480
1779333039317 9.320726172465961e-05 500
1779333057249 9.290468986384266e-05 520
1779333060417 9.260211800302573e-05 540
1779333063610 9.229954614220879e-05 560
1779333066865 9.199697428139183e-05 580
1779333070112 9.169440242057488e-05 600
1779333073307 9.139183055975795e-05 620
1779333076279 9.108925869894101e-05 640
1779333079247 9.078668683812406e-05 660
1779333082214 9.04841149773071e-05 680
1779333085307 9.018154311649017e-05 700
1779333088547 8.987897125567323e-05 720
1779333091723 8.957639939485628e-05 740
1779333109969 8.927382753403934e-05 760
1779333113179 8.897125567322239e-05 780
1779333116487 8.866868381240545e-05 800
1779333119803 8.83661119515885e-05 820
1779333123052 8.806354009077157e-05 840
1779333126267 8.776096822995463e-05 860
1779333129244 8.745839636913767e-05 880
1779333132215 8.715582450832072e-05 900
1779333135195 8.685325264750379e-05 920
1779333138165 8.655068078668685e-05 940
1779333141141 8.62481089258699e-05 960
1779333144282 8.594553706505294e-05 980
1779333147271 8.564296520423601e-05 1000
1779333164075 8.534039334341907e-05 1020
1779333167241 8.503782148260212e-05 1040
1779333170455 8.473524962178518e-05 1060
1779333173727 8.443267776096823e-05 1080
1779333176847 8.413010590015129e-05 1100
1779333180031 8.382753403933434e-05 1120
1779333183291 8.35249621785174e-05 1140
1779333186537 8.322239031770047e-05 1160
1779333189783 8.291981845688351e-05 1180
1779333193018 8.261724659606656e-05 1200
1779333196209 8.231467473524963e-05 1220
1779333199774 8.201210287443269e-05 1240
1779333217324 8.170953101361574e-05 1260
1779333220675 8.140695915279878e-05 1280
1779333223957 8.110438729198185e-05 1300
1779333227030 8.080181543116491e-05 1320
1779333230574 8.049924357034796e-05 1340
1779333233756 8.019667170953102e-05 1360
1779333236768 7.989409984871407e-05 1380
1779333239725 7.959152798789713e-05 1400
1779333242676 7.928895612708018e-05 1420
1779333245732 7.898638426626324e-05 1440
1779333248879 7.86838124054463e-05 1460
1779333252085 7.838124054462935e-05 1480
1779333255314 7.80786686838124e-05 1500
1779333273759 7.777609682299547e-05 1520
1779333276998 7.747352496217853e-05 1540
1779333280252 7.717095310136158e-05 1560
1779333283471 7.686838124054462e-05 1580
1779333286673 7.656580937972769e-05 1600
1779333289846 7.626323751891075e-05 1620
1779333292992 7.59606656580938e-05 1640
1779333296373 7.565809379727686e-05 1660
1779333299530 7.535552193645991e-05 1680
1779333302883 7.505295007564297e-05 1700
1779333305912 7.475037821482602e-05 1720
1779333309089 7.444780635400908e-05 1740
1779333326695 7.414523449319215e-05 1760
1779333329990 7.384266263237519e-05 1780
1779333333247 7.354009077155824e-05 1800
1779333336458 7.323751891074131e-05 1820
1779333339602 7.293494704992437e-05 1840
1779333342840 7.263237518910742e-05 1860
1779333345982 7.232980332829046e-05 1880
1779333349241 7.202723146747353e-05 1900
1779333352584 7.172465960665659e-05 1920
1779333355773 7.142208774583964e-05 1940
1779333359057 7.11195158850227e-05 1960
1779333362336 7.081694402420575e-05 1980
1779333365705 7.051437216338881e-05 2000
1779333384220 7.021180030257186e-05 2020
1779333387627 6.990922844175492e-05 2040
1779333390905 6.960665658093797e-05 2060
1779333394254 6.930408472012103e-05 2080
1779333397417 6.900151285930408e-05 2100
1779333400474 6.869894099848715e-05 2120
1779333403512 6.83963691376702e-05 2140
1779333406512 6.809379727685326e-05 2160
1779333409483 6.77912254160363e-05 2180
1779333412457 6.748865355521937e-05 2200
1779333415485 6.718608169440243e-05 2220
1779333418612 6.688350983358548e-05 2240
1779333435936 6.658093797276854e-05 2260
1779333439186 6.627836611195159e-05 2280
1779333442396 6.597579425113465e-05 2300
1779333445672 6.56732223903177e-05 2320
1779333449083 6.537065052950076e-05 2340
1779333452317 6.506807866868381e-05 2360
1779333455757 6.476550680786687e-05 2380
1779333459071 6.446293494704992e-05 2400
1779333462324 6.416036308623299e-05 2420
1779333465549 6.385779122541605e-05 2440
1779333468799 6.35552193645991e-05 2460
1779333472032 6.325264750378214e-05 2480
1779333475362 6.295007564296521e-05 2500
1779333493862 6.264750378214827e-05 2520
1779333497069 6.234493192133132e-05 2540
1779333500239 6.204236006051438e-05 2560
1779333503445 6.173978819969743e-05 2580
1779333506646 6.143721633888049e-05 2600
1779333509830 6.113464447806354e-05 2620
1779333513099 6.08320726172466e-05 2640
1779333516348 6.052950075642966e-05 2660
1779333519614 6.0226928895612714e-05 2680
1779333522805 5.992435703479576e-05 2700
1779333525983 5.962178517397883e-05 2720
1779333529157 5.931921331316188e-05 2740
1779333546765 5.9016641452344934e-05 2760
1779333549965 5.871406959152799e-05 2780
1779333553280 5.841149773071105e-05 2800
1779333556507 5.8108925869894106e-05 2820
1779333559738 5.7806354009077154e-05 2840
1779333562967 5.750378214826021e-05 2860
1779333566204 5.720121028744327e-05 2880
1779333569409 5.6898638426626326e-05 2900
1779333572619 5.659606656580938e-05 2920
1779333575796 5.6293494704992436e-05 2940
1779333578985 5.59909228441755e-05 2960
1779333582193 5.568835098335855e-05 2980
1779333585291 5.53857791225416e-05 3000
1779333601669 5.508320726172467e-05 3020
1779333604633 5.478063540090772e-05 3040
1779333607599 5.4478063540090774e-05 3060
1779333610569 5.417549167927383e-05 3080
1779333613537 5.387291981845689e-05 3100
1779333616505 5.3570347957639946e-05 3120
1779333619472 5.3267776096822994e-05 3140
1779333622453 5.296520423600605e-05 3160
1779333625440 5.266263237518911e-05 3180
1779333628524 5.2360060514372166e-05 3200
1779333631671 5.205748865355522e-05 3220
1779333634811 5.175491679273827e-05 3240
1779333652595 5.145234493192134e-05 3260
1779333655677 5.114977307110439e-05 3280
1779333658778 5.084720121028744e-05 3300
1779333661762 5.054462934947051e-05 3320
1779333664764 5.024205748865356e-05 3340
1779333667757 4.9939485627836613e-05 3360
1779333670732 4.963691376701967e-05 3380
1779333673833 4.9334341906202724e-05 3400
1779333677001 4.9031770045385785e-05 3420
1779333680177 4.8729198184568834e-05 3440
1779333683369 4.8426626323751896e-05 3460
1779333686533 4.812405446293495e-05 3480
1779333689807 4.7821482602118006e-05 3500
1779333707586 4.751891074130106e-05 3520
1779333710888 4.7216338880484116e-05 3540
1779333714123 4.691376701966717e-05 3560
1779333717334 4.6611195158850226e-05 3580
1779333720541 4.630862329803328e-05 3600
1779333723894 4.600605143721634e-05 3620
1779333726981 4.57034795763994e-05 3640
1779333730048 4.540090771558245e-05 3660
1779333733155 4.509833585476551e-05 3680
1779333736298 4.479576399394856e-05 3700
1779333739424 4.4493192133131625e-05 3720
1779333742475 4.4190620272314673e-05 3740
1779333759476 4.3888048411497735e-05 3760
1779333762578 4.358547655068079e-05 3780
1779333765694 4.3282904689863845e-05 3800
1779333768868 4.29803328290469e-05 3820
1779333772080 4.2677760968229956e-05 3840
1779333775277 4.237518910741301e-05 3860
1779333778471 4.2072617246596066e-05 3880
1779333781663 4.177004538577912e-05 3900
1779333784934 4.146747352496218e-05 3920
1779333788114 4.116490166414524e-05 3940
1779333791334 4.086232980332829e-05 3960
1779333794611 4.055975794251135e-05 3980
1779333797853 4.02571860816944e-05 4000
1779333816079 3.9954614220877465e-05 4020
1779333819283 3.965204236006051e-05 4040
1779333822549 3.9349470499243575e-05 4060
1779333825777 3.904689863842662e-05 4080
1779333828976 3.8744326777609685e-05 4100
1779333832201 3.844175491679274e-05 4120
1779333835484 3.8139183055975795e-05 4140
1779333838816 3.783661119515885e-05 4160
1779333842059 3.7534039334341906e-05 4180
1779333845260 3.723146747352496e-05 4200
1779333848536 3.692889561270802e-05 4220
1779333851788 3.662632375189108e-05 4240
1779333869402 3.632375189107413e-05 4260
1779333872427 3.602118003025719e-05 4280
1779333875399 3.571860816944024e-05 4300
1779333878568 3.5416036308623305e-05 4320
1779333881826 3.511346444780635e-05 4340
1779333885088 3.4810892586989415e-05 4360
1779333888271 3.450832072617246e-05 4380
1779333891478 3.4205748865355525e-05 4400
1779333894605 3.390317700453858e-05 4420
1779333897785 3.3600605143721635e-05 4440
1779333900961 3.329803328290469e-05 4460
1779333904181 3.2995461422087745e-05 4480
1779333907448 3.26928895612708e-05 4500
1779333925352 3.239031770045386e-05 4520
1779333928621 3.208774583963692e-05 4540
1779333931831 3.178517397881997e-05 4560
1779333935024 3.148260211800303e-05 4580
1779333938239 3.118003025718608e-05 4600
1779333941569 3.0877458396369144e-05 4620
1779333944806 3.057488653555219e-05 4640
1779333948062 3.027231467473525e-05 4660
1779333951297 2.9969742813918306e-05 4680
1779333954657 2.9667170953101365e-05 4700
1779333957937 2.9364599092284416e-05 4720
1779333961171 2.9062027231467475e-05 4740
1779333978870 2.875945537065053e-05 4760
1779333981953 2.845688350983359e-05 4780
1779333985158 2.815431164901664e-05 4800
1779333988304 2.78517397881997e-05 4820
1779333991354 2.7549167927382757e-05 4840
1779333994325 2.724659606656581e-05 4860
1779333997420 2.694402420574887e-05 4880
1779334000601 2.6641452344931922e-05 4900
1779334003790 2.633888048411498e-05 4920
1779334006983 2.6036308623298032e-05 4940
1779334010095 2.573373676248109e-05 4960
1779334013174 2.5431164901664146e-05 4980
1779334016226 2.5128593040847204e-05 5000
1779334033774 2.482602118003026e-05 5020
1779334037013 2.4523449319213315e-05 5040
1779334040205 2.422087745839637e-05 5060
1779334043524 2.3918305597579428e-05 5080
1779334046839 2.3615733736762483e-05 5100
1779334050244 2.331316187594554e-05 5120
1779334053541 2.3010590015128593e-05 5140
1779334056824 2.270801815431165e-05 5160
1779334060265 2.2405446293494707e-05 5180
1779334063585 2.2102874432677762e-05 5200
1779334066996 2.1800302571860817e-05 5220
1779334070257 2.1497730711043872e-05 5240
1779334088262 2.1195158850226927e-05 5260
1779334091303 2.0892586989409986e-05 5280
1779334094414 2.0590015128593044e-05 5300
1779334097454 2.02874432677761e-05 5320
1779334100414 1.9984871406959154e-05 5340
1779334103410 1.968229954614221e-05 5360
1779334106507 1.9379727685325268e-05 5380
1779334109682 1.9077155824508323e-05 5400
1779334112884 1.8774583963691378e-05 5420
1779334116096 1.8472012102874433e-05 5440
1779334119324 1.8169440242057488e-05 5460
1779334122448 1.7866868381240547e-05 5480
1779334125575 1.7564296520423602e-05 5500
1779334142894 1.7261724659606657e-05 5520
1779334146045 1.6959152798789712e-05 5540
1779334149178 1.6656580937972767e-05 5560
1779334152263 1.6354009077155826e-05 5580
1779334155327 1.605143721633888e-05 5600
1779334158444 1.574886535552194e-05 5620
1779334161556 1.5446293494704994e-05 5640
1779334164717 1.514372163388805e-05 5660
1779334167815 1.4841149773071106e-05 5680
1779334170918 1.4538577912254161e-05 5700
1779334174176 1.4236006051437218e-05 5720
1779334177176 1.3933434190620273e-05 5740
1779334194262 1.363086232980333e-05 5760
1779334197384 1.3328290468986385e-05 5780
1779334200491 1.302571860816944e-05 5800
1779334203596 1.2723146747352497e-05 5820
1779334206663 1.2420574886535553e-05 5840
1779334209709 1.2118003025718608e-05 5860
1779334212721 1.1815431164901665e-05 5880
1779334215735 1.151285930408472e-05 5900
1779334218803 1.1210287443267777e-05 5920
1779334221868 1.0907715582450832e-05 5940
1779334224919 1.0605143721633887e-05 5960
1779334227991 1.0302571860816944e-05 5980
1779334231063 1e-05 6000
1779334248247 9.697428139183058e-06 6020
1779334251349 9.394856278366113e-06 6040
1779334254506 9.092284417549168e-06 6060
1779334257622 8.789712556732225e-06 6080
1779334260705 8.48714069591528e-06 6100
1779334263782 8.184568835098336e-06 6120
1779334266984 7.881996974281393e-06 6140
1779334270080 7.579425113464449e-06 6160
1779334273193 7.276853252647504e-06 6180
1779334276334 6.97428139183056e-06 6200
1779334279499 6.671709531013616e-06 6220
1779334282620 6.369137670196672e-06 6240
1779334299756 6.066565809379728e-06 6260
1779334302909 5.763993948562784e-06 6280
1779334306067 5.46142208774584e-06 6300
1779334309203 5.158850226928896e-06 6320
1779334312264 4.856278366111952e-06 6340
1779334315387 4.5537065052950075e-06 6360
1779334318525 4.2511346444780634e-06 6380
1779334321608 3.948562783661119e-06 6400
1779334324737 3.6459909228441757e-06 6420
1779334327868 3.3434190620272316e-06 6440
1779334331019 3.0408472012102876e-06 6460
1779334334098 2.7382753403933435e-06 6480
1779334337267 2.4357034795763994e-06 6500
1779334354374 2.1331316187594553e-06 6520
1779334357509 1.8305597579425113e-06 6540
1779334360630 1.5279878971255674e-06 6560
1779334363736 1.2254160363086233e-06 6580
1779334366824 9.228441754916794e-07 6600
1779334369916 6.202723146747353e-07 6620
1779334372987 3.177004538577912e-07 6640
1779334376089 1.51285930408472e-08 6660
