1779332948685 0.6925430297851562 20
1779332951807 0.6901634216308594 40
1779332954917 0.6590825080871582 60
1779332958088 0.5702520370483398 80
1779332961229 0.5415960311889648 100
1779332964391 0.5257440090179444 120
1779332967550 0.43894038200378416 140
1779332970727 0.43868241310119627 160
1779332973897 0.4378538131713867 180
1779332977092 0.432308292388916 200
1779332980195 0.4327040672302246 220
1779332983421 0.40831170082092283 240
1779333001100 0.4414033889770508 260
1779333004257 0.4332889556884766 280
1779333007377 0.4561044692993164 300
1779333010461 0.3991607666015625 320
1779333013588 0.3829914093017578 340
1779333016783 0.3879781484603882 360
1779333020023 0.4069347381591797 380
1779333023245 0.3945349454879761 400
1779333026433 0.39608097076416016 420
1779333029646 0.3957027196884155 440
1779333032838 0.3989820957183838 460
1779333036111 0.38478400707244875 480
1779333039317 0.36209969520568847 500
1779333057249 0.3764892339706421 520
1779333060417 0.4113748550415039 540
1779333063610 0.3729645490646362 560
1779333066865 0.3419351100921631 580
1779333070112 0.40050358772277833 600
1779333073307 0.39472503662109376 620
1779333076279 0.35693519115447997 640
1779333079247 0.36458802223205566 660
1779333082214 0.38277058601379393 680
1779333085307 0.359547758102417 700
1779333088547 0.3473567008972168 720
1779333091723 0.378635048866272 740
1779333109969 0.41922645568847655 760
1779333113179 0.32376394271850584 780
1779333116487 0.3453190326690674 800
1779333119803 0.3858296871185303 820
1779333123052 0.38167030811309816 840
1779333126267 0.3758448600769043 860
1779333129244 0.37744579315185545 880
1779333132215 0.3818821430206299 900
1779333135195 0.41191754341125486 920
1779333138165 0.3894465923309326 940
1779333141141 0.321140193939209 960
1779333144282 0.38132214546203613 980
1779333147271 0.3663825511932373 1000
1779333164075 0.3657992839813232 1020
1779333167241 0.3590015649795532 1040
1779333170455 0.4070037841796875 1060
1779333173727 0.33644278049468995 1080
1779333176847 0.34226384162902834 1100
1779333180031 0.33840436935424806 1120
1779333183291 0.37436556816101074 1140
1779333186537 0.3383741855621338 1160
1779333189783 0.3711987495422363 1180
1779333193018 0.3673834323883057 1200
1779333196209 0.3396550178527832 1220
1779333199774 0.3222296714782715 1240
1779333217324 0.38048017024993896 1260
1779333220675 0.340605354309082 1280
1779333223957 0.3541934728622437 1300
1779333227030 0.3493967056274414 1320
1779333230574 0.3198446989059448 1340
1779333233756 0.3352591753005981 1360
1779333236768 0.2903799772262573 1380
1779333239725 0.3029232740402222 1400
1779333242676 0.3264954090118408 1420
1779333245732 0.278624439239502 1440
1779333248879 0.31559484004974364 1460
1779333252085 0.27789194583892823 1480
1779333255314 0.2753882884979248 1500
1779333273759 0.32623729705810545 1520
1779333276998 0.3277238130569458 1540
1779333280252 0.3308932542800903 1560
1779333283471 0.281870436668396 1580
1779333286673 0.35762007236480714 1600
1779333289846 0.33461508750915525 1620
1779333292992 0.29415159225463866 1640
1779333296373 0.32265961170196533 1660
1779333299530 0.31566948890686036 1680
1779333302883 0.2988361597061157 1700
1779333305912 0.30790143013000487 1720
1779333309089 0.3133768796920776 1740
1779333326695 0.30707297325134275 1760
1779333329990 0.26903715133666994 1780
1779333333247 0.29550657272338865 1800
1779333336458 0.25068600177764894 1820
1779333339602 0.3023744821548462 1840
1779333342840 0.3186487674713135 1860
1779333345982 0.2908718347549438 1880
1779333349241 0.2930075883865356 1900
1779333352584 0.29071750640869143 1920
1779333355773 0.31848719120025637 1940
1779333359057 0.2721078634262085 1960
1779333362336 0.30796165466308595 1980
1779333365705 0.3492412805557251 2000
1779333384220 0.3350345611572266 2020
1779333387627 0.31211798191070556 2040
1779333390905 0.25852882862091064 2060
1779333394254 0.3026390314102173 2080
1779333397417 0.3007075309753418 2100
1779333400474 0.3248054027557373 2120
1779333403512 0.3277286529541016 2140
1779333406512 0.28393054008483887 2160
1779333409483 0.2940864562988281 2180
1779333412457 0.306877589225769 2200
1779333415485 0.2620964765548706 2220
1779333418612 0.27893264293670655 2240
1779333435936 0.26129837036132814 2260
1779333439186 0.3214106559753418 2280
1779333442396 0.29553358554840087 2300
1779333445672 0.30119168758392334 2320
1779333449083 0.2533468008041382 2340
1779333452317 0.2796055555343628 2360
1779333455757 0.2503436803817749 2380
1779333459071 0.31484854221343994 2400
1779333462324 0.3426508903503418 2420
1779333465549 0.3437479496002197 2440
1779333468799 0.351277232170105 2460
1779333472032 0.26631922721862794 2480
1779333475362 0.3063307285308838 2500
1779333493862 0.3034411191940308 2520
1779333497069 0.2594221353530884 2540
1779333500239 0.28490304946899414 2560
1779333503445 0.3029568433761597 2580
1779333506646 0.26207723617553713 2600
1779333509830 0.2762362718582153 2620
1779333513099 0.33742973804473875 2640
1779333516348 0.2977372407913208 2660
1779333519614 0.252215313911438 2680
1779333522805 0.20388374328613282 2700
1779333525983 0.21760993003845214 2720
1779333529157 0.22421548366546631 2740
1779333546765 0.2217012882232666 2760
1779333549965 0.20692503452301025 2780
1779333553280 0.19275113344192504 2800
1779333556507 0.2554193019866943 2820
1779333559738 0.2338021516799927 2840
1779333562967 0.22332875728607177 2860
1779333566204 0.22687363624572754 2880
1779333569409 0.2336660385131836 2900
1779333572619 0.21917073726654052 2920
1779333575796 0.17214908599853515 2940
1779333578985 0.2416609764099121 2960
1779333582193 0.23177549839019776 2980
1779333585291 0.20314769744873046 3000
1779333601669 0.2282092332839966 3020
1779333604633 0.18989150524139403 3040
1779333607599 0.20278916358947754 3060
1779333610569 0.21438281536102294 3080
1779333613537 0.16702061891555786 3100
1779333616505 0.25042741298675536 3120
1779333619472 0.2218043327331543 3140
1779333622453 0.1865813374519348 3160
1779333625440 0.20706937313079835 3180
1779333628524 0.1864136815071106 3200
1779333631671 0.2063126802444458 3220
1779333634811 0.18761963844299318 3240
1779333652595 0.2352459192276001 3260
1779333655677 0.20600368976593017 3280
1779333658778 0.21880652904510497 3300
1779333661762 0.23091862201690674 3320
1779333664764 0.19941996335983275 3340
1779333667757 0.217657470703125 3360
1779333670732 0.2429893732070923 3380
1779333673833 0.22741100788116456 3400
1779333677001 0.22845993041992188 3420
1779333680177 0.2023977518081665 3440
1779333683369 0.2363428831100464 3460
1779333686533 0.18969733715057374 3480
1779333689807 0.2087101936340332 3500
1779333707586 0.24353888034820556 3520
1779333710888 0.21092700958251953 3540
1779333714123 0.21428747177124025 3560
1779333717334 0.2232430934906006 3580
1779333720541 0.19714998006820678 3600
1779333723894 0.2125044584274292 3620
1779333726981 0.19973676204681395 3640
1779333730048 0.18693277835845948 3660
1779333733155 0.1919607400894165 3680
1779333736298 0.185338032245636 3700
1779333739424 0.22275347709655763 3720
1779333742475 0.2207700490951538 3740
1779333759476 0.20177912712097168 3760
1779333762578 0.20266456604003907 3780
1779333765694 0.22831685543060304 3800
1779333768868 0.20533783435821534 3820
1779333772080 0.20488207340240477 3840
1779333775277 0.18273468017578126 3860
1779333778471 0.1671271800994873 3880
1779333781663 0.17965409755706788 3900
1779333784934 0.23813226222991943 3920
1779333788114 0.17495250701904297 3940
1779333791334 0.1834443688392639 3960
1779333794611 0.22756285667419435 3980
1779333797853 0.1837276577949524 4000
1779333816079 0.14860154390335084 4020
1779333819283 0.16200263500213624 4040
1779333822549 0.1226730227470398 4060
1779333825777 0.11196486949920655 4080
1779333828976 0.10566530227661133 4100
1779333832201 0.11216088533401489 4120
1779333835484 0.1096989393234253 4140
1779333838816 0.11671676635742187 4160
1779333842059 0.15471330881118775 4180
1779333845260 0.09408278465270996 4200
1779333848536 0.10153048038482666 4220
1779333851788 0.11877362728118897 4240
1779333869402 0.11480354070663452 4260
1779333872427 0.1112283706665039 4280
1779333875399 0.1005866527557373 4300
1779333878568 0.13788970708847045 4320
1779333881826 0.1367060661315918 4340
1779333885088 0.1446606159210205 4360
1779333888271 0.13922789096832275 4380
1779333891478 0.11818845272064209 4400
1779333894605 0.14844454526901246 4420
1779333897785 0.14286733865737916 4440
1779333900961 0.13852769136428833 4460
1779333904181 0.08986896276473999 4480
1779333907448 0.1232923150062561 4500
1779333925352 0.1491457223892212 4520
1779333928621 0.12028846740722657 4540
1779333931831 0.10312192440032959 4560
1779333935024 0.1461365580558777 4580
1779333938239 0.09782620668411254 4600
1779333941569 0.08247888684272767 4620
1779333944806 0.12151458263397216 4640
1779333948062 0.1053113579750061 4660
1779333951297 0.11900805234909058 4680
1779333954657 0.11692256927490234 4700
1779333957937 0.11590614318847656 4720
1779333961171 0.10229512453079223 4740
1779333978870 0.17812910079956054 4760
1779333981953 0.10455653667449952 4780
1779333985158 0.10215603113174439 4800
1779333988304 0.12023714780807496 4820
1779333991354 0.13577044010162354 4840
1779333994325 0.12846184968948365 4860
1779333997420 0.12362390756607056 4880
1779334000601 0.12446084022521972 4900
1779334003790 0.1341395139694214 4920
1779334006983 0.145680034160614 4940
1779334010095 0.12561923265457153 4960
1779334013174 0.1267782211303711 4980
1779334016226 0.09068710207939149 5000
1779334033774 0.0880309522151947 5020
1779334037013 0.12751431465148927 5040
1779334040205 0.06655912399291992 5060
1779334043524 0.113189697265625 5080
1779334046839 0.0910407304763794 5100
1779334050244 0.12173466682434082 5120
1779334053541 0.09549164175987243 5140
1779334056824 0.13427455425262452 5160
1779334060265 0.11280125379562378 5180
1779334063585 0.12164616584777832 5200
1779334066996 0.11060198545455932 5220
1779334070257 0.12659168243408203 5240
1779334088262 0.1406715154647827 5260
1779334091303 0.10301713943481446 5280
1779334094414 0.13106606006622315 5300
1779334097454 0.12352374792099 5320
1779334100414 0.09331647157669068 5340
1779334103410 0.08020011782646179 5360
1779334106507 0.06029887199401855 5380
1779334109682 0.06723282337188721 5400
1779334112884 0.06206424236297607 5420
1779334116096 0.07209672331809998 5440
1779334119324 0.07852662801742553 5460
1779334122448 0.04567045867443085 5480
1779334125575 0.07466135025024415 5500
1779334142894 0.06181017160415649 5520
1779334146045 0.10209133625030517 5540
1779334149178 0.08281143903732299 5560
1779334152263 0.05996611714363098 5580
1779334155327 0.07282496094703675 5600
1779334158444 0.06855261325836182 5620
1779334161556 0.046978804469108584 5640
1779334164717 0.05552757382392883 5660
1779334167815 0.06149836778640747 5680
1779334170918 0.027358803153038024 5700
1779334174176 0.10637292861938477 5720
1779334177176 0.04772081673145294 5740
1779334194262 0.06359772682189942 5760
1779334197384 0.09411025047302246 5780
1779334200491 0.06020408868789673 5800
1779334203596 0.038941842317581174 5820
1779334206663 0.06897247433662415 5840
1779334209709 0.0700024664402008 5860
1779334212721 0.06913374662399292 5880
1779334215735 0.03629237711429596 5900
1779334218803 0.10511244535446167 5920
1779334221868 0.0641004741191864 5940
1779334224919 0.06977291107177734 5960
1779334227991 0.04284691512584686 5980
1779334231063 0.08962528109550476 6000
1779334248247 0.071040940284729 6020
1779334251349 0.07433564066886902 6040
1779334254506 0.05416914224624634 6060
1779334257622 0.0530464768409729 6080
1779334260705 0.07621709108352662 6100
1779334263782 0.05810261368751526 6120
1779334266984 0.10603569746017456 6140
1779334270080 0.06564931273460388 6160
1779334273193 0.06598861217498779 6180
1779334276334 0.0902106523513794 6200
1779334279499 0.06972897052764893 6220
1779334282620 0.04080281853675842 6240
1779334299756 0.06869422197341919 6260
1779334302909 0.060596132278442384 6280
1779334306067 0.07095823884010315 6300
1779334309203 0.061201244592666626 6320
1779334312264 0.04703289568424225 6340
1779334315387 0.06547046899795532 6360
1779334318525 0.04429844319820404 6380
1779334321608 0.08629111051559449 6400
1779334324737 0.04414201974868774 6420
1779334327868 0.0729209840297699 6440
1779334331019 0.052333724498748777 6460
1779334334098 0.03549957275390625 6480
1779334337267 0.08510807752609253 6500
1779334354374 0.10971518754959106 6520
1779334357509 0.06570947170257568 6540
1779334360630 0.05546188950538635 6560
1779334363736 0.0684624195098877 6580
1779334366824 0.04304184019565582 6600
1779334369916 0.06531317234039306 6620
1779334372987 0.04745139181613922 6640
1779334376089 0.08589451909065246 6660
