1778118232649 0.005555555555555556 20
1778118250481 0.011111111111111112 40
1778118268309 0.016666666666666666 60
1778118286339 0.022222222222222223 80
1778118304167 0.027777777777777776 100
1778118322201 0.03333333333333333 120
1778118340031 0.03888888888888889 140
1778118358064 0.044444444444444446 160
1778118375894 0.05 180
1778118393924 0.05555555555555555 200
1778118411956 0.06111111111111111 220
1778118429785 0.06666666666666667 240
1778118611172 0.06944444444444445 250
1778118620418 0.07222222222222222 260
1778118638079 0.07777777777777778 280
1778118655728 0.08333333333333333 300
1778118673388 0.08888888888888889 320
1778118691035 0.09444444444444444 340
1778118708687 0.1 360
1778118726342 0.10555555555555556 380
1778118743993 0.1111111111111111 400
1778118761645 0.11666666666666667 420
1778118779291 0.12222222222222222 440
1778118796943 0.12777777777777777 460
1778118814588 0.13333333333333333 480
1778118832238 0.1388888888888889 500
1778119004617 0.1388888888888889 500
1778119022687 0.14444444444444443 520
1778119040333 0.15 540
1778119057983 0.15555555555555556 560
1778119075622 0.16111111111111112 580
1778119093277 0.16666666666666666 600
1778119110926 0.17222222222222222 620
1778119128570 0.17777777777777778 640
1778119146226 0.18333333333333332 660
1778119163871 0.18888888888888888 680
1778119181522 0.19444444444444445 700
1778119199162 0.2 720
1778119216810 0.20555555555555555 740
1778119398014 0.20833333333333334 750
1778119407277 0.2111111111111111 760
1778119424925 0.21666666666666667 780
1778119442572 0.2222222222222222 800
1778119460217 0.22777777777777777 820
1778119477860 0.23333333333333334 840
1778119495508 0.2388888888888889 860
1778119513150 0.24444444444444444 880
1778119530801 0.25 900
1778119548441 0.25555555555555554 920
1778119566088 0.2611111111111111 940
1778119583728 0.26666666666666666 960
1778119601367 0.2722222222222222 980
1778119619009 0.2777777777777778 1000
1778119791377 0.2777777777777778 1000
1778119809451 0.2833333333333333 1020
1778119827093 0.28888888888888886 1040
1778119844736 0.29444444444444445 1060
1778119862381 0.3 1080
1778119880026 0.3055555555555556 1100
1778119897664 0.3111111111111111 1120
1778119915305 0.31666666666666665 1140
1778119932948 0.32222222222222224 1160
1778119950596 0.3277777777777778 1180
1778119968237 0.3333333333333333 1200
1778119985888 0.3388888888888889 1220
1778120003535 0.34444444444444444 1240
1778120184683 0.3472222222222222 1250
1778120194123 0.35 1260
1778120211961 0.35555555555555557 1280
1778120230003 0.3611111111111111 1300
1778120247840 0.36666666666666664 1320
1778120265879 0.37222222222222223 1340
1778120283718 0.37777777777777777 1360
1778120301759 0.38333333333333336 1380
1778120319597 0.3888888888888889 1400
1778120337636 0.39444444444444443 1420
1778120355682 0.4 1440
1778120373521 0.40555555555555556 1460
1778120391559 0.4111111111111111 1480
1778120409394 0.4166666666666667 1500
1778120581726 0.4166666666666667 1500
1778120599819 0.4222222222222222 1520
1778120617461 0.42777777777777776 1540
1778120635101 0.43333333333333335 1560
1778120652744 0.4388888888888889 1580
1778120670385 0.4444444444444444 1600
1778120688028 0.45 1620
1778120705677 0.45555555555555555 1640
1778120723314 0.46111111111111114 1660
1778120740959 0.4666666666666667 1680
1778120758597 0.4722222222222222 1700
1778120776243 0.4777777777777778 1720
1778120793882 0.48333333333333334 1740
1778120975086 0.4861111111111111 1750
1778120984571 0.4888888888888889 1760
1778121002213 0.49444444444444446 1780
1778121019856 0.5 1800
1778121037493 0.5055555555555555 1820
1778121055138 0.5111111111111111 1840
1778121072785 0.5166666666666667 1860
1778121090436 0.5222222222222223 1880
1778121108079 0.5277777777777778 1900
1778121125728 0.5333333333333333 1920
1778121143371 0.5388888888888889 1940
1778121161024 0.5444444444444444 1960
1778121178667 0.55 1980
1778121196314 0.5555555555555556 2000
1778121368808 0.5555555555555556 2000
1778121386870 0.5611111111111111 2020
1778121404919 0.5666666666666667 2040
1778121422761 0.5722222222222222 2060
1778121440807 0.5777777777777777 2080
1778121458647 0.5833333333333334 2100
1778121476695 0.5888888888888889 2120
1778121494540 0.5944444444444444 2140
1778121512587 0.6 2160
1778121530437 0.6055555555555555 2180
1778121548483 0.6111111111111112 2200
1778121566533 0.6166666666666667 2220
1778121584380 0.6222222222222222 2240
1778121765722 0.625 2250
1778121774996 0.6277777777777778 2260
1778121792643 0.6333333333333333 2280
1778121810289 0.6388888888888888 2300
1778121827941 0.6444444444444445 2320
1778121845590 0.65 2340
1778121863238 0.6555555555555556 2360
1778121880892 0.6611111111111111 2380
1778121898543 0.6666666666666666 2400
1778121916188 0.6722222222222223 2420
1778121933837 0.6777777777777778 2440
1778121951489 0.6833333333333333 2460
1778121969139 0.6888888888888889 2480
1778121986790 0.6944444444444444 2500
1778122159145 0.6944444444444444 2500
1778122177617 0.7 2520
1778122195464 0.7055555555555556 2540
1778122213513 0.7111111111111111 2560
1778122231358 0.7166666666666667 2580
1778122249405 0.7222222222222222 2600
1778122267249 0.7277777777777777 2620
1778122285295 0.7333333333333333 2640
1778122303346 0.7388888888888889 2660
1778122321187 0.7444444444444445 2680
1778122339228 0.75 2700
1778122357069 0.7555555555555555 2720
1778122375120 0.7611111111111111 2740
1778122556311 0.7638888888888888 2750
1778122565553 0.7666666666666667 2760
1778122583196 0.7722222222222223 2780
1778122600844 0.7777777777777778 2800
1778122618491 0.7833333333333333 2820
1778122636138 0.7888888888888889 2840
1778122653782 0.7944444444444444 2860
1778122671430 0.8 2880
1778122689080 0.8055555555555556 2900
1778122706726 0.8111111111111111 2920
1778122724377 0.8166666666666667 2940
1778122742022 0.8222222222222222 2960
1778122759668 0.8277777777777777 2980
1778122777312 0.8333333333333334 3000
1778122949674 0.8333333333333334 3000
1778122950153 0.8333333333333334 3000
1778123122336 0.8333333333333334 3000
1778123337485 0.8333333333333334 3000
1778123337843 0.8333333333333334 0
