1779351514498 0.4371584699453552 20
1779351521256 0.8743169398907104 40
1779351527939 1.3060109289617485 60
1779351534874 1.7431693989071038 80
1779351541818 2.1748633879781423 100
1779351548868 2.612021857923497 120
1779351555866 3.0437158469945356 140
1779351562905 3.480874316939891 160
1779351569823 3.918032786885246 180
1779351576654 4.3497267759562845 200
1779351583665 4.786885245901639 220
1779351590486 5.218579234972678 240
1779351595924 5.437158469945355 250
1779351601434 5.655737704918033 260
1779351608207 6.087431693989071 280
1779351615155 6.524590163934426 300
1779351622039 6.961748633879782 320
1779351628783 7.39344262295082 340
1779351635726 7.830601092896175 360
1779351642600 8.262295081967213 380
1779351649618 8.699453551912569 400
1779351656517 9.131147540983607 420
1779351663495 9.568306010928962 440
1779351670311 10.0 460
1779351672288 10.0 460
1779351674730 10.0 460
1779351677977 10.0 460
1779351680420 10.0 460
1779351685300 10.0 0
