1779351514498 3.8e-05 20
1779351521256 7.800000000000001e-05 40
1779351527939 9.78048780487805e-05 60
1779351534874 9.292682926829269e-05 80
1779351541818 8.804878048780489e-05 100
1779351548868 8.317073170731707e-05 120
1779351555866 7.829268292682928e-05 140
1779351562905 7.341463414634146e-05 160
1779351569823 6.853658536585367e-05 180
1779351576654 6.365853658536585e-05 200
1779351583665 5.878048780487805e-05 220
1779351590486 5.390243902439025e-05 240
1779351601434 4.902439024390244e-05 260
1779351608207 4.414634146341464e-05 280
1779351615155 3.9268292682926835e-05 300
1779351622039 3.4390243902439025e-05 320
1779351628783 2.951219512195122e-05 340
1779351635726 2.4634146341463414e-05 360
1779351642600 1.975609756097561e-05 380
1779351649618 1.4878048780487805e-05 400
1779351656517 1e-05 420
1779351663495 5.121951219512195e-06 440
1779351670311 2.439024390243903e-07 460
