1778309137876 0.038910505836575876 20
1778309154971 0.07782101167315175 40
1778309172048 0.11673151750972763 60
1778309189027 0.1556420233463035 80
1778309205923 0.19455252918287938 100
1778309222716 0.23346303501945526 120
1778309239572 0.2723735408560311 140
1778309256355 0.311284046692607 160
1778309273218 0.35019455252918286 180
1778309290015 0.38910505836575876 200
1778309306796 0.4280155642023346 220
1778309323665 0.4669260700389105 240
1778309356265 0.48638132295719844 250
1778309365166 0.5058365758754864 260
1778309382260 0.5447470817120622 280
1778309399266 0.5836575875486382 300
1778309416151 0.622568093385214 320
1778309432953 0.6614785992217899 340
1778309449826 0.7003891050583657 360
1778309466622 0.7392996108949417 380
1778309483499 0.7782101167315175 400
1778309500317 0.8171206225680934 420
1778309517155 0.8560311284046692 440
1778309534087 0.8949416342412452 460
1778309550910 0.933852140077821 480
1778309567860 0.9727626459143969 500
1778309592236 0.9727626459143969 500
1778309609420 1.0116731517509727 520
1778309626256 1.0505836575875487 540
1778309643257 1.0894941634241244 560
1778309660148 1.1284046692607004 580
1778309677200 1.1673151750972763 600
1778309694174 1.206225680933852 620
1778309711175 1.245136186770428 640
1778309728050 1.2840466926070038 660
1778309744938 1.3229571984435797 680
1778309762038 1.3618677042801557 700
1778309779064 1.4007782101167314 720
1778309796082 1.4396887159533074 740
1778309828903 1.4591439688715953 750
1778309837842 1.4785992217898833 760
1778309854783 1.517509727626459 780
1778309872146 1.556420233463035 800
1778309889299 1.595330739299611 820
1778309906456 1.6342412451361867 840
1778309923720 1.6731517509727627 860
1778309940784 1.7120622568093387 880
1778309957865 1.7509727626459144 900
1778309974968 1.7898832684824901 920
1778309992232 1.8287937743190663 940
1778310009281 1.867704280155642 960
1778310026374 1.9066147859922178 980
1778310043453 1.9455252918287937 1000
1778310068125 1.9455252918287937 1000
1778310085456 1.9844357976653697 1020
1778310102223 2.0233463035019454 1040
1778310119321 2.062256809338521 1060
1778310136237 2.1011673151750974 1080
1778310153492 2.140077821011673 1100
1778310170825 2.178988326848249 1120
1778310187805 2.217898832684825 1140
1778310205055 2.2568093385214008 1160
1778310221973 2.2957198443579765 1180
1778310238848 2.3346303501945527 1200
1778310255910 2.3735408560311284 1220
1778310272778 2.412451361867704 1240
1778310305766 2.4319066147859925 1250
1778310314717 2.4513618677042803 1260
1778310331687 2.490272373540856 1280
1778310348926 2.529182879377432 1300
1778310365982 2.5680933852140075 1320
1778310383046 2.6070038910505837 1340
1778310400457 2.6459143968871595 1360
1778310417251 2.6848249027237356 1380
1778310434336 2.7237354085603114 1400
1778310451627 2.762645914396887 1420
1778310468634 2.801556420233463 1440
1778310485517 2.840466926070039 1460
1778310502317 2.8793774319066148 1480
1778310519231 2.9182879377431905 1500
1778310543613 2.9182879377431905 1500
1778310560883 2.9571984435797667 1520
1778310578002 2.9961089494163424 1540
1778310594859 3.035019455252918 1560
1778310611775 3.0739299610894943 1580
1778310628890 3.11284046692607 1600
1778310645748 3.151750972762646 1620
1778310662695 3.190661478599222 1640
1778310679485 3.2295719844357977 1660
1778310696614 3.2684824902723735 1680
1778310713483 3.307392996108949 1700
1778310730446 3.3463035019455254 1720
1778310747441 3.385214007782101 1740
1778310781339 3.404669260700389 1750
1778310790484 3.424124513618677 1760
1778310807497 3.463035019455253 1780
1778310825018 3.501945525291829 1800
1778310842317 3.5408560311284045 1820
1778310859541 3.5797665369649807 1840
1778310876594 3.6186770428015564 1860
1778310893854 3.657587548638132 1880
1778310910842 3.6964980544747084 1900
1778310927984 3.735408560311284 1920
1778310945029 3.77431906614786 1940
1778310962491 3.8132295719844356 1960
1778310979720 3.8521400778210118 1980
1778310997210 3.8910505836575875 2000
1778311022402 3.8910505836575875 2000
1778311040176 3.9299610894941637 2020
1778311057652 3.9688715953307394 2040
1778311074781 4.007782101167315 2060
1778311092047 4.046692607003891 2080
1778311109849 4.085603112840467 2100
1778311127270 4.124513618677042 2120
1778311144776 4.163424124513619 2140
1778311162010 4.202334630350195 2160
1778311179445 4.2412451361867705 2180
1778311196626 4.280155642023346 2200
1778311214074 4.319066147859922 2220
1778311231482 4.357976653696498 2240
1778311264958 4.377431906614786 2250
1778311274031 4.396887159533074 2260
1778311291399 4.43579766536965 2280
1778311308569 4.474708171206226 2300
1778311325783 4.5136186770428015 2320
1778311343236 4.552529182879377 2340
1778311360401 4.591439688715953 2360
1778311377972 4.630350194552529 2380
1778311395218 4.669260700389105 2400
1778311412490 4.708171206225681 2420
1778311429533 4.747081712062257 2440
1778311446838 4.785992217898833 2460
1778311464036 4.824902723735408 2480
1778311481474 4.863813229571985 2500
1778311506477 4.863813229571985 2500
1778311524508 4.902723735408561 2520
1778311541771 4.941634241245136 2540
1778311559334 4.980544747081712 2560
1778311568628 5.0 2570
1778311593765 5.0 2570
1778311624808 5.0 2570
1778311625172 5.0 0
