1778309137876 1.2860666513442993 20
1778309154971 0.8737560510635376 40
1778309172048 1.4856969118118286 60
1778309189027 1.3183138370513916 80
1778309205923 1.5784120559692383 100
1778309222716 1.223252773284912 120
1778309239572 1.238655924797058 140
1778309256355 1.476226806640625 160
1778309273218 0.9116474986076355 180
1778309290015 0.7994930744171143 200
1778309306796 1.1438522338867188 220
1778309323665 1.2426800727844238 240
1778309365166 1.255458116531372 260
1778309382260 1.191341757774353 280
1778309399266 1.1784818172454834 300
1778309416151 1.8336741924285889 320
1778309432953 1.7414790391921997 340
1778309449826 1.5515328645706177 360
1778309466622 2.087752103805542 380
1778309483499 2.172400951385498 400
1778309500317 1.4623652696609497 420
1778309517155 2.202808141708374 440
1778309534087 2.684870958328247 460
1778309550910 1.9833260774612427 480
1778309567860 2.129363775253296 500
1778309609420 1.384129524230957 520
1778309626256 1.5466926097869873 540
1778309643257 2.261247158050537 560
1778309660148 1.96696138381958 580
1778309677200 2.905092716217041 600
1778309694174 1.710817813873291 620
1778309711175 1.9028613567352295 640
1778309728050 2.375602960586548 660
1778309744938 1.2803285121917725 680
1778309762038 2.8785440921783447 700
1778309779064 1.9696441888809204 720
1778309796082 1.4032942056655884 740
1778309837842 2.4136343002319336 760
1778309854783 1.5334492921829224 780
1778309872146 1.7377982139587402 800
1778309889299 3.4475598335266113 820
1778309906456 0.7882953882217407 840
1778309923720 1.708064079284668 860
1778309940784 2.47050404548645 880
1778309957865 2.244333505630493 900
1778309974968 1.356248378753662 920
1778309992232 2.0244295597076416 940
1778310009281 2.7573087215423584 960
1778310026374 1.9437259435653687 980
1778310043453 2.588599443435669 1000
1778310085456 1.725130319595337 1020
1778310102223 2.8340516090393066 1040
1778310119321 1.8005331754684448 1060
1778310136237 3.214059829711914 1080
1778310153492 1.7536700963974 1100
1778310170825 2.3003334999084473 1120
1778310187805 3.1108627319335938 1140
1778310205055 2.3580374717712402 1160
1778310221973 2.881287097930908 1180
1778310238848 3.618060827255249 1200
1778310255910 3.1546850204467773 1220
1778310272778 2.7744085788726807 1240
1778310314717 2.276357889175415 1260
1778310331687 1.249404788017273 1280
1778310348926 1.9024704694747925 1300
1778310365982 1.6953613758087158 1320
1778310383046 1.9865670204162598 1340
1778310400457 3.4912309646606445 1360
1778310417251 3.212268590927124 1380
1778310434336 1.4463815689086914 1400
1778310451627 2.014382839202881 1420
1778310468634 2.006429672241211 1440
1778310485517 1.5509498119354248 1460
1778310502317 1.7532490491867065 1480
1778310519231 1.7172435522079468 1500
1778310560883 1.9985252618789673 1520
1778310578002 2.5028860569000244 1540
1778310594859 1.057358980178833 1560
1778310611775 1.6073980331420898 1580
1778310628890 2.043381452560425 1600
1778310645748 2.1367580890655518 1620
1778310662695 1.9837967157363892 1640
1778310679485 2.1062285900115967 1660
1778310696614 1.7451236248016357 1680
1778310713483 3.783329486846924 1700
1778310730446 2.050593852996826 1720
1778310747441 2.2741506099700928 1740
1778310790484 3.791325807571411 1760
1778310807497 3.604342460632324 1780
1778310825018 2.257550001144409 1800
1778310842317 2.230647563934326 1820
1778310859541 1.4076144695281982 1840
1778310876594 1.6426090002059937 1860
1778310893854 1.3393152952194214 1880
1778310910842 3.051661729812622 1900
1778310927984 2.205942153930664 1920
1778310945029 2.454408884048462 1940
1778310962491 1.6272505521774292 1960
1778310979720 2.02717924118042 1980
1778310997210 3.100649356842041 2000
1778311040176 2.325138807296753 2020
1778311057652 2.1741721630096436 2040
1778311074781 3.1410036087036133 2060
1778311092047 2.842984914779663 2080
1778311109849 2.4407267570495605 2100
1778311127270 0.8957977890968323 2120
1778311144776 1.768927812576294 2140
1778311162010 3.679896593093872 2160
1778311179445 2.6297013759613037 2180
1778311196626 4.102186679840088 2200
1778311214074 1.5933864116668701 2220
1778311231482 3.040048599243164 2240
1778311274031 2.752159833908081 2260
1778311291399 2.373004674911499 2280
1778311308569 2.377633810043335 2300
1778311325783 1.3143903017044067 2320
1778311343236 2.8112964630126953 2340
1778311360401 3.067497730255127 2360
1778311377972 1.8922632932662964 2380
1778311395218 2.1887950897216797 2400
1778311412490 2.902031183242798 2420
1778311429533 2.381908893585205 2440
1778311446838 2.585132598876953 2460
1778311464036 2.504460096359253 2480
1778311481474 1.6002259254455566 2500
1778311524508 2.768360137939453 2520
1778311541771 3.262718915939331 2540
1778311559334 2.565106153488159 2560
