1778309137876 1.1400000000000001e-05 20
1778309154971 2.3400000000000003e-05 40
1778309172048 2.9892857142857143e-05 60
1778309189027 2.9654761904761908e-05 80
1778309205923 2.9416666666666666e-05 100
1778309222716 2.917857142857143e-05 120
1778309239572 2.894047619047619e-05 140
1778309256355 2.8702380952380956e-05 160
1778309273218 2.8464285714285714e-05 180
1778309290015 2.8226190476190478e-05 200
1778309306796 2.798809523809524e-05 220
1778309323665 2.7750000000000004e-05 240
1778309365166 2.751190476190476e-05 260
1778309382260 2.7273809523809523e-05 280
1778309399266 2.7035714285714287e-05 300
1778309416151 2.6797619047619048e-05 320
1778309432953 2.655952380952381e-05 340
1778309449826 2.632142857142857e-05 360
1778309466622 2.6083333333333335e-05 380
1778309483499 2.5845238095238096e-05 400
1778309500317 2.5607142857142857e-05 420
1778309517155 2.5369047619047618e-05 440
1778309534087 2.5130952380952383e-05 460
1778309550910 2.4892857142857144e-05 480
1778309567860 2.4654761904761905e-05 500
1778309609420 2.4416666666666666e-05 520
1778309626256 2.417857142857143e-05 540
1778309643257 2.3940476190476192e-05 560
1778309660148 2.3702380952380953e-05 580
1778309677200 2.3464285714285714e-05 600
1778309694174 2.322619047619048e-05 620
1778309711175 2.298809523809524e-05 640
1778309728050 2.275e-05 660
1778309744938 2.2511904761904762e-05 680
1778309762038 2.2273809523809526e-05 700
1778309779064 2.2035714285714287e-05 720
1778309796082 2.179761904761905e-05 740
1778309837842 2.155952380952381e-05 760
1778309854783 2.1321428571428574e-05 780
1778309872146 2.1083333333333332e-05 800
1778309889299 2.0845238095238096e-05 820
1778309906456 2.0607142857142858e-05 840
1778309923720 2.0369047619047622e-05 860
1778309940784 2.013095238095238e-05 880
1778309957865 1.9892857142857144e-05 900
1778309974968 1.9654761904761905e-05 920
1778309992232 1.9416666666666667e-05 940
1778310009281 1.9178571428571428e-05 960
1778310026374 1.894047619047619e-05 980
1778310043453 1.8702380952380953e-05 1000
1778310085456 1.8464285714285714e-05 1020
1778310102223 1.8226190476190476e-05 1040
1778310119321 1.7988095238095237e-05 1060
1778310136237 1.775e-05 1080
1778310153492 1.7511904761904762e-05 1100
1778310170825 1.7273809523809523e-05 1120
1778310187805 1.7035714285714285e-05 1140
1778310205055 1.679761904761905e-05 1160
1778310221973 1.655952380952381e-05 1180
1778310238848 1.632142857142857e-05 1200
1778310255910 1.6083333333333332e-05 1220
1778310272778 1.5845238095238097e-05 1240
1778310314717 1.5607142857142858e-05 1260
1778310331687 1.536904761904762e-05 1280
1778310348926 1.513095238095238e-05 1300
1778310365982 1.4892857142857143e-05 1320
1778310383046 1.4654761904761904e-05 1340
1778310400457 1.4416666666666667e-05 1360
1778310417251 1.4178571428571428e-05 1380
1778310434336 1.3940476190476191e-05 1400
1778310451627 1.3702380952380952e-05 1420
1778310468634 1.3464285714285715e-05 1440
1778310485517 1.3226190476190476e-05 1460
1778310502317 1.2988095238095239e-05 1480
1778310519231 1.275e-05 1500
1778310560883 1.2511904761904763e-05 1520
1778310578002 1.2273809523809524e-05 1540
1778310594859 1.2035714285714287e-05 1560
1778310611775 1.1797619047619048e-05 1580
1778310628890 1.155952380952381e-05 1600
1778310645748 1.1321428571428572e-05 1620
1778310662695 1.1083333333333335e-05 1640
1778310679485 1.0845238095238096e-05 1660
1778310696614 1.0607142857142858e-05 1680
1778310713483 1.036904761904762e-05 1700
1778310730446 1.0130952380952382e-05 1720
1778310747441 9.892857142857143e-06 1740
1778310790484 9.654761904761906e-06 1760
1778310807497 9.416666666666667e-06 1780
1778310825018 9.17857142857143e-06 1800
1778310842317 8.940476190476191e-06 1820
1778310859541 8.702380952380954e-06 1840
1778310876594 8.464285714285714e-06 1860
1778310893854 8.226190476190476e-06 1880
1778310910842 7.988095238095238e-06 1900
1778310927984 7.75e-06 1920
1778310945029 7.511904761904762e-06 1940
1778310962491 7.273809523809524e-06 1960
1778310979720 7.035714285714286e-06 1980
1778310997210 6.797619047619048e-06 2000
1778311040176 6.559523809523809e-06 2020
1778311057652 6.321428571428571e-06 2040
1778311074781 6.083333333333333e-06 2060
1778311092047 5.845238095238095e-06 2080
1778311109849 5.607142857142857e-06 2100
1778311127270 5.369047619047619e-06 2120
1778311144776 5.130952380952381e-06 2140
1778311162010 4.892857142857143e-06 2160
1778311179445 4.654761904761905e-06 2180
1778311196626 4.416666666666667e-06 2200
1778311214074 4.178571428571429e-06 2220
1778311231482 3.940476190476191e-06 2240
1778311274031 3.7023809523809525e-06 2260
1778311291399 3.4642857142857145e-06 2280
1778311308569 3.2261904761904764e-06 2300
1778311325783 2.988095238095238e-06 2320
1778311343236 2.75e-06 2340
1778311360401 2.511904761904762e-06 2360
1778311377972 2.273809523809524e-06 2380
1778311395218 2.0357142857142854e-06 2400
1778311412490 1.7976190476190478e-06 2420
1778311429533 1.5595238095238095e-06 2440
1778311446838 1.3214285714285715e-06 2460
1778311464036 1.0833333333333333e-06 2480
1778311481474 8.452380952380952e-07 2500
1778311524508 6.071428571428572e-07 2520
1778311541771 3.6904761904761906e-07 2540
1778311559334 1.3095238095238097e-07 2560
