1778757953539 0.1092896174863388 20
1778757954115 0.2185792349726776 40
1778757954692 0.32786885245901637 60
1778757955278 0.4371584699453552 80
1778757955853 0.546448087431694 100
1778757956442 0.6557377049180327 120
1778757957030 0.7650273224043715 140
1778757957617 0.8743169398907104 160
1778757958205 0.9836065573770492 180
1778757958790 1.092896174863388 200
1778757959377 1.2021857923497268 220
1778757959964 1.3114754098360657 240
1778757960554 1.366120218579235 250
1778757962174 1.4207650273224044 260
1778757962763 1.530054644808743 280
1778757963351 1.639344262295082 300
1778757963938 1.748633879781421 320
1778757964525 1.8579234972677594 340
1778757965111 1.9672131147540983 360
1778757965697 2.0765027322404372 380
1778757966285 2.185792349726776 400
1778757966871 2.2950819672131146 420
1778757967460 2.4043715846994536 440
1778757968048 2.5136612021857925 460
1778757968636 2.6229508196721314 480
1778757969225 2.73224043715847 500
1778757969524 2.73224043715847 500
1778757971432 2.841530054644809 520
1778757972020 2.9508196721311473 540
1778757972609 3.060109289617486 560
1778757973196 3.169398907103825 580
1778757973784 3.278688524590164 600
1778757974370 3.387978142076503 620
1778757974958 3.4972677595628414 640
1778757975545 3.6065573770491803 660
1778757976132 3.7158469945355193 680
1778757976720 3.8251366120218577 700
1778757977305 3.9344262295081966 720
1778757977881 4.043715846994536 740
1778757978465 4.098360655737705 750
1778757979904 4.1530054644808745 760
1778757980490 4.262295081967213 780
1778757981079 4.371584699453552 800
1778757981667 4.48087431693989 820
1778757982243 4.590163934426229 840
1778757982816 4.699453551912568 860
1778757983393 4.808743169398907 880
1778757983967 4.918032786885246 900
1778757984541 5.027322404371585 920
1778757985115 5.136612021857924 940
1778757985688 5.245901639344262 960
1778757986261 5.355191256830601 980
1778757986835 5.46448087431694 1000
1778757987129 5.46448087431694 1000
1778757989022 5.573770491803279 1020
1778757989596 5.683060109289618 1040
1778757990170 5.7923497267759565 1060
1778757990744 5.901639344262295 1080
1778757991318 6.0109289617486334 1100
1778757991891 6.120218579234972 1120
1778757992464 6.229508196721311 1140
1778757993053 6.33879781420765 1160
1778757993641 6.448087431693989 1180
1778757994229 6.557377049180328 1200
1778757994805 6.666666666666667 1220
1778757995378 6.775956284153006 1240
1778757995963 6.830601092896175 1250
1778757997582 6.885245901639344 1260
1778757998172 6.994535519125683 1280
1778757998764 7.103825136612022 1300
1778757999358 7.213114754098361 1320
1778757999946 7.3224043715847 1340
1778758000525 7.4316939890710385 1360
1778758001099 7.540983606557377 1380
1778758001673 7.6502732240437155 1400
1778758002262 7.759562841530054 1420
1778758002851 7.868852459016393 1440
1778758003440 7.978142076502732 1460
1778758004020 8.087431693989071 1480
1778758004593 8.19672131147541 1500
1778758004897 8.19672131147541 1500
1778758006786 8.306010928961749 1520
1778758007359 8.415300546448087 1540
1778758007933 8.524590163934427 1560
1778758008496 8.633879781420765 1580
1778758009082 8.743169398907105 1600
1778758009672 8.852459016393443 1620
1778758010257 8.96174863387978 1640
1778758010844 9.07103825136612 1660
1778758011433 9.180327868852459 1680
1778758012006 9.289617486338798 1700
1778758012579 9.398907103825136 1720
1778758013152 9.508196721311476 1740
1778758013753 9.562841530054644 1750
1778758015371 9.617486338797814 1760
1778758015948 9.726775956284152 1780
1778758016526 9.836065573770492 1800
1778758017114 9.94535519125683 1820
1778758018819 10.0 1830
1778758019311 10.0 1830
1778758019695 10.0 1830
1778758020687 10.0 0
