1778757953539 1.9824150800704956 20
1778757954115 1.936879277229309 40
1778757954692 1.2922569513320923 60
1778757955278 2.6601834297180176 80
1778757955853 4.185584545135498 100
1778757956442 8.215617179870605 120
1778757957030 4.095524787902832 140
1778757957617 5.6062445640563965 160
1778757958205 6.685099124908447 180
1778757958790 5.247319221496582 200
1778757959377 5.476897716522217 220
1778757959964 5.610438823699951 240
1778757962174 3.9340593814849854 260
1778757962763 8.431428909301758 280
1778757963351 6.637388229370117 300
1778757963938 6.780489921569824 320
1778757964525 5.3088202476501465 340
1778757965111 5.795679092407227 360
1778757965697 7.304431915283203 380
1778757966285 4.93610143661499 400
1778757966871 2.2740936279296875 420
1778757967460 8.421194076538086 440
1778757968048 3.7422215938568115 460
1778757968636 6.010911464691162 480
1778757969225 8.450636863708496 500
1778757971432 10.708085060119629 520
1778757972020 5.526245594024658 540
1778757972609 2.738912582397461 560
1778757973196 1.3364405632019043 580
1778757973784 11.867377281188965 600
1778757974370 13.29051685333252 620
1778757974958 11.487039566040039 640
1778757975545 13.209685325622559 660
1778757976132 10.587553024291992 680
1778757976720 5.195156097412109 700
1778757977305 5.597475528717041 720
1778757977881 13.689033508300781 740
1778757979904 0.39884474873542786 760
1778757980490 23.745563507080078 780
1778757981079 3.3220057487487793 800
1778757981667 12.782174110412598 820
1778757982243 0.4453388452529907 840
1778757982816 0.8054938316345215 860
1778757983393 0.2552797198295593 880
1778757983967 0.9909055829048157 900
1778757984541 28.081727981567383 920
1778757985115 1.1586053371429443 940
1778757985688 8.9030179977417 960
1778757986261 9.654020309448242 980
1778757986835 1.00611412525177 1000
1778757989022 0.15673577785491943 1020
1778757989596 30.834075927734375 1040
1778757990170 13.088264465332031 1060
1778757990744 6.96307897567749 1080
1778757991318 0.32378217577934265 1100
1778757991891 0.15770024061203003 1120
1778757992464 0.36607080698013306 1140
1778757993053 1.1549521684646606 1160
1778757993641 0.26042115688323975 1180
1778757994229 2.289564371109009 1200
1778757994805 0.2794453799724579 1220
1778757995378 0.09425157308578491 1240
1778757997582 0.8284006118774414 1260
1778757998172 52.39550018310547 1280
1778757998764 0.07759378105401993 1300
1778757999358 13.032221794128418 1320
1778757999946 5.824708938598633 1340
1778758000525 0.1655091643333435 1360
1778758001099 0.10922461003065109 1380
1778758001673 0.10133740305900574 1400
1778758002262 0.8391314744949341 1420
1778758002851 1.4470534324645996 1440
1778758003440 6.384768486022949 1460
1778758004020 2.28751802444458 1480
1778758004593 0.1474335491657257 1500
1778758006786 0.07950539141893387 1520
1778758007359 25.68435287475586 1540
1778758007933 0.05619596689939499 1560
1778758008496 0.23088423907756805 1580
1778758009082 0.17804469168186188 1600
1778758009672 0.07498539239168167 1620
1778758010257 0.125126451253891 1640
1778758010844 0.5551314353942871 1660
1778758011433 0.0869622454047203 1680
1778758012006 22.631122589111328 1700
1778758012579 0.17055842280387878 1720
1778758013152 0.0610945038497448 1740
1778758015371 0.7753956317901611 1760
1778758015948 0.05469914898276329 1780
1778758016526 0.06125553324818611 1800
1778758017114 41.59716796875 1820
