1778757953539 1.08e-05 20
1778757954115 2.22e-05 40
1778757954692 2.989887640449438e-05 60
1778757955278 2.9561797752808993e-05 80
1778757955853 2.9241573033707867e-05 100
1778757956442 2.8904494382022472e-05 120
1778757957030 2.856741573033708e-05 140
1778757957617 2.8230337078651686e-05 160
1778757958205 2.7893258426966294e-05 180
1778757958790 2.75561797752809e-05 200
1778757959377 2.7219101123595508e-05 220
1778757959964 2.6882022471910113e-05 240
1778757962174 2.654494382022472e-05 260
1778757962763 2.6207865168539327e-05 280
1778757963351 2.5870786516853936e-05 300
1778757963938 2.553370786516854e-05 320
1778757964525 2.5196629213483146e-05 340
1778757965111 2.485955056179775e-05 360
1778757965697 2.4522471910112363e-05 380
1778757966285 2.418539325842697e-05 400
1778757966871 2.3848314606741574e-05 420
1778757967460 2.351123595505618e-05 440
1778757968048 2.3174157303370788e-05 460
1778757968636 2.2837078651685396e-05 480
1778757969225 2.25e-05 500
1778757971432 2.2162921348314607e-05 520
1778757972020 2.1825842696629212e-05 540
1778757972609 2.148876404494382e-05 560
1778757973196 2.115168539325843e-05 580
1778757973784 2.0814606741573034e-05 600
1778757974370 2.047752808988764e-05 620
1778757974958 2.0140449438202248e-05 640
1778757975545 1.9803370786516853e-05 660
1778757976132 1.9466292134831462e-05 680
1778757976720 1.9129213483146067e-05 700
1778757977305 1.8792134831460676e-05 720
1778757977881 1.845505617977528e-05 740
1778757979904 1.8117977528089886e-05 760
1778757980490 1.7780898876404495e-05 780
1778757981079 1.7443820224719103e-05 800
1778757981667 1.710674157303371e-05 820
1778757982243 1.6769662921348314e-05 840
1778757982816 1.643258426966292e-05 860
1778757983393 1.609550561797753e-05 880
1778757983967 1.5758426966292136e-05 900
1778757984541 1.542134831460674e-05 920
1778757985115 1.5084269662921347e-05 940
1778757985688 1.4747191011235955e-05 960
1778757986261 1.4410112359550562e-05 980
1778757986835 1.4073033707865169e-05 1000
1778757989022 1.3735955056179776e-05 1020
1778757989596 1.3398876404494381e-05 1040
1778757990170 1.306179775280899e-05 1060
1778757990744 1.2724719101123595e-05 1080
1778757991318 1.2387640449438203e-05 1100
1778757991891 1.2050561797752809e-05 1120
1778757992464 1.1713483146067416e-05 1140
1778757993053 1.1376404494382022e-05 1160
1778757993641 1.103932584269663e-05 1180
1778757994229 1.0702247191011236e-05 1200
1778757994805 1.0365168539325843e-05 1220
1778757995378 1.0028089887640448e-05 1240
1778757997582 9.691011235955057e-06 1260
1778757998172 9.353932584269662e-06 1280
1778757998764 9.01685393258427e-06 1300
1778757999358 8.679775280898876e-06 1320
1778757999946 8.342696629213483e-06 1340
1778758000525 8.00561797752809e-06 1360
1778758001099 7.668539325842697e-06 1380
1778758001673 7.331460674157303e-06 1400
1778758002262 6.99438202247191e-06 1420
1778758002851 6.657303370786517e-06 1440
1778758003440 6.3202247191011235e-06 1460
1778758004020 5.98314606741573e-06 1480
1778758004593 5.6460674157303365e-06 1500
1778758006786 5.308988764044943e-06 1520
1778758007359 4.97191011235955e-06 1540
1778758007933 4.634831460674157e-06 1560
1778758008496 4.314606741573034e-06 1580
1778758009082 3.977528089887641e-06 1600
1778758009672 3.6404494382022472e-06 1620
1778758010257 3.303370786516854e-06 1640
1778758010844 2.9662921348314606e-06 1660
1778758011433 2.6292134831460675e-06 1680
1778758012006 2.2921348314606744e-06 1700
1778758012579 1.955056179775281e-06 1720
1778758013152 1.6179775280898878e-06 1740
1778758015371 1.2808988764044945e-06 1760
1778758015948 9.438202247191012e-07 1780
1778758016526 6.067415730337079e-07 1800
1778758017114 2.696629213483146e-07 1820
