1778757953539 0.6949 20
1778757954115 0.6944 40
1778757954692 0.6931 60
1778757955278 0.6861 80
1778757955853 0.6469 100
1778757956442 0.5952 120
1778757957030 0.5948 140
1778757957617 0.5471 160
1778757958205 0.5447 180
1778757958790 0.4797 200
1778757959377 0.4508 220
1778757959964 0.4126 240
1778757962174 0.4107 260
1778757962763 0.4187 280
1778757963351 0.427 300
1778757963938 0.443 320
1778757964525 0.3682 340
1778757965111 0.3939 360
1778757965697 0.3359 380
1778757966285 0.2556 400
1778757966871 0.2807 420
1778757967460 0.276 440
1778757968048 0.2724 460
1778757968636 0.2747 480
1778757969225 0.2547 500
1778757971432 0.2459 520
1778757972020 0.3579 540
1778757972609 0.2075 560
1778757973196 0.1504 580
1778757973784 0.1905 600
1778757974370 0.1783 620
1778757974958 0.2336 640
1778757975545 0.2062 660
1778757976132 0.2233 680
1778757976720 0.1843 700
1778757977305 0.1456 720
1778757977881 0.1457 740
1778757979904 0.1062 760
1778757980490 0.141 780
1778757981079 0.123 800
1778757981667 0.1272 820
1778757982243 0.1504 840
1778757982816 0.1335 860
1778757983393 0.1207 880
1778757983967 0.1275 900
1778757984541 0.1029 920
1778757985115 0.1158 940
1778757985688 0.0545 960
1778757986261 0.1047 980
1778757986835 0.1136 1000
1778757989022 0.0949 1020
1778757989596 0.091 1040
1778757990170 0.1164 1060
1778757990744 0.0965 1080
1778757991318 0.0822 1100
1778757991891 0.0631 1120
1778757992464 0.065 1140
1778757993053 0.1081 1160
1778757993641 0.077 1180
1778757994229 0.1057 1200
1778757994805 0.0817 1220
1778757995378 0.0948 1240
1778757997582 0.0716 1260
1778757998172 0.0894 1280
1778757998764 0.0614 1300
1778757999358 0.064 1320
1778757999946 0.0449 1340
1778758000525 0.0564 1360
1778758001099 0.0529 1380
1778758001673 0.0589 1400
1778758002262 0.1026 1420
1778758002851 0.0974 1440
1778758003440 0.0235 1460
1778758004020 0.0629 1480
1778758004593 0.0477 1500
1778758006786 0.041 1520
1778758007359 0.0359 1540
1778758007933 0.0362 1560
1778758008496 0.0437 1580
1778758009082 0.047 1600
1778758009672 0.0395 1620
1778758010257 0.0469 1640
1778758010844 0.0355 1660
1778758011433 0.0259 1680
1778758012006 0.0554 1700
1778758012579 0.0444 1720
1778758013152 0.0503 1740
1778758015371 0.0305 1760
1778758015948 0.0412 1780
1778758016526 0.0314 1800
1778758017114 0.0421 1820
