1779086151450 1.5771249532699585 20
1779086156403 1.8349575996398926 40
1779086161337 0.9696098566055298 60
1779086166131 4.022017002105713 80
1779086170088 1.3372300863265991 100
1779086175111 2.9515299797058105 120
1779086180114 2.8962042331695557 140
1779086185106 1.4017791748046875 160
1779086190099 1.1851165294647217 180
1779086195058 1.5262088775634766 200
1779086200074 3.2862210273742676 220
1779086205085 0.6525153517723083 240
1779086212420 3.013249635696411 260
1779086217411 0.7125536203384399 280
1779086222391 1.2056883573532104 300
1779086227399 0.8112547397613525 320
1779086232448 2.5339012145996094 340
1779086237427 2.495849609375 360
1779086242378 0.8247849941253662 380
1779086247321 0.8211568593978882 400
1779086252309 0.7405491471290588 420
1779086257310 0.7998321056365967 440
1779086262222 13.57572078704834 460
1779086267227 0.8621206283569336 480
1779086272220 3.024874687194824 500
1779086279863 1.3559893369674683 520
1779086284859 1.5854071378707886 540
1779086289892 0.8661360144615173 560
1779086294934 0.7130740284919739 580
1779086299947 1.7829517126083374 600
1779086304942 0.8923559784889221 620
1779086309989 0.8169847726821899 640
1779086314908 0.5686876773834229 660
1779086319857 2.1045193672180176 680
1779086324852 0.6046919226646423 700
1779086329812 1.0656763315200806 720
1779086334772 0.9924389123916626 740
1779086342219 1.6738563776016235 760
1779086347267 0.7154192924499512 780
1779086352289 0.6723233461380005 800
1779086357249 1.4195904731750488 820
1779086362152 4.493415832519531 840
1779086367163 0.8270623683929443 860
1779086372164 0.7132944464683533 880
1779086377175 0.9364367723464966 900
1779086382101 3.821471929550171 920
