1779086151450 1.1400000000000001e-05 20
1779086156403 2.3400000000000003e-05 40
1779086161337 2.9689655172413792e-05 60
1779086166131 2.9e-05 80
1779086170088 2.831034482758621e-05 100
1779086175111 2.7620689655172413e-05 120
1779086180114 2.6931034482758622e-05 140
1779086185106 2.6241379310344827e-05 160
1779086190099 2.5551724137931035e-05 180
1779086195058 2.486206896551724e-05 200
1779086200074 2.417241379310345e-05 220
1779086205085 2.3482758620689657e-05 240
1779086212420 2.2793103448275865e-05 260
1779086217411 2.2103448275862067e-05 280
1779086222391 2.1413793103448275e-05 300
1779086227399 2.0724137931034484e-05 320
1779086232448 2.0034482758620692e-05 340
1779086237427 1.9344827586206897e-05 360
1779086242378 1.8655172413793102e-05 380
1779086247321 1.796551724137931e-05 400
1779086252309 1.727586206896552e-05 420
1779086257310 1.6586206896551724e-05 440
1779086262222 1.5896551724137932e-05 460
1779086267227 1.5206896551724139e-05 480
1779086272220 1.4517241379310345e-05 500
1779086279863 1.3827586206896552e-05 520
1779086284859 1.3137931034482759e-05 540
1779086289892 1.2448275862068967e-05 560
1779086294934 1.1758620689655172e-05 580
1779086299947 1.106896551724138e-05 600
1779086304942 1.0379310344827587e-05 620
1779086309989 9.689655172413794e-06 640
1779086314908 9e-06 660
1779086319857 8.310344827586207e-06 680
1779086324852 7.6206896551724136e-06 700
1779086329812 6.93103448275862e-06 720
1779086334772 6.241379310344828e-06 740
1779086342219 5.551724137931034e-06 760
1779086347267 4.862068965517241e-06 780
1779086352289 4.172413793103448e-06 800
1779086357249 3.4827586206896552e-06 820
1779086362152 2.7931034482758623e-06 840
1779086367163 2.103448275862069e-06 860
1779086372164 1.4137931034482759e-06 880
1779086377175 7.241379310344827e-07 900
1779086382101 3.448275862068966e-08 920
