1779086151450 0.6987 20
1779086156403 0.7004 40
1779086161337 0.6989 60
1779086166131 0.6982 80
1779086170088 0.7014 100
1779086175111 0.6944 120
1779086180114 0.698 140
1779086185106 0.6953 160
1779086190099 0.6972 180
1779086195058 0.6959 200
1779086200074 0.6941 220
1779086205085 0.6978 240
1779086212420 0.6939 260
1779086217411 0.7009 280
1779086222391 0.6972 300
1779086227399 0.6958 320
1779086232448 0.7009 340
1779086237427 0.6971 360
1779086242378 0.6962 380
1779086247321 0.6975 400
1779086252309 0.6987 420
1779086257310 0.6993 440
1779086262222 0.6987 460
1779086267227 0.696 480
1779086272220 0.697 500
1779086279863 0.6987 520
1779086284859 0.6971 540
1779086289892 0.6957 560
1779086294934 0.6966 580
1779086299947 0.6986 600
1779086304942 0.6977 620
1779086309989 0.6962 640
1779086314908 0.7014 660
1779086319857 0.6981 680
1779086324852 0.702 700
1779086329812 0.6972 720
1779086334772 0.695 740
1779086342219 0.6983 760
1779086347267 0.6947 780
1779086352289 0.6993 800
1779086357249 0.6991 820
1779086362152 0.6955 840
1779086367163 0.6963 860
1779086372164 0.6971 880
1779086377175 0.696 900
1779086382101 0.6933 920
