1778305869251 1.0819 20
1778305874221 0.9938 40
1778305879191 0.9982 60
1778305884170 0.9707 80
1778305889153 0.8792 100
1778305894134 0.8465 120
1778305899129 0.8435 140
1778305904095 0.7834 160
1778305909045 0.7286 180
1778305913993 0.6921 200
1778305918957 0.6464 220
1778305923914 0.5898 240
1778305937225 0.5028 260
1778305942172 0.508 280
1778305947244 0.4232 300
1778305952237 0.4329 320
1778305957201 0.4227 340
1778305962210 0.4312 360
1778305967191 0.4034 380
1778305972158 0.4128 400
1778305977131 0.3757 420
1778305982129 0.3806 440
1778305987077 0.3947 460
1778305992441 0.3515 480
1778305997401 0.3528 500
1778306011145 0.3272 520
1778306016110 0.3324 540
1778306021110 0.3137 560
1778306026108 0.3235 580
1778306031095 0.3154 600
1778306036097 0.3079 620
1778306041053 0.2938 640
1778306046009 0.2704 660
1778306051006 0.2784 680
1778306056021 0.2822 700
1778306061062 0.2775 720
1778306066073 0.325 740
1778306079560 0.305 760
1778306084515 0.2717 780
1778306089484 0.2824 800
1778306094452 0.2741 820
1778306099629 0.2619 840
1778306104552 0.2888 860
1778306109484 0.2991 880
1778306114497 0.2602 900
1778306119491 0.3003 920
1778306124478 0.2399 940
1778306129460 0.2979 960
1778306134439 0.2663 980
1778306139406 0.2175 1000
1778306152743 0.2685 1020
1778306157679 0.2057 1040
1778306162583 0.2098 1060
1778306167519 0.1891 1080
1778306172438 0.215 1100
1778306177402 0.1585 1120
1778306182396 0.1858 1140
1778306187366 0.2368 1160
1778306192349 0.1971 1180
1778306197210 0.2524 1200
1778306202079 0.1727 1220
1778306207256 0.1806 1240
1778306220259 0.2225 1260
1778306225158 0.2026 1280
1778306230049 0.218 1300
1778306234944 0.1545 1320
1778306239820 0.1825 1340
1778306244700 0.2432 1360
1778306249569 0.2402 1380
1778306254444 0.2254 1400
1778306259318 0.2319 1420
1778306264179 0.2099 1440
1778306269050 0.2173 1460
1778306273924 0.1812 1480
1778306278778 0.2202 1500
1778306291807 0.1944 1520
1778306296683 0.1771 1540
1778306301512 0.1476 1560
1778306306610 0.1508 1580
1778306311474 0.1643 1600
1778306316344 0.1528 1620
1778306321213 0.1234 1640
1778306326080 0.157 1660
1778306330971 0.1635 1680
1778306335839 0.1712 1700
1778306340708 0.1587 1720
1778306345598 0.1537 1740
1778306358335 0.1354 1760
1778306363205 0.1687 1780
1778306368092 0.1476 1800
1778306372973 0.1458 1820
1778306377842 0.1329 1840
1778306382723 0.1499 1860
1778306387621 0.1786 1880
1778306392460 0.1702 1900
1778306397353 0.1626 1920
1778306402226 0.1458 1940
1778306407125 0.1374 1960
1778306412012 0.1344 1980
1778306416881 0.1386 2000
1778306429963 0.1496 2020
1778306434857 0.1254 2040
1778306439710 0.1277 2060
1778306444581 0.1399 2080
1778306449453 0.104 2100
1778306454333 0.0928 2120
1778306459211 0.1093 2140
1778306464077 0.1311 2160
1778306468963 0.1464 2180
1778306473845 0.1348 2200
1778306478723 0.0935 2220
1778306483587 0.1247 2240
1778306496608 0.0981 2260
1778306501480 0.1137 2280
1778306506366 0.1353 2300
1778306511233 0.1063 2320
1778306516103 0.1063 2340
1778306520961 0.1054 2360
1778306525854 0.0984 2380
1778306530741 0.1209 2400
1778306535622 0.0974 2420
1778306540488 0.1166 2440
1778306545375 0.0865 2460
1778306550263 0.1041 2480
1778306555166 0.0931 2500
1778306568147 0.1061 2520
1778306573010 0.102 2540
1778306577899 0.0872 2560
