1778759904365 1.1573 20
1778759905011 1.0426 40
1778759905659 0.9907 60
1778759906307 1.0018 80
1778759906954 0.9689 100
1778759907602 0.9977 120
1778759908250 0.9901 140
1778759908897 0.9997 160
1778759909544 0.9578 180
1778759910192 0.9947 200
1778759910839 0.9717 220
1778759911488 1.0009 240
1778759917794 0.969 260
1778759918442 0.9925 280
1778759919090 0.9399 300
1778759919739 0.948 320
1778759920390 0.9558 340
1778759921039 0.9684 360
1778759921687 0.9894 380
1778759922336 0.9523 400
1778759922985 0.9752 420
1778759923634 1.0216 440
1778759924284 0.9818 460
1778759924934 0.9742 480
1778759925585 0.9843 500
1778759932103 0.9897 520
1778759932751 0.9386 540
1778759933399 0.9437 560
1778759934046 0.9673 580
1778759934695 0.9867 600
1778759935343 0.9773 620
1778759935993 0.9324 640
1778759936642 0.9672 660
1778759937292 0.9781 680
1778759937941 0.9698 700
1778759938591 0.9849 720
1778759939240 0.9288 740
1778759945568 0.9838 760
1778759946218 0.962 780
1778759946868 0.9266 800
1778759947518 0.9822 820
1778759948168 0.9462 840
1778759948817 0.9827 860
1778759949467 0.9858 880
1778759950118 0.9616 900
1778759950767 0.9736 920
1778759951417 0.9685 940
1778759952067 0.9394 960
1778759952717 0.9853 980
1778759953367 0.9664 1000
1778759960195 0.9756 1020
1778759960834 0.9765 1040
1778759961483 0.9643 1060
1778759962132 0.9308 1080
1778759962782 0.9277 1100
1778759963431 0.9537 1120
1778759964080 0.9411 1140
1778759964729 0.9454 1160
1778759965378 0.9478 1180
1778759966027 0.9417 1200
1778759966677 0.9698 1220
1778759967326 0.9726 1240
1778759973911 0.9522 1260
1778759974561 0.9531 1280
1778759975211 0.9597 1300
1778759975861 0.9151 1320
1778759976511 0.9925 1340
1778759977161 0.9465 1360
1778759977812 0.9405 1380
1778759978462 0.9335 1400
1778759979113 0.9552 1420
1778759979764 0.9249 1440
1778759980415 0.9486 1460
1778759981066 0.9643 1480
1778759981716 0.9511 1500
1778759988044 0.9503 1520
1778759988695 0.9482 1540
1778759989345 0.9609 1560
1778759989995 0.9464 1580
1778759990644 0.9468 1600
1778759991295 0.959 1620
1778759991946 0.9597 1640
1778759992597 0.9931 1660
1778759993247 0.9772 1680
1778759993901 0.9634 1700
1778759994552 0.9329 1720
1778759995203 0.9734 1740
1778760001739 0.982 1760
1778760002389 0.9681 1780
1778760003039 0.9253 1800
1778760003689 0.9351 1820
1778760004339 0.9564 1840
1778760004989 0.9259 1860
1778760005640 0.9878 1880
1778760006290 0.9468 1900
1778760006940 0.9162 1920
1778760007590 0.9695 1940
1778760008240 0.9698 1960
1778760008890 0.9479 1980
1778760009541 0.9192 2000
1778760016133 0.9133 2020
1778760016783 0.9771 2040
1778760017423 0.9424 2060
1778760018074 0.9379 2080
1778760018724 0.9417 2100
1778760019375 0.9618 2120
1778760020026 0.9201 2140
1778760020676 0.9486 2160
1778760021327 0.9612 2180
1778760021977 0.9093 2200
1778760022627 0.9754 2220
1778760023278 0.9538 2240
1778760029862 0.9166 2260
1778760030513 0.9453 2280
1778760031163 0.9236 2300
1778760031814 0.9692 2320
1778760032465 0.9818 2340
1778760033116 0.9529 2360
1778760033766 0.9531 2380
1778760034416 0.9739 2400
1778760035067 0.9311 2420
1778760035717 0.9412 2440
1778760036368 0.9392 2460
1778760037019 0.939 2480
1778760037669 0.9466 2500
1778760044198 0.9194 2520
1778760044849 0.935 2540
1778760045499 0.9537 2560
1778760046149 0.9301 2580
1778760046799 0.9533 2600
1778760047449 0.939 2620
1778760048099 0.9415 2640
1778760048749 0.9484 2660
1778760049399 0.9702 2680
1778760050049 0.9155 2700
1778760050699 0.9407 2720
1778760051349 0.927 2740
1778760057935 0.8985 2760
1778760058586 0.914 2780
1778760059237 0.9605 2800
1778760059887 0.9666 2820
1778760060538 0.9392 2840
1778760061189 0.9254 2860
1778760061840 0.9423 2880
1778760062490 0.9299 2900
1778760063141 0.9636 2920
1778760063793 0.9382 2940
1778760064443 0.9617 2960
1778760065094 0.9428 2980
1778760065745 0.9324 3000
1778760072339 0.9662 3020
1778760072990 0.943 3040
1778760073641 0.9442 3060
1778760074292 0.9392 3080
1778760074929 0.9641 3100
1778760075579 0.9501 3120
1778760076229 0.9428 3140
1778760076879 0.9409 3160
1778760077528 0.9761 3180
1778760078179 0.9332 3200
1778760078830 0.948 3220
1778760079480 0.9604 3240
1778760086015 0.9332 3260
1778760086665 0.9381 3280
1778760087316 0.9459 3300
1778760087966 0.9413 3320
1778760088617 0.9147 3340
1778760089267 0.9295 3360
1778760089917 0.9387 3380
1778760090568 0.9418 3400
1778760091219 0.9323 3420
1778760091869 0.9718 3440
1778760092519 0.9445 3460
1778760093170 0.9312 3480
1778760093820 0.9235 3500
1778760100417 0.9316 3520
1778760101067 0.9436 3540
1778760101716 0.9325 3560
1778760102366 0.9571 3580
1778760103016 0.9372 3600
1778760103666 0.9369 3620
1778760104316 0.9409 3640
1778760104965 0.949 3660
1778760105614 0.9343 3680
1778760106264 0.9446 3700
1778760106914 0.9415 3720
1778760107564 0.9565 3740
1778760114142 0.9288 3760
1778760114792 0.9641 3780
1778760115443 0.9063 3800
1778760116093 0.9127 3820
1778760116743 0.9165 3840
1778760117394 0.9173 3860
1778760118044 0.91 3880
1778760118695 0.9213 3900
1778760119346 0.9555 3920
1778760119997 0.9051 3940
1778760120648 0.9521 3960
1778760121298 0.9248 3980
1778760121949 0.944 4000
1778760128522 0.9228 4020
1778760129172 0.9395 4040
1778760129822 0.9196 4060
1778760130472 0.9405 4080
1778760131123 0.9518 4100
1778760131762 0.9068 4120
1778760132413 0.9459 4140
1778760133064 0.9306 4160
1778760133714 0.9267 4180
1778760134365 0.9539 4200
1778760135017 0.9257 4220
1778760135668 0.9289 4240
1778760142256 0.9605 4260
1778760142907 0.9363 4280
1778760143557 0.9236 4300
1778760144208 0.8983 4320
1778760144858 0.9068 4340
1778760145508 0.9448 4360
1778760146159 0.9679 4380
1778760146809 0.9062 4400
1778760147460 0.933 4420
1778760148111 0.9468 4440
1778760148762 0.9224 4460
1778760149412 0.9348 4480
1778760150063 0.9321 4500
1778760156656 0.9234 4520
1778760157306 0.9325 4540
1778760157957 0.9265 4560
1778760158608 0.9482 4580
1778760159259 0.9052 4600
1778760159910 0.9263 4620
1778760160561 0.908 4640
1778760161212 0.9293 4660
1778760161865 0.8998 4680
1778760162517 0.9282 4700
1778760163168 0.957 4720
1778760163818 0.9317 4740
1778760170368 0.9288 4760
1778760171018 0.9337 4780
1778760171668 0.9258 4800
1778760172318 0.9705 4820
1778760172968 0.9231 4840
1778760173618 0.9725 4860
1778760174268 0.9046 4880
1778760174918 0.9309 4900
1778760175567 0.9368 4920
1778760176217 0.9505 4940
1778760176868 0.9394 4960
1778760177520 0.9417 4980
1778760178171 0.9425 5000
1778760184771 0.9283 5020
1778760185423 0.9412 5040
1778760186074 0.9459 5060
1778760186725 0.9518 5080
1778760187376 0.9764 5100
1778760188026 0.9411 5120
