1778909306777 0.015015015015015015 20
1778909310698 0.03003003003003003 40
1778909314625 0.04504504504504504 60
1778909318553 0.06006006006006006 80
1778909322480 0.07507507507507508 100
1778909326407 0.09009009009009009 120
1778909330335 0.10510510510510511 140
1778909334261 0.12012012012012012 160
1778909338188 0.13513513513513514 180
1778909342116 0.15015015015015015 200
1778909346043 0.16516516516516516 220
1778909349970 0.18018018018018017 240
1778909360835 0.18768768768768768 250
1778909366809 0.19519519519519518 260
1778909370736 0.21021021021021022 280
1778909374669 0.22522522522522523 300
1778909378596 0.24024024024024024 320
1778909382522 0.2552552552552553 340
1778909386449 0.2702702702702703 360
1778909390375 0.2852852852852853 380
1778909394301 0.3003003003003003 400
1778909398227 0.3153153153153153 420
1778909402154 0.3303303303303303 440
1778909406081 0.34534534534534533 460
1778909410008 0.36036036036036034 480
1778909413934 0.37537537537537535 500
1778909422837 0.37537537537537535 500
1778909430226 0.39039039039039036 520
1778909434152 0.40540540540540543 540
1778909438077 0.42042042042042044 560
1778909442003 0.43543543543543545 580
1778909445928 0.45045045045045046 600
1778909449853 0.46546546546546547 620
1778909453779 0.4804804804804805 640
1778909457711 0.4954954954954955 660
1778909461636 0.5105105105105106 680
1778909465561 0.5255255255255256 700
1778909469486 0.5405405405405406 720
1778909473411 0.5555555555555556 740
1778909484270 0.5630630630630631 750
1778909490183 0.5705705705705706 760
1778909494101 0.5855855855855856 780
1778909498019 0.6006006006006006 800
1778909501938 0.6156156156156156 820
1778909505858 0.6306306306306306 840
1778909509783 0.6456456456456456 860
1778909513702 0.6606606606606606 880
1778909517621 0.6756756756756757 900
1778909521559 0.6906906906906907 920
1778909525478 0.7057057057057057 940
1778909529396 0.7207207207207207 960
1778909533314 0.7357357357357357 980
1778909537233 0.7507507507507507 1000
1778909546133 0.7507507507507507 1000
1778909554009 0.7657657657657657 1020
1778909557932 0.7807807807807807 1040
1778909561850 0.7957957957957958 1060
1778909565768 0.8108108108108109 1080
1778909569687 0.8258258258258259 1100
1778909573606 0.8408408408408409 1120
1778909577523 0.8558558558558559 1140
1778909581441 0.8708708708708709 1160
1778909585359 0.8858858858858859 1180
1778909589278 0.9009009009009009 1200
1778909593204 0.9159159159159159 1220
1778909597128 0.9309309309309309 1240
1778909607987 0.9384384384384384 1250
1778909613906 0.9459459459459459 1260
1778909617825 0.960960960960961 1280
1778909621749 0.975975975975976 1300
1778909625667 0.990990990990991 1320
1778909629567 1.006006006006006 1340
1778909633483 1.021021021021021 1360
1778909637401 1.0360360360360361 1380
1778909641318 1.0510510510510511 1400
1778909645235 1.0660660660660661 1420
1778909649152 1.0810810810810811 1440
1778909653069 1.0960960960960962 1460
1778909656986 1.1111111111111112 1480
1778909660903 1.1261261261261262 1500
1778909669790 1.1261261261261262 1500
1778909677665 1.1411411411411412 1520
1778909681586 1.1561561561561562 1540
1778909685504 1.1711711711711712 1560
1778909689420 1.1861861861861862 1580
1778909693336 1.2012012012012012 1600
1778909697252 1.2162162162162162 1620
1778909701169 1.2312312312312312 1640
1778909705085 1.2462462462462462 1660
1778909709001 1.2612612612612613 1680
1778909712917 1.2762762762762763 1700
1778909716833 1.2912912912912913 1720
1778909720749 1.3063063063063063 1740
1778909731592 1.3138138138138138 1750
1778909737512 1.3213213213213213 1760
1778909741429 1.3363363363363363 1780
1778909745352 1.3513513513513513 1800
1778909749269 1.3663663663663663 1820
1778909753185 1.3813813813813813 1840
1778909757102 1.3963963963963963 1860
1778909761018 1.4114114114114114 1880
1778909764935 1.4264264264264264 1900
1778909768852 1.4414414414414414 1920
1778909772770 1.4564564564564564 1940
1778909776689 1.4714714714714714 1960
1778909780606 1.4864864864864864 1980
1778909784523 1.5015015015015014 2000
1778909793412 1.5015015015015014 2000
1778909801308 1.5165165165165164 2020
1778909805231 1.5315315315315314 2040
1778909809149 1.5465465465465464 2060
1778909813066 1.5615615615615615 2080
1778909816983 1.5765765765765765 2100
1778909820901 1.5915915915915915 2120
1778909824819 1.6066066066066065 2140
1778909828737 1.6216216216216215 2160
1778909832655 1.6366366366366365 2180
1778909836708 1.6516516516516515 2200
1778909840627 1.6666666666666665 2220
1778909844546 1.6816816816816815 2240
1778909855389 1.689189189189189 2250
1778909861328 1.6966966966966965 2260
1778909865252 1.7117117117117115 2280
1778909869170 1.7267267267267268 2300
1778909873089 1.7417417417417418 2320
1778909877007 1.7567567567567568 2340
1778909880925 1.7717717717717718 2360
1778909884844 1.7867867867867868 2380
1778909888762 1.8018018018018018 2400
1778909892681 1.8168168168168168 2420
1778909896599 1.8318318318318318 2440
1778909900517 1.8468468468468469 2460
1778909904435 1.8618618618618619 2480
1778909908353 1.8768768768768769 2500
1778909917238 1.8768768768768769 2500
1778909925130 1.8918918918918919 2520
1778909929053 1.906906906906907 2540
1778909932971 1.921921921921922 2560
1778909936889 1.936936936936937 2580
1778909940807 1.951951951951952 2600
1778909944725 1.966966966966967 2620
1778909948643 1.981981981981982 2640
1778909952561 1.996996996996997 2660
1778909956462 2.012012012012012 2680
1778909960379 2.027027027027027 2700
1778909964296 2.042042042042042 2720
1778909968214 2.057057057057057 2740
1778909979059 2.0645645645645647 2750
1778909984981 2.0720720720720722 2760
1778909988900 2.0870870870870872 2780
1778909992823 2.1021021021021022 2800
1778909996740 2.1171171171171173 2820
1778910000658 2.1321321321321323 2840
1778910004576 2.1471471471471473 2860
1778910008494 2.1621621621621623 2880
1778910012412 2.1771771771771773 2900
1778910016329 2.1921921921921923 2920
1778910020247 2.2072072072072073 2940
1778910024165 2.2222222222222223 2960
1778910028082 2.2372372372372373 2980
1778910032000 2.2522522522522523 3000
1778910040889 2.2522522522522523 3000
1778910048786 2.2672672672672673 3020
1778910052708 2.2822822822822824 3040
1778910056628 2.2972972972972974 3060
1778910060545 2.3123123123123124 3080
1778910064463 2.3273273273273274 3100
1778910068381 2.3423423423423424 3120
1778910072298 2.3573573573573574 3140
1778910076216 2.3723723723723724 3160
1778910080134 2.3873873873873874 3180
1778910084052 2.4024024024024024 3200
1778910087969 2.4174174174174174 3220
1778910091887 2.4324324324324325 3240
1778910102732 2.43993993993994 3250
1778910108646 2.4474474474474475 3260
1778910112563 2.4624624624624625 3280
1778910116486 2.4774774774774775 3300
1778910120404 2.4924924924924925 3320
1778910124321 2.5075075075075075 3340
1778910128239 2.5225225225225225 3360
1778910132156 2.5375375375375375 3380
1778910136074 2.5525525525525525 3400
1778910139991 2.5675675675675675 3420
1778910143908 2.5825825825825826 3440
1778910147826 2.5975975975975976 3460
1778910151743 2.6126126126126126 3480
1778910155660 2.6276276276276276 3500
1778910164550 2.6276276276276276 3500
1778910172443 2.6426426426426426 3520
1778910176366 2.6576576576576576 3540
1778910180285 2.6726726726726726 3560
1778910184203 2.6876876876876876 3580
1778910188121 2.7027027027027026 3600
1778910192040 2.7177177177177176 3620
1778910195957 2.7327327327327327 3640
1778910199875 2.7477477477477477 3660
1778910203792 2.7627627627627627 3680
1778910207709 2.7777777777777777 3700
1778910211627 2.7927927927927927 3720
1778910215544 2.8078078078078077 3740
1778910226391 2.815315315315315 3750
1778910232300 2.8228228228228227 3760
1778910236218 2.8378378378378377 3780
1778910240141 2.8528528528528527 3800
1778910244059 2.8678678678678677 3820
1778910247976 2.8828828828828827 3840
1778910251894 2.8978978978978978 3860
1778910255811 2.9129129129129128 3880
1778910259729 2.9279279279279278 3900
1778910263647 2.942942942942943 3920
1778910267564 2.957957957957958 3940
1778910271481 2.972972972972973 3960
1778910275399 2.987987987987988 3980
1778910279301 3.003003003003003 4000
1778910288192 3.003003003003003 4000
1778910296090 3.018018018018018 4020
1778910300009 3.033033033033033 4040
1778910303935 3.048048048048048 4060
1778910307853 3.063063063063063 4080
1778910311770 3.078078078078078 4100
1778910315687 3.093093093093093 4120
1778910319605 3.108108108108108 4140
1778910323522 3.123123123123123 4160
1778910327439 3.138138138138138 4180
1778910331356 3.153153153153153 4200
1778910335273 3.1681681681681684 4220
1778910339190 3.1831831831831834 4240
1778910350038 3.190690690690691 4250
1778910355963 3.1981981981981984 4260
1778910359885 3.2132132132132134 4280
1778910363802 3.2282282282282284 4300
1778910367720 3.2432432432432434 4320
1778910371637 3.2582582582582584 4340
1778910375555 3.2732732732732734 4360
1778910379472 3.2882882882882885 4380
1778910383393 3.3033033033033035 4400
1778910387318 3.3183183183183185 4420
1778910391243 3.3333333333333335 4440
1778910395305 3.3483483483483485 4460
1778910399230 3.3633633633633635 4480
1778910403155 3.3783783783783785 4500
1778910412051 3.3783783783783785 4500
1778910419952 3.3933933933933935 4520
1778910423883 3.4084084084084085 4540
1778910427808 3.4234234234234235 4560
1778910431733 3.4384384384384385 4580
1778910435658 3.4534534534534536 4600
1778910439583 3.4684684684684686 4620
1778910443509 3.4834834834834836 4640
1778910447434 3.4984984984984986 4660
1778910451359 3.5135135135135136 4680
1778910455284 3.5285285285285286 4700
1778910459210 3.5435435435435436 4720
1778910463135 3.5585585585585586 4740
1778910473993 3.566066066066066 4750
1778910479904 3.5735735735735736 4760
1778910483823 3.5885885885885886 4780
1778910487747 3.6036036036036037 4800
1778910491672 3.6186186186186187 4820
1778910495598 3.6336336336336337 4840
1778910499523 3.6486486486486487 4860
1778910503449 3.6636636636636637 4880
1778910507375 3.6786786786786787 4900
1778910511300 3.6936936936936937 4920
1778910515226 3.7087087087087087 4940
1778910519151 3.7237237237237237 4960
1778910523077 3.7387387387387387 4980
1778910527002 3.7537537537537538 5000
1778910535901 3.7537537537537538 5000
1778910543805 3.7687687687687688 5020
1778910547724 3.7837837837837838 5040
1778910551651 3.798798798798799 5060
1778910555570 3.813813813813814 5080
1778910559489 3.828828828828829 5100
1778910563408 3.843843843843844 5120
1778910567327 3.858858858858859 5140
1778910571246 3.873873873873874 5160
1778910575165 3.888888888888889 5180
1778910579085 3.903903903903904 5200
1778910583004 3.918918918918919 5220
1778910586923 3.933933933933934 5240
1778910597781 3.9414414414414414 5250
1778910603704 3.948948948948949 5260
1778910607626 3.963963963963964 5280
1778910611545 3.978978978978979 5300
1778910615470 3.993993993993994 5320
1778910619372 4.009009009009009 5340
1778910623291 4.024024024024024 5360
1778910627210 4.039039039039039 5380
1778910631129 4.054054054054054 5400
1778910635048 4.069069069069069 5420
1778910638967 4.084084084084084 5440
1778910642886 4.099099099099099 5460
1778910646804 4.114114114114114 5480
1778910650723 4.129129129129129 5500
1778910659624 4.129129129129129 5500
1778910667509 4.1441441441441444 5520
1778910671432 4.1591591591591595 5540
1778910675356 4.1741741741741745 5560
1778910679276 4.1891891891891895 5580
1778910683195 4.2042042042042045 5600
1778910687113 4.2192192192192195 5620
1778910691033 4.2342342342342345 5640
1778910694953 4.2492492492492495 5660
1778910698872 4.2642642642642645 5680
1778910702791 4.2792792792792795 5700
1778910706710 4.2942942942942945 5720
1778910710630 4.3093093093093096 5740
1778910721490 4.316816816816817 5750
1778910727404 4.324324324324325 5760
1778910731330 4.33933933933934 5780
1778910735262 4.354354354354355 5800
1778910739187 4.36936936936937 5820
1778910743113 4.384384384384385 5840
1778910747039 4.3993993993994 5860
1778910750965 4.414414414414415 5880
1778910754891 4.42942942942943 5900
1778910758816 4.444444444444445 5920
1778910762742 4.45945945945946 5940
1778910766668 4.474474474474475 5960
1778910770594 4.48948948948949 5980
1778910774520 4.504504504504505 6000
1778910783413 4.504504504504505 6000
1778910791323 4.51951951951952 6020
1778910795249 4.534534534534535 6040
1778910799179 4.54954954954955 6060
1778910803103 4.564564564564565 6080
1778910807027 4.57957957957958 6100
1778910810951 4.594594594594595 6120
1778910814875 4.60960960960961 6140
1778910818799 4.624624624624625 6160
1778910822723 4.63963963963964 6180
1778910826647 4.654654654654655 6200
1778910830571 4.66966966966967 6220
1778910834494 4.684684684684685 6240
1778910845346 4.692192192192192 6250
1778910851268 4.6996996996997 6260
1778910855186 4.714714714714715 6280
1778910859110 4.72972972972973 6300
1778910863029 4.744744744744745 6320
1778910866947 4.75975975975976 6340
1778910870865 4.774774774774775 6360
1778910874784 4.78978978978979 6380
1778910878704 4.804804804804805 6400
1778910882629 4.81981981981982 6420
1778910886556 4.834834834834835 6440
1778910890482 4.84984984984985 6460
1778910894407 4.864864864864865 6480
1778910898333 4.87987987987988 6500
1778910907235 4.87987987987988 6500
1778910915146 4.894894894894895 6520
1778910919076 4.90990990990991 6540
1778910923004 4.924924924924925 6560
1778910926931 4.93993993993994 6580
1778910930857 4.954954954954955 6600
1778910934783 4.96996996996997 6620
1778910938708 4.984984984984985 6640
1778910942612 5.0 6660
1778910951513 5.0 6660
1778910955469 5.0 6660
1778910966113 5.0 6660
1778910977047 5.0 6660
1778910990323 5.0 0
