1778909306777 23.652408599853516 20
1778909310698 22.602008819580078 40
1778909314625 50.48727035522461 60
1778909318553 24.77598762512207 80
1778909322480 18.394922256469727 100
1778909326407 8.845357894897461 120
1778909330335 46.46748733520508 140
1778909334261 81.27300262451172 160
1778909338188 14.906146049499512 180
1778909342116 31.00407600402832 200
1778909346043 24.310331344604492 220
1778909349970 18.469839096069336 240
1778909366809 15.495399475097656 260
1778909370736 7.974671840667725 280
1778909374669 48.896018981933594 300
1778909378596 28.793127059936523 320
1778909382522 27.322620391845703 340
1778909386449 9.209939002990723 360
1778909390375 11.66263484954834 380
1778909394301 12.64387321472168 400
1778909398227 15.647217750549316 420
1778909402154 11.84131908416748 440
1778909406081 8.57270622253418 460
1778909410008 10.140674591064453 480
1778909413934 10.94477653503418 500
1778909430226 11.278206825256348 520
1778909434152 18.931135177612305 540
1778909438077 10.50715160369873 560
1778909442003 5.301701545715332 580
1778909445928 9.776870727539062 600
1778909449853 6.007590293884277 620
1778909453779 4.276751518249512 640
1778909457711 0.7564216256141663 660
1778909461636 11.653971672058105 680
1778909465561 2.096318483352661 700
1778909469486 14.609807014465332 720
1778909473411 17.022340774536133 740
1778909490183 8.6181058883667 760
1778909494101 7.195467948913574 780
1778909498019 7.33445930480957 800
1778909501938 9.217844009399414 820
1778909505858 14.529984474182129 840
1778909509783 9.635309219360352 860
1778909513702 10.513572692871094 880
1778909517621 7.344232559204102 900
1778909521559 12.38487720489502 920
1778909525478 8.738330841064453 940
1778909529396 9.79257583618164 960
1778909533314 20.765823364257812 980
1778909537233 18.28024673461914 1000
1778909554009 15.806458473205566 1020
1778909557932 17.24646759033203 1040
1778909561850 14.702012062072754 1060
1778909565768 20.703414916992188 1080
1778909569687 8.02889633178711 1100
1778909573606 12.73897933959961 1120
1778909577523 19.94196319580078 1140
1778909581441 6.293400287628174 1160
1778909585359 9.830342292785645 1180
1778909589278 17.607269287109375 1200
1778909593204 9.500452995300293 1220
1778909597128 15.101530075073242 1240
1778909613906 27.864900588989258 1260
1778909617825 11.498472213745117 1280
1778909621749 12.799537658691406 1300
1778909625667 2.712491035461426 1320
1778909629567 1.862367033958435 1340
1778909633483 0.6639424562454224 1360
1778909637401 1.915479063987732 1380
1778909641318 0.2064376026391983 1400
1778909645235 1.1232798099517822 1420
1778909649152 0.08713830262422562 1440
1778909653069 0.343816339969635 1460
1778909656986 0.12849605083465576 1480
1778909660903 0.25619834661483765 1500
1778909677665 0.13116639852523804 1520
1778909681586 0.1330157220363617 1540
1778909685504 0.4088425040245056 1560
1778909689420 0.17229922115802765 1580
1778909693336 0.4928233325481415 1600
1778909697252 0.4099601209163666 1620
1778909701169 0.3141651749610901 1640
1778909705085 0.33389440178871155 1660
1778909709001 1.5074574947357178 1680
1778909712917 0.6363978385925293 1700
1778909716833 0.20786119997501373 1720
1778909720749 0.1691044121980667 1740
1778909737512 0.1480860710144043 1760
1778909741429 0.2925146818161011 1780
1778909745352 0.4085637032985687 1800
1778909749269 0.08155395835638046 1820
1778909753185 0.0968317836523056 1840
1778909757102 0.11829955875873566 1860
1778909761018 0.1508377343416214 1880
1778909764935 0.25305864214897156 1900
1778909768852 0.07786033302545547 1920
1778909772770 0.16429921984672546 1940
1778909776689 0.30431291460990906 1960
1778909780606 0.5707547068595886 1980
1778909784523 0.10936149954795837 2000
1778909801308 0.12050435692071915 2020
1778909805231 0.3089574873447418 2040
1778909809149 0.15095794200897217 2060
1778909813066 0.24608400464057922 2080
1778909816983 0.25906702876091003 2100
1778909820901 0.19968320429325104 2120
1778909824819 0.2563719153404236 2140
1778909828737 0.13915978372097015 2160
1778909832655 0.15852941572666168 2180
1778909836708 0.10371081531047821 2200
1778909840627 0.42150312662124634 2220
1778909844546 1.016567349433899 2240
1778909861328 0.39383766055107117 2260
1778909865252 0.33860430121421814 2280
1778909869170 0.25508958101272583 2300
1778909873089 0.25577959418296814 2320
1778909877007 0.1670033186674118 2340
1778909880925 0.5154421329498291 2360
1778909884844 0.1539115160703659 2380
1778909888762 0.33406001329421997 2400
1778909892681 0.28768715262413025 2420
1778909896599 0.3214724361896515 2440
1778909900517 0.2673788070678711 2460
1778909904435 0.5103066563606262 2480
1778909908353 0.43546801805496216 2500
1778909925130 0.3678019344806671 2520
1778909929053 0.3353261649608612 2540
1778909932971 0.4880969524383545 2560
1778909936889 0.17831802368164062 2580
1778909940807 0.7706237435340881 2600
1778909944725 1.258231282234192 2620
1778909948643 0.5003905892372131 2640
1778909952561 0.8311533331871033 2660
1778909956462 1.519836187362671 2680
1778909960379 0.9423316717147827 2700
1778909964296 2.781721591949463 2720
1778909968214 3.856966495513916 2740
1778909984981 2.0795114040374756 2760
1778909988900 1.207430124282837 2780
1778909992823 0.8853330016136169 2800
1778909996740 2.6275887489318848 2820
1778910000658 3.591848611831665 2840
1778910004576 0.6414310932159424 2860
1778910008494 0.7189472317695618 2880
1778910012412 3.0759036540985107 2900
1778910016329 0.4020864963531494 2920
1778910020247 1.0984251499176025 2940
1778910024165 1.4242851734161377 2960
1778910028082 1.1681183576583862 2980
1778910032000 8.84874439239502 3000
1778910048786 3.5284316539764404 3020
1778910052708 2.2775728702545166 3040
1778910056628 2.4236035346984863 3060
1778910060545 1.5089343786239624 3080
1778910064463 4.992884159088135 3100
1778910068381 13.706079483032227 3120
1778910072298 17.350313186645508 3140
1778910076216 5.337825775146484 3160
1778910080134 2.246279716491699 3180
1778910084052 4.512577056884766 3200
1778910087969 10.778143882751465 3220
1778910091887 2.2457802295684814 3240
1778910108646 3.365121364593506 3260
1778910112563 5.035425662994385 3280
1778910116486 11.205177307128906 3300
1778910120404 3.8559112548828125 3320
1778910124321 3.819331169128418 3340
1778910128239 2.364002227783203 3360
1778910132156 6.741751194000244 3380
1778910136074 4.09086799621582 3400
1778910139991 4.3539605140686035 3420
1778910143908 8.178494453430176 3440
1778910147826 16.211015701293945 3460
1778910151743 2.115098237991333 3480
1778910155660 4.5991411209106445 3500
1778910172443 13.367847442626953 3520
1778910176366 20.87055206298828 3540
1778910180285 19.343549728393555 3560
1778910184203 13.912970542907715 3580
1778910188121 16.052902221679688 3600
1778910192040 8.201440811157227 3620
1778910195957 8.66428279876709 3640
1778910199875 23.177934646606445 3660
1778910203792 6.716752052307129 3680
1778910207709 5.465666770935059 3700
1778910211627 18.172115325927734 3720
1778910215544 7.159431457519531 3740
1778910232300 9.217885971069336 3760
1778910236218 11.189318656921387 3780
1778910240141 5.051665782928467 3800
1778910244059 7.321228504180908 3820
1778910247976 5.25912618637085 3840
1778910251894 10.417004585266113 3860
1778910255811 11.463739395141602 3880
1778910259729 7.434768199920654 3900
1778910263647 3.578605890274048 3920
1778910267564 3.9017441272735596 3940
1778910271481 8.124897956848145 3960
1778910275399 4.576229095458984 3980
1778910279301 8.774446487426758 4000
1778910296090 3.9114718437194824 4020
1778910300009 12.837054252624512 4040
1778910303935 10.185379981994629 4060
1778910307853 8.132734298706055 4080
1778910311770 8.75840950012207 4100
1778910315687 4.923366546630859 4120
1778910319605 5.143963813781738 4140
1778910323522 12.778038024902344 4160
1778910327439 8.601483345031738 4180
1778910331356 10.470282554626465 4200
1778910335273 14.943155288696289 4220
1778910339190 9.269742012023926 4240
1778910355963 12.892417907714844 4260
1778910359885 12.690065383911133 4280
1778910363802 14.598185539245605 4300
1778910367720 16.297449111938477 4320
1778910371637 26.26823616027832 4340
1778910375555 20.06916618347168 4360
1778910379472 8.918952941894531 4380
1778910383393 10.74079418182373 4400
1778910387318 21.353992462158203 4420
1778910391243 35.00332260131836 4440
1778910395305 10.869528770446777 4460
1778910399230 10.480184555053711 4480
1778910403155 22.61772918701172 4500
1778910419952 8.599690437316895 4520
1778910423883 10.518367767333984 4540
1778910427808 21.02623748779297 4560
1778910431733 21.35683250427246 4580
1778910435658 15.228317260742188 4600
1778910439583 10.765619277954102 4620
1778910443509 7.8240180015563965 4640
1778910447434 18.197179794311523 4660
1778910451359 16.109956741333008 4680
1778910455284 16.88957977294922 4700
1778910459210 16.1049747467041 4720
1778910463135 19.759849548339844 4740
1778910479904 16.53550910949707 4760
1778910483823 12.504289627075195 4780
1778910487747 13.843775749206543 4800
1778910491672 25.130062103271484 4820
1778910495598 21.75442123413086 4840
1778910499523 9.999918937683105 4860
1778910503449 62.54072952270508 4880
1778910507375 13.71060848236084 4900
1778910511300 34.59756851196289 4920
1778910515226 14.226310729980469 4940
1778910519151 27.773324966430664 4960
1778910523077 52.730674743652344 4980
1778910527002 22.320884704589844 5000
1778910543805 26.64979362487793 5020
1778910547724 17.050600051879883 5040
1778910551651 16.2311954498291 5060
1778910555570 19.165756225585938 5080
1778910559489 27.34107780456543 5100
1778910563408 28.49502182006836 5120
1778910567327 17.141389846801758 5140
1778910571246 36.974430084228516 5160
1778910575165 25.124753952026367 5180
1778910579085 33.56006622314453 5200
1778910583004 34.01111602783203 5220
1778910586923 13.120104789733887 5240
1778910603704 35.2347297668457 5260
1778910607626 32.74997329711914 5280
1778910611545 31.701948165893555 5300
1778910615470 19.38251304626465 5320
1778910619372 44.73624801635742 5340
1778910623291 34.19427490234375 5360
1778910627210 34.13019943237305 5380
1778910631129 28.512948989868164 5400
1778910635048 46.39244842529297 5420
1778910638967 31.68396759033203 5440
1778910642886 30.78177833557129 5460
1778910646804 31.461170196533203 5480
1778910650723 23.627262115478516 5500
1778910667509 27.405820846557617 5520
1778910671432 29.262168884277344 5540
1778910675356 32.621734619140625 5560
1778910679276 33.2550048828125 5580
1778910683195 25.898008346557617 5600
1778910687113 18.62950325012207 5620
1778910691033 40.553897857666016 5640
1778910694953 96.99359130859375 5660
1778910698872 67.46920013427734 5680
1778910702791 27.832548141479492 5700
1778910706710 29.001197814941406 5720
1778910710630 18.71608543395996 5740
1778910727404 35.630741119384766 5760
1778910731330 38.52621078491211 5780
1778910735262 31.45524024963379 5800
1778910739187 51.22706604003906 5820
1778910743113 21.218921661376953 5840
1778910747039 28.473779678344727 5860
1778910750965 28.691041946411133 5880
1778910754891 33.43312454223633 5900
1778910758816 20.60810661315918 5920
1778910762742 32.24934387207031 5940
1778910766668 34.713623046875 5960
1778910770594 22.110506057739258 5980
1778910774520 49.997169494628906 6000
1778910791323 27.993392944335938 6020
1778910795249 57.37971878051758 6040
1778910799179 25.46923828125 6060
1778910803103 36.38959884643555 6080
1778910807027 38.25502014160156 6100
1778910810951 17.201635360717773 6120
1778910814875 13.975221633911133 6140
1778910818799 39.46305847167969 6160
1778910822723 17.137962341308594 6180
1778910826647 41.487083435058594 6200
1778910830571 31.318063735961914 6220
1778910834494 33.102027893066406 6240
1778910851268 30.601356506347656 6260
1778910855186 58.85371780395508 6280
1778910859110 25.269601821899414 6300
1778910863029 19.437362670898438 6320
1778910866947 44.007049560546875 6340
1778910870865 24.040807723999023 6360
1778910874784 29.438335418701172 6380
1778910878704 68.94403839111328 6400
1778910882629 27.231613159179688 6420
1778910886556 17.19590950012207 6440
1778910890482 30.52573585510254 6460
1778910894407 54.715091705322266 6480
1778910898333 29.06295394897461 6500
1778910915146 37.17610549926758 6520
1778910919076 21.767946243286133 6540
1778910923004 47.34804916381836 6560
1778910926931 33.42223358154297 6580
1778910930857 42.560829162597656 6600
1778910934783 30.935842514038086 6620
1778910938708 25.686203002929688 6640
1778910942612 19.58123016357422 6660
