1778909306777 0.6846656799316406 20
1778909310698 0.6118760108947754 40
1778909314625 0.5561862468719483 60
1778909318553 0.6010277271270752 80
1778909322480 0.5191623210906983 100
1778909326407 0.5847160816192627 120
1778909330335 0.5538696765899658 140
1778909334261 0.5133984565734864 160
1778909338188 0.5597414970397949 180
1778909342116 0.5096692085266114 200
1778909346043 0.5186577796936035 220
1778909349970 0.4590435981750488 240
1778909366809 0.46706547737121584 260
1778909370736 0.5005705833435059 280
1778909374669 0.4864795684814453 300
1778909378596 0.5174967765808105 320
1778909382522 0.5098112106323243 340
1778909386449 0.49531049728393556 360
1778909390375 0.4679527759552002 380
1778909394301 0.4499789237976074 400
1778909398227 0.4567666530609131 420
1778909402154 0.4951468467712402 440
1778909406081 0.4919745445251465 460
1778909410008 0.4432538986206055 480
1778909413934 0.5001893997192383 500
1778909430226 0.4705641269683838 520
1778909434152 0.5201072216033935 540
1778909438077 0.4483522891998291 560
1778909442003 0.4688018798828125 580
1778909445928 0.4598860740661621 600
1778909449853 0.4924428462982178 620
1778909453779 0.5170977592468262 640
1778909457711 0.5895480632781982 660
1778909461636 0.6057244777679444 680
1778909465561 0.5297217845916748 700
1778909469486 0.496522045135498 720
1778909473411 0.5119785308837891 740
1778909490183 0.49820847511291505 760
1778909494101 0.4660813808441162 780
1778909498019 0.4954837799072266 800
1778909501938 0.4807548999786377 820
1778909505858 0.4962143421173096 840
1778909509783 0.5362505912780762 860
1778909513702 0.4944577217102051 880
1778909517621 0.5251790046691894 900
1778909521559 0.4534447193145752 920
1778909525478 0.4214932441711426 940
1778909529396 0.49785594940185546 960
1778909533314 0.48454713821411133 980
1778909537233 0.5703768730163574 1000
1778909554009 0.5885294914245606 1020
1778909557932 0.5398788928985596 1040
1778909561850 0.5253495216369629 1060
1778909565768 0.546091890335083 1080
1778909569687 0.5806737899780273 1100
1778909573606 0.5756118774414063 1120
1778909577523 0.5945602416992187 1140
1778909581441 0.6044626712799073 1160
1778909585359 0.7263677597045899 1180
1778909589278 0.6044829845428467 1200
1778909593204 0.6254128456115723 1220
1778909597128 0.5252040386199951 1240
1778909613906 0.6252962112426758 1260
1778909617825 0.6638351440429687 1280
1778909621749 0.6608970642089844 1300
1778909625667 0.715698528289795 1320
1778909629567 0.7148276329040527 1340
1778909633483 0.7417984008789062 1360
1778909637401 0.7054180145263672 1380
1778909641318 0.7036384582519531 1400
1778909645235 0.6972908020019531 1420
1778909649152 0.6931560516357422 1440
1778909653069 0.6957656860351562 1460
1778909656986 0.6922237396240234 1480
1778909660903 0.6952713012695313 1500
1778909677665 0.6976127624511719 1520
1778909681586 0.6992397308349609 1540
1778909685504 0.6911399841308594 1560
1778909689420 0.6904296875 1580
1778909693336 0.6920024871826171 1600
1778909697252 0.6873023986816407 1620
1778909701169 0.6920417785644531 1640
1778909705085 0.6887912750244141 1660
1778909709001 0.6950817108154297 1680
1778909712917 0.6904678344726562 1700
1778909716833 0.6886440277099609 1720
1778909720749 0.6979839324951171 1740
1778909737512 0.6821304321289062 1760
1778909741429 0.688720703125 1780
1778909745352 0.6895416259765625 1800
1778909749269 0.6875411987304687 1820
1778909753185 0.6898189544677734 1840
1778909757102 0.6912811279296875 1860
1778909761018 0.6905303955078125 1880
1778909764935 0.6912399291992187 1900
1778909768852 0.687335205078125 1920
1778909772770 0.6944629669189453 1940
1778909776689 0.6871795654296875 1960
1778909780606 0.6819419860839844 1980
1778909784523 0.6910484313964844 2000
1778909801308 0.6845306396484375 2020
1778909805231 0.6895645141601563 2040
1778909809149 0.6797218322753906 2060
1778909813066 0.6882919311523438 2080
1778909816983 0.6838096618652344 2100
1778909820901 0.6898681640625 2120
1778909824819 0.6906192779541016 2140
1778909828737 0.6847896575927734 2160
1778909832655 0.6878337860107422 2180
1778909836708 0.6846649169921875 2200
1778909840627 0.6912727355957031 2220
1778909844546 0.6962474822998047 2240
1778909861328 0.6926128387451171 2260
1778909865252 0.6856353759765625 2280
1778909869170 0.6893058776855469 2300
1778909873089 0.6794174194335938 2320
1778909877007 0.6861335754394531 2340
1778909880925 0.6918678283691406 2360
1778909884844 0.6859611511230469 2380
1778909888762 0.6810565948486328 2400
1778909892681 0.6852073669433594 2420
1778909896599 0.6934322357177735 2440
1778909900517 0.6855113983154297 2460
1778909904435 0.6783851623535156 2480
1778909908353 0.677777099609375 2500
1778909925130 0.6853683471679688 2520
1778909929053 0.6843395233154297 2540
1778909932971 0.6836284637451172 2560
1778909936889 0.6823230743408203 2580
1778909940807 0.6842658996582032 2600
1778909944725 0.6917813301086426 2620
1778909948643 0.6982002258300781 2640
1778909952561 0.6947402954101562 2660
1778909956462 0.6930398941040039 2680
1778909960379 0.6924079895019531 2700
1778909964296 0.6907943725585938 2720
1778909968214 0.6898330688476563 2740
1778909984981 0.6885433197021484 2760
1778909988900 0.6916522979736328 2780
1778909992823 0.6840190887451172 2800
1778909996740 0.6840007781982422 2820
1778910000658 0.6881690979003906 2840
1778910004576 0.6843166351318359 2860
1778910008494 0.6870513916015625 2880
1778910012412 0.6940513610839844 2900
1778910016329 0.6904594421386718 2920
1778910020247 0.6895668029785156 2940
1778910024165 0.6879371643066406 2960
1778910028082 0.6841705322265625 2980
1778910032000 0.6853965759277344 3000
1778910048786 0.6873249053955078 3020
1778910052708 0.6775489807128906 3040
1778910056628 0.6891822814941406 3060
1778910060545 0.6815647125244141 3080
1778910064463 0.6797420501708984 3100
1778910068381 0.6879993438720703 3120
1778910072298 0.6806491851806641 3140
1778910076216 0.6922809600830078 3160
1778910080134 0.6937992095947265 3180
1778910084052 0.6908031463623047 3200
1778910087969 0.6901275634765625 3220
1778910091887 0.6830406188964844 3240
1778910108646 0.6853244781494141 3260
1778910112563 0.6783321380615235 3280
1778910116486 0.6872882843017578 3300
1778910120404 0.6842479705810547 3320
1778910124321 0.6838146209716797 3340
1778910128239 0.6840381622314453 3360
1778910132156 0.6765285491943359 3380
1778910136074 0.6756580352783204 3400
1778910139991 0.6872100830078125 3420
1778910143908 0.6889854431152344 3440
1778910147826 0.6900169372558593 3460
1778910151743 0.690334701538086 3480
1778910155660 0.6858161926269531 3500
1778910172443 0.689044189453125 3520
1778910176366 0.6839649200439453 3540
1778910180285 0.6869522094726562 3560
1778910184203 0.67735595703125 3580
1778910188121 0.6883563995361328 3600
1778910192040 0.6759693145751953 3620
1778910195957 0.6728012084960937 3640
1778910199875 0.6924198150634766 3660
1778910203792 0.6819347381591797 3680
1778910207709 0.6905242919921875 3700
1778910211627 0.6798500061035156 3720
1778910215544 0.6919158935546875 3740
1778910232300 0.6804084777832031 3760
1778910236218 0.6881557464599609 3780
1778910240141 0.6857852935791016 3800
1778910244059 0.6914684295654296 3820
1778910247976 0.6889518737792969 3840
1778910251894 0.6820228576660157 3860
1778910255811 0.6835079193115234 3880
1778910259729 0.6879352569580078 3900
1778910263647 0.681551742553711 3920
1778910267564 0.6801586151123047 3940
1778910271481 0.6884895324707031 3960
1778910275399 0.6821266174316406 3980
1778910279301 0.6858826160430909 4000
1778910296090 0.6795719146728516 4020
1778910300009 0.6774368286132812 4040
1778910303935 0.695644760131836 4060
1778910307853 0.6848125457763672 4080
1778910311770 0.6816993713378906 4100
1778910315687 0.6835128784179687 4120
1778910319605 0.6884986877441406 4140
1778910323522 0.6860858917236328 4160
1778910327439 0.6876438140869141 4180
1778910331356 0.6834144592285156 4200
1778910335273 0.6831295013427734 4220
1778910339190 0.6841567993164063 4240
1778910355963 0.6790504455566406 4260
1778910359885 0.6798198699951172 4280
1778910363802 0.6700386047363281 4300
1778910367720 0.6764926910400391 4320
1778910371637 0.6526346206665039 4340
1778910375555 0.6696676254272461 4360
1778910379472 0.6438596725463868 4380
1778910383393 0.629937744140625 4400
1778910387318 0.6268405914306641 4420
1778910391243 0.6519247055053711 4440
1778910395305 0.6570676803588867 4460
1778910399230 0.6617450714111328 4480
1778910403155 0.6492654800415039 4500
1778910419952 0.620052719116211 4520
1778910423883 0.6380655288696289 4540
1778910427808 0.6031053543090821 4560
1778910431733 0.6145593643188476 4580
1778910435658 0.6258264541625976 4600
1778910439583 0.6104251861572265 4620
1778910443509 0.6113822937011719 4640
1778910447434 0.598996925354004 4660
1778910451359 0.6022140502929687 4680
1778910455284 0.5923992156982422 4700
1778910459210 0.5876862525939941 4720
1778910463135 0.5534174919128418 4740
1778910479904 0.5583747863769531 4760
1778910483823 0.5551427841186524 4780
1778910487747 0.5510759353637695 4800
1778910491672 0.5337627410888672 4820
1778910495598 0.5313766479492188 4840
1778910499523 0.5217140197753907 4860
1778910503449 0.5102251052856446 4880
1778910507375 0.4938022613525391 4900
1778910511300 0.5438366889953613 4920
1778910515226 0.5237075805664062 4940
1778910519151 0.5093928337097168 4960
1778910523077 0.5115874290466309 4980
1778910527002 0.4868620872497559 5000
1778910543805 0.49857044219970703 5020
1778910547724 0.5073404312133789 5040
1778910551651 0.481394100189209 5060
1778910555570 0.4825749397277832 5080
1778910559489 0.49778013229370116 5100
1778910563408 0.5198258399963379 5120
1778910567327 0.4913775444030762 5140
1778910571246 0.47153263092041015 5160
1778910575165 0.4800545692443848 5180
1778910579085 0.47575864791870115 5200
1778910583004 0.4836279392242432 5220
1778910586923 0.4933145523071289 5240
1778910603704 0.5093738555908203 5260
1778910607626 0.47362537384033204 5280
1778910611545 0.49218273162841797 5300
1778910615470 0.5314846038818359 5320
1778910619372 0.5181161880493164 5340
1778910623291 0.47678098678588865 5360
1778910627210 0.46881694793701173 5380
1778910631129 0.45814037322998047 5400
1778910635048 0.47384939193725584 5420
1778910638967 0.5091619491577148 5440
1778910642886 0.5070258140563965 5460
1778910646804 0.5028714179992676 5480
1778910650723 0.47239975929260253 5500
1778910667509 0.46264896392822263 5520
1778910671432 0.4851290225982666 5540
1778910675356 0.5007167816162109 5560
1778910679276 0.4821749210357666 5580
1778910683195 0.544913911819458 5600
1778910687113 0.5296093940734863 5620
1778910691033 0.5229764938354492 5640
1778910694953 0.4679703712463379 5660
1778910698872 0.47231178283691405 5680
1778910702791 0.4978191375732422 5700
1778910706710 0.47826337814331055 5720
1778910710630 0.49087185859680177 5740
1778910727404 0.4828618049621582 5760
1778910731330 0.48981475830078125 5780
1778910735262 0.501833152770996 5800
1778910739187 0.4605036735534668 5820
1778910743113 0.4541911602020264 5840
1778910747039 0.48091940879821776 5860
1778910750965 0.4537984848022461 5880
1778910754891 0.4598510265350342 5900
1778910758816 0.4979963779449463 5920
1778910762742 0.5137745857238769 5940
1778910766668 0.496355676651001 5960
1778910770594 0.4747137546539307 5980
1778910774520 0.46428661346435546 6000
1778910791323 0.4626302242279053 6020
1778910795249 0.49173746109008787 6040
1778910799179 0.47924370765686036 6060
1778910803103 0.4788521289825439 6080
1778910807027 0.48452210426330566 6100
1778910810951 0.45958499908447265 6120
1778910814875 0.46662487983703616 6140
1778910818799 0.45137577056884765 6160
1778910822723 0.46436767578125 6180
1778910826647 0.46881790161132814 6200
1778910830571 0.4661401271820068 6220
1778910834494 0.46001157760620115 6240
1778910851268 0.4728250980377197 6260
1778910855186 0.4814159393310547 6280
1778910859110 0.48586292266845704 6300
1778910863029 0.47833762168884275 6320
1778910866947 0.4691720485687256 6340
1778910870865 0.4818080425262451 6360
1778910874784 0.47234649658203126 6380
1778910878704 0.44411745071411135 6400
1778910882629 0.46501622200012205 6420
1778910886556 0.4742906093597412 6440
1778910890482 0.4814450263977051 6460
1778910894407 0.47118344306945803 6480
1778910898333 0.46657729148864746 6500
1778910915146 0.4572099208831787 6520
1778910919076 0.48425917625427245 6540
1778910923004 0.4895975112915039 6560
1778910926931 0.46540274620056155 6580
1778910930857 0.4929648399353027 6600
1778910934783 0.4722311019897461 6620
1778910938708 0.48444676399230957 6640
1778910942612 0.44240608215332033 6660
