1778313445610 0.8619640469551086 20
1778313461517 0.8067418336868286 40
1778313477379 0.7878257036209106 60
1778313492751 1.1877844333648682 80
1778313508645 0.8503470420837402 100
1778313524117 2.7705583572387695 120
1778313539773 1.7542569637298584 140
1778313555453 1.0878095626831055 160
1778313570883 0.6704651713371277 180
1778313586595 0.7731249332427979 200
1778313601836 0.7761161923408508 220
1778313617451 2.2362847328186035 240
1778313643786 0.86334627866745 260
1778313659563 0.9043137431144714 280
1778313675193 1.6219772100448608 300
1778313691245 1.2133702039718628 320
1778313706887 0.7609021663665771 340
1778313722486 1.2817002534866333 360
1778313737973 1.3203182220458984 380
1778313753453 1.074703574180603 400
1778313769222 0.9428271055221558 420
1778313784800 0.9205816984176636 440
1778313800452 1.0083009004592896 460
1778313815809 1.2230358123779297 480
1778313831679 1.5663037300109863 500
1778313858109 2.340045928955078 520
1778313874021 1.0709317922592163 540
1778313889817 1.283459186553955 560
1778313905762 0.931755542755127 580
1778313921332 1.0730206966400146 600
1778313936960 0.908710777759552 620
1778313952786 1.2285677194595337 640
1778313968221 1.054527997970581 660
1778313983763 0.840818464756012 680
1778313999636 1.1926240921020508 700
1778314015408 0.9066757559776306 720
1778314031378 0.8717427253723145 740
1778314058138 1.9253535270690918 760
1778314073915 1.156728744506836 780
1778314089611 1.517258644104004 800
1778314105596 0.8712723255157471 820
1778314121240 1.7232215404510498 840
1778314136898 1.2704929113388062 860
1778314152234 0.9556333422660828 880
1778314167972 1.1392885446548462 900
1778314183209 0.9069845080375671 920
1778314198439 0.981502115726471 940
1778314213755 1.1144496202468872 960
1778314229081 1.6545602083206177 980
1778314244414 1.4081261157989502 1000
1778314270377 2.878854990005493 1020
1778314286030 2.1380302906036377 1040
1778314301116 1.2911314964294434 1060
1778314316152 1.3757202625274658 1080
1778314331552 1.931861400604248 1100
1778314346509 1.961490511894226 1120
1778314361614 2.15580153465271 1140
1778314376681 3.3278400897979736 1160
1778314391596 1.0996801853179932 1180
1778314406411 0.8177477717399597 1200
1778314421407 1.7517523765563965 1220
1778314436232 1.188341736793518 1240
1778314461595 0.9469386339187622 1260
1778314476479 1.2112890481948853 1280
1778314491578 1.9283043146133423 1300
1778314506356 1.7582907676696777 1320
1778314521302 1.5735927820205688 1340
1778314536169 1.1038240194320679 1360
