1778313445610 0.6887 20
1778313461517 0.6817 40
1778313477379 0.6506 60
1778313492751 0.6182 80
1778313508645 0.579 100
1778313524117 0.5461 120
1778313539773 0.5093 140
1778313555453 0.5304 160
1778313570883 0.4977 180
1778313586595 0.5212 200
1778313601836 0.5048 220
1778313617451 0.4822 240
1778313643786 0.454 260
1778313659563 0.469 280
1778313675193 0.4553 300
1778313691245 0.4771 320
1778313706887 0.4798 340
1778313722486 0.4629 360
1778313737973 0.4514 380
1778313753453 0.469 400
1778313769222 0.4828 420
1778313784800 0.4723 440
1778313800452 0.4707 460
1778313815809 0.4546 480
1778313831679 0.441 500
1778313858109 0.4395 520
1778313874021 0.458 540
1778313889817 0.4641 560
1778313905762 0.4449 580
1778313921332 0.4327 600
1778313936960 0.4472 620
1778313952786 0.4631 640
1778313968221 0.4312 660
1778313983763 0.4326 680
1778313999636 0.4481 700
1778314015408 0.3972 720
1778314031378 0.4352 740
1778314058138 0.4516 760
1778314073915 0.4494 780
1778314089611 0.4131 800
1778314105596 0.4312 820
1778314121240 0.404 840
1778314136898 0.4371 860
1778314152234 0.4076 880
1778314167972 0.4494 900
1778314183209 0.4235 920
1778314198439 0.4212 940
1778314213755 0.4201 960
1778314229081 0.4209 980
1778314244414 0.3991 1000
1778314270377 0.4549 1020
1778314286030 0.4377 1040
1778314301116 0.4078 1060
1778314316152 0.4642 1080
1778314331552 0.4157 1100
1778314346509 0.4122 1120
1778314361614 0.437 1140
1778314376681 0.409 1160
1778314391596 0.4224 1180
1778314406411 0.4223 1200
1778314421407 0.4159 1220
1778314436232 0.4307 1240
1778314461595 0.4291 1260
1778314476479 0.4041 1280
1778314491578 0.4163 1300
1778314506356 0.4094 1320
1778314521302 0.4103 1340
1778314536169 0.4231 1360
