1778761010947 0.8738236427307129 20
1778761011107 0.3360576033592224 40
1778761011266 0.6116121411323547 60
1778761011426 0.5403559803962708 80
1778761011585 0.3681015372276306 100
1778761011743 0.4246691167354584 120
1778761011902 0.43417495489120483 140
1778761012060 0.7627164721488953 160
1778761012218 0.4527374505996704 180
1778761012377 0.3765125870704651 200
1778761012535 0.3357990086078644 220
1778761012692 0.47746437788009644 240
1778761013587 0.3280054032802582 260
1778761013744 0.5063844919204712 280
1778761013901 0.482227623462677 300
1778761014058 0.4038720726966858 320
1778761014215 0.3670876622200012 340
1778761014371 0.36931487917900085 360
1778761014528 0.7838444709777832 380
1778761014684 0.37959393858909607 400
1778761014841 0.5593751072883606 420
1778761014998 0.5116733908653259 440
1778761015155 0.4142747223377228 460
1778761015312 0.363162100315094 480
1778761015469 0.3987247049808502 500
1778761016311 0.49003866314888 520
1778761016468 0.3687589168548584 540
1778761016626 0.4754810929298401 560
1778761016784 0.336983859539032 580
1778761016943 0.3794632852077484 600
1778761017102 0.8573590517044067 620
1778761017262 0.4946269392967224 640
1778761017420 0.6163074374198914 660
1778761017579 0.4799650311470032 680
1778761017738 0.46525630354881287 700
1778761017897 0.425236314535141 720
1778761018056 0.3651008605957031 740
1778761019008 0.4398615062236786 760
1778761019168 0.4430563449859619 780
1778761019325 0.7449507713317871 800
1778761019482 0.43569526076316833 820
1778761019639 0.4816032648086548 840
1778761019796 0.3846140205860138 860
1778761019952 0.6510503888130188 880
1778761020110 0.44768962264060974 900
1778761020270 0.3301825225353241 920
1778761020429 0.31695911288261414 940
1778761020588 0.39984938502311707 960
1778761020747 0.38901954889297485 980
1778761020906 0.3702491819858551 1000
1778761021797 0.3594535291194916 1020
1778761021957 0.45417147874832153 1040
1778761022116 0.3268701434135437 1060
1778761022275 0.35385990142822266 1080
1778761022433 0.45540618896484375 1100
1778761022592 0.37390536069869995 1120
1778761022750 0.5243351459503174 1140
1778761022909 0.3619100749492645 1160
1778761023067 0.3570040762424469 1180
1778761023226 0.35273468494415283 1200
1778761023385 0.9325224161148071 1220
1778761023544 0.46317073702812195 1240
1778761024380 0.39092716574668884 1260
1778761024542 0.6994950771331787 1280
1778761024703 0.4354000389575958 1300
1778761024862 0.3949054479598999 1320
1778761025021 0.4069293141365051 1340
1778761025180 0.2947114408016205 1360
1778761025339 0.43490007519721985 1380
1778761025498 0.36943957209587097 1400
1778761025657 0.36143285036087036 1420
1778761025816 0.48623207211494446 1440
1778761025975 0.34083837270736694 1460
1778761026134 0.3488810360431671 1480
1778761026293 0.8912776708602905 1500
1778761027242 0.44299137592315674 1520
1778761027401 0.5679980516433716 1540
1778761027560 0.4512910544872284 1560
1778761027719 0.5614634156227112 1580
1778761027878 0.42363885045051575 1600
1778761028037 0.4859873950481415 1620
1778761028196 0.5100960731506348 1640
1778761028355 0.4827151894569397 1660
1778761028514 0.5189036726951599 1680
1778761028672 0.47856593132019043 1700
1778761028831 0.3951784670352936 1720
1778761028989 0.45476001501083374 1740
1778761029822 0.3766952157020569 1760
1778761029981 0.3773132860660553 1780
1778761030140 0.7352238297462463 1800
1778761030300 0.3993033468723297 1820
