1779340361498 0.021953896816684963 20
1779340366356 0.043907793633369926 40
1779340371217 0.06586169045005488 60
1779340376130 0.08781558726673985 80
1779340381198 0.10976948408342481 100
1779340386189 0.13172338090010977 120
1779340391109 0.15367727771679474 140
1779340395999 0.1756311745334797 160
1779340400819 0.19758507135016465 180
1779340405613 0.21953896816684962 200
1779340410512 0.2414928649835346 220
1779340415486 0.26344676180021953 240
1779340430234 0.27442371020856204 250
1779340435514 0.2854006586169045 260
1779340440484 0.30735455543358947 280
1779340445476 0.32930845225027444 300
1779340450503 0.3512623490669594 320
1779340455507 0.3732162458836443 340
1779340460449 0.3951701427003293 360
1779340465400 0.41712403951701427 380
1779340470367 0.43907793633369924 400
1779340475563 0.4610318331503842 420
1779340480581 0.4829857299670692 440
1779340485549 0.5049396267837541 460
1779340491348 0.5268935236004391 480
1779340496337 0.5488474204171241 500
1779340508634 0.5488474204171241 500
1779340516748 0.570801317233809 520
1779340521791 0.5927552140504939 540
1779340526701 0.6147091108671789 560
1779340531754 0.6366630076838639 580
1779340536927 0.6586169045005489 600
1779340541921 0.6805708013172338 620
1779340547015 0.7025246981339188 640
1779340551838 0.7244785949506037 660
1779340556891 0.7464324917672887 680
1779340561915 0.7683863885839737 700
1779340566609 0.7903402854006586 720
1779340571477 0.8122941822173436 740
1779340586079 0.823271130625686 750
1779340591250 0.8342480790340285 760
1779340596151 0.8562019758507134 780
1779340601093 0.8781558726673985 800
1779340606060 0.9001097694840834 820
1779340611034 0.9220636663007684 840
1779340616055 0.9440175631174533 860
1779340621010 0.9659714599341384 880
1779340625967 0.9879253567508233 900
1779340630841 1.0098792535675083 920
1779340635839 1.031833150384193 940
1779340640939 1.0537870472008781 960
1779340645847 1.0757409440175631 980
1779340650773 1.0976948408342482 1000
1779340662913 1.0976948408342482 1000
1779340670565 1.119648737650933 1020
1779340675561 1.141602634467618 1040
1779340680564 1.163556531284303 1060
1779340685519 1.1855104281009878 1080
1779340690531 1.2074643249176729 1100
1779340695472 1.2294182217343579 1120
1779340700497 1.2513721185510427 1140
1779340705396 1.2733260153677277 1160
1779340710399 1.2952799121844127 1180
1779340715346 1.3172338090010978 1200
1779340720374 1.3391877058177828 1220
1779340725401 1.3611416026344676 1240
1779340740244 1.37211855104281 1250
1779340746159 1.3830954994511526 1260
1779340751140 1.4050493962678376 1280
1779340756081 1.4270032930845225 1300
1779340761875 1.4489571899012075 1320
1779340766817 1.4709110867178925 1340
1779340771692 1.4928649835345773 1360
1779340776611 1.5148188803512623 1380
1779340781449 1.5367727771679474 1400
1779340786324 1.5587266739846322 1420
1779340791197 1.5806805708013172 1440
1779340796052 1.6026344676180022 1460
1779340800860 1.624588364434687 1480
1779340805727 1.6465422612513723 1500
1779340817744 1.6465422612513723 1500
1779340825694 1.668496158068057 1520
1779340830569 1.690450054884742 1540
1779340835451 1.7124039517014271 1560
1779340840356 1.734357848518112 1580
1779340845259 1.756311745334797 1600
1779340850113 1.778265642151482 1620
1779340854997 1.8002195389681668 1640
1779340859863 1.8221734357848518 1660
1779340864677 1.8441273326015368 1680
1779340869551 1.8660812294182216 1700
1779340874414 1.8880351262349067 1720
1779340879260 1.9099890230515917 1740
1779340893656 1.920965971459934 1750
1779340898472 1.9319429198682765 1760
1779340903257 1.9538968166849617 1780
1779340908091 1.9758507135016465 1800
1779340913054 1.9978046103183313 1820
1779340917988 2.0197585071350166 1840
1779340922782 2.0417124039517014 1860
1779340927558 2.063666300768386 1880
1779340932314 2.0856201975850714 1900
1779340937077 2.1075740944017562 1920
1779340941853 2.129527991218441 1940
1779340946631 2.1514818880351263 1960
1779340951406 2.173435784851811 1980
1779340956158 2.1953896816684964 2000
1779340968091 2.1953896816684964 2000
1779340975726 2.217343578485181 2020
1779340980492 2.239297475301866 2040
1779340985290 2.261251372118551 2060
1779340990082 2.283205268935236 2080
1779340994880 2.305159165751921 2100
1779340999705 2.327113062568606 2120
1779341004515 2.349066959385291 2140
1779341009325 2.3710208562019757 2160
1779341014124 2.392974753018661 2180
1779341018938 2.4149286498353457 2200
1779341023770 2.436882546652031 2220
1779341028643 2.4588364434687158 2240
1779341043090 2.469813391877058 2250
1779341047696 2.4807903402854006 2260
1779341052370 2.5027442371020854 2280
1779341057017 2.5246981339187706 2300
1779341061884 2.5466520307354554 2320
1779341066783 2.5686059275521407 2340
1779341071608 2.5905598243688255 2360
1779341076508 2.6125137211855103 2380
1779341081365 2.6344676180021955 2400
1779341086214 2.6564215148188803 2420
1779341091118 2.6783754116355656 2440
1779341096011 2.7003293084522504 2460
1779341100953 2.722283205268935 2480
1779341105765 2.74423710208562 2500
1779341117854 2.74423710208562 2500
1779341125632 2.7661909989023052 2520
1779341130527 2.78814489571899 2540
1779341135377 2.8100987925356753 2560
1779341140230 2.83205268935236 2580
1779341145075 2.854006586169045 2600
1779341149895 2.8759604829857297 2620
1779341154627 2.897914379802415 2640
1779341159397 2.9198682766190998 2660
1779341164175 2.941822173435785 2680
1779341168954 2.96377607025247 2700
1779341173719 2.9857299670691546 2720
1779341178429 3.00768386388584 2740
1779341192785 3.0186608122941823 2750
1779341198065 3.0296377607025247 2760
1779341202885 3.0515916575192095 2780
1779341207724 3.0735455543358947 2800
1779341212527 3.0954994511525795 2820
1779341217348 3.1174533479692643 2840
1779341222175 3.1394072447859496 2860
1779341227009 3.1613611416026344 2880
1779341231880 3.1833150384193196 2900
1779341236723 3.2052689352360044 2920
1779341241578 3.2272228320526892 2940
1779341246442 3.2491767288693745 2960
1779341251291 3.2711306256860593 2980
1779341256117 3.293084522502744 3000
1779341268239 3.293084522502744 3000
1779341276040 3.3150384193194293 3020
1779341280938 3.336992316136114 3040
1779341285764 3.358946212952799 3060
1779341290618 3.380900109769484 3080
1779341295572 3.402854006586169 3100
1779341300384 3.4248079034028542 3120
1779341305261 3.446761800219539 3140
1779341310082 3.468715697036224 3160
1779341314905 3.4906695938529086 3180
1779341319724 3.512623490669594 3200
1779341324570 3.5345773874862787 3220
1779341329355 3.556531284302964 3240
1779341343725 3.5675082327113063 3250
1779341349027 3.5784851811196488 3260
1779341353834 3.6004390779363336 3280
1779341358651 3.622392974753019 3300
1779341363427 3.6443468715697036 3320
1779341368171 3.666300768386389 3340
1779341372930 3.6882546652030737 3360
1779341377635 3.7102085620197585 3380
1779341382410 3.7321624588364433 3400
1779341387184 3.7541163556531285 3420
1779341391955 3.7760702524698133 3440
1779341396659 3.7980241492864986 3460
1779341401445 3.8199780461031834 3480
1779341406229 3.841931942919868 3500
1779341418217 3.841931942919868 3500
1779341426001 3.863885839736553 3520
1779341430850 3.885839736553238 3540
1779341435705 3.907793633369923 3560
1779341440542 3.9297475301866083 3580
1779341445413 3.951701427003293 3600
1779341450241 3.973655323819978 3620
1779341455083 3.995609220636663 3640
1779341459797 4.017563117453348 3660
1779341464679 4.039517014270033 3680
1779341469446 4.061470911086718 3700
1779341474272 4.083424807903403 3720
1779341479081 4.105378704720088 3740
1779341493359 4.11635565312843 3750
1779341498645 4.127332601536772 3760
1779341503534 4.149286498353458 3780
1779341508347 4.171240395170143 3800
1779341513126 4.193194291986828 3820
1779341517801 4.2151481888035125 3840
1779341522491 4.237102085620197 3860
1779341527248 4.259055982436882 3880
1779341531993 4.281009879253568 3900
1779341536751 4.302963776070253 3920
1779341541576 4.324917672886937 3940
1779341546348 4.346871569703622 3960
1779341551134 4.368825466520307 3980
1779341555934 4.390779363336993 4000
1779341567932 4.390779363336993 4000
1779341575759 4.4127332601536775 4020
1779341580591 4.434687156970362 4040
1779341585399 4.456641053787047 4060
1779341590176 4.478594950603732 4080
1779341594953 4.500548847420417 4100
1779341599731 4.522502744237102 4120
1779341604400 4.544456641053787 4140
1779341609108 4.566410537870472 4160
1779341613889 4.588364434687157 4180
1779341618706 4.610318331503842 4200
1779341623506 4.632272228320527 4220
1779341628400 4.654226125137212 4240
1779341642949 4.6652030735455545 4250
1779341648292 4.676180021953897 4260
1779341653126 4.698133918770582 4280
1779341657830 4.7200878155872665 4300
1779341662625 4.742041712403951 4320
1779341667410 4.763995609220637 4340
1779341672195 4.785949506037322 4360
1779341677036 4.807903402854007 4380
1779341681890 4.829857299670691 4400
1779341686705 4.851811196487376 4420
1779341691543 4.873765093304062 4440
1779341696509 4.895718990120747 4460
1779341701328 4.9176728869374315 4480
1779341706105 4.939626783754116 4500
1779341718050 4.939626783754116 4500
1779341725837 4.961580680570801 4520
1779341730720 4.983534577387486 4540
1779341746355 5.0 4555
1779341749291 5.0 4555
1779341763677 5.0 4555
1779341767348 5.0 4555
1779341774152 5.0 0
