1779340361498 0.2513676881790161 20
1779340366356 0.1511048674583435 40
1779340371217 1.9428659677505493 60
1779340376130 4.412147521972656 80
1779340381198 2.134831666946411 100
1779340386189 3.0947656631469727 120
1779340391109 1.8513497114181519 140
1779340395999 1.3870134353637695 160
1779340400819 3.1654303073883057 180
1779340405613 2.6883254051208496 200
1779340410512 1.650050401687622 220
1779340415486 1.1982922554016113 240
1779340435514 1.1099374294281006 260
1779340440484 1.510973572731018 280
1779340445476 0.7830948233604431 300
1779340450503 2.331674814224243 320
1779340455507 1.1633027791976929 340
1779340460449 1.5275877714157104 360
1779340465400 1.7306255102157593 380
1779340470367 0.9653670787811279 400
1779340475563 1.0012296438217163 420
1779340480581 1.958357810974121 440
1779340485549 0.9124036431312561 460
1779340491348 1.1557258367538452 480
1779340496337 0.7703589797019958 500
1779340516748 1.0941754579544067 520
1779340521791 1.3189337253570557 540
1779340526701 1.3879097700119019 560
1779340531754 0.8499307632446289 580
1779340536927 1.533906102180481 600
1779340541921 1.118979573249817 620
1779340547015 1.1455562114715576 640
1779340551838 1.7016057968139648 660
1779340556891 3.1848092079162598 680
1779340561915 0.7890584468841553 700
1779340566609 0.7898769974708557 720
1779340571477 0.7240932583808899 740
1779340591250 1.399366021156311 760
1779340596151 0.8877429962158203 780
1779340601093 2.104928493499756 800
1779340606060 0.893733561038971 820
1779340611034 2.421999216079712 840
1779340616055 1.315355896949768 860
1779340621010 0.9364858865737915 880
1779340625967 0.8633816838264465 900
1779340630841 2.0530812740325928 920
1779340635839 0.9098326563835144 940
1779340640939 2.22554349899292 960
1779340645847 1.1831775903701782 980
1779340650773 3.681459426879883 1000
1779340670565 1.1667811870574951 1020
1779340675561 1.3657026290893555 1040
1779340680564 1.808536410331726 1060
1779340685519 2.4028918743133545 1080
1779340690531 1.41965913772583 1100
1779340695472 1.9193532466888428 1120
1779340700497 2.944827079772949 1140
1779340705396 2.062553644180298 1160
1779340710399 1.3215590715408325 1180
1779340715346 2.1426305770874023 1200
1779340720374 1.1781389713287354 1220
1779340725401 1.5060040950775146 1240
1779340746159 1.2865912914276123 1260
1779340751140 2.7969231605529785 1280
1779340756081 1.0506937503814697 1300
1779340761875 1.6968094110488892 1320
1779340766817 2.8098232746124268 1340
1779340771692 1.6321001052856445 1360
1779340776611 1.388582706451416 1380
1779340781449 1.4682174921035767 1400
1779340786324 2.3159093856811523 1420
1779340791197 1.4298313856124878 1440
1779340796052 2.143857717514038 1460
1779340800860 4.761642932891846 1480
1779340805727 1.1559401750564575 1500
1779340825694 1.816920518875122 1520
1779340830569 1.9112586975097656 1540
1779340835451 1.8566302061080933 1560
1779340840356 3.7593343257904053 1580
1779340845259 1.7868963479995728 1600
1779340850113 2.1874911785125732 1620
1779340854997 1.289197564125061 1640
1779340859863 3.188723564147949 1660
1779340864677 1.5735759735107422 1680
1779340869551 3.7166759967803955 1700
1779340874414 2.1538310050964355 1720
1779340879260 1.6242270469665527 1740
1779340898472 1.2790199518203735 1760
1779340903257 1.6027588844299316 1780
1779340908091 2.0293080806732178 1800
1779340913054 3.6022961139678955 1820
1779340917988 1.2576254606246948 1840
1779340922782 2.3153774738311768 1860
1779340927558 2.2641217708587646 1880
1779340932314 2.761038064956665 1900
1779340937077 2.1337289810180664 1920
1779340941853 1.9411954879760742 1940
1779340946631 1.6077172756195068 1960
1779340951406 2.401116132736206 1980
1779340956158 1.1957118511199951 2000
1779340975726 9.464900970458984 2020
1779340980492 3.151060104370117 2040
1779340985290 2.297196626663208 2060
1779340990082 2.761705160140991 2080
1779340994880 2.5286059379577637 2100
1779340999705 5.4487433433532715 2120
1779341004515 3.706981658935547 2140
1779341009325 2.635777235031128 2160
1779341014124 4.892431735992432 2180
1779341018938 5.071613311767578 2200
1779341023770 4.710506439208984 2220
1779341028643 5.414856433868408 2240
1779341047696 3.297523260116577 2260
1779341052370 7.056682586669922 2280
1779341057017 3.1860108375549316 2300
1779341061884 2.032963514328003 2320
1779341066783 2.3613805770874023 2340
1779341071608 4.39435338973999 2360
1779341076508 3.4327545166015625 2380
1779341081365 3.5502378940582275 2400
1779341086214 2.083024263381958 2420
1779341091118 3.958888053894043 2440
1779341096011 3.4721338748931885 2460
1779341100953 4.519571781158447 2480
1779341105765 2.908287525177002 2500
1779341125632 2.6063499450683594 2520
1779341130527 6.3368401527404785 2540
1779341135377 6.206859588623047 2560
1779341140230 5.506951332092285 2580
1779341145075 3.0868642330169678 2600
1779341149895 5.754653453826904 2620
1779341154627 2.174196481704712 2640
1779341159397 2.236426830291748 2660
1779341164175 4.19016170501709 2680
1779341168954 2.4035019874572754 2700
1779341173719 2.282827854156494 2720
1779341178429 4.867297649383545 2740
1779341198065 4.143474578857422 2760
1779341202885 3.645109176635742 2780
1779341207724 2.92288875579834 2800
1779341212527 2.999650478363037 2820
1779341217348 2.497968912124634 2840
1779341222175 6.446262836456299 2860
1779341227009 5.195491313934326 2880
1779341231880 5.8736419677734375 2900
1779341236723 3.0886168479919434 2920
1779341241578 6.844608306884766 2940
1779341246442 6.837010860443115 2960
1779341251291 17.837661743164062 2980
1779341256117 2.7482638359069824 3000
1779341276040 8.919212341308594 3020
1779341280938 11.170062065124512 3040
1779341285764 16.10015869140625 3060
1779341290618 7.496231555938721 3080
1779341295572 3.9255776405334473 3100
1779341300384 6.830305099487305 3120
1779341305261 15.751718521118164 3140
1779341310082 4.916771411895752 3160
1779341314905 3.898256301879883 3180
1779341319724 8.181356430053711 3200
1779341324570 4.407301902770996 3220
1779341329355 3.1728179454803467 3240
1779341349027 2.6711325645446777 3260
1779341353834 4.212818145751953 3280
1779341358651 4.7599663734436035 3300
1779341363427 8.074694633483887 3320
1779341368171 2.2620811462402344 3340
1779341372930 9.919900894165039 3360
1779341377635 7.826539993286133 3380
1779341382410 2.990795373916626 3400
1779341387184 5.859324932098389 3420
1779341391955 1.9985769987106323 3440
1779341396659 5.938963413238525 3460
1779341401445 4.830779075622559 3480
1779341406229 3.115838050842285 3500
1779341426001 15.071491241455078 3520
1779341430850 8.266453742980957 3540
1779341435705 3.737793445587158 3560
1779341440542 8.467340469360352 3580
1779341445413 8.097518920898438 3600
1779341450241 5.704445838928223 3620
1779341455083 23.219955444335938 3640
1779341459797 8.501686096191406 3660
1779341464679 2.7028493881225586 3680
1779341469446 10.33320426940918 3700
1779341474272 4.676044940948486 3720
1779341479081 6.4164018630981445 3740
1779341498645 5.5406975746154785 3760
1779341503534 5.601501941680908 3780
1779341508347 3.033522605895996 3800
1779341513126 10.365230560302734 3820
1779341517801 10.329246520996094 3840
1779341522491 20.100732803344727 3860
1779341527248 4.815121650695801 3880
1779341531993 6.9704766273498535 3900
1779341536751 3.253383159637451 3920
1779341541576 7.847497940063477 3940
1779341546348 12.417275428771973 3960
1779341551134 5.468618392944336 3980
1779341555934 2.4526445865631104 4000
1779341575759 11.649642944335938 4020
1779341580591 5.0177435874938965 4040
1779341585399 7.688050746917725 4060
1779341590176 3.480020523071289 4080
1779341594953 4.492926597595215 4100
1779341599731 4.327221393585205 4120
1779341604400 4.158389568328857 4140
1779341609108 3.43576979637146 4160
1779341613889 4.478583335876465 4180
1779341618706 14.740130424499512 4200
1779341623506 4.826893329620361 4220
1779341628400 3.4692559242248535 4240
1779341648292 2.587048053741455 4260
1779341653126 3.156876564025879 4280
1779341657830 2.4423530101776123 4300
1779341662625 8.53075122833252 4320
1779341667410 7.041070461273193 4340
1779341672195 4.016766548156738 4360
1779341677036 14.582242012023926 4380
1779341681890 2.4044153690338135 4400
1779341686705 2.973170280456543 4420
1779341691543 10.613029479980469 4440
1779341696509 3.3214433193206787 4460
1779341701328 2.9343578815460205 4480
1779341706105 7.243598461151123 4500
1779341725837 2.5320043563842773 4520
1779341730720 3.5393319129943848 4540
