1778290690308 0.043859649122807015 20
1778290691908 0.08771929824561403 40
1778290693504 0.13157894736842105 60
1778290695104 0.17543859649122806 80
1778290696705 0.21929824561403508 100
1778290698307 0.2631578947368421 120
1778290699907 0.30701754385964913 140
1778290701504 0.3508771929824561 160
1778290703106 0.39473684210526316 180
1778290704710 0.43859649122807015 200
1778290706311 0.4824561403508772 220
1778290707912 0.5263157894736842 240
1778290709525 0.5482456140350878 250
1778290710746 0.5701754385964912 260
1778290712345 0.6140350877192983 280
1778290713947 0.6578947368421053 300
1778290715548 0.7017543859649122 320
1778290717149 0.7456140350877193 340
1778290718752 0.7894736842105263 360
1778290720354 0.8333333333333334 380
1778290721959 0.8771929824561403 400
1778290723563 0.9210526315789473 420
1778290725167 0.9649122807017544 440
1778290726773 1.0087719298245614 460
1778290728377 1.0526315789473684 480
1778290729979 1.0964912280701755 500
1778290730794 1.0964912280701755 500
1778290732801 1.1403508771929824 520
1778290734403 1.1842105263157894 540
1778290736006 1.2280701754385965 560
1778290737606 1.2719298245614035 580
1778290739207 1.3157894736842106 600
1778290740804 1.3596491228070176 620
1778290742405 1.4035087719298245 640
1778290744004 1.4473684210526316 660
1778290745602 1.4912280701754386 680
1778290747202 1.5350877192982457 700
1778290748802 1.5789473684210527 720
1778290750400 1.6228070175438596 740
1778290752012 1.6447368421052633 750
1778290753221 1.6666666666666665 760
1778290754822 1.7105263157894737 780
1778290756421 1.7543859649122808 800
1778290758019 1.7982456140350878 820
1778290759618 1.8421052631578947 840
1778290761219 1.8859649122807016 860
1778290762826 1.9298245614035088 880
1778290764432 1.973684210526316 900
1778290766040 2.017543859649123 920
1778290767644 2.06140350877193 940
1778290769260 2.1052631578947367 960
1778290770866 2.1491228070175437 980
1778290772468 2.192982456140351 1000
1778290773283 2.192982456140351 1000
1778290775323 2.236842105263158 1020
1778290776924 2.280701754385965 1040
1778290778548 2.324561403508772 1060
1778290780148 2.3684210526315788 1080
1778290781746 2.412280701754386 1100
1778290783344 2.456140350877193 1120
1778290784952 2.5 1140
1778290786551 2.543859649122807 1160
1778290788153 2.587719298245614 1180
1778290789754 2.6315789473684212 1200
1778290791354 2.675438596491228 1220
1778290792952 2.719298245614035 1240
1778290794564 2.7412280701754383 1250
1778290795771 2.763157894736842 1260
1778290797373 2.807017543859649 1280
1778290798972 2.8508771929824563 1300
1778290800572 2.8947368421052633 1320
1778290802172 2.93859649122807 1340
1778290803771 2.982456140350877 1360
