1778290690308 0.8684399724006653 20
1778290691908 0.7990104556083679 40
1778290693504 0.7936139702796936 60
1778290695104 1.1890122890472412 80
1778290696705 0.8487462997436523 100
1778290698307 2.770282506942749 120
1778290699907 1.7439919710159302 140
1778290701504 1.0881154537200928 160
1778290703106 0.6714476943016052 180
1778290704710 0.7715556025505066 200
1778290706311 0.7766332626342773 220
1778290707912 2.239208936691284 240
1778290710746 0.8604699373245239 260
1778290712345 0.9042393565177917 280
1778290713947 1.6200884580612183 300
1778290715548 1.2109732627868652 320
1778290717149 0.7602033019065857 340
1778290718752 1.2822433710098267 360
1778290720354 1.3193283081054688 380
1778290721959 1.0738260746002197 400
1778290723563 0.9407711029052734 420
1778290725167 0.9164952635765076 440
1778290726773 0.8845815658569336 460
1778290728377 1.195198893547058 480
1778290729979 1.5503103733062744 500
1778290732801 2.359687566757202 520
1778290734403 1.0723249912261963 540
1778290736006 1.3106833696365356 560
1778290737606 0.9309999942779541 580
1778290739207 1.0968601703643799 600
1778290740804 0.8998700380325317 620
1778290742405 1.2722629308700562 640
1778290744004 1.054663062095642 660
1778290745602 0.8391915559768677 680
1778290747202 1.1737698316574097 700
1778290748802 0.9118720889091492 720
1778290750400 0.8627539277076721 740
1778290753221 1.939443588256836 760
1778290754822 1.1830382347106934 780
1778290756421 1.5076640844345093 800
1778290758019 0.878706157207489 820
1778290759618 1.7233498096466064 840
1778290761219 1.2820998430252075 860
1778290762826 0.9387622475624084 880
1778290764432 1.1386778354644775 900
1778290766040 0.9642232656478882 920
1778290767644 0.9813242554664612 940
1778290769260 1.1310639381408691 960
1778290770866 1.623356819152832 980
1778290772468 1.4224046468734741 1000
1778290775323 2.8811590671539307 1020
1778290776924 2.156205654144287 1040
1778290778548 1.2716259956359863 1060
1778290780148 1.3860372304916382 1080
1778290781746 1.9390454292297363 1100
1778290783344 1.972006916999817 1120
1778290784952 2.1510708332061768 1140
1778290786551 3.3174285888671875 1160
1778290788153 1.1084884405136108 1180
1778290789754 0.8129094839096069 1200
1778290791354 1.7741421461105347 1220
1778290792952 1.1988979578018188 1240
1778290795771 0.953270673751831 1260
1778290797373 1.21771240234375 1280
1778290798972 1.930246353149414 1300
1778290800572 1.7399367094039917 1320
1778290802172 1.5632741451263428 1340
1778290803771 1.1174174547195435 1360
