1778290690308 0.6889 20
1778290691908 0.682 40
1778290693504 0.6509 60
1778290695104 0.6186 80
1778290696705 0.5792 100
1778290698307 0.5463 120
1778290699907 0.5094 140
1778290701504 0.5304 160
1778290703106 0.4977 180
1778290704710 0.5213 200
1778290706311 0.5048 220
1778290707912 0.4822 240
1778290710746 0.4539 260
1778290712345 0.469 280
1778290713947 0.4553 300
1778290715548 0.4771 320
1778290717149 0.4798 340
1778290718752 0.4629 360
1778290720354 0.4514 380
1778290721959 0.469 400
1778290723563 0.4828 420
1778290725167 0.4722 440
1778290726773 0.467 460
1778290728377 0.4541 480
1778290729979 0.4415 500
1778290732801 0.4393 520
1778290734403 0.458 540
1778290736006 0.4641 560
1778290737606 0.4443 580
1778290739207 0.4328 600
1778290740804 0.4471 620
1778290742405 0.4627 640
1778290744004 0.431 660
1778290745602 0.4324 680
1778290747202 0.4479 700
1778290748802 0.397 720
1778290750400 0.4354 740
1778290753221 0.4519 760
1778290754822 0.4494 780
1778290756421 0.413 800
1778290758019 0.4309 820
1778290759618 0.4038 840
1778290761219 0.4371 860
1778290762826 0.4072 880
1778290764432 0.4495 900
1778290766040 0.4189 920
1778290767644 0.4215 940
1778290769260 0.4198 960
1778290770866 0.4211 980
1778290772468 0.3991 1000
1778290775323 0.4546 1020
1778290776924 0.4378 1040
1778290778548 0.4072 1060
1778290780148 0.4637 1080
1778290781746 0.4159 1100
1778290783344 0.4123 1120
1778290784952 0.4369 1140
1778290786551 0.4089 1160
1778290788153 0.4221 1180
1778290789754 0.4222 1200
1778290791354 0.4152 1220
1778290792952 0.4305 1240
1778290795771 0.429 1260
1778290797373 0.404 1280
1778290798972 0.416 1300
1778290800572 0.4091 1320
1778290802172 0.4102 1340
1778290803771 0.4231 1360
