1776961839073 0.014025245441795231 20
1776961842075 0.028050490883590462 40
1776961845090 0.04207573632538569 60
1776961848105 0.056100981767180924 80
1776961851119 0.07012622720897616 100
1776961854137 0.08415147265077139 120
1776961857151 0.09817671809256662 140
1776961860172 0.11220196353436185 160
1776961863190 0.12622720897615708 180
1776961866229 0.1402524544179523 200
1776961869266 0.15427769985974754 220
1776961872274 0.16830294530154277 240
1776961879712 0.1753155680224404 250
1776961881231 0.182328190743338 260
1776961884230 0.19635343618513323 280
1776961887268 0.21037868162692847 300
1776961890297 0.2244039270687237 320
1776961893338 0.23842917251051893 340
1776961896370 0.25245441795231416 360
1776961899417 0.2664796633941094 380
1776961902452 0.2805049088359046 400
1776961905486 0.29453015427769985 420
1776961908546 0.3085553997194951 440
1776961911559 0.3225806451612903 460
1776961914589 0.33660589060308554 480
1776961917644 0.3506311360448808 500
1776961923409 0.3506311360448808 500
1776961928211 0.364656381486676 520
1776961931291 0.37868162692847124 540
1776961934342 0.39270687237026647 560
1776961937399 0.4067321178120617 580
1776961940450 0.42075736325385693 600
1776961943498 0.43478260869565216 620
1776961946571 0.4488078541374474 640
1776961949644 0.4628330995792426 660
1776961952707 0.47685834502103785 680
1776961955773 0.4908835904628331 700
1776961958853 0.5049088359046283 720
1776961961920 0.5189340813464236 740
1776961969286 0.5259467040673211 750
1776961970835 0.5329593267882188 760
1776961973902 0.5469845722300141 780
1776961976969 0.5610098176718092 800
1776961980051 0.5750350631136045 820
1776961983117 0.5890603085553997 840
1776961986220 0.603085553997195 860
1776961989320 0.6171107994389902 880
1776961992399 0.6311360448807855 900
1776961995507 0.6451612903225806 920
1776961998599 0.6591865357643759 940
1776962001683 0.6732117812061711 960
1776962004773 0.6872370266479664 980
1776962007877 0.7012622720897616 1000
1776962013752 0.7012622720897616 1000
1776962018941 0.7152875175315568 1020
1776962022031 0.729312762973352 1040
1776962025135 0.7433380084151473 1060
1776962028242 0.7573632538569425 1080
1776962031344 0.7713884992987378 1100
1776962034474 0.7854137447405329 1120
1776962037594 0.7994389901823282 1140
1776962040720 0.8134642356241234 1160
1776962043842 0.8274894810659187 1180
1776962046939 0.8415147265077139 1200
1776962050039 0.8555399719495091 1220
1776962053130 0.8695652173913043 1240
1776962060578 0.876577840112202 1250
1776962062128 0.8835904628330996 1260
1776962065229 0.8976157082748948 1280
1776962068328 0.9116409537166901 1300
1776962071450 0.9256661991584852 1320
1776962074572 0.9396914446002805 1340
1776962077681 0.9537166900420757 1360
1776962080780 0.967741935483871 1380
1776962083898 0.9817671809256662 1400
1776962087017 0.9957924263674615 1420
1776962090076 1.0098176718092566 1440
1776962093198 1.023842917251052 1460
1776962096309 1.0378681626928472 1480
1776962099411 1.0518934081346423 1500
1776962105357 1.0518934081346423 1500
1776962110175 1.0659186535764376 1520
1776962113282 1.0799438990182328 1540
1776962116390 1.0939691444600281 1560
1776962119501 1.1079943899018232 1580
1776962122607 1.1220196353436185 1600
1776962125739 1.1360448807854138 1620
1776962128848 1.150070126227209 1640
1776962131968 1.1640953716690041 1660
1776962135106 1.1781206171107994 1680
1776962138242 1.1921458625525947 1700
1776962141360 1.20617110799439 1720
1776962144476 1.220196353436185 1740
1776962151956 1.2272089761570828 1750
1776962153533 1.2342215988779803 1760
1776962156654 1.2482468443197756 1780
1776962159773 1.262272089761571 1800
1776962162889 1.276297335203366 1820
1776962166026 1.2903225806451613 1840
1776962169161 1.3043478260869565 1860
1776962172282 1.3183730715287518 1880
1776962175400 1.3323983169705471 1900
1776962178539 1.3464235624123422 1920
1776962181659 1.3604488078541375 1940
1776962184768 1.3744740532959328 1960
1776962187896 1.3884992987377278 1980
1776962191024 1.402524544179523 2000
1776962196992 1.402524544179523 2000
1776962225233 1.4165497896213184 2020
1776962228324 1.4305750350631137 2040
1776962231400 1.444600280504909 2060
1776962234485 1.458625525946704 2080
1776962237607 1.4726507713884993 2100
1776962240695 1.4866760168302946 2120
1776962243798 1.5007012622720897 2140
1776962246896 1.514726507713885 2160
1776962249987 1.5287517531556802 2180
1776962253081 1.5427769985974753 2200
1776962256174 1.5568022440392708 2220
1776962259250 1.5708274894810659 2240
1776962266709 1.5778401122019634 2250
1776962268261 1.5848527349228612 2260
1776962271372 1.5988779803646564 2280
1776962274474 1.6129032258064515 2300
1776962277577 1.6269284712482468 2320
1776962280717 1.640953716690042 2340
1776962283833 1.6549789621318372 2360
1776962286935 1.6690042075736327 2380
1776962290069 1.6830294530154277 2400
1776962293173 1.697054698457223 2420
1776962296294 1.7110799438990183 2440
1776962299418 1.7251051893408134 2460
1776962302518 1.7391304347826086 2480
1776962305640 1.753155680224404 2500
1776962311570 1.753155680224404 2500
1776962316444 1.767180925666199 2520
1776962319546 1.7812061711079945 2540
1776962322666 1.7952314165497896 2560
1776962325798 1.8092566619915849 2580
1776962328914 1.8232819074333801 2600
1776962332030 1.8373071528751752 2620
1776962335159 1.8513323983169705 2640
1776962338274 1.8653576437587658 2660
1776962341394 1.8793828892005608 2680
1776962344506 1.8934081346423564 2700
1776962347614 1.9074333800841514 2720
1776962350740 1.9214586255259467 2740
1776962358234 1.9284712482468445 2750
1776962359789 1.935483870967742 2760
1776962362938 1.949509116409537 2780
1776962366067 1.9635343618513323 2800
1776962369194 1.9775596072931276 2820
1776962372329 1.9915848527349227 2840
1776962375371 2.005610098176718 2860
1776962378494 2.0196353436185133 2880
1776962381627 2.0336605890603083 2900
1776962384742 2.047685834502104 2920
1776962387884 2.061711079943899 2940
1776962391036 2.0757363253856944 2960
1776962394155 2.0897615708274895 2980
1776962397292 2.1037868162692845 3000
1776962403246 2.1037868162692845 3000
1776962429172 2.11781206171108 3020
1776962432259 2.131837307152875 3040
1776962435357 2.1458625525946706 3060
1776962438458 2.1598877980364657 3080
1776962441558 2.1739130434782608 3100
1776962444649 2.1879382889200563 3120
1776962447735 2.2019635343618513 3140
1776962450843 2.2159887798036464 3160
1776962453946 2.230014025245442 3180
1776962457059 2.244039270687237 3200
1776962460160 2.258064516129032 3220
1776962463272 2.2720897615708275 3240
1776962470708 2.279102384291725 3250
1776962472285 2.2861150070126226 3260
1776962475388 2.300140252454418 3280
1776962478497 2.314165497896213 3300
1776962481591 2.3281907433380082 3320
1776962484722 2.3422159887798037 3340
1776962487852 2.356241234221599 3360
1776962491000 2.3702664796633943 3380
1776962494113 2.3842917251051894 3400
1776962497255 2.3983169705469845 3420
1776962500376 2.41234221598878 3440
1776962503506 2.426367461430575 3460
1776962506602 2.44039270687237 3480
1776962509711 2.4544179523141656 3500
1776962515655 2.4544179523141656 3500
1776962537498 2.4544179523141656 3500
1776962543767 2.4544179523141656 3500
1776962551410 2.4544179523141656 3500
1776962551972 2.4544179523141656 0
