1776961839073 1.1428697109222412 20
1776961842075 1.7210168838500977 40
1776961845090 1.1736114025115967 60
1776961848105 1.5339603424072266 80
1776961851119 1.0722001791000366 100
1776961854137 1.298941731452942 120
1776961857151 2.100893259048462 140
1776961860172 2.6607398986816406 160
1776961863190 1.992415428161621 180
1776961866229 4.071138381958008 200
1776961869266 2.7529046535491943 220
1776961872274 1.581268072128296 240
1776961881231 3.0631866455078125 260
1776961884230 3.8747406005859375 280
1776961887268 2.2393624782562256 300
1776961890297 4.499471187591553 320
1776961893338 5.138388633728027 340
1776961896370 2.4956164360046387 360
1776961899417 16.39533233642578 380
1776961902452 3.063060998916626 400
1776961905486 3.65962290763855 420
1776961908546 3.0588603019714355 440
1776961911559 4.835597038269043 460
1776961914589 3.209413528442383 480
1776961917644 4.023398399353027 500
1776961928211 3.407973051071167 520
1776961931291 3.1350150108337402 540
1776961934342 6.3740763664245605 560
1776961937399 10.438545227050781 580
1776961940450 3.4928274154663086 600
1776961943498 2.589897632598877 620
1776961946571 2.0736255645751953 640
1776961949644 4.197146892547607 660
1776961952707 6.9547810554504395 680
1776961955773 3.5723659992218018 700
1776961958853 3.9367685317993164 720
1776961961920 5.065208911895752 740
1776961970835 31.519601821899414 760
1776961973902 6.805696487426758 780
1776961976969 10.20578670501709 800
1776961980051 28.09440040588379 820
1776961983117 10.899391174316406 840
1776961986220 13.748289108276367 860
1776961989320 5.901941776275635 880
1776961992399 1.3419065475463867 900
1776961995507 3.3000447750091553 920
1776961998599 2.5990419387817383 940
1776962001683 11.659341812133789 960
1776962004773 5.578860282897949 980
1776962007877 4.9008588790893555 1000
1776962018941 9.741268157958984 1020
1776962022031 4.417991638183594 1040
1776962025135 3.506089925765991 1060
1776962028242 5.179378032684326 1080
1776962031344 5.043020725250244 1100
1776962034474 3.2627971172332764 1120
1776962037594 4.141557216644287 1140
1776962040720 7.34910774230957 1160
1776962043842 2.776850700378418 1180
1776962046939 6.3435282707214355 1200
1776962050039 5.762488842010498 1220
1776962053130 4.860736846923828 1240
1776962062128 4.040624141693115 1260
1776962065229 2.959475517272949 1280
1776962068328 3.5839381217956543 1300
1776962071450 5.5895490646362305 1320
1776962074572 4.577661991119385 1340
1776962077681 2.972031831741333 1360
1776962080780 6.168071269989014 1380
1776962083898 4.716063022613525 1400
1776962087017 5.584872245788574 1420
1776962090076 8.760575294494629 1440
1776962093198 11.64809513092041 1460
1776962096309 3.583357095718384 1480
1776962099411 3.8860318660736084 1500
1776962110175 4.94765043258667 1520
1776962113282 5.919996738433838 1540
1776962116390 5.9589996337890625 1560
1776962119501 6.552967071533203 1580
1776962122607 18.279617309570312 1600
1776962125739 7.748464107513428 1620
1776962128848 4.2466936111450195 1640
1776962131968 8.81672191619873 1660
1776962135106 1.9151103496551514 1680
1776962138242 2.931220054626465 1700
1776962141360 13.447267532348633 1720
1776962144476 5.477417945861816 1740
1776962153533 6.104950904846191 1760
1776962156654 6.2599639892578125 1780
1776962159773 4.5373921394348145 1800
1776962162889 5.797209739685059 1820
1776962166026 8.808334350585938 1840
1776962169161 4.2787628173828125 1860
1776962172282 13.431239128112793 1880
1776962175400 8.550763130187988 1900
1776962178539 6.251523971557617 1920
1776962181659 5.220649719238281 1940
1776962184768 5.293366432189941 1960
1776962187896 3.2042088508605957 1980
1776962191024 4.444669723510742 2000
1776962225233 6.295567035675049 2020
1776962228324 3.444213628768921 2040
1776962231400 7.5606489181518555 2060
1776962234485 7.5107526779174805 2080
1776962237607 1.4212241172790527 2100
1776962240695 4.603118419647217 2120
1776962243798 3.441486358642578 2140
1776962246896 13.401476860046387 2160
1776962249987 6.387967586517334 2180
1776962253081 5.485250473022461 2200
1776962256174 8.315929412841797 2220
1776962259250 5.124756813049316 2240
1776962268261 12.889974594116211 2260
1776962271372 10.252473831176758 2280
1776962274474 3.706268548965454 2300
1776962277577 2.641582727432251 2320
1776962280717 6.792009353637695 2340
1776962283833 5.267214298248291 2360
1776962286935 3.9923200607299805 2380
1776962290069 4.648032188415527 2400
1776962293173 4.602563381195068 2420
1776962296294 5.319118499755859 2440
1776962299418 3.9830336570739746 2460
1776962302518 2.9448368549346924 2480
1776962305640 15.659356117248535 2500
1776962316444 4.945674419403076 2520
1776962319546 4.847928047180176 2540
1776962322666 4.217772483825684 2560
1776962325798 9.134031295776367 2580
1776962328914 4.755148887634277 2600
1776962332030 5.932572364807129 2620
1776962335159 2.9873929023742676 2640
1776962338274 4.828858375549316 2660
1776962341394 3.9692070484161377 2680
1776962344506 4.429225921630859 2700
1776962347614 8.478361129760742 2720
1776962350740 5.6121506690979 2740
1776962359789 6.575630187988281 2760
1776962362938 5.687151908874512 2780
1776962366067 5.4453301429748535 2800
1776962369194 3.832223892211914 2820
1776962372329 6.77805757522583 2840
1776962375371 6.656255722045898 2860
1776962378494 7.800385475158691 2880
1776962381627 12.27332878112793 2900
1776962384742 8.323659896850586 2920
1776962387884 4.028214454650879 2940
1776962391036 4.430329322814941 2960
1776962394155 9.34352970123291 2980
1776962397292 3.953709840774536 3000
1776962429172 5.770129203796387 3020
1776962432259 16.638158798217773 3040
1776962435357 7.963177680969238 3060
1776962438458 9.230366706848145 3080
1776962441558 6.081149101257324 3100
1776962444649 10.774649620056152 3120
1776962447735 13.987048149108887 3140
1776962450843 8.820671081542969 3160
1776962453946 6.319758892059326 3180
1776962457059 4.755590438842773 3200
1776962460160 7.084601879119873 3220
1776962463272 7.667294025421143 3240
1776962472285 7.677605628967285 3260
1776962475388 9.504258155822754 3280
1776962478497 5.5591349601745605 3300
1776962481591 13.092759132385254 3320
1776962484722 7.385786533355713 3340
1776962487852 6.296315670013428 3360
1776962491000 4.687607288360596 3380
1776962494113 12.279260635375977 3400
1776962497255 7.872691631317139 3420
1776962500376 9.578919410705566 3440
1776962503506 12.612154006958008 3460
1776962506602 24.320579528808594 3480
1776962509711 14.40616226196289 3500
