1776961839073 7.994389901823282e-07 20
1776961842075 1.640953716690042e-06 40
1776961845090 2.482468443197756e-06 60
1776961848105 3.3239831697054697e-06 80
1776961851119 4.165497896213184e-06 100
1776961854137 5.007012622720898e-06 120
1776961857151 5.848527349228612e-06 140
1776961860172 6.6900420757363255e-06 160
1776961863190 7.53155680224404e-06 180
1776961866229 8.373071528751754e-06 200
1776961869266 9.214586255259469e-06 220
1776961872274 1.0056100981767182e-05 240
1776961881231 1.0897615708274896e-05 260
1776961884230 1.1697054698457223e-05 280
1776961887268 1.2538569424964936e-05 300
1776961890297 1.3380084151472651e-05 320
1776961893338 1.4221598877980364e-05 340
1776961896370 1.506311360448808e-05 360
1776961899417 1.5904628330995793e-05 380
1776961902452 1.6746143057503508e-05 400
1776961905486 1.7587657784011223e-05 420
1776961908546 1.8429172510518937e-05 440
1776961911559 1.9228611500701264e-05 460
1776961914589 2.0070126227208976e-05 480
1776961917644 2.091164095371669e-05 500
1776961928211 2.1753155680224405e-05 520
1776961931291 2.259467040673212e-05 540
1776961934342 2.343618513323983e-05 560
1776961937399 2.4277699859747546e-05 580
1776961940450 2.511921458625526e-05 600
1776961943498 2.5960729312762975e-05 620
1776961946571 2.680224403927069e-05 640
1776961949644 2.76437587657784e-05 660
1776961952707 2.8485273492286116e-05 680
1776961955773 2.932678821879383e-05 700
1776961958853 2.998129967274427e-05 720
1776961961920 2.988779803646564e-05 740
1776961970835 2.9794296400187004e-05 760
1776961973902 2.970079476390837e-05 780
1776961976969 2.9607293127629733e-05 800
1776961980051 2.95137914913511e-05 820
1776961983117 2.9420289855072466e-05 840
1776961986220 2.932678821879383e-05 860
1776961989320 2.9233286582515195e-05 880
1776961992399 2.913978494623656e-05 900
1776961995507 2.9046283309957928e-05 920
1776961998599 2.895278167367929e-05 940
1776962001683 2.8859280037400654e-05 960
1776962004773 2.876577840112202e-05 980
1776962007877 2.8672276764843386e-05 1000
1776962018941 2.857877512856475e-05 1020
1776962022031 2.8485273492286116e-05 1040
1776962025135 2.839177185600748e-05 1060
1776962028242 2.8298270219728845e-05 1080
1776962031344 2.8204768583450213e-05 1100
1776962034474 2.8111266947171578e-05 1120
1776962037594 2.8017765310892942e-05 1140
1776962040720 2.7924263674614307e-05 1160
1776962043842 2.783076203833567e-05 1180
1776962046939 2.7737260402057036e-05 1200
1776962050039 2.76437587657784e-05 1220
1776962053130 2.7550257129499766e-05 1240
1776962062128 2.745675549322113e-05 1260
1776962065229 2.73632538569425e-05 1280
1776962068328 2.7269752220663863e-05 1300
1776962071450 2.7176250584385228e-05 1320
1776962074572 2.7082748948106592e-05 1340
1776962077681 2.698924731182796e-05 1360
1776962080780 2.6895745675549325e-05 1380
1776962083898 2.680224403927069e-05 1400
1776962087017 2.670874240299205e-05 1420
1776962090076 2.6615240766713416e-05 1440
1776962093198 2.6521739130434784e-05 1460
1776962096309 2.642823749415615e-05 1480
1776962099411 2.6334735857877513e-05 1500
1776962110175 2.6241234221598878e-05 1520
1776962113282 2.6147732585320246e-05 1540
1776962116390 2.605423094904161e-05 1560
1776962119501 2.5960729312762975e-05 1580
1776962122607 2.586722767648434e-05 1600
1776962125739 2.5773726040205704e-05 1620
1776962128848 2.568022440392707e-05 1640
1776962131968 2.5586722767648434e-05 1660
1776962135106 2.5493221131369798e-05 1680
1776962138242 2.5399719495091163e-05 1700
1776962141360 2.530621785881253e-05 1720
1776962144476 2.5212716222533896e-05 1740
1776962153533 2.511921458625526e-05 1760
1776962156654 2.5025712949976625e-05 1780
1776962159773 2.493221131369799e-05 1800
1776962162889 2.4838709677419358e-05 1820
1776962166026 2.4745208041140722e-05 1840
1776962169161 2.4651706404862087e-05 1860
1776962172282 2.4558204768583448e-05 1880
1776962175400 2.4464703132304816e-05 1900
1776962178539 2.437120149602618e-05 1920
1776962181659 2.4277699859747546e-05 1940
1776962184768 2.418419822346891e-05 1960
1776962187896 2.4090696587190275e-05 1980
1776962191024 2.3997194950911643e-05 2000
1776962225233 2.3903693314633008e-05 2020
1776962228324 2.3810191678354372e-05 2040
1776962231400 2.3716690042075737e-05 2060
1776962234485 2.3623188405797105e-05 2080
1776962237607 2.352968676951847e-05 2100
1776962240695 2.343618513323983e-05 2120
1776962243798 2.3342683496961196e-05 2140
1776962246896 2.324918186068256e-05 2160
1776962249987 2.315568022440393e-05 2180
1776962253081 2.3062178588125293e-05 2200
1776962256174 2.2968676951846658e-05 2220
1776962259250 2.2879850397381954e-05 2240
1776962268261 2.278634876110332e-05 2260
1776962271372 2.2692847124824683e-05 2280
1776962274474 2.259934548854605e-05 2300
1776962277577 2.2505843852267416e-05 2320
1776962280717 2.241234221598878e-05 2340
1776962283833 2.2318840579710145e-05 2360
1776962286935 2.222533894343151e-05 2380
1776962290069 2.2131837307152878e-05 2400
1776962293173 2.2038335670874243e-05 2420
1776962296294 2.1944834034595604e-05 2440
1776962299418 2.185133239831697e-05 2460
1776962302518 2.1757830762038337e-05 2480
1776962305640 2.16643291257597e-05 2500
1776962316444 2.1570827489481066e-05 2520
1776962319546 2.147732585320243e-05 2540
1776962322666 2.1383824216923795e-05 2560
1776962325798 2.1290322580645163e-05 2580
1776962328914 2.1196820944366528e-05 2600
1776962332030 2.1103319308087893e-05 2620
1776962335159 2.1009817671809257e-05 2640
1776962338274 2.0916316035530625e-05 2660
1776962341394 2.0822814399251987e-05 2680
1776962344506 2.072931276297335e-05 2700
1776962347614 2.0635811126694716e-05 2720
1776962350740 2.054230949041608e-05 2740
1776962359789 2.044880785413745e-05 2760
1776962362938 2.0355306217858813e-05 2780
1776962366067 2.0261804581580178e-05 2800
1776962369194 2.0168302945301543e-05 2820
1776962372329 2.007480130902291e-05 2840
1776962375371 1.9981299672744275e-05 2860
1776962378494 1.988779803646564e-05 2880
1776962381627 1.9794296400187005e-05 2900
1776962384742 1.9700794763908366e-05 2920
1776962387884 1.9607293127629734e-05 2940
1776962391036 1.95137914913511e-05 2960
1776962394155 1.9420289855072463e-05 2980
1776962397292 1.9326788218793828e-05 3000
1776962429172 1.9233286582515196e-05 3020
1776962432259 1.913978494623656e-05 3040
1776962435357 1.9046283309957925e-05 3060
1776962438458 1.895278167367929e-05 3080
1776962441558 1.8859280037400655e-05 3100
1776962444649 1.8765778401122023e-05 3120
1776962447735 1.8672276764843387e-05 3140
1776962450843 1.857877512856475e-05 3160
1776962453946 1.8485273492286113e-05 3180
1776962457059 1.839177185600748e-05 3200
1776962460160 1.8298270219728846e-05 3220
1776962463272 1.820476858345021e-05 3240
1776962472285 1.8111266947171575e-05 3260
1776962475388 1.801776531089294e-05 3280
1776962478497 1.7924263674614308e-05 3300
1776962481591 1.7830762038335673e-05 3320
1776962484722 1.7737260402057037e-05 3340
1776962487852 1.7643758765778402e-05 3360
1776962491000 1.755025712949977e-05 3380
1776962494113 1.745675549322113e-05 3400
1776962497255 1.7363253856942496e-05 3420
1776962500376 1.726975222066386e-05 3440
1776962503506 1.7176250584385225e-05 3460
1776962506602 1.7082748948106593e-05 3480
1776962509711 1.6989247311827958e-05 3500
