1779317767997 2.34751296043396 20
1779317770462 1.254102110862732 40
1779317772910 0.8502259254455566 60
1779317775294 3.5805625915527344 80
1779317777882 2.197807550430298 100
1779317780752 1.1360564231872559 120
1779317783298 1.9888358116149902 140
1779317785881 1.3003520965576172 160
1779317788565 1.9464669227600098 180
1779317791201 2.895287036895752 200
1779317793933 2.230635643005371 220
1779317796344 1.1651898622512817 240
1779317802670 1.3558145761489868 260
1779317804799 2.995094060897827 280
1779317807011 1.333233118057251 300
1779317809499 2.1043965816497803 320
1779317811987 1.753981590270996 340
1779317814573 1.1784765720367432 360
1779317817201 3.1486568450927734 380
1779317819786 1.0153974294662476 400
1779317822426 1.4491878747940063 420
1779317825201 1.901824712753296 440
1779317827971 1.8037086725234985 460
1779317830851 1.2378937005996704 480
1779317833649 1.7965610027313232 500
1779317841043 1.2777221202850342 520
1779317843349 2.3916327953338623 540
1779317845699 2.9655632972717285 560
1779317848236 1.5510414838790894 580
1779317850664 1.236700415611267 600
1779317853206 1.5179414749145508 620
1779317855778 1.9217205047607422 640
1779317858679 1.629624366760254 660
1779317861394 4.158425807952881 680
1779317864092 1.1764769554138184 700
1779317867001 1.7662608623504639 720
1779317870084 1.9258768558502197 740
1779317877947 2.898869514465332 760
1779317880713 1.0501770973205566 780
1779317883302 3.828822135925293 800
1779317885633 1.2133185863494873 820
1779317887697 1.560062050819397 840
1779317890034 1.7958029508590698 860
1779317892524 1.234610676765442 880
1779317895255 1.5331721305847168 900
1779317898303 1.9914116859436035 920
1779317901121 1.1455544233322144 940
1779317904078 3.6243646144866943 960
1779317907101 1.0587694644927979 980
1779317909805 3.706631660461426 1000
1779317917974 1.8714863061904907 1020
1779317920159 2.1481213569641113 1040
1779317922319 1.2731611728668213 1060
1779317924712 3.854907512664795 1080
1779317927547 1.102046251296997 1100
1779317930300 3.1437485218048096 1120
1779317933209 1.640485405921936 1140
1779317936318 2.1865670680999756 1160
1779317939116 2.3337314128875732 1180
1779317941892 2.0692193508148193 1200
1779317944535 1.580940842628479 1220
1779317947052 1.0840493440628052 1240
1779317954475 1.327547311782837 1260
1779317957180 3.6531569957733154 1280
1779317959920 0.9883471131324768 1300
1779317962623 1.373245120048523 1320
1779317965490 4.895737648010254 1340
1779317968338 1.9381306171417236 1360
1779317971229 1.4759608507156372 1380
1779317974041 1.385172963142395 1400
1779317976786 1.7851697206497192 1420
1779317979598 1.5590603351593018 1440
1779317982510 1.3222438097000122 1460
1779317985430 4.194554328918457 1480
1779317988079 1.821540355682373 1500
1779317995491 3.2018237113952637 1520
1779317998221 1.314934253692627 1540
1779318001064 1.621552586555481 1560
1779318003757 1.4510319232940674 1580
1779318006692 1.5365430116653442 1600
1779318009529 1.3885798454284668 1620
1779318012138 1.7626985311508179 1640
1779318014829 1.9284164905548096 1660
1779318017560 1.4909452199935913 1680
1779318020384 3.101337194442749 1700
1779318023184 1.5347790718078613 1720
1779318026008 1.2614076137542725 1740
1779318034149 1.2292182445526123 1760
1779318036874 1.9799950122833252 1780
1779318039564 1.9329949617385864 1800
1779318042014 1.7960468530654907 1820
1779318044520 1.3171844482421875 1840
1779318047216 1.2707908153533936 1860
1779318050149 1.186461329460144 1880
1779318052797 1.9145885705947876 1900
1779318055546 2.367769956588745 1920
1779318058416 1.2927911281585693 1940
1779318061260 2.50624418258667 1960
1779318063828 1.932000756263733 1980
1779318066836 1.0954176187515259 2000
1779318074732 3.279341697692871 2020
1779318077728 1.5979433059692383 2040
1779318080714 1.7484995126724243 2060
1779318083333 1.3617746829986572 2080
1779318085770 2.743412494659424 2100
1779318088114 2.2260499000549316 2120
1779318090708 2.3010940551757812 2140
1779318093256 1.2722800970077515 2160
1779318096134 3.2433528900146484 2180
1779318099394 4.418015003204346 2200
1779318102394 1.458067774772644 2220
1779318105366 3.2604799270629883 2240
1779318113948 1.628605842590332 2260
1779318116895 2.4565012454986572 2280
1779318119870 3.187391757965088 2300
1779318122622 1.158506155014038 2320
1779318125444 1.478345274925232 2340
1779318128417 2.254960536956787 2360
1779318131090 1.796920895576477 2380
1779318133715 2.4563615322113037 2400
1779318136532 1.7380744218826294 2420
1779318139249 1.4043506383895874 2440
1779318142042 1.4153207540512085 2460
1779318144798 1.6733310222625732 2480
1779318147501 1.2873916625976562 2500
1779318154914 1.5792720317840576 2520
1779318157363 1.7662919759750366 2540
1779318159975 3.1344239711761475 2560
1779318162745 1.936431884765625 2580
1779318165454 1.202558994293213 2600
1779318168387 4.141440391540527 2620
1779318171331 1.9035738706588745 2640
1779318174496 2.4552459716796875 2660
1779318177090 1.9322808980941772 2680
1779318179977 1.4579331874847412 2700
1779318182794 1.5918184518814087 2720
1779318185357 2.8872592449188232 2740
1779318193840 2.137735605239868 2760
1779318197196 1.3186029195785522 2780
1779318199952 1.2021911144256592 2800
1779318202667 1.600912094116211 2820
1779318205553 1.8616313934326172 2840
1779318208404 1.8569449186325073 2860
1779318211231 3.501573085784912 2880
1779318213913 2.9226677417755127 2900
1779318216519 1.2852767705917358 2920
1779318219229 2.30859112739563 2940
1779318222133 2.47572922706604 2960
1779318224960 3.7408318519592285 2980
1779318227744 1.7086504697799683 3000
1779318235730 2.028883457183838 3020
1779318238380 2.541041851043701 3040
1779318241066 2.7644150257110596 3060
1779318244585 4.997646331787109 3080
1779318247568 2.2876758575439453 3100
1779318250427 1.8119913339614868 3120
1779318253529 1.8119211196899414 3140
1779318256451 2.3607075214385986 3160
1779318259657 1.6309717893600464 3180
1779318262522 1.5413086414337158 3200
1779318266155 1.9020403623580933 3220
1779318269374 2.5644612312316895 3240
1779318278068 1.3139569759368896 3260
1779318280414 2.7051236629486084 3280
1779318282890 2.602180242538452 3300
1779318285403 2.7749991416931152 3320
1779318287855 2.0130462646484375 3340
1779318290056 3.612070322036743 3360
1779318292620 2.0722920894622803 3380
1779318295589 2.5696635246276855 3400
1779318298302 2.141169786453247 3420
1779318301070 3.283754587173462 3440
1779318303939 2.7443220615386963 3460
1779318306498 2.911926507949829 3480
1779318309369 2.1718363761901855 3500
1779318316976 3.2960071563720703 3520
1779318319596 1.6447011232376099 3540
1779318322294 2.8827781677246094 3560
1779318324798 2.50191593170166 3580
1779318327197 3.9707086086273193 3600
1779318329570 2.2547504901885986 3620
1779318332034 2.9066457748413086 3640
1779318334552 1.836708426475525 3660
1779318337089 1.9570978879928589 3680
1779318339644 2.1771109104156494 3700
1779318342553 1.8213648796081543 3720
1779318345406 2.244288921356201 3740
1779318352872 3.9817206859588623 3760
1779318355395 2.634281873703003 3780
1779318357989 2.563640594482422 3800
1779318360592 2.236070156097412 3820
1779318362800 2.3415322303771973 3840
1779318365029 5.489349842071533 3860
1779318367177 3.0154542922973633 3880
1779318369366 1.6473925113677979 3900
1779318371608 2.4118120670318604 3920
1779318374509 1.892988920211792 3940
1779318377433 4.58312463760376 3960
1779318380146 2.7271292209625244 3980
1779318382325 4.328186988830566 4000
1779318389894 3.5738909244537354 4020
1779318392493 2.180807113647461 4040
1779318394843 4.640034198760986 4060
1779318397291 1.988804578781128 4080
1779318399823 4.434834957122803 4100
1779318402445 2.1190736293792725 4120
1779318404978 3.3931620121002197 4140
1779318407540 2.3814687728881836 4160
1779318410221 2.00114369392395 4180
1779318412701 3.704758882522583 4200
1779318415466 2.423088312149048 4220
1779318418511 1.8831278085708618 4240
1779318425759 2.379945993423462 4260
1779318428777 1.875170350074768 4280
1779318431519 2.5844886302948 4300
1779318434330 2.653169870376587 4320
1779318437067 2.9188952445983887 4340
1779318439891 2.193203926086426 4360
1779318442668 3.0775303840637207 4380
1779318445599 2.384286403656006 4400
1779318448463 1.798959493637085 4420
1779318451002 2.8273379802703857 4440
1779318453607 3.8649888038635254 4460
1779318456398 2.8001275062561035 4480
1779318459207 2.78459095954895 4500
1779318466895 2.633013963699341 4520
1779318469456 1.9670240879058838 4540
