1779317767997 0.7039 20
1779317770462 0.692 40
1779317772910 0.6798 60
1779317775294 0.6523 80
1779317777882 0.6394 100
1779317780752 0.5953 120
1779317783298 0.5631 140
1779317785881 0.5233 160
1779317788565 0.5338 180
1779317791201 0.5049 200
1779317793933 0.4991 220
1779317796344 0.4993 240
1779317802670 0.518 260
1779317804799 0.4957 280
1779317807011 0.5035 300
1779317809499 0.5179 320
1779317811987 0.482 340
1779317814573 0.4767 360
1779317817201 0.4511 380
1779317819786 0.4958 400
1779317822426 0.4416 420
1779317825201 0.482 440
1779317827971 0.4695 460
1779317830851 0.4585 480
1779317833649 0.4283 500
1779317841043 0.4554 520
1779317843349 0.4797 540
1779317845699 0.4767 560
1779317848236 0.46 580
1779317850664 0.4313 600
1779317853206 0.4506 620
1779317855778 0.4406 640
1779317858679 0.4427 660
1779317861394 0.4336 680
1779317864092 0.4731 700
1779317867001 0.4931 720
1779317870084 0.442 740
1779317877947 0.5068 760
1779317880713 0.4593 780
1779317883302 0.4302 800
1779317885633 0.457 820
1779317887697 0.4558 840
1779317890034 0.4122 860
1779317892524 0.4361 880
1779317895255 0.4547 900
1779317898303 0.4486 920
1779317901121 0.47 940
1779317904078 0.4595 960
1779317907101 0.4429 980
1779317909805 0.4142 1000
1779317917974 0.4308 1020
1779317920159 0.4437 1040
1779317922319 0.4506 1060
1779317924712 0.4801 1080
1779317927547 0.3948 1100
1779317930300 0.4608 1120
1779317933209 0.4148 1140
1779317936318 0.4141 1160
1779317939116 0.4102 1180
1779317941892 0.443 1200
1779317944535 0.4207 1220
1779317947052 0.4472 1240
1779317954475 0.4164 1260
1779317957180 0.3837 1280
1779317959920 0.3947 1300
1779317962623 0.3942 1320
1779317965490 0.4526 1340
1779317968338 0.43 1360
1779317971229 0.4339 1380
1779317974041 0.395 1400
1779317976786 0.4395 1420
1779317979598 0.4447 1440
1779317982510 0.4193 1460
1779317985430 0.4623 1480
1779317988079 0.4608 1500
1779317995491 0.4383 1520
1779317998221 0.3996 1540
1779318001064 0.3972 1560
1779318003757 0.414 1580
1779318006692 0.4187 1600
1779318009529 0.4184 1620
1779318012138 0.3979 1640
1779318014829 0.4308 1660
1779318017560 0.4773 1680
1779318020384 0.4234 1700
1779318023184 0.4555 1720
1779318026008 0.4073 1740
1779318034149 0.4141 1760
1779318036874 0.4472 1780
1779318039564 0.3962 1800
1779318042014 0.4149 1820
1779318044520 0.422 1840
1779318047216 0.4221 1860
1779318050149 0.3658 1880
1779318052797 0.3784 1900
1779318055546 0.3791 1920
1779318058416 0.4173 1940
1779318061260 0.4177 1960
1779318063828 0.3918 1980
1779318066836 0.4181 2000
1779318074732 0.4051 2020
1779318077728 0.3886 2040
1779318080714 0.3907 2060
1779318083333 0.4169 2080
1779318085770 0.4226 2100
1779318088114 0.3765 2120
1779318090708 0.4195 2140
1779318093256 0.379 2160
1779318096134 0.4371 2180
1779318099394 0.4373 2200
1779318102394 0.4038 2220
1779318105366 0.3968 2240
1779318113948 0.3922 2260
1779318116895 0.4238 2280
1779318119870 0.4005 2300
1779318122622 0.3874 2320
1779318125444 0.434 2340
1779318128417 0.353 2360
1779318131090 0.3767 2380
1779318133715 0.3992 2400
1779318136532 0.3797 2420
1779318139249 0.3628 2440
1779318142042 0.4464 2460
1779318144798 0.4299 2480
1779318147501 0.3772 2500
1779318154914 0.4126 2520
1779318157363 0.373 2540
1779318159975 0.4109 2560
1779318162745 0.3978 2580
1779318165454 0.3758 2600
1779318168387 0.3982 2620
1779318171331 0.4314 2640
1779318174496 0.4586 2660
1779318177090 0.3949 2680
1779318179977 0.3981 2700
1779318182794 0.3687 2720
1779318185357 0.439 2740
1779318193840 0.392 2760
1779318197196 0.3624 2780
1779318199952 0.3742 2800
1779318202667 0.4031 2820
1779318205553 0.3803 2840
1779318208404 0.4079 2860
1779318211231 0.4023 2880
1779318213913 0.3426 2900
1779318216519 0.3943 2920
1779318219229 0.4132 2940
1779318222133 0.3961 2960
1779318224960 0.3639 2980
1779318227744 0.3979 3000
1779318235730 0.3743 3020
1779318238380 0.3653 3040
1779318241066 0.3358 3060
1779318244585 0.3339 3080
1779318247568 0.3617 3100
1779318250427 0.4103 3120
1779318253529 0.3881 3140
1779318256451 0.3678 3160
1779318259657 0.3435 3180
1779318262522 0.3411 3200
1779318266155 0.3216 3220
1779318269374 0.3477 3240
1779318278068 0.3766 3260
1779318280414 0.373 3280
1779318282890 0.3639 3300
1779318285403 0.398 3320
1779318287855 0.4063 3340
1779318290056 0.3613 3360
1779318292620 0.3776 3380
1779318295589 0.4039 3400
1779318298302 0.3898 3420
1779318301070 0.3717 3440
1779318303939 0.3909 3460
1779318306498 0.3602 3480
1779318309369 0.3515 3500
1779318316976 0.3779 3520
1779318319596 0.3821 3540
1779318322294 0.3378 3560
1779318324798 0.4046 3580
1779318327197 0.3984 3600
1779318329570 0.4062 3620
1779318332034 0.3701 3640
1779318334552 0.3539 3660
1779318337089 0.3859 3680
1779318339644 0.3445 3700
1779318342553 0.3759 3720
1779318345406 0.357 3740
1779318352872 0.3571 3760
1779318355395 0.3257 3780
1779318357989 0.3472 3800
1779318360592 0.3603 3820
1779318362800 0.3329 3840
1779318365029 0.3634 3860
1779318367177 0.347 3880
1779318369366 0.342 3900
1779318371608 0.3294 3920
1779318374509 0.3205 3940
1779318377433 0.3365 3960
1779318380146 0.3536 3980
1779318382325 0.3593 4000
1779318389894 0.3712 4020
1779318392493 0.3796 4040
1779318394843 0.3778 4060
1779318397291 0.4024 4080
1779318399823 0.3912 4100
1779318402445 0.3652 4120
1779318404978 0.3031 4140
1779318407540 0.3708 4160
1779318410221 0.3535 4180
1779318412701 0.3999 4200
1779318415466 0.3714 4220
1779318418511 0.3422 4240
1779318425759 0.3418 4260
1779318428777 0.3391 4280
1779318431519 0.3643 4300
1779318434330 0.3106 4320
1779318437067 0.3415 4340
1779318439891 0.3388 4360
1779318442668 0.3559 4380
1779318445599 0.3293 4400
1779318448463 0.3493 4420
1779318451002 0.3342 4440
1779318453607 0.3752 4460
1779318456398 0.3444 4480
1779318459207 0.3938 4500
1779318466895 0.3291 4520
1779318469456 0.3748 4540
