1778903174799 0.02806032970887408 20
1778903183195 0.05612065941774816 40
1778903191598 0.08418098912662224 60
1778903200003 0.11224131883549632 80
1778903208406 0.14030164854437038 100
1778903216811 0.16836197825324448 120
1778903225216 0.19642230796211854 140
1778903233620 0.22448263767099264 160
1778903242024 0.2525429673798667 180
1778903250429 0.28060329708874077 200
1778903258833 0.3086636267976149 220
1778903267237 0.33672395650648895 240
1778903308343 0.350754121360926 250
1778903313917 0.364784286215363 260
1778903322325 0.3928446159242371 280
1778903330731 0.4209049456331112 300
1778903339137 0.44896527534198527 320
1778903347543 0.47702560505085934 340
1778903355949 0.5050859347597334 360
1778903364354 0.5331462644686075 380
1778903372760 0.5612065941774815 400
1778903381167 0.5892669238863557 420
1778903389573 0.6173272535952298 440
1778903397978 0.6453875833041038 460
1778903406384 0.6734479130129779 480
1778903414789 0.701508242721852 500
1778903451639 0.701508242721852 500
1778903461631 0.729568572430726 520
1778903470035 0.7576289021396001 540
1778903478440 0.7856892318484742 560
1778903486843 0.8137495615573483 580
1778903495249 0.8418098912662224 600
1778903503654 0.8698702209750965 620
1778903512058 0.8979305506839705 640
1778903520463 0.9259908803928446 660
1778903528868 0.9540512101017187 680
1778903537273 0.9821115398105927 700
1778903545546 1.0098211153981058 720
1778903553952 1.03788144510698 740
1778903594994 1.051911609961417 750
1778903600799 1.0659417748158542 760
1778903609204 1.0940021045247281 780
1778903617607 1.1220624342336023 800
1778903626010 1.1501227639424763 820
1778903634413 1.1781830936513504 840
1778903642815 1.2062434233602244 860
1778903651218 1.2343037530690986 880
1778903659621 1.2623640827779727 900
1778903668024 1.2904244124868467 920
1778903676427 1.3184847421957209 940
1778903684830 1.3465450719045948 960
1778903693234 1.374605401613469 980
1778903701638 1.402665731322343 1000
1778903738470 1.402665731322343 1000
1778903748477 1.4307260610312171 1020
1778903756885 1.4587863907400913 1040
1778903765290 1.4868467204489653 1060
1778903773694 1.5149070501578392 1080
1778903782099 1.5429673798667134 1100
1778903790504 1.5710277095755876 1120
1778903798909 1.5990880392844615 1140
1778903807315 1.6271483689933357 1160
1778903815720 1.6552086987022099 1180
1778903824125 1.6832690284110838 1200
1778903832531 1.7113293581199578 1220
1778903840936 1.739389687828832 1240
1778903881979 1.753419852683269 1250
1778903887781 1.7674500175377061 1260
1778903896189 1.79551034724658 1280
1778903904595 1.8235706769554543 1300
1778903913001 1.8516310066643284 1320
1778903921405 1.8796913363732024 1340
1778903929811 1.9077516660820764 1360
1778903938216 1.9358119957909505 1380
1778903946622 1.9638723254998247 1400
1778903955027 1.9919326552086987 1420
1778903963301 2.0196422307962116 1440
1778903971708 2.047702560505086 1460
1778903980116 2.07576289021396 1480
1778903988521 2.103823219922834 1500
1778904025365 2.103823219922834 1500
1778904035361 2.1318835496317083 1520
1778904043760 2.1599438793405823 1540
1778904052165 2.1880042090494563 1560
1778904060569 2.21606453875833 1580
1778904068975 2.2441248684672046 1600
1778904077381 2.2721851981760786 1620
1778904085785 2.3002455278849525 1640
1778904094192 2.328305857593827 1660
1778904102597 2.356366187302701 1680
1778904111003 2.384426517011575 1700
1778904119408 2.4124868467204488 1720
1778904127813 2.440547176429323 1740
1778904168865 2.45457734128376 1750
1778904174669 2.468607506138197 1760
1778904183072 2.496667835847071 1780
1778904191471 2.5247281655559455 1800
1778904199871 2.5527884952648194 1820
1778904208270 2.5808488249736934 1840
1778904216669 2.608909154682568 1860
1778904225069 2.6369694843914417 1880
1778904233468 2.6650298141003157 1900
1778904241867 2.6930901438091897 1920
1778904250265 2.7211504735180636 1940
1778904258665 2.749210803226938 1960
1778904267063 2.777271132935812 1980
1778904275462 2.805331462644686 2000
1778904312276 2.805331462644686 2000
1778904322267 2.8333917923535603 2020
1778904330665 2.8614521220624343 2040
1778904339058 2.889512451771308 2060
1778904347451 2.9175727814801826 2080
1778904355844 2.9456331111890566 2100
1778904364237 2.9736934408979305 2120
1778904372500 3.0014030164854435 2140
1778904380894 3.029463346194318 2160
1778904389289 3.057523675903192 2180
1778904397684 3.085584005612066 2200
1778904406080 3.11364433532094 2220
1778904414474 3.141704665029814 2240
1778904455461 3.155734829884251 2250
1778904461268 3.169764994738688 2260
1778904469669 3.197825324447562 2280
1778904478067 3.2258856541564365 2300
1778904486465 3.2539459838653104 2320
1778904494863 3.2820063135741844 2340
1778904503261 3.3100666432830588 2360
1778904511659 3.3381269729919327 2380
1778904520057 3.3661873027008067 2400
1778904528456 3.3942476324096806 2420
1778904536854 3.422307962118555 2440
1778904545253 3.450368291827429 2460
1778904553652 3.478428621536303 2480
1778904562052 3.506488951245177 2500
1778904598870 3.506488951245177 2500
1778904608870 3.5345492809540513 2520
1778904617269 3.5626096106629253 2540
1778904625664 3.590669940371799 2560
1778904634060 3.6187302700806736 2580
1778904642454 3.6467905997895476 2600
1778904650853 3.6748509294984215 2620
1778904659270 3.702911259207296 2640
1778904667676 3.73097158891617 2660
1778904676082 3.759031918625044 2680
1778904684489 3.7870922483339178 2700
1778904692896 3.8151525780427917 2720
1778904701304 3.843212907751666 2740
1778904742303 3.857243072606103 2750
1778904748112 3.87127323746054 2760
1778904756513 3.899333567169414 2780
1778904764908 3.9273938968782884 2800
1778904773306 3.9554542265871624 2820
1778904781704 3.9835145562960363 2840
1778904789968 4.01122413188355 2860
1778904798365 4.039284461592423 2880
1778904806763 4.067344791301298 2900
1778904815160 4.095405121010172 2920
1778904823556 4.123465450719046 2940
1778904831954 4.15152578042792 2960
1778904840352 4.179586110136794 2980
1778904848751 4.207646439845668 3000
1778904885547 4.207646439845668 3000
1778904895551 4.235706769554542 3020
1778904903962 4.263767099263417 3040
1778904912366 4.29182742897229 3060
1778904920772 4.319887758681165 3080
1778904929180 4.347948088390039 3100
1778904937586 4.3760084180989125 3120
1778904945993 4.404068747807787 3140
1778904954398 4.43212907751666 3160
1778904962806 4.460189407225535 3180
1778904971213 4.488249736934409 3200
1778904979620 4.516310066643283 3220
1778904988025 4.544370396352157 3240
1778905029056 4.558400561206594 3250
1778905034869 4.5724307260610315 3260
1778905043275 4.600491055769905 3280
1778905051675 4.628551385478779 3300
1778905060080 4.656611715187654 3320
1778905068483 4.684672044896527 3340
1778905076883 4.712732374605402 3360
1778905085286 4.740792704314275 3380
1778905093685 4.76885303402315 3400
1778905102085 4.796913363732024 3420
1778905110485 4.8249736934408975 3440
1778905118888 4.853034023149772 3460
1778905127290 4.881094352858646 3480
1778905135701 4.90915468256752 3500
1778905172492 4.90915468256752 3500
1778905182271 4.937215012276394 3520
1778905190674 4.965275341985269 3540
1778905199073 4.993335671694142 3560
1778905237854 5.0 3565
1778905239482 5.0 3565
1778905277117 5.0 3565
1778905323124 5.0 3565
1778905370555 5.0 0
