1779355889471 0.01948368241597662 20
1779355914257 0.03896736483195324 40
1779355937816 0.058451047247929856 60
1779355957299 0.07793472966390648 80
1779355978498 0.0974184120798831 100
1779355999880 0.11690209449585971 120
1779356019981 0.13638577691183634 140
1779356041345 0.15586945932781296 160
1779356062993 0.17535314174378958 180
1779356082733 0.1948368241597662 200
1779356102345 0.2143205065757428 220
1779356122606 0.23380418899171942 240
1779356180597 0.24354603019970775 250
1779356199307 0.25328787140769604 260
1779356219153 0.2727715538236727 280
1779356239609 0.2922552362396493 300
1779356259666 0.3117389186556259 320
1779356279107 0.3312226010716025 340
1779356298448 0.35070628348757915 360
1779356317932 0.3701899659035558 380
1779356337424 0.3896736483195324 400
1779356356804 0.40915733073550903 420
1779356376146 0.4286410131514856 440
1779356395903 0.44812469556746226 460
1779356415488 0.46760837798343885 480
1779356434747 0.4870920603994155 500
1779356477745 0.4870920603994155 500
1779356505818 0.5065757428153921 520
1779356525906 0.5260594252313687 540
1779356545814 0.5455431076473454 560
1779356565833 0.565026790063322 580
1779356585659 0.5845104724792985 600
1779356605510 0.6039941548952752 620
1779356625692 0.6234778373112518 640
1779356645794 0.6429615197272285 660
1779356665977 0.662445202143205 680
1779356685558 0.6819288845591817 700
1779356704984 0.7014125669751583 720
1779356724273 0.720896249391135 740
1779356776314 0.7306380905991232 750
1779356794172 0.7403799318071116 760
1779356813541 0.7598636142230881 780
1779356832987 0.7793472966390648 800
1779356852546 0.7988309790550414 820
1779356872989 0.8183146614710181 840
1779356893271 0.8377983438869946 860
1779356912509 0.8572820263029712 880
1779356931636 0.8767657087189479 900
1779356950959 0.8962493911349245 920
1779356970186 0.9157330735509012 940
1779356989490 0.9352167559668777 960
1779357008657 0.9547004383828543 980
1779357027746 0.974184120798831 1000
1779357069925 0.974184120798831 1000
1779357096751 0.9936678032148076 1020
1779357115538 1.0126643935703847 1040
1779357134650 1.0321480759863615 1060
1779357153848 1.051631758402338 1080
1779357173082 1.0711154408183146 1100
1779357192257 1.0905991232342913 1120
1779357211780 1.1100828056502678 1140
1779357231110 1.1295664880662446 1160
1779357250204 1.1490501704822211 1180
1779357269344 1.1685338528981977 1200
1779357288470 1.1880175353141744 1220
1779357307627 1.207501217730151 1240
1779357359171 1.2172430589381393 1250
1779357376515 1.2269849001461277 1260
1779357395621 1.2464685825621042 1280
1779357414883 1.2659522649780808 1300
1779357434167 1.2854359473940575 1320
1779357453367 1.304919629810034 1340
1779357472538 1.3244033122260106 1360
1779357491826 1.3438869946419874 1380
1779357511051 1.3633706770579639 1400
1779357530169 1.3828543594739406 1420
1779357549268 1.4023380418899172 1440
1779357568375 1.421821724305894 1460
1779357587628 1.4413054067218705 1480
1779357606868 1.460789089137847 1500
1779357649264 1.460789089137847 1500
1779357676137 1.4802727715538238 1520
1779357695327 1.4997564539698003 1540
1779357714486 1.5192401363857768 1560
1779357733702 1.5387238188017536 1580
1779357752884 1.55820750121773 1600
1779357772011 1.5776911836337066 1620
1779357791117 1.5971748660496834 1640
1779357810242 1.6166585484656602 1660
1779357829408 1.6361422308816367 1680
1779357848826 1.6556259132976132 1700
1779357867907 1.67510959571359 1720
1779357887115 1.6945932781295665 1740
1779357938729 1.7043351193375549 1750
1779357955356 1.714076960545543 1760
1779357974678 1.7335606429615198 1780
1779357993837 1.7530443253774963 1800
1779358013075 1.7725280077934729 1820
1779358032257 1.7920116902094496 1840
1779358051401 1.8114953726254264 1860
1779358070511 1.8309790550414027 1880
1779358089723 1.8504627374573794 1900
1779358108938 1.8699464198733562 1920
1779358128186 1.8894301022893327 1940
1779358147402 1.9089137847053093 1960
1779358166555 1.928397467121286 1980
1779358185645 1.9478811495372625 2000
1779358227838 1.9478811495372625 2000
1779358255788 1.967364831953239 2020
1779358274972 1.9868485143692158 2040
1779358293585 2.005845104724793 2060
1779358312677 2.0253287871407695 2080
1779358331790 2.0448124695567462 2100
1779358350883 2.064296151972723 2120
1779358369945 2.0837798343886993 2140
1779358389095 2.103263516804676 2160
1779358408221 2.122747199220653 2180
1779358427453 2.142230881636629 2200
1779358446617 2.161714564052606 2220
1779358465884 2.1811982464685826 2240
1779358517838 2.190940087676571 2250
1779358535374 2.2006819288845594 2260
1779358554656 2.2201656113005357 2280
1779358573858 2.2396492937165124 2300
1779358593058 2.259132976132489 2320
1779358612172 2.2786166585484655 2340
1779358631347 2.2981003409644423 2360
1779358650643 2.317584023380419 2380
1779358669855 2.3370677057963953 2400
1779358689328 2.356551388212372 2420
1779358708470 2.376035070628349 2440
1779358727640 2.3955187530443256 2460
1779358746887 2.415002435460302 2480
1779358766071 2.4344861178762787 2500
1779358808049 2.4344861178762787 2500
1779358835197 2.4539698002922554 2520
1779358854298 2.4734534827082317 2540
1779358873358 2.4929371651242085 2560
1779358892374 2.5124208475401852 2580
1779358911375 2.5319045299561616 2600
1779358930481 2.5513882123721383 2620
1779358949654 2.570871894788115 2640
1779358968752 2.5903555772040914 2660
1779358987865 2.609839259620068 2680
1779359006943 2.629322942036045 2700
1779359026078 2.648806624452021 2720
1779359045171 2.668290306867998 2740
1779359096342 2.678032148075986 2750
1779359111761 2.6877739892839747 2760
1779359130779 2.707257671699951 2780
1779359149874 2.7267413541159278 2800
1779359169234 2.7462250365319045 2820
1779359188393 2.7657087189478813 2840
1779359207579 2.785192401363858 2860
1779359226694 2.8046760837798344 2880
1779359245801 2.824159766195811 2900
1779359264956 2.843643448611788 2920
1779359284031 2.863127131027764 2940
1779359303146 2.882610813443741 2960
1779359322258 2.9020944958597177 2980
1779359341365 2.921578178275694 3000
1779359383453 2.921578178275694 3000
1779359411182 2.9410618606916707 3020
1779359430363 2.9605455431076475 3040
1779359449512 2.980029225523624 3060
1779359468656 2.9995129079396006 3080
1779359487253 3.018509498295178 3100
1779359506398 3.037993180711154 3120
1779359525482 3.057476863127131 3140
1779359544536 3.0769605455431077 3160
1779359563536 3.0964442279590845 3180
1779359582663 3.115927910375061 3200
1779359601765 3.1354115927910375 3220
1779359620822 3.1548952752070143 3240
1779359672241 3.1646371164150024 3250
1779359689856 3.1743789576229906 3260
1779359708934 3.1938626400389674 3280
1779359728005 3.213346322454944 3300
1779359747092 3.2328300048709204 3320
1779359766169 3.252313687286897 3340
1779359785297 3.271797369702874 3360
1779359804408 3.2912810521188502 3380
1779359823836 3.310764734534827 3400
1779359842895 3.3302484169508038 3420
1779359861966 3.3497320993667805 3440
1779359881051 3.369215781782757 3460
1779359900224 3.3886994641987336 3480
1779359919375 3.4081831466147103 3500
1779359961313 3.4081831466147103 3500
1779359987827 3.4276668290306866 3520
1779360007010 3.4471505114466634 3540
1779360026246 3.46663419386264 3560
1779360045494 3.4861178762786165 3580
1779360064645 3.5056015586945932 3600
1779360083733 3.52508524111057 3620
1779360102789 3.5445689235265467 3640
1779360121973 3.564052605942523 3660
1779360141303 3.5835362883585 3680
1779360160698 3.6030199707744766 3700
1779360180075 3.622503653190453 3720
1779360199344 3.6419873356064296 3740
1779360251284 3.6517291768144178 3750
1779360269142 3.6614710180224064 3760
1779360288341 3.6809547004383827 3780
1779360307482 3.7004383828543594 3800
1779360326621 3.719922065270336 3820
1779360345705 3.7394057476863125 3840
1779360364770 3.7588894301022893 3860
1779360383950 3.778373112518266 3880
1779360403092 3.7978567949342423 3900
1779360422345 3.817340477350219 3920
1779360441564 3.836824159766196 3940
1779360461002 3.8563078421821726 3960
1779360480171 3.875791524598149 3980
1779360499349 3.8952752070141257 4000
1779360541714 3.8952752070141257 4000
1779360568883 3.9147588894301024 4020
1779360588099 3.934242571846079 4040
1779360607287 3.9537262542620555 4060
1779360626439 3.9732099366780322 4080
1779360645625 3.992693619094009 4100
1779360664294 4.011690209449586 4120
1779360683503 4.031173891865563 4140
1779360702728 4.050657574281539 4160
1779360721895 4.070141256697516 4180
1779360741020 4.0896249391134925 4200
1779360760145 4.109108621529469 4220
1779360779311 4.128592303945446 4240
1779360831157 4.138334145153434 4250
1779360848870 4.148075986361422 4260
1779360868026 4.167559668777399 4280
1779360887181 4.187043351193376 4300
1779360906366 4.206527033609352 4320
1779360925554 4.226010716025328 4340
1779360944688 4.245494398441306 4360
1779360963901 4.264978080857282 4380
1779360983082 4.284461763273258 4400
1779361002228 4.303945445689235 4420
1779361021437 4.323429128105212 4440
1779361040555 4.342912810521188 4460
1779361059649 4.362396492937165 4480
1779361078812 4.381880175353142 4500
1779361120811 4.381880175353142 4500
1779361148446 4.401363857769119 4520
1779361167903 4.420847540185095 4540
1779361187117 4.440331222601071 4560
1779361206300 4.459814905017049 4580
1779361225438 4.479298587433025 4600
1779361244548 4.498782269849001 4620
1779361263687 4.518265952264978 4640
1779361282931 4.537749634680955 4660
1779361302105 4.557233317096931 4680
1779361321279 4.576716999512908 4700
1779361340443 4.5962006819288845 4720
1779361359588 4.615684364344861 4740
1779361411853 4.6254262055528494 4750
1779361430666 4.635168046760838 4760
1779361449918 4.654651729176814 4780
1779361469084 4.674135411592791 4800
1779361488229 4.693619094008768 4820
1779361507385 4.713102776424744 4840
1779361526553 4.732586458840721 4860
1779361545750 4.752070141256698 4880
1779361564974 4.771553823672674 4900
1779361584244 4.791037506088651 4920
1779361603451 4.8105211885046275 4940
1779361622632 4.830004870920604 4960
1779361641771 4.849488553336581 4980
1779361660919 4.868972235752557 5000
1779361703324 4.868972235752557 5000
1779361729792 4.888455918168534 5020
1779361749171 4.907939600584511 5040
1779361768461 4.927423283000487 5060
1779361787690 4.9469069654164635 5080
1779361807362 4.966390647832441 5100
1779361826712 4.985874330248417 5120
1779361883344 5.0 5135
1779361891244 5.0 5135
1779361937751 5.0 5135
1779361990865 5.0 5135
1779362047917 5.0 0
