1779355889471 12.135153770446777 20
1779355914257 62.15184783935547 40
1779355937816 81.67847442626953 60
1779355957299 96.56672668457031 80
1779355978498 4.892829418182373 100
1779355999880 10.967358589172363 120
1779356019981 190.24830627441406 140
1779356041345 54.32841873168945 160
1779356062993 27.588642120361328 180
1779356082733 37.040687561035156 200
1779356102345 211.59817504882812 220
1779356122606 140.38894653320312 240
1779356199307 52.268043518066406 260
1779356219153 169.1262664794922 280
1779356239609 68.4501953125 300
1779356259666 270.7809143066406 320
1779356279107 39.40370559692383 340
1779356298448 97.8642349243164 360
1779356317932 67.5535888671875 380
1779356337424 185.8418731689453 400
1779356356804 142.56466674804688 420
1779356376146 80.36878967285156 440
1779356395903 179.50555419921875 460
1779356415488 239.19187927246094 480
1779356434747 55.7086067199707 500
1779356505818 84.69456481933594 520
1779356525906 75.91547393798828 540
1779356545814 56.84234619140625 560
1779356565833 79.47822570800781 580
1779356585659 73.59525299072266 600
1779356605510 61.732421875 620
1779356625692 41.10841369628906 640
1779356645794 80.36478424072266 660
1779356665977 56.62211608886719 680
1779356685558 128.69564819335938 700
1779356704984 35.477298736572266 720
1779356724273 66.65357971191406 740
1779356794172 110.65592956542969 760
1779356813541 84.6909408569336 780
1779356832987 29.83611488342285 800
1779356852546 45.94096755981445 820
1779356872989 24.77647590637207 840
1779356893271 71.23796081542969 860
1779356912509 74.69628143310547 880
1779356931636 46.29001998901367 900
1779356950959 54.58823776245117 920
1779356970186 39.873504638671875 940
1779356989490 40.42125701904297 960
1779357008657 56.34473419189453 980
1779357027746 70.71446228027344 1000
1779357096751 67.18612670898438 1020
1779357115538 69.35832977294922 1040
1779357134650 74.04657745361328 1060
1779357153848 91.75416564941406 1080
1779357173082 75.76127624511719 1100
1779357192257 45.2697639465332 1120
1779357211780 80.82608032226562 1140
1779357231110 61.87601852416992 1160
1779357250204 82.91658782958984 1180
1779357269344 39.02186965942383 1200
1779357288470 33.557735443115234 1220
1779357307627 61.247127532958984 1240
1779357376515 34.40921401977539 1260
1779357395621 18.622262954711914 1280
1779357414883 53.56937789916992 1300
1779357434167 63.65327453613281 1320
1779357453367 6.945559501647949 1340
1779357472538 44.11422348022461 1360
1779357491826 40.79869842529297 1380
1779357511051 48.574710845947266 1400
1779357530169 48.29164505004883 1420
1779357549268 55.05509948730469 1440
1779357568375 22.772232055664062 1460
1779357587628 32.68101119995117 1480
1779357606868 49.01594924926758 1500
1779357676137 59.89434814453125 1520
1779357695327 96.12388610839844 1540
1779357714486 58.5672607421875 1560
1779357733702 55.954627990722656 1580
1779357752884 42.71173095703125 1600
1779357772011 29.82623291015625 1620
1779357791117 65.71917724609375 1640
1779357810242 38.360836029052734 1660
1779357829408 67.3531265258789 1680
1779357848826 79.58555603027344 1700
1779357867907 66.43289947509766 1720
1779357887115 53.872779846191406 1740
1779357955356 59.80599594116211 1760
1779357974678 63.876461029052734 1780
1779357993837 67.57909393310547 1800
1779358013075 28.399499893188477 1820
1779358032257 18.869306564331055 1840
1779358051401 50.29497528076172 1860
1779358070511 29.372312545776367 1880
1779358089723 82.78215026855469 1900
1779358108938 37.18242645263672 1920
1779358128186 23.313344955444336 1940
1779358147402 41.80661392211914 1960
1779358166555 33.97822189331055 1980
1779358185645 40.472694396972656 2000
1779358255788 43.98503494262695 2020
1779358274972 43.24898910522461 2040
1779358293585 89.0328369140625 2060
1779358312677 81.09113311767578 2080
1779358331790 72.11409759521484 2100
1779358350883 25.295101165771484 2120
1779358369945 64.24209594726562 2140
1779358389095 53.5062370300293 2160
1779358408221 16.420204162597656 2180
1779358427453 32.775428771972656 2200
1779358446617 27.29132843017578 2220
1779358465884 41.17462158203125 2240
1779358535374 49.162593841552734 2260
1779358554656 22.450328826904297 2280
1779358573858 34.729618072509766 2300
1779358593058 41.52927780151367 2320
1779358612172 52.952457427978516 2340
1779358631347 20.99776268005371 2360
1779358650643 47.50944519042969 2380
1779358669855 75.9962158203125 2400
1779358689328 48.35028839111328 2420
1779358708470 44.95051574707031 2440
1779358727640 66.26520538330078 2460
1779358746887 38.41230773925781 2480
1779358766071 33.888824462890625 2500
1779358835197 78.8570556640625 2520
1779358854298 33.96992492675781 2540
1779358873358 19.182214736938477 2560
1779358892374 24.46770477294922 2580
1779358911375 38.390567779541016 2600
1779358930481 14.95430850982666 2620
1779358949654 48.738372802734375 2640
1779358968752 33.5452880859375 2660
1779358987865 45.877628326416016 2680
1779359006943 10.94579792022705 2700
1779359026078 57.707035064697266 2720
1779359045171 54.547569274902344 2740
1779359111761 147.0510711669922 2760
1779359130779 61.24345779418945 2780
1779359149874 69.8556137084961 2800
1779359169234 4.527795314788818 2820
1779359188393 70.11578369140625 2840
1779359207579 30.860340118408203 2860
1779359226694 2.5196712017059326 2880
1779359245801 10.333588600158691 2900
1779359264956 28.344482421875 2920
1779359284031 76.01221466064453 2940
1779359303146 65.76431274414062 2960
1779359322258 20.491933822631836 2980
1779359341365 105.65187072753906 3000
1779359411182 41.34246063232422 3020
1779359430363 19.278188705444336 3040
1779359449512 38.141780853271484 3060
1779359468656 39.938758850097656 3080
1779359487253 51.520938873291016 3100
1779359506398 88.43473052978516 3120
1779359525482 27.28879165649414 3140
1779359544536 68.76671600341797 3160
1779359563536 36.94099426269531 3180
1779359582663 43.38060760498047 3200
1779359601765 18.09589958190918 3220
1779359620822 37.12910842895508 3240
1779359689856 47.88290023803711 3260
1779359708934 38.697242736816406 3280
1779359728005 54.131675720214844 3300
1779359747092 25.413137435913086 3320
1779359766169 73.25946807861328 3340
1779359785297 7.7291083335876465 3360
1779359804408 42.909908294677734 3380
1779359823836 76.56005096435547 3400
1779359842895 58.58458709716797 3420
1779359861966 8.057600975036621 3440
1779359881051 37.84014892578125 3460
1779359900224 6.037364482879639 3480
1779359919375 2.1253724098205566 3500
1779359987827 3.02605938911438 3520
1779360007010 34.61050033569336 3540
1779360026246 78.63140106201172 3560
1779360045494 19.505279541015625 3580
1779360064645 12.032783508300781 3600
1779360083733 31.04796028137207 3620
1779360102789 33.92012023925781 3640
1779360121973 59.24201965332031 3660
1779360141303 84.54804229736328 3680
1779360160698 8.542609214782715 3700
1779360180075 42.11631774902344 3720
1779360199344 29.646268844604492 3740
1779360269142 112.95741271972656 3760
1779360288341 136.52183532714844 3780
1779360307482 63.830299377441406 3800
1779360326621 27.156063079833984 3820
1779360345705 3.821556568145752 3840
1779360364770 8.927087783813477 3860
1779360383950 105.23069763183594 3880
1779360403092 45.653282165527344 3900
1779360422345 36.61772537231445 3920
1779360441564 10.22230339050293 3940
1779360461002 9.74599552154541 3960
1779360480171 45.5958366394043 3980
1779360499349 61.02506637573242 4000
1779360568883 36.802223205566406 4020
1779360588099 7.383330821990967 4040
1779360607287 74.14493560791016 4060
1779360626439 63.31862258911133 4080
1779360645625 15.053235054016113 4100
1779360664294 24.734230041503906 4120
1779360683503 63.08427810668945 4140
1779360702728 49.76683807373047 4160
1779360721895 4.0552077293396 4180
1779360741020 7.440122127532959 4200
1779360760145 54.887718200683594 4220
1779360779311 29.778554916381836 4240
1779360848870 34.36189651489258 4260
1779360868026 46.39107131958008 4280
1779360887181 29.16495704650879 4300
1779360906366 9.687589645385742 4320
1779360925554 59.783084869384766 4340
1779360944688 52.27479553222656 4360
1779360963901 35.39003372192383 4380
1779360983082 34.27505111694336 4400
1779361002228 18.778242111206055 4420
1779361021437 2.7249295711517334 4440
1779361040555 37.83294677734375 4460
1779361059649 14.345373153686523 4480
1779361078812 4.615262031555176 4500
1779361148446 59.17234802246094 4520
1779361167903 50.185611724853516 4540
1779361187117 0.4864392578601837 4560
1779361206300 15.418266296386719 4580
1779361225438 19.264076232910156 4600
1779361244548 58.7585563659668 4620
1779361263687 40.99329376220703 4640
1779361282931 71.55097198486328 4660
1779361302105 30.27037239074707 4680
1779361321279 46.36493682861328 4700
1779361340443 56.35720443725586 4720
1779361359588 9.579339981079102 4740
1779361430666 44.520511627197266 4760
1779361449918 1.0577640533447266 4780
1779361469084 19.62164306640625 4800
1779361488229 29.36797332763672 4820
1779361507385 73.80355072021484 4840
1779361526553 30.005712509155273 4860
1779361545750 6.267691135406494 4880
1779361564974 24.593549728393555 4900
1779361584244 90.40691375732422 4920
1779361603451 6.931504249572754 4940
1779361622632 15.767921447753906 4960
1779361641771 40.58223342895508 4980
1779361660919 51.31861877441406 5000
1779361729792 2.91144061088562 5020
1779361749171 43.14411544799805 5040
1779361768461 33.98822021484375 5060
1779361787690 2.9222218990325928 5080
1779361807362 61.406219482421875 5100
1779361826712 20.5699520111084 5120
