1779355889471 3.8e-05 20
1779355914257 7.800000000000001e-05 40
1779355937816 9.982300884955753e-05 60
1779355957299 9.942969518190758e-05 80
1779355978498 9.903638151425762e-05 100
1779355999880 9.864306784660767e-05 120
1779356019981 9.824975417895772e-05 140
1779356041345 9.785644051130776e-05 160
1779356062993 9.746312684365782e-05 180
1779356082733 9.706981317600787e-05 200
1779356102345 9.667649950835792e-05 220
1779356122606 9.628318584070796e-05 240
1779356199307 9.588987217305802e-05 260
1779356219153 9.549655850540807e-05 280
1779356239609 9.510324483775811e-05 300
1779356259666 9.470993117010817e-05 320
1779356279107 9.431661750245822e-05 340
1779356298448 9.392330383480827e-05 360
1779356317932 9.352999016715831e-05 380
1779356337424 9.313667649950836e-05 400
1779356356804 9.274336283185842e-05 420
1779356376146 9.235004916420847e-05 440
1779356395903 9.195673549655851e-05 460
1779356415488 9.156342182890856e-05 480
1779356434747 9.11701081612586e-05 500
1779356505818 9.077679449360865e-05 520
1779356525906 9.038348082595871e-05 540
1779356545814 8.999016715830876e-05 560
1779356565833 8.95968534906588e-05 580
1779356585659 8.920353982300885e-05 600
1779356605510 8.88102261553589e-05 620
1779356625692 8.841691248770894e-05 640
1779356645794 8.8023598820059e-05 660
1779356665977 8.763028515240905e-05 680
1779356685558 8.72369714847591e-05 700
1779356704984 8.684365781710914e-05 720
1779356724273 8.645034414945919e-05 740
1779356794172 8.605703048180925e-05 760
1779356813541 8.56637168141593e-05 780
1779356832987 8.527040314650934e-05 800
1779356852546 8.48770894788594e-05 820
1779356872989 8.448377581120945e-05 840
1779356893271 8.40904621435595e-05 860
1779356912509 8.369714847590954e-05 880
1779356931636 8.33038348082596e-05 900
1779356950959 8.291052114060965e-05 920
1779356970186 8.25172074729597e-05 940
1779356989490 8.212389380530974e-05 960
1779357008657 8.173058013765979e-05 980
1779357027746 8.133726647000983e-05 1000
1779357096751 8.094395280235989e-05 1020
1779357115538 8.055063913470994e-05 1040
1779357134650 8.015732546705999e-05 1060
1779357153848 7.976401179941003e-05 1080
1779357173082 7.937069813176008e-05 1100
1779357192257 7.897738446411012e-05 1120
1779357211780 7.858407079646018e-05 1140
1779357231110 7.819075712881023e-05 1160
1779357250204 7.779744346116028e-05 1180
1779357269344 7.740412979351032e-05 1200
1779357288470 7.701081612586037e-05 1220
1779357307627 7.661750245821042e-05 1240
1779357376515 7.622418879056048e-05 1260
1779357395621 7.583087512291052e-05 1280
1779357414883 7.543756145526057e-05 1300
1779357434167 7.504424778761062e-05 1320
1779357453367 7.465093411996068e-05 1340
1779357472538 7.425762045231072e-05 1360
1779357491826 7.386430678466078e-05 1380
1779357511051 7.347099311701083e-05 1400
1779357530169 7.307767944936087e-05 1420
1779357549268 7.268436578171092e-05 1440
1779357568375 7.229105211406097e-05 1460
1779357587628 7.189773844641101e-05 1480
1779357606868 7.150442477876107e-05 1500
1779357676137 7.111111111111112e-05 1520
1779357695327 7.071779744346117e-05 1540
1779357714486 7.032448377581121e-05 1560
1779357733702 6.993117010816126e-05 1580
1779357752884 6.95378564405113e-05 1600
1779357772011 6.914454277286137e-05 1620
1779357791117 6.875122910521141e-05 1640
1779357810242 6.835791543756146e-05 1660
1779357829408 6.79646017699115e-05 1680
1779357848826 6.757128810226155e-05 1700
1779357867907 6.71779744346116e-05 1720
1779357887115 6.678466076696166e-05 1740
1779357955356 6.63913470993117e-05 1760
1779357974678 6.599803343166175e-05 1780
1779357993837 6.56047197640118e-05 1800
1779358013075 6.521140609636184e-05 1820
1779358032257 6.48180924287119e-05 1840
1779358051401 6.442477876106195e-05 1860
1779358070511 6.4031465093412e-05 1880
1779358089723 6.363815142576206e-05 1900
1779358108938 6.32448377581121e-05 1920
1779358128186 6.285152409046215e-05 1940
1779358147402 6.24582104228122e-05 1960
1779358166555 6.206489675516225e-05 1980
1779358185645 6.16715830875123e-05 2000
1779358255788 6.127826941986235e-05 2020
1779358274972 6.0884955752212394e-05 2040
1779358293585 6.049164208456244e-05 2060
1779358312677 6.0098328416912487e-05 2080
1779358331790 5.9705014749262546e-05 2100
1779358350883 5.931170108161259e-05 2120
1779358369945 5.891838741396264e-05 2140
1779358389095 5.8525073746312686e-05 2160
1779358408221 5.813176007866273e-05 2180
1779358427453 5.773844641101278e-05 2200
1779358446617 5.734513274336284e-05 2220
1779358465884 5.6951819075712885e-05 2240
1779358535374 5.655850540806293e-05 2260
1779358554656 5.6165191740412984e-05 2280
1779358573858 5.577187807276303e-05 2300
1779358593058 5.537856440511308e-05 2320
1779358612172 5.498525073746314e-05 2340
1779358631347 5.459193706981318e-05 2360
1779358650643 5.419862340216323e-05 2380
1779358669855 5.3805309734513276e-05 2400
1779358689328 5.341199606686332e-05 2420
1779358708470 5.301868239921337e-05 2440
1779358727640 5.262536873156343e-05 2460
1779358746887 5.2232055063913475e-05 2480
1779358766071 5.183874139626352e-05 2500
1779358835197 5.144542772861357e-05 2520
1779358854298 5.105211406096362e-05 2540
1779358873358 5.065880039331367e-05 2560
1779358892374 5.026548672566372e-05 2580
1779358911375 4.987217305801377e-05 2600
1779358930481 4.947885939036382e-05 2620
1779358949654 4.908554572271387e-05 2640
1779358968752 4.869223205506391e-05 2660
1779358987865 4.8298918387413966e-05 2680
1779359006943 4.790560471976401e-05 2700
1779359026078 4.751229105211406e-05 2720
1779359045171 4.711897738446411e-05 2740
1779359111761 4.672566371681416e-05 2760
1779359130779 4.6332350049164205e-05 2780
1779359149874 4.593903638151426e-05 2800
1779359169234 4.554572271386431e-05 2820
1779359188393 4.515240904621436e-05 2840
1779359207579 4.475909537856441e-05 2860
1779359226694 4.436578171091446e-05 2880
1779359245801 4.3972468043264504e-05 2900
1779359264956 4.357915437561456e-05 2920
1779359284031 4.31858407079646e-05 2940
1779359303146 4.279252704031465e-05 2960
1779359322258 4.23992133726647e-05 2980
1779359341365 4.200589970501475e-05 3000
1779359411182 4.1612586037364795e-05 3020
1779359430363 4.121927236971485e-05 3040
1779359449512 4.0825958702064895e-05 3060
1779359468656 4.043264503441495e-05 3080
1779359487253 4.0039331366765e-05 3100
1779359506398 3.964601769911505e-05 3120
1779359525482 3.9252704031465094e-05 3140
1779359544536 3.885939036381515e-05 3160
1779359563536 3.8466076696165194e-05 3180
1779359582663 3.807276302851524e-05 3200
1779359601765 3.767944936086529e-05 3220
1779359620822 3.728613569321534e-05 3240
1779359689856 3.6892822025565386e-05 3260
1779359708934 3.649950835791544e-05 3280
1779359728005 3.6106194690265486e-05 3300
1779359747092 3.571288102261553e-05 3320
1779359766169 3.5319567354965585e-05 3340
1779359785297 3.492625368731564e-05 3360
1779359804408 3.4532940019665685e-05 3380
1779359823836 3.413962635201574e-05 3400
1779359842895 3.3746312684365784e-05 3420
1779359861966 3.335299901671583e-05 3440
1779359881051 3.2959685349065884e-05 3460
1779359900224 3.256637168141593e-05 3480
1779359919375 3.2173058013765977e-05 3500
1779359987827 3.177974434611603e-05 3520
1779360007010 3.1386430678466076e-05 3540
1779360026246 3.099311701081612e-05 3560
1779360045494 3.0599803343166176e-05 3580
1779360064645 3.0206489675516225e-05 3600
1779360083733 2.9813176007866272e-05 3620
1779360102789 2.9419862340216325e-05 3640
1779360121973 2.902654867256637e-05 3660
1779360141303 2.863323500491642e-05 3680
1779360160698 2.8239921337266474e-05 3700
1779360180075 2.784660766961652e-05 3720
1779360199344 2.7453294001966567e-05 3740
1779360269142 2.705998033431662e-05 3760
1779360288341 2.6666666666666667e-05 3780
1779360307482 2.6273352999016716e-05 3800
1779360326621 2.5880039331366766e-05 3820
1779360345705 2.5486725663716816e-05 3840
1779360364770 2.5093411996066862e-05 3860
1779360383950 2.4700098328416912e-05 3880
1779360403092 2.4306784660766962e-05 3900
1779360422345 2.391347099311701e-05 3920
1779360441564 2.352015732546706e-05 3940
1779360461002 2.312684365781711e-05 3960
1779360480171 2.273352999016716e-05 3980
1779360499349 2.2340216322517207e-05 4000
1779360568883 2.1946902654867257e-05 4020
1779360588099 2.1553588987217307e-05 4040
1779360607287 2.1160275319567353e-05 4060
1779360626439 2.0766961651917406e-05 4080
1779360645625 2.0373647984267456e-05 4100
1779360664294 1.9980334316617503e-05 4120
1779360683503 1.9587020648967552e-05 4140
1779360702728 1.9193706981317602e-05 4160
1779360721895 1.880039331366765e-05 4180
1779360741020 1.84070796460177e-05 4200
1779360760145 1.801376597836775e-05 4220
1779360779311 1.7620452310717798e-05 4240
1779360848870 1.7227138643067848e-05 4260
1779360868026 1.6833824975417897e-05 4280
1779360887181 1.6440511307767944e-05 4300
1779360906366 1.6047197640117994e-05 4320
1779360925554 1.5653883972468043e-05 4340
1779360944688 1.5260570304818093e-05 4360
1779360963901 1.4867256637168143e-05 4380
1779360983082 1.4473942969518193e-05 4400
1779361002228 1.4080629301868239e-05 4420
1779361021437 1.3687315634218289e-05 4440
1779361040555 1.329400196656834e-05 4460
1779361059649 1.2900688298918387e-05 4480
1779361078812 1.2507374631268436e-05 4500
1779361148446 1.2114060963618486e-05 4520
1779361167903 1.1720747295968536e-05 4540
1779361187117 1.1327433628318584e-05 4560
1779361206300 1.0934119960668634e-05 4580
1779361225438 1.0540806293018684e-05 4600
1779361244548 1.0147492625368732e-05 4620
1779361263687 9.75417895771878e-06 4640
1779361282931 9.360865290068831e-06 4660
1779361302105 8.96755162241888e-06 4680
1779361321279 8.574237954768927e-06 4700
1779361340443 8.180924287118979e-06 4720
1779361359588 7.787610619469027e-06 4740
1779361430666 7.394296951819076e-06 4760
1779361449918 7.000983284169126e-06 4780
1779361469084 6.607669616519175e-06 4800
1779361488229 6.2143559488692235e-06 4820
1779361507385 5.8210422812192725e-06 4840
1779361526553 5.427728613569321e-06 4860
1779361545750 5.034414945919371e-06 4880
1779361564974 4.64110127826942e-06 4900
1779361584244 4.247787610619469e-06 4920
1779361603451 3.854473942969519e-06 4940
1779361622632 3.4611602753195673e-06 4960
1779361641771 3.0678466076696167e-06 4980
1779361660919 2.6745329400196656e-06 5000
1779361729792 2.281219272369715e-06 5020
1779361749171 1.887905604719764e-06 5040
1779361768461 1.4945919370698132e-06 5060
1779361787690 1.1012782694198624e-06 5080
1779361807362 7.079646017699115e-07 5100
1779361826712 3.146509341199607e-07 5120
