1777037429747 0.015015015015015015 20
1777037435691 0.03003003003003003 40
1777037441646 0.04504504504504504 60
1777037447613 0.06006006006006006 80
1777037453579 0.07507507507507508 100
1777037459549 0.09009009009009009 120
1777037465526 0.10510510510510511 140
1777037471502 0.12012012012012012 160
1777037477494 0.13513513513513514 180
1777037483491 0.15015015015015015 200
1777037489499 0.16516516516516516 220
1777037495493 0.18018018018018017 240
1777037504772 0.18768768768768768 250
1777037507778 0.19519519519519518 260
1777037513804 0.21021021021021022 280
1777037519824 0.22522522522522523 300
1777037525846 0.24024024024024024 320
1777037531876 0.2552552552552553 340
1777037537902 0.2702702702702703 360
1777037543939 0.2852852852852853 380
1777037549989 0.3003003003003003 400
1777037556024 0.3153153153153153 420
1777037562069 0.3303303303303303 440
1777037568122 0.34534534534534533 460
1777037574172 0.36036036036036034 480
1777037580227 0.37537537537537535 500
1777037586605 0.37537537537537535 500
1777037625804 0.39039039039039036 520
1777037631830 0.40540540540540543 540
1777037637857 0.42042042042042044 560
1777037643901 0.43543543543543545 580
1777037649943 0.45045045045045046 600
1777037655996 0.46546546546546547 620
1777037662066 0.4804804804804805 640
1777037668125 0.4954954954954955 660
1777037674196 0.5105105105105106 680
1777037680266 0.5255255255255256 700
1777037686328 0.5405405405405406 720
1777037692393 0.5555555555555556 740
1777037701839 0.5630630630630631 750
1777037704870 0.5705705705705706 760
1777037710951 0.5855855855855856 780
1777037717035 0.6006006006006006 800
1777037723119 0.6156156156156156 820
1777037729217 0.6306306306306306 840
1777037735302 0.6456456456456456 860
1777037741387 0.6606606606606606 880
1777037747465 0.6756756756756757 900
1777037753547 0.6906906906906907 920
1777037759637 0.7057057057057057 940
1777037765718 0.7207207207207207 960
1777037771813 0.7357357357357357 980
1777037777914 0.7507507507507507 1000
1777037784384 0.7507507507507507 1000
1777037825408 0.7657657657657657 1020
1777037831454 0.7807807807807807 1040
1777037837505 0.7957957957957958 1060
1777037843562 0.8108108108108109 1080
1777037849621 0.8258258258258259 1100
1777037855691 0.8408408408408409 1120
1777037861762 0.8558558558558559 1140
1777037867843 0.8708708708708709 1160
1777037873919 0.8858858858858859 1180
1777037879999 0.9009009009009009 1200
1777037886084 0.9159159159159159 1220
1777037892166 0.9309309309309309 1240
1777037901641 0.9384384384384384 1250
1777037904687 0.9459459459459459 1260
1777037910771 0.960960960960961 1280
1777037916856 0.975975975975976 1300
1777037922938 0.990990990990991 1320
1777037929016 1.006006006006006 1340
1777037935111 1.021021021021021 1360
1777037941200 1.0360360360360361 1380
1777037947292 1.0510510510510511 1400
1777037953387 1.0660660660660661 1420
1777037959482 1.0810810810810811 1440
1777037965576 1.0960960960960962 1460
1777037971667 1.1111111111111112 1480
1777037977767 1.1261261261261262 1500
1777037984263 1.1261261261261262 1500
1777038027122 1.1411411411411412 1520
1777038033176 1.1561561561561562 1540
1777038039229 1.1711711711711712 1560
1777038045298 1.1861861861861862 1580
1777038051385 1.2012012012012012 1600
1777038057470 1.2162162162162162 1620
1777038063551 1.2312312312312312 1640
1777038069628 1.2462462462462462 1660
1777038075706 1.2612612612612613 1680
1777038081788 1.2762762762762763 1700
1777038087870 1.2912912912912913 1720
1777038093955 1.3063063063063063 1740
1777038103464 1.3138138138138138 1750
1777038106513 1.3213213213213213 1760
1777038112604 1.3363363363363363 1780
1777038118700 1.3513513513513513 1800
1777038124791 1.3663663663663663 1820
1777038130879 1.3813813813813813 1840
1777038136974 1.3963963963963963 1860
1777038143074 1.4114114114114114 1880
1777038149166 1.4264264264264264 1900
1777038155278 1.4414414414414414 1920
1777038161387 1.4564564564564564 1940
1777038167481 1.4714714714714714 1960
1777038173589 1.4864864864864864 1980
1777038179702 1.5015015015015014 2000
1777038186191 1.5015015015015014 2000
1777038227640 1.5165165165165164 2020
1777038233690 1.5315315315315314 2040
1777038239749 1.5465465465465464 2060
1777038245815 1.5615615615615615 2080
1777038251883 1.5765765765765765 2100
1777038257960 1.5915915915915915 2120
1777038264041 1.6066066066066065 2140
1777038270120 1.6216216216216215 2160
1777038276205 1.6366366366366365 2180
1777038282285 1.6516516516516515 2200
1777038288368 1.6666666666666665 2220
1777038294455 1.6816816816816815 2240
1777038303936 1.689189189189189 2250
1777038306974 1.6966966966966965 2260
1777038313061 1.7117117117117115 2280
1777038319023 1.7267267267267268 2300
1777038325107 1.7417417417417418 2320
1777038331193 1.7567567567567568 2340
1777038337296 1.7717717717717718 2360
1777038343392 1.7867867867867868 2380
1777038349492 1.8018018018018018 2400
1777038355588 1.8168168168168168 2420
1777038361688 1.8318318318318318 2440
1777038367789 1.8468468468468469 2460
1777038373894 1.8618618618618619 2480
1777038379989 1.8768768768768769 2500
1777038386499 1.8768768768768769 2500
1777038424540 1.8918918918918919 2520
1777038430596 1.906906906906907 2540
1777038436663 1.921921921921922 2560
1777038442723 1.936936936936937 2580
1777038448802 1.951951951951952 2600
1777038454881 1.966966966966967 2620
1777038460964 1.981981981981982 2640
1777038467048 1.996996996996997 2660
1777038473129 2.012012012012012 2680
1777038479215 2.027027027027027 2700
1777038485292 2.042042042042042 2720
1777038491370 2.057057057057057 2740
1777038500864 2.0645645645645647 2750
1777038503904 2.0720720720720722 2760
1777038509992 2.0870870870870872 2780
1777038516078 2.1021021021021022 2800
1777038522176 2.1171171171171173 2820
1777038528274 2.1321321321321323 2840
1777038534376 2.1471471471471473 2860
1777038540474 2.1621621621621623 2880
1777038546573 2.1771771771771773 2900
1777038552671 2.1921921921921923 2920
1777038558773 2.2072072072072073 2940
1777038564876 2.2222222222222223 2960
1777038570984 2.2372372372372373 2980
1777038577087 2.2522522522522523 3000
1777038583583 2.2522522522522523 3000
1777038622585 2.2672672672672673 3020
1777038628643 2.2822822822822824 3040
1777038634566 2.2972972972972974 3060
1777038640880 2.3123123123123124 3080
1777038646954 2.3273273273273274 3100
1777038653027 2.3423423423423424 3120
1777038659103 2.3573573573573574 3140
1777038665185 2.3723723723723724 3160
1777038671264 2.3873873873873874 3180
1777038677349 2.4024024024024024 3200
1777038683432 2.4174174174174174 3220
1777038689511 2.4324324324324325 3240
1777038699002 2.43993993993994 3250
1777038702041 2.4474474474474475 3260
1777038708120 2.4624624624624625 3280
1777038714211 2.4774774774774775 3300
1777038720298 2.4924924924924925 3320
1777038726393 2.5075075075075075 3340
1777038732481 2.5225225225225225 3360
1777038738576 2.5375375375375375 3380
1777038744662 2.5525525525525525 3400
1777038750743 2.5675675675675675 3420
1777038756840 2.5825825825825826 3440
1777038762938 2.5975975975975976 3460
1777038769025 2.6126126126126126 3480
1777038775115 2.6276276276276276 3500
1777038781594 2.6276276276276276 3500
1777038819971 2.6426426426426426 3520
1777038826029 2.6576576576576576 3540
1777038832085 2.6726726726726726 3560
1777038838137 2.6876876876876876 3580
1777038844193 2.7027027027027026 3600
1777038850261 2.7177177177177176 3620
1777038856336 2.7327327327327327 3640
1777038862421 2.7477477477477477 3660
1777038868502 2.7627627627627627 3680
1777038874587 2.7777777777777777 3700
1777038880671 2.7927927927927927 3720
1777038886749 2.8078078078078077 3740
1777038896226 2.815315315315315 3750
1777038915270 2.815315315315315 3750
1777038923007 2.815315315315315 3750
1777038930992 2.815315315315315 3750
1777038933321 2.815315315315315 0
