1778597817114 2.2186169624328613 20
1778597817696 2.791768789291382 40
1778597818279 2.4234776496887207 60
1778597818854 7.1711883544921875 80
1778597819438 7.7854838371276855 100
1778597820014 9.484603881835938 120
1778597820597 10.452038764953613 140
1778597821182 4.3700385093688965 160
1778597821768 3.996638298034668 180
1778597822352 2.0993645191192627 200
1778597822915 15.260590553283691 220
1778597823500 5.823070049285889 240
1778597826169 3.69679856300354 260
1778597826754 8.721820831298828 280
1778597827338 3.0173158645629883 300
1778597827923 7.367006778717041 320
1778597828512 2.1190905570983887 340
1778597829096 3.1817924976348877 360
1778597829680 5.228396415710449 380
1778597830265 3.0760104656219482 400
1778597830849 4.876132488250732 420
1778597831436 6.920248985290527 440
1778597832019 3.159799575805664 460
1778597832604 3.0382511615753174 480
1778597833188 1.8617697954177856 500
1778597835852 11.843486785888672 520
1778597836437 1.7255276441574097 540
1778597837022 6.262290954589844 560
1778597837607 3.2982637882232666 580
1778597838191 2.774660348892212 600
1778597838776 2.5564746856689453 620
1778597839350 2.8505401611328125 640
1778597839934 2.861203908920288 660
1778597840518 3.9884045124053955 680
1778597841101 6.1186041831970215 700
1778597841685 4.665506362915039 720
1778597842270 2.9152066707611084 740
1778597844961 2.265496253967285 760
1778597845546 3.333580255508423 780
1778597846129 2.288316011428833 800
1778597846715 2.2952425479888916 820
1778597847301 2.70809268951416 840
1778597847885 3.385706663131714 860
1778597848469 3.0502171516418457 880
1778597849053 11.183754920959473 900
1778597849638 3.283810615539551 920
1778597850222 7.433104515075684 940
1778597850807 132.1033477783203 960
1778597851392 2.4248502254486084 980
1778597851977 2.735645294189453 1000
1778597854675 2.9787943363189697 1020
1778597855260 2.20444393157959 1040
1778597855845 2.368471145629883 1060
1778597856431 2.8161041736602783 1080
1778597857037 2.1961214542388916 1100
1778597857637 2.412764549255371 1120
1778597858246 2.478304147720337 1140
1778597858850 2.875809907913208 1160
1778597859450 4.0683913230896 1180
1778597860051 3.02520489692688 1200
1778597860659 3.1081738471984863 1220
1778597861262 2.7449889183044434 1240
1778597864024 3.6222264766693115 1260
1778597864606 2.0320489406585693 1280
1778597865192 2.267345905303955 1300
1778597865777 2.4001636505126953 1320
1778597866362 3.723038911819458 1340
1778597866947 2.8410050868988037 1360
1778597867541 3.87243914604187 1380
1778597868157 2.6972732543945312 1400
1778597868765 4.279753684997559 1420
1778597869360 5.242180824279785 1440
1778597869943 4.423503398895264 1460
1778597870538 2.909170627593994 1480
1778597871124 3.4079620838165283 1500
1778597873623 3.7074809074401855 1520
1778597874213 3.6204519271850586 1540
1778597874814 4.633439540863037 1560
1778597875399 4.1055216789245605 1580
1778597875984 1.8525550365447998 1600
1778597876567 5.804924964904785 1620
1778597877151 3.593884229660034 1640
1778597877734 2.9348011016845703 1660
1778597878319 2.645841360092163 1680
1778597878902 2.5204129219055176 1700
1778597879486 3.605362892150879 1720
1778597880070 2.8660976886749268 1740
1778597882748 4.310704231262207 1760
1778597883333 5.410947322845459 1780
1778597883918 4.302328109741211 1800
1778597884500 3.462847948074341 1820
1778597885084 2.5939552783966064 1840
1778597885679 9.489776611328125 1860
1778597886315 3.9399824142456055 1880
1778597886939 2.1458981037139893 1900
1778597887617 2.747828722000122 1920
1778597888201 3.4327127933502197 1940
1778597888801 4.053602695465088 1960
1778597889417 4.1989336013793945 1980
1778597890020 5.908740997314453 2000
1778597892729 4.431945323944092 2020
1778597893312 4.6322526931762695 2040
1778597893920 2.7343533039093018 2060
1778597894532 4.168097019195557 2080
1778597895139 3.0789687633514404 2100
1778597895735 5.056099891662598 2120
1778597896325 12.773247718811035 2140
1778597896936 3.596996307373047 2160
1778597897535 2.0270040035247803 2180
1778597898137 4.373309135437012 2200
1778597898722 3.1182291507720947 2220
1778597899306 3.743650436401367 2240
1778597902152 3.533484697341919 2260
1778597902737 4.594203948974609 2280
1778597903322 4.675007343292236 2300
1778597903909 4.773939609527588 2320
1778597904497 5.011960506439209 2340
1778597905083 4.445199012756348 2360
1778597905668 5.140020847320557 2380
1778597906256 4.376254081726074 2400
1778597906841 2.870290517807007 2420
1778597907449 5.311115741729736 2440
1778597908037 2.4974234104156494 2460
1778597908627 5.867700576782227 2480
1778597909218 3.0346124172210693 2500
1778597911922 5.909389495849609 2520
1778597912509 3.8317489624023438 2540
1778597913094 2.9876768589019775 2560
1778597913680 4.03305721282959 2580
1778597914264 6.161165714263916 2600
1778597914849 3.184598207473755 2620
1778597915435 3.751378059387207 2640
1778597916020 2.916059732437134 2660
1778597916604 4.713129997253418 2680
1778597917190 5.793382167816162 2700
1778597917781 2.6041252613067627 2720
1778597918384 6.438860893249512 2740
1778597920897 4.1337761878967285 2760
1778597921488 1.9321321249008179 2780
1778597922072 4.543323993682861 2800
1778597922670 4.687747955322266 2820
1778597923274 4.1245622634887695 2840
1778597923881 3.605175733566284 2860
1778597924489 4.511567115783691 2880
1778597925076 4.68137788772583 2900
1778597925661 4.513865947723389 2920
1778597926248 4.300821304321289 2940
1778597926832 3.728445291519165 2960
1778597927417 4.61559534072876 2980
1778597928001 4.353936195373535 3000
1778597930690 5.601947784423828 3020
1778597931276 4.578482151031494 3040
1778597931862 3.1115384101867676 3060
1778597932446 2.3232507705688477 3080
1778597933031 8.20311164855957 3100
1778597933616 5.794427871704102 3120
1778597934209 6.53948450088501 3140
1778597934793 12.749015808105469 3160
1778597935377 4.03493070602417 3180
1778597935963 5.164377689361572 3200
1778597936548 4.4528045654296875 3220
1778597937133 6.672059535980225 3240
1778597939819 2.9264395236968994 3260
1778597940408 4.320315837860107 3280
1778597941008 1.5807429552078247 3300
1778597941599 5.385035991668701 3320
1778597942184 6.309372901916504 3340
1778597942770 4.909213542938232 3360
1778597943354 5.252538681030273 3380
1778597943939 4.174745559692383 3400
1778597944524 6.883139133453369 3420
1778597945109 5.245068550109863 3440
1778597945694 5.822978496551514 3460
1778597946278 4.37734317779541 3480
1778597946867 7.051565647125244 3500
1778597949554 5.533721923828125 3520
1778597950144 3.281207323074341 3540
1778597950739 6.372048854827881 3560
1778597951335 3.8879237174987793 3580
1778597951924 9.233159065246582 3600
1778597952510 7.402745723724365 3620
1778597953094 4.626838684082031 3640
1778597953680 5.140151023864746 3660
1778597954265 7.438044548034668 3680
1778597954850 5.0332112312316895 3700
1778597955437 5.387086868286133 3720
1778597956043 5.02054500579834 3740
1778597958736 2.363285779953003 3760
1778597959322 6.688573837280273 3780
1778597959906 3.0362660884857178 3800
1778597960490 4.476294040679932 3820
1778597961075 6.562897682189941 3840
1778597961658 6.433172225952148 3860
1778597962245 4.972574710845947 3880
1778597962827 1.1634712219238281 3900
1778597963414 2.677973747253418 3920
1778597964001 9.420072555541992 3940
1778597964585 3.2807610034942627 3960
1778597965170 4.948901653289795 3980
1778597965756 3.106321096420288 4000
1778597968442 8.344817161560059 4020
1778597969032 4.380780220031738 4040
1778597969628 7.626382350921631 4060
1778597970230 5.6386871337890625 4080
1778597970817 6.603860855102539 4100
1778597971405 7.589890480041504 4120
1778597972007 7.968539714813232 4140
1778597972609 7.527623653411865 4160
1778597973215 5.705693244934082 4180
1778597973804 4.982645034790039 4200
1778597974389 4.703431129455566 4220
1778597974973 6.345863342285156 4240
1778597977639 7.1631760597229 4260
1778597978245 9.179938316345215 4280
1778597978829 8.89639663696289 4300
1778597979406 6.24298095703125 4320
1778597979992 9.178298950195312 4340
1778597980576 8.10974407196045 4360
1778597981164 9.090778350830078 4380
1778597981761 8.802031517028809 4400
1778597982367 2.386023759841919 4420
1778597982970 3.530412435531616 4440
1778597983561 8.458573341369629 4460
1778597984145 5.910674571990967 4480
1778597984729 11.739396095275879 4500
1778597987412 6.6539788246154785 4520
1778597988019 8.628702163696289 4540
1778597988635 2.740168333053589 4560
1778597989252 1.041721224784851 4580
1778597989859 8.359973907470703 4600
1778597990465 5.293552398681641 4620
1778597991069 1.2614591121673584 4640
1778597991672 8.070589065551758 4660
1778597992258 1.845189094543457 4680
1778597992840 11.530384063720703 4700
1778597993424 0.7026036381721497 4720
1778597994008 7.3469977378845215 4740
1778597996690 8.541648864746094 4760
1778597997279 3.699517250061035 4780
1778597997860 9.073935508728027 4800
1778597998443 2.858074188232422 4820
1778597999027 6.904253959655762 4840
1778597999608 4.563569068908691 4860
1778598000194 3.4796090126037598 4880
1778598000778 1.2935360670089722 4900
1778598001363 6.209925651550293 4920
1778598001946 2.3262720108032227 4940
1778598002528 4.645606517791748 4960
1778598003115 4.520200729370117 4980
1778598003712 8.111711502075195 5000
1778598006386 7.812197685241699 5020
1778598006974 6.6083903312683105 5040
1778598007566 8.113600730895996 5060
1778598008148 9.995748519897461 5080
1778598008728 7.23182487487793 5100
1778598009318 6.70499324798584 5120
1778598009927 8.067705154418945 5140
1778598010529 6.783641815185547 5160
1778598011140 7.431476593017578 5180
1778598011725 8.214893341064453 5200
1778598012314 6.91409158706665 5220
1778598012897 3.85272479057312 5240
1778598015566 5.019139289855957 5260
1778598016150 10.521859169006348 5280
1778598016747 8.648531913757324 5300
1778598017344 13.245843887329102 5320
