1778597817114 0.6962 20
1778597817696 0.6844 40
1778597818279 0.6487 60
1778597818854 0.6167 80
1778597819438 0.5557 100
1778597820014 0.5224 120
1778597820597 0.4642 140
1778597821182 0.5151 160
1778597821768 0.5125 180
1778597822352 0.5164 200
1778597822915 0.4621 220
1778597823500 0.4548 240
1778597826169 0.4141 260
1778597826754 0.4617 280
1778597827338 0.4275 300
1778597827923 0.4604 320
1778597828512 0.4696 340
1778597829096 0.4517 360
1778597829680 0.4352 380
1778597830265 0.4103 400
1778597830849 0.4188 420
1778597831436 0.4169 440
1778597832019 0.4259 460
1778597832604 0.4285 480
1778597833188 0.4384 500
1778597835852 0.4078 520
1778597836437 0.447 540
1778597837022 0.3657 560
1778597837607 0.3642 580
1778597838191 0.4049 600
1778597838776 0.4118 620
1778597839350 0.4091 640
1778597839934 0.4014 660
1778597840518 0.3919 680
1778597841101 0.4144 700
1778597841685 0.3922 720
1778597842270 0.4021 740
1778597844961 0.4253 760
1778597845546 0.3869 780
1778597846129 0.3892 800
1778597846715 0.4083 820
1778597847301 0.3986 840
1778597847885 0.4088 860
1778597848469 0.3748 880
1778597849053 0.4675 900
1778597849638 0.3849 920
1778597850222 0.3638 940
1778597850807 0.4062 960
1778597851392 0.3879 980
1778597851977 0.4219 1000
1778597854675 0.4683 1020
1778597855260 0.3982 1040
1778597855845 0.4283 1060
1778597856431 0.4208 1080
1778597857037 0.375 1100
1778597857637 0.4283 1120
1778597858246 0.3758 1140
1778597858850 0.4351 1160
1778597859450 0.3979 1180
1778597860051 0.4298 1200
1778597860659 0.3805 1220
1778597861262 0.384 1240
1778597864024 0.4375 1260
1778597864606 0.4142 1280
1778597865192 0.4003 1300
1778597865777 0.3963 1320
1778597866362 0.3492 1340
1778597866947 0.3808 1360
1778597867541 0.3182 1380
1778597868157 0.3751 1400
1778597868765 0.3166 1420
1778597869360 0.3221 1440
1778597869943 0.3287 1460
1778597870538 0.3073 1480
1778597871124 0.3382 1500
1778597873623 0.3571 1520
1778597874213 0.3215 1540
1778597874814 0.3856 1560
1778597875399 0.3595 1580
1778597875984 0.3246 1600
1778597876567 0.3336 1620
1778597877151 0.3149 1640
1778597877734 0.3358 1660
1778597878319 0.2913 1680
1778597878902 0.3494 1700
1778597879486 0.3315 1720
1778597880070 0.3465 1740
1778597882748 0.3628 1760
1778597883333 0.3154 1780
1778597883918 0.3394 1800
1778597884500 0.2989 1820
1778597885084 0.3222 1840
1778597885679 0.3186 1860
1778597886315 0.3348 1880
1778597886939 0.3427 1900
1778597887617 0.3552 1920
1778597888201 0.3255 1940
1778597888801 0.3348 1960
1778597889417 0.3314 1980
1778597890020 0.3173 2000
1778597892729 0.3588 2020
1778597893312 0.3227 2040
1778597893920 0.3315 2060
1778597894532 0.3287 2080
1778597895139 0.3147 2100
1778597895735 0.2962 2120
1778597896325 0.3072 2140
1778597896936 0.3345 2160
1778597897535 0.3333 2180
1778597898137 0.2949 2200
1778597898722 0.3394 2220
1778597899306 0.3403 2240
1778597902152 0.323 2260
1778597902737 0.3146 2280
1778597903322 0.355 2300
1778597903909 0.3556 2320
1778597904497 0.3043 2340
1778597905083 0.3394 2360
1778597905668 0.3294 2380
1778597906256 0.3375 2400
1778597906841 0.3384 2420
1778597907449 0.2884 2440
1778597908037 0.3329 2460
1778597908627 0.3496 2480
1778597909218 0.3052 2500
1778597911922 0.2868 2520
1778597912509 0.3213 2540
1778597913094 0.3453 2560
1778597913680 0.3522 2580
1778597914264 0.3313 2600
1778597914849 0.3005 2620
1778597915435 0.3183 2640
1778597916020 0.364 2660
1778597916604 0.2925 2680
1778597917190 0.2539 2700
1778597917781 0.2291 2720
1778597918384 0.2428 2740
1778597920897 0.2406 2760
1778597921488 0.263 2780
1778597922072 0.1801 2800
1778597922670 0.2481 2820
1778597923274 0.2632 2840
1778597923881 0.2365 2860
1778597924489 0.3306 2880
1778597925076 0.2737 2900
1778597925661 0.2611 2920
1778597926248 0.2356 2940
1778597926832 0.2255 2960
1778597927417 0.2443 2980
1778597928001 0.227 3000
1778597930690 0.2143 3020
1778597931276 0.186 3040
1778597931862 0.2141 3060
1778597932446 0.2024 3080
1778597933031 0.2589 3100
1778597933616 0.2861 3120
1778597934209 0.2461 3140
1778597934793 0.258 3160
1778597935377 0.2022 3180
1778597935963 0.2261 3200
1778597936548 0.2092 3220
1778597937133 0.2848 3240
1778597939819 0.2197 3260
1778597940408 0.2135 3280
1778597941008 0.2375 3300
1778597941599 0.2443 3320
1778597942184 0.2274 3340
1778597942770 0.2222 3360
1778597943354 0.2168 3380
1778597943939 0.2359 3400
1778597944524 0.2136 3420
1778597945109 0.2739 3440
1778597945694 0.2542 3460
1778597946278 0.2128 3480
1778597946867 0.2617 3500
1778597949554 0.2288 3520
1778597950144 0.2222 3540
1778597950739 0.2485 3560
1778597951335 0.2449 3580
1778597951924 0.2356 3600
1778597952510 0.2308 3620
1778597953094 0.2154 3640
1778597953680 0.2094 3660
1778597954265 0.2722 3680
1778597954850 0.2505 3700
1778597955437 0.2347 3720
1778597956043 0.2416 3740
1778597958736 0.2348 3760
1778597959322 0.243 3780
1778597959906 0.2107 3800
1778597960490 0.2697 3820
1778597961075 0.2154 3840
1778597961658 0.2542 3860
1778597962245 0.221 3880
1778597962827 0.242 3900
1778597963414 0.2064 3920
1778597964001 0.2306 3940
1778597964585 0.223 3960
1778597965170 0.2738 3980
1778597965756 0.2085 4000
1778597968442 0.2041 4020
1778597969032 0.1861 4040
1778597969628 0.1786 4060
1778597970230 0.1536 4080
1778597970817 0.1694 4100
1778597971405 0.1746 4120
1778597972007 0.1661 4140
1778597972609 0.1598 4160
1778597973215 0.1391 4180
1778597973804 0.1721 4200
1778597974389 0.1096 4220
1778597974973 0.1677 4240
1778597977639 0.1617 4260
1778597978245 0.1627 4280
1778597978829 0.149 4300
1778597979406 0.1485 4320
1778597979992 0.1657 4340
1778597980576 0.1788 4360
1778597981164 0.1689 4380
1778597981761 0.193 4400
1778597982367 0.1471 4420
1778597982970 0.1553 4440
1778597983561 0.1906 4460
1778597984145 0.156 4480
1778597984729 0.1669 4500
1778597987412 0.1262 4520
1778597988019 0.1687 4540
1778597988635 0.155 4560
1778597989252 0.1566 4580
1778597989859 0.1539 4600
1778597990465 0.1378 4620
1778597991069 0.1672 4640
1778597991672 0.1577 4660
1778597992258 0.1546 4680
1778597992840 0.1454 4700
1778597993424 0.1558 4720
1778597994008 0.1467 4740
1778597996690 0.167 4760
1778597997279 0.1443 4780
1778597997860 0.2165 4800
1778597998443 0.17 4820
1778597999027 0.1399 4840
1778597999608 0.1452 4860
1778598000194 0.1605 4880
1778598000778 0.136 4900
1778598001363 0.1929 4920
1778598001946 0.1513 4940
1778598002528 0.1568 4960
1778598003115 0.1748 4980
1778598003712 0.1934 5000
1778598006386 0.1817 5020
1778598006974 0.1473 5040
1778598007566 0.1418 5060
1778598008148 0.1501 5080
1778598008728 0.1496 5100
1778598009318 0.1611 5120
1778598009927 0.1884 5140
1778598010529 0.167 5160
1778598011140 0.161 5180
1778598011725 0.1356 5200
1778598012314 0.1546 5220
1778598012897 0.1527 5240
1778598015566 0.1592 5260
1778598016150 0.1876 5280
1778598016747 0.1551 5300
1778598017344 0.1885 5320
