1777470805315 0.009694619486185167 20
1777470814816 0.019389238972370333 40
1777470824240 0.029083858458555503 60
1777470833670 0.038778477944740666 80
1777470843277 0.048473097430925836 100
1777470852864 0.058167716917111006 120
1777470862496 0.06786233640329617 140
1777470872151 0.07755695588948133 160
1777470881876 0.08725157537566651 180
1777470891591 0.09694619486185167 200
1777470901195 0.10664081434803684 220
1777470910976 0.11633543383422201 240
1777470956895 0.1211827435773146 250
1777470963654 0.12603005332040718 260
1777470973399 0.13572467280659234 280
1777470983245 0.1454192922927775 300
1777470993056 0.15511391177896267 320
1777471002810 0.16480853126514786 340
1777471012605 0.17450315075133302 360
1777471022331 0.18419777023751818 380
1777471032171 0.19389238972370335 400
1777471041896 0.2035870092098885 420
1777471051703 0.21328162869607367 440
1777471061601 0.22297624818225883 460
1777471071477 0.23267086766844403 480
1777471081293 0.2423654871546292 500
1777471120581 0.2423654871546292 500
1777471132182 0.25206010664081435 520
1777471141945 0.2617547261269995 540
1777471151799 0.2714493456131847 560
1777471161599 0.28114396509936984 580
1777471171399 0.290838584585555 600
1777471181210 0.30053320407174017 620
1777471190970 0.31022782355792533 640
1777471200752 0.3199224430441105 660
1777471210603 0.3296170625302957 680
1777471220446 0.3393116820164809 700
1777471230304 0.34900630150266604 720
1777471240146 0.3587009209888512 740
