1777470805315 1.1400000000000001e-05 20
1777470814816 2.3400000000000003e-05 40
1777470824240 2.9976619581100827e-05 60
1777470833670 2.99181685338529e-05 80
1777470843277 2.985971748660497e-05 100
1777470852864 2.980126643935704e-05 120
1777470862496 2.974281539210911e-05 140
1777470872151 2.968436434486118e-05 160
1777470881876 2.9625913297613248e-05 180
1777470891591 2.956746225036532e-05 200
1777470901195 2.9509011203117388e-05 220
1777470910976 2.945056015586946e-05 240
1777470963654 2.9392109108621527e-05 260
1777470973399 2.93336580613736e-05 280
1777470983245 2.927520701412567e-05 300
1777470993056 2.921675596687774e-05 320
1777471002810 2.9158304919629813e-05 340
1777471012605 2.909985387238188e-05 360
1777471022331 2.9041402825133952e-05 380
1777471032171 2.8982951777886022e-05 400
1777471041896 2.892450073063809e-05 420
1777471051703 2.886604968339016e-05 440
1777471061601 2.8807598636142234e-05 460
1777471071477 2.87491475888943e-05 480
1777471081293 2.8690696541646374e-05 500
1777471132182 2.863224549439844e-05 520
1777471141945 2.8573794447150513e-05 540
1777471151799 2.8515343399902583e-05 560
1777471161599 2.8456892352654653e-05 580
1777471171399 2.8398441305406722e-05 600
1777471181210 2.8339990258158792e-05 620
1777471190970 2.8281539210910862e-05 640
1777471200752 2.8223088163662935e-05 660
1777471210603 2.8164637116415e-05 680
1777471220446 2.8106186069167074e-05 700
1777471230304 2.804773502191914e-05 720
1777471240146 2.7989283974671214e-05 740
