1777470805315 2.202 20
1777470814816 2.1925 40
1777470824240 2.1852 60
1777470833670 2.1975 80
1777470843277 2.1883 100
1777470852864 2.1921 120
1777470862496 2.1811 140
1777470872151 2.1951 160
1777470881876 2.1793 180
1777470891591 2.1946 200
1777470901195 2.1839 220
1777470910976 2.1875 240
1777470963654 2.1838 260
1777470973399 2.1883 280
1777470983245 2.1923 300
1777470993056 2.1846 320
1777471002810 2.1844 340
1777471012605 2.1815 360
1777471022331 2.1957 380
1777471032171 2.1872 400
1777471041896 2.1835 420
1777471051703 2.1905 440
1777471061601 2.1835 460
1777471071477 2.1758 480
1777471081293 2.1876 500
1777471132182 2.1919 520
1777471141945 2.1874 540
1777471151799 2.1847 560
1777471161599 2.1998 580
1777471171399 2.1876 600
1777471181210 2.1841 620
1777471190970 2.1866 640
1777471200752 2.1868 660
1777471210603 2.1996 680
1777471220446 2.1856 700
1777471230304 2.1825 720
1777471240146 2.1814 740
