1778603100717 0.014025245441795231 20
1778603101466 0.028050490883590462 40
1778603102201 0.04207573632538569 60
1778603102935 0.056100981767180924 80
1778603103672 0.07012622720897616 100
1778603104396 0.08415147265077139 120
1778603105132 0.09817671809256662 140
1778603105867 0.11220196353436185 160
1778603106599 0.12622720897615708 180
1778603107333 0.1402524544179523 200
1778603108065 0.15427769985974754 220
1778603108798 0.16830294530154277 240
1778603110983 0.1753155680224404 250
1778603112455 0.182328190743338 260
1778603113186 0.19635343618513323 280
1778603113917 0.21037868162692847 300
1778603114649 0.2244039270687237 320
1778603115382 0.23842917251051893 340
1778603116113 0.25245441795231416 360
1778603116845 0.2664796633941094 380
1778603117577 0.2805049088359046 400
1778603118311 0.29453015427769985 420
1778603119044 0.3085553997194951 440
1778603119776 0.3225806451612903 460
1778603120510 0.33660589060308554 480
1778603121245 0.3506311360448808 500
1778603122844 0.3506311360448808 500
1778603124833 0.364656381486676 520
1778603125566 0.37868162692847124 540
1778603126303 0.39270687237026647 560
1778603127043 0.4067321178120617 580
1778603127776 0.42075736325385693 600
1778603128517 0.43478260869565216 620
1778603129251 0.4488078541374474 640
1778603129989 0.4628330995792426 660
1778603130719 0.47685834502103785 680
1778603131452 0.4908835904628331 700
1778603132187 0.5049088359046283 720
1778603132920 0.5189340813464236 740
1778603134873 0.5259467040673211 750
1778603136525 0.5329593267882188 760
1778603137259 0.5469845722300141 780
1778603137994 0.5610098176718092 800
1778603138727 0.5750350631136045 820
1778603139459 0.5890603085553997 840
1778603140192 0.603085553997195 860
1778603140923 0.6171107994389902 880
1778603141663 0.6311360448807855 900
1778603142398 0.6451612903225806 920
1778603143133 0.6591865357643759 940
1778603143883 0.6732117812061711 960
1778603144649 0.6872370266479664 980
1778603145443 0.7012622720897616 1000
1778603147038 0.7012622720897616 1000
1778603149051 0.7152875175315568 1020
1778603149786 0.729312762973352 1040
1778603150517 0.7433380084151473 1060
1778603151251 0.7573632538569425 1080
1778603151984 0.7713884992987378 1100
1778603152718 0.7854137447405329 1120
1778603153452 0.7994389901823282 1140
1778603154184 0.8134642356241234 1160
1778603154917 0.8274894810659187 1180
1778603155649 0.8415147265077139 1200
1778603156382 0.8555399719495091 1220
1778603157116 0.8695652173913043 1240
1778603159083 0.876577840112202 1250
1778603160728 0.8835904628330996 1260
1778603161462 0.8976157082748948 1280
1778603162193 0.9116409537166901 1300
1778603162931 0.9256661991584852 1320
1778603163663 0.9396914446002805 1340
1778603164398 0.9537166900420757 1360
1778603165132 0.967741935483871 1380
1778603165866 0.9817671809256662 1400
1778603166599 0.9957924263674615 1420
1778603167330 1.0098176718092566 1440
1778603168064 1.023842917251052 1460
1778603168798 1.0378681626928472 1480
1778603169534 1.0518934081346423 1500
1778603171135 1.0518934081346423 1500
1778603173159 1.0659186535764376 1520
1778603173892 1.0799438990182328 1540
1778603174624 1.0939691444600281 1560
1778603175358 1.1079943899018232 1580
1778603176092 1.1220196353436185 1600
1778603176823 1.1360448807854138 1620
1778603177558 1.150070126227209 1640
1778603178292 1.1640953716690041 1660
1778603179026 1.1781206171107994 1680
1778603179758 1.1921458625525947 1700
1778603180489 1.20617110799439 1720
1778603181222 1.220196353436185 1740
1778603183197 1.2272089761570828 1750
1778603184656 1.2342215988779803 1760
1778603185387 1.2482468443197756 1780
1778603186121 1.262272089761571 1800
1778603186852 1.276297335203366 1820
1778603187586 1.2903225806451613 1840
1778603188320 1.3043478260869565 1860
1778603189055 1.3183730715287518 1880
1778603189792 1.3323983169705471 1900
1778603190528 1.3464235624123422 1920
1778603191261 1.3604488078541375 1940
1778603191993 1.3744740532959328 1960
1778603192726 1.3884992987377278 1980
1778603193458 1.402524544179523 2000
1778603195066 1.402524544179523 2000
1778603197037 1.4165497896213184 2020
1778603197769 1.4305750350631137 2040
1778603198503 1.444600280504909 2060
1778603199233 1.458625525946704 2080
1778603199968 1.4726507713884993 2100
1778603200704 1.4866760168302946 2120
1778603201428 1.5007012622720897 2140
1778603202151 1.514726507713885 2160
1778603202886 1.5287517531556802 2180
1778603203621 1.5427769985974753 2200
1778603204351 1.5568022440392708 2220
1778603205083 1.5708274894810659 2240
1778603207040 1.5778401122019634 2250
1778603208854 1.5848527349228612 2260
1778603209591 1.5988779803646564 2280
1778603210329 1.6129032258064515 2300
1778603211070 1.6269284712482468 2320
1778603211803 1.640953716690042 2340
1778603212538 1.6549789621318372 2360
1778603213269 1.6690042075736327 2380
1778603214008 1.6830294530154277 2400
1778603214742 1.697054698457223 2420
1778603215475 1.7110799438990183 2440
1778603216211 1.7251051893408134 2460
1778603216943 1.7391304347826086 2480
1778603217676 1.753155680224404 2500
1778603219262 1.753155680224404 2500
1778603221089 1.767180925666199 2520
1778603221822 1.7812061711079945 2540
1778603222558 1.7952314165497896 2560
1778603223291 1.8092566619915849 2580
1778603224025 1.8232819074333801 2600
1778603224759 1.8373071528751752 2620
1778603225493 1.8513323983169705 2640
1778603226228 1.8653576437587658 2660
1778603226964 1.8793828892005608 2680
1778603227701 1.8934081346423564 2700
1778603228436 1.9074333800841514 2720
1778603229172 1.9214586255259467 2740
1778603231149 1.9284712482468445 2750
1778603232756 1.935483870967742 2760
1778603233487 1.949509116409537 2780
1778603234222 1.9635343618513323 2800
1778603234956 1.9775596072931276 2820
1778603235688 1.9915848527349227 2840
1778603236412 2.005610098176718 2860
1778603237147 2.0196353436185133 2880
1778603237879 2.0336605890603083 2900
1778603238614 2.047685834502104 2920
1778603239348 2.061711079943899 2940
1778603240084 2.0757363253856944 2960
1778603240821 2.0897615708274895 2980
1778603241554 2.1037868162692845 3000
1778603243169 2.1037868162692845 3000
1778603245346 2.11781206171108 3020
1778603246079 2.131837307152875 3040
1778603246812 2.1458625525946706 3060
1778603247546 2.1598877980364657 3080
1778603248279 2.1739130434782608 3100
1778603249010 2.1879382889200563 3120
1778603249743 2.2019635343618513 3140
1778603250473 2.2159887798036464 3160
1778603251207 2.230014025245442 3180
1778603251942 2.244039270687237 3200
1778603252679 2.258064516129032 3220
1778603253412 2.2720897615708275 3240
1778603255391 2.279102384291725 3250
1778603256862 2.2861150070126226 3260
1778603257593 2.300140252454418 3280
1778603258327 2.314165497896213 3300
1778603259058 2.3281907433380082 3320
1778603259794 2.3422159887798037 3340
1778603260516 2.356241234221599 3360
1778603261250 2.3702664796633943 3380
1778603261982 2.3842917251051894 3400
1778603262715 2.3983169705469845 3420
1778603263449 2.41234221598878 3440
1778603264172 2.426367461430575 3460
1778603264908 2.44039270687237 3480
1778603265646 2.4544179523141656 3500
1778603267258 2.4544179523141656 3500
1778603269228 2.4684431977559607 3520
1778603269963 2.4824684431977557 3540
1778603270697 2.4964936886395512 3560
1778603271429 2.5105189340813463 3580
1778603272161 2.524544179523142 3600
1778603272893 2.538569424964937 3620
1778603273625 2.552594670406732 3640
1778603274358 2.5666199158485274 3660
1778603275090 2.5806451612903225 3680
1778603275824 2.594670406732118 3700
1778603276556 2.608695652173913 3720
1778603277289 2.622720897615708 3740
1778603279245 2.6297335203366057 3750
1778603280900 2.6367461430575037 3760
1778603281633 2.6507713884992987 3780
1778603282365 2.6647966339410942 3800
1778603283098 2.6788218793828893 3820
1778603283831 2.6928471248246844 3840
1778603284565 2.7068723702664794 3860
1778603285299 2.720897615708275 3880
1778603286030 2.73492286115007 3900
1778603286765 2.7489481065918655 3920
1778603287498 2.7629733520336606 3940
1778603288230 2.7769985974754556 3960
1778603288964 2.791023842917251 3980
1778603289697 2.805049088359046 4000
1778603291285 2.805049088359046 4000
1778603293294 2.8190743338008417 4020
1778603294026 2.833099579242637 4040
1778603294760 2.847124824684432 4060
1778603295494 2.8611500701262274 4080
1778603296228 2.8751753155680224 4100
1778603296962 2.889200561009818 4120
1778603297695 2.903225806451613 4140
1778603298430 2.917251051893408 4160
1778603299160 2.931276297335203 4180
1778603299895 2.9453015427769986 4200
1778603300627 2.9593267882187937 4220
1778603301364 2.973352033660589 4240
1778603303336 2.9803646563814867 4250
1778603305003 2.9873772791023843 4260
1778603305726 3.0014025245441793 4280
1778603306460 3.015427769985975 4300
1778603307192 3.02945301542777 4320
1778603307925 3.0434782608695654 4340
1778603308656 3.0575035063113605 4360
1778603309391 3.0715287517531555 4380
1778603310121 3.085553997194951 4400
1778603310855 3.099579242636746 4420
1778603311587 3.113604488078541 4440
1778603312322 3.1276297335203367 4460
1778603313056 3.1416549789621318 4480
1778603313791 3.1556802244039273 4500
1778603315395 3.1556802244039273 4500
1778603317405 3.1697054698457223 4520
1778603318137 3.1837307152875174 4540
1778603318873 3.197755960729313 4560
1778603319605 3.211781206171108 4580
1778603320336 3.225806451612903 4600
1778603321070 3.2398316970546985 4620
1778603321807 3.2538569424964936 4640
1778603322543 3.267882187938289 4660
1778603323277 3.281907433380084 4680
1778603324012 3.2959326788218792 4700
1778603324748 3.3099579242636747 4720
1778603325511 3.32398316970547 4740
1778603327544 3.3309957924263673 4750
1778603329181 3.3380084151472653 4760
1778603329914 3.3520336605890604 4780
1778603330651 3.3660589060308554 4800
1778603331385 3.380084151472651 4820
1778603332120 3.394109396914446 4840
1778603332851 3.408134642356241 4860
1778603333587 3.4221598877980366 4880
1778603334320 3.4361851332398317 4900
1778603335055 3.4502103786816267 4920
1778603335793 3.4642356241234222 4940
1778603336529 3.4782608695652173 4960
1778603337266 3.492286115007013 4980
1778603338001 3.506311360448808 5000
1778603339591 3.506311360448808 5000
1778603341603 3.520336605890603 5020
1778603342336 3.5343618513323984 5040
1778603343070 3.5483870967741935 5060
1778603343805 3.562412342215989 5080
1778603344537 3.576437587657784 5100
1778603345271 3.590462833099579 5120
1778603346003 3.604488078541374 5140
1778603346736 3.6185133239831697 5160
1778603347468 3.632538569424965 5180
1778603348202 3.6465638148667603 5200
1778603348934 3.6605890603085554 5220
1778603349671 3.6746143057503504 5240
1778603351637 3.6816269284712484 5250
1778603353287 3.688639551192146 5260
1778603354021 3.702664796633941 5280
1778603354755 3.7166900420757365 5300
1778603355486 3.7307152875175316 5320
1778603356222 3.7447405329593266 5340
1778603356954 3.758765778401122 5360
1778603357688 3.772791023842917 5380
1778603358422 3.7868162692847127 5400
1778603359157 3.8008415147265078 5420
1778603359892 3.814866760168303 5440
1778603360624 3.828892005610098 5460
1778603361358 3.8429172510518934 5480
1778603362092 3.8569424964936885 5500
1778603363686 3.8569424964936885 5500
1778603365660 3.870967741935484 5520
1778603366392 3.884992987377279 5540
1778603367128 3.899018232819074 5560
1778603367868 3.9130434782608696 5580
1778603368607 3.9270687237026647 5600
1778603369330 3.94109396914446 5620
1778603370068 3.9551192145862553 5640
1778603370803 3.9691444600280503 5660
1778603371536 3.983169705469846 5680
1778603372272 3.997194950911641 5700
1778603372996 4.011220196353436 5720
1778603373729 4.0252454417952315 5740
1778603375684 4.032258064516129 5750
1778603377488 4.0392706872370265 5760
1778603378220 4.053295932678822 5780
1778603378956 4.067321178120617 5800
1778603379693 4.081346423562413 5820
1778603380428 4.095371669004208 5840
1778603381162 4.109396914446003 5860
1778603381898 4.123422159887798 5880
1778603382634 4.137447405329593 5900
1778603383368 4.151472650771389 5920
1778603384101 4.165497896213184 5940
1778603384834 4.179523141654979 5960
1778603385567 4.193548387096774 5980
1778603386300 4.207573632538569 6000
1778603387892 4.207573632538569 6000
1778603389723 4.221598877980365 6020
1778603390455 4.23562412342216 6040
1778603391191 4.249649368863955 6060
1778603391923 4.26367461430575 6080
1778603392660 4.277699859747545 6100
1778603393395 4.291725105189341 6120
1778603394128 4.305750350631136 6140
1778603394861 4.319775596072931 6160
1778603395598 4.333800841514726 6180
1778603396333 4.3478260869565215 6200
1778603397066 4.361851332398317 6220
1778603397801 4.3758765778401125 6240
1778603399754 4.38288920056101 6250
1778603401398 4.389901823281908 6260
1778603402128 4.403927068723703 6280
1778603402860 4.417952314165498 6300
1778603403595 4.431977559607293 6320
1778603404330 4.446002805049089 6340
1778603405061 4.460028050490884 6360
1778603405795 4.474053295932679 6380
1778603406526 4.488078541374474 6400
1778603407249 4.502103786816269 6420
1778603407981 4.516129032258064 6440
1778603408714 4.53015427769986 6460
1778603409446 4.544179523141655 6480
1778603410179 4.55820476858345 6500
1778603411790 4.55820476858345 6500
1778603413812 4.572230014025245 6520
1778603414546 4.586255259467041 6540
1778603415278 4.600280504908836 6560
1778603416011 4.614305750350631 6580
1778603416744 4.628330995792426 6600
1778603417476 4.642356241234221 6620
1778603418208 4.6563814866760165 6640
1778603418941 4.670406732117812 6660
1778603419672 4.6844319775596075 6680
1778603420406 4.698457223001403 6700
1778603421137 4.712482468443198 6720
1778603421869 4.726507713884993 6740
1778603423835 4.73352033660589 6750
1778603425479 4.740532959326789 6760
1778603426216 4.754558204768584 6780
1778603426951 4.768583450210379 6800
1778603427684 4.782608695652174 6820
1778603428419 4.796633941093969 6840
1778603429150 4.810659186535764 6860
1778603429886 4.82468443197756 6880
1778603430618 4.838709677419355 6900
1778603431352 4.85273492286115 6920
1778603432084 4.866760168302945 6940
1778603432816 4.88078541374474 6960
1778603433552 4.894810659186536 6980
1778603434285 4.908835904628331 7000
1778603435885 4.908835904628331 7000
1778603437905 4.922861150070126 7020
1778603438637 4.936886395511921 7040
1778603439371 4.950911640953716 7060
1778603440103 4.9649368863955115 7080
1778603440836 4.978962131837307 7100
1778603441570 4.9929873772791025 7120
1778603443277 5.0 7130
1778603445063 5.0 7130
1778603447331 5.0 7130
1778603447885 5.0 0
