1778603100717 1.1400000000000001e-05 20
1778603101466 2.3400000000000003e-05 40
1778603102201 2.9961864406779662e-05 60
1778603102935 2.9877118644067798e-05 80
1778603103672 2.979237288135593e-05 100
1778603104396 2.9707627118644068e-05 120
1778603105132 2.96271186440678e-05 140
1778603105867 2.9542372881355932e-05 160
1778603106599 2.945762711864407e-05 180
1778603107333 2.9372881355932202e-05 200
1778603108065 2.9288135593220342e-05 220
1778603108798 2.9203389830508475e-05 240
1778603112455 2.911864406779661e-05 260
1778603113186 2.9033898305084745e-05 280
1778603113917 2.894915254237288e-05 300
1778603114649 2.8864406779661018e-05 320
1778603115382 2.877966101694915e-05 340
1778603116113 2.8694915254237288e-05 360
1778603116845 2.8610169491525424e-05 380
1778603117577 2.852542372881356e-05 400
1778603118311 2.8440677966101694e-05 420
1778603119044 2.8355932203389834e-05 440
1778603119776 2.8271186440677967e-05 460
1778603120510 2.81864406779661e-05 480
1778603121245 2.8101694915254237e-05 500
1778603124833 2.8016949152542374e-05 520
1778603125566 2.793220338983051e-05 540
1778603126303 2.7847457627118643e-05 560
1778603127043 2.776271186440678e-05 580
1778603127776 2.7677966101694917e-05 600
1778603128517 2.7593220338983053e-05 620
1778603129251 2.7508474576271186e-05 640
1778603129989 2.742372881355932e-05 660
1778603130719 2.733898305084746e-05 680
1778603131452 2.7254237288135593e-05 700
1778603132187 2.716949152542373e-05 720
1778603132920 2.7084745762711866e-05 740
1778603136525 2.7000000000000002e-05 760
1778603137259 2.6915254237288136e-05 780
1778603137994 2.6830508474576272e-05 800
1778603138727 2.674576271186441e-05 820
1778603139459 2.6661016949152542e-05 840
1778603140192 2.657627118644068e-05 860
1778603140923 2.649152542372881e-05 880
1778603141663 2.640677966101695e-05 900
1778603142398 2.6322033898305085e-05 920
1778603143133 2.623728813559322e-05 940
1778603143883 2.6152542372881355e-05 960
1778603144649 2.6067796610169495e-05 980
1778603145443 2.5983050847457628e-05 1000
1778603149051 2.589830508474576e-05 1020
1778603149786 2.58135593220339e-05 1040
1778603150517 2.5728813559322034e-05 1060
1778603151251 2.564406779661017e-05 1080
1778603151984 2.5559322033898304e-05 1100
1778603152718 2.5474576271186444e-05 1120
1778603153452 2.5389830508474577e-05 1140
1778603154184 2.5305084745762714e-05 1160
1778603154917 2.5220338983050847e-05 1180
1778603155649 2.5135593220338983e-05 1200
1778603156382 2.505084745762712e-05 1220
1778603157116 2.4966101694915253e-05 1240
1778603160728 2.488135593220339e-05 1260
1778603161462 2.4796610169491526e-05 1280
1778603162193 2.4711864406779663e-05 1300
1778603162931 2.4627118644067796e-05 1320
1778603163663 2.4542372881355936e-05 1340
1778603164398 2.445762711864407e-05 1360
1778603165132 2.4372881355932202e-05 1380
1778603165866 2.428813559322034e-05 1400
1778603166599 2.4203389830508476e-05 1420
1778603167330 2.4118644067796612e-05 1440
1778603168064 2.4033898305084745e-05 1460
1778603168798 2.3949152542372882e-05 1480
1778603169534 2.386440677966102e-05 1500
1778603173159 2.3779661016949155e-05 1520
1778603173892 2.3694915254237288e-05 1540
1778603174624 2.361016949152542e-05 1560
1778603175358 2.352542372881356e-05 1580
1778603176092 2.3440677966101695e-05 1600
1778603176823 2.335593220338983e-05 1620
1778603177558 2.3271186440677964e-05 1640
1778603178292 2.3186440677966104e-05 1660
1778603179026 2.3101694915254237e-05 1680
1778603179758 2.3016949152542374e-05 1700
1778603180489 2.293220338983051e-05 1720
1778603181222 2.2847457627118644e-05 1740
1778603184656 2.276271186440678e-05 1760
1778603185387 2.2677966101694914e-05 1780
1778603186121 2.2593220338983054e-05 1800
1778603186852 2.2508474576271187e-05 1820
1778603187586 2.2423728813559323e-05 1840
1778603188320 2.2338983050847457e-05 1860
1778603189055 2.2254237288135596e-05 1880
1778603189792 2.216949152542373e-05 1900
1778603190528 2.2084745762711863e-05 1920
1778603191261 2.2e-05 1940
1778603191993 2.1915254237288136e-05 1960
1778603192726 2.1830508474576273e-05 1980
1778603193458 2.1745762711864406e-05 2000
1778603197037 2.1661016949152546e-05 2020
1778603197769 2.157627118644068e-05 2040
1778603198503 2.1491525423728816e-05 2060
1778603199233 2.140677966101695e-05 2080
1778603199968 2.1322033898305085e-05 2100
1778603200704 2.1237288135593222e-05 2120
1778603201428 2.115677966101695e-05 2140
1778603202151 2.1076271186440677e-05 2160
1778603202886 2.0991525423728817e-05 2180
1778603203621 2.090677966101695e-05 2200
1778603204351 2.0822033898305087e-05 2220
1778603205083 2.073728813559322e-05 2240
1778603208854 2.0652542372881356e-05 2260
1778603209591 2.0567796610169493e-05 2280
1778603210329 2.0483050847457626e-05 2300
1778603211070 2.0398305084745763e-05 2320
1778603211803 2.03135593220339e-05 2340
1778603212538 2.0228813559322036e-05 2360
1778603213269 2.014406779661017e-05 2380
1778603214008 2.0059322033898306e-05 2400
1778603214742 1.9974576271186442e-05 2420
1778603215475 1.9889830508474575e-05 2440
1778603216211 1.9805084745762712e-05 2460
1778603216943 1.972033898305085e-05 2480
1778603217676 1.9635593220338985e-05 2500
1778603221089 1.955084745762712e-05 2520
1778603221822 1.9466101694915255e-05 2540
1778603222558 1.938135593220339e-05 2560
1778603223291 1.9296610169491528e-05 2580
1778603224025 1.921186440677966e-05 2600
1778603224759 1.9127118644067794e-05 2620
1778603225493 1.9042372881355934e-05 2640
1778603226228 1.8957627118644068e-05 2660
1778603226964 1.8872881355932204e-05 2680
1778603227701 1.8788135593220337e-05 2700
1778603228436 1.8703389830508477e-05 2720
1778603229172 1.861864406779661e-05 2740
1778603232756 1.8533898305084747e-05 2760
1778603233487 1.844915254237288e-05 2780
1778603234222 1.8364406779661017e-05 2800
1778603234956 1.8279661016949153e-05 2820
1778603235688 1.8194915254237287e-05 2840
1778603236412 1.8110169491525427e-05 2860
1778603237147 1.802542372881356e-05 2880
1778603237879 1.7940677966101696e-05 2900
1778603238614 1.785593220338983e-05 2920
1778603239348 1.7771186440677966e-05 2940
1778603240084 1.7686440677966103e-05 2960
1778603240821 1.7601694915254236e-05 2980
1778603241554 1.7516949152542373e-05 3000
1778603245346 1.743220338983051e-05 3020
1778603246079 1.7347457627118646e-05 3040
1778603246812 1.726271186440678e-05 3060
1778603247546 1.7177966101694915e-05 3080
1778603248279 1.7093220338983052e-05 3100
1778603249010 1.7008474576271185e-05 3120
1778603249743 1.6923728813559322e-05 3140
1778603250473 1.683898305084746e-05 3160
1778603251207 1.6754237288135595e-05 3180
1778603251942 1.6669491525423728e-05 3200
1778603252679 1.6584745762711865e-05 3220
1778603253412 1.65e-05 3240
1778603256862 1.6415254237288138e-05 3260
1778603257593 1.633050847457627e-05 3280
1778603258327 1.6245762711864404e-05 3300
1778603259058 1.6161016949152544e-05 3320
1778603259794 1.6076271186440677e-05 3340
1778603260516 1.599576271186441e-05 3360
1778603261250 1.591101694915254e-05 3380
1778603261982 1.5826271186440678e-05 3400
1778603262715 1.5741525423728815e-05 3420
1778603263449 1.5656779661016948e-05 3440
1778603264172 1.5576271186440675e-05 3460
1778603264908 1.5491525423728815e-05 3480
1778603265646 1.540677966101695e-05 3500
1778603269228 1.5322033898305085e-05 3520
1778603269963 1.523728813559322e-05 3540
1778603270697 1.5152542372881357e-05 3560
1778603271429 1.5067796610169491e-05 3580
1778603272161 1.4983050847457628e-05 3600
1778603272893 1.4898305084745763e-05 3620
1778603273625 1.48135593220339e-05 3640
1778603274358 1.4728813559322034e-05 3660
1778603275090 1.4644067796610171e-05 3680
1778603275824 1.4559322033898306e-05 3700
1778603276556 1.447457627118644e-05 3720
1778603277289 1.4389830508474576e-05 3740
1778603280900 1.4305084745762712e-05 3760
1778603281633 1.4220338983050847e-05 3780
1778603282365 1.4135593220338984e-05 3800
1778603283098 1.4050847457627119e-05 3820
1778603283831 1.3966101694915255e-05 3840
1778603284565 1.388135593220339e-05 3860
1778603285299 1.3796610169491527e-05 3880
1778603286030 1.371186440677966e-05 3900
1778603286765 1.3627118644067796e-05 3920
1778603287498 1.3542372881355933e-05 3940
1778603288230 1.3457627118644068e-05 3960
1778603288964 1.3372881355932204e-05 3980
1778603289697 1.328813559322034e-05 4000
1778603293294 1.3203389830508476e-05 4020
1778603294026 1.311864406779661e-05 4040
1778603294760 1.3033898305084747e-05 4060
1778603295494 1.294915254237288e-05 4080
1778603296228 1.2864406779661017e-05 4100
1778603296962 1.2779661016949152e-05 4120
1778603297695 1.2694915254237289e-05 4140
1778603298430 1.2610169491525423e-05 4160
1778603299160 1.252542372881356e-05 4180
1778603299895 1.2440677966101695e-05 4200
1778603300627 1.2355932203389831e-05 4220
1778603301364 1.2271186440677968e-05 4240
1778603305003 1.2186440677966101e-05 4260
1778603305726 1.2101694915254238e-05 4280
1778603306460 1.2016949152542373e-05 4300
1778603307192 1.193220338983051e-05 4320
1778603307925 1.1847457627118644e-05 4340
1778603308656 1.176271186440678e-05 4360
1778603309391 1.1677966101694916e-05 4380
1778603310121 1.1593220338983052e-05 4400
1778603310855 1.1508474576271187e-05 4420
1778603311587 1.1423728813559322e-05 4440
1778603312322 1.1338983050847457e-05 4460
1778603313056 1.1254237288135593e-05 4480
1778603313791 1.1169491525423728e-05 4500
1778603317405 1.1084745762711865e-05 4520
1778603318137 1.1e-05 4540
1778603318873 1.0915254237288136e-05 4560
1778603319605 1.0830508474576273e-05 4580
1778603320336 1.0745762711864408e-05 4600
1778603321070 1.0661016949152543e-05 4620
1778603321807 1.0576271186440678e-05 4640
1778603322543 1.0491525423728814e-05 4660
1778603323277 1.0406779661016949e-05 4680
1778603324012 1.0322033898305086e-05 4700
1778603324748 1.023728813559322e-05 4720
1778603325511 1.0152542372881357e-05 4740
1778603329181 1.0067796610169492e-05 4760
1778603329914 9.983050847457628e-06 4780
1778603330651 9.898305084745762e-06 4800
1778603331385 9.813559322033898e-06 4820
1778603332120 9.728813559322033e-06 4840
1778603332851 9.64406779661017e-06 4860
1778603333587 9.559322033898305e-06 4880
1778603334320 9.474576271186441e-06 4900
1778603335055 9.389830508474578e-06 4920
1778603335793 9.305084745762713e-06 4940
1778603336529 9.220338983050847e-06 4960
1778603337266 9.135593220338982e-06 4980
1778603338001 9.050847457627119e-06 5000
1778603341603 8.966101694915254e-06 5020
1778603342336 8.88135593220339e-06 5040
1778603343070 8.796610169491525e-06 5060
1778603343805 8.711864406779662e-06 5080
1778603344537 8.627118644067797e-06 5100
1778603345271 8.542372881355933e-06 5120
1778603346003 8.457627118644067e-06 5140
1778603346736 8.372881355932203e-06 5160
1778603347468 8.288135593220338e-06 5180
1778603348202 8.203389830508475e-06 5200
1778603348934 8.118644067796611e-06 5220
1778603349671 8.033898305084746e-06 5240
1778603353287 7.949152542372883e-06 5260
1778603354021 7.864406779661017e-06 5280
1778603354755 7.779661016949154e-06 5300
1778603355486 7.694915254237287e-06 5320
1778603356222 7.610169491525425e-06 5340
1778603356954 7.525423728813559e-06 5360
1778603357688 7.440677966101695e-06 5380
1778603358422 7.355932203389831e-06 5400
1778603359157 7.271186440677967e-06 5420
1778603359892 7.1864406779661025e-06 5440
1778603360624 7.101694915254237e-06 5460
1778603361358 7.016949152542373e-06 5480
1778603362092 6.932203389830509e-06 5500
1778603365660 6.8474576271186445e-06 5520
1778603366392 6.7627118644067794e-06 5540
1778603367128 6.677966101694915e-06 5560
1778603367868 6.593220338983051e-06 5580
1778603368607 6.508474576271187e-06 5600
1778603369330 6.427966101694915e-06 5620
1778603370068 6.343220338983051e-06 5640
1778603370803 6.2584745762711865e-06 5660
1778603371536 6.173728813559322e-06 5680
1778603372272 6.088983050847458e-06 5700
1778603372996 6.004237288135593e-06 5720
1778603373729 5.9194915254237285e-06 5740
1778603377488 5.834745762711864e-06 5760
1778603378220 5.750000000000001e-06 5780
1778603378956 5.665254237288136e-06 5800
1778603379693 5.5805084745762715e-06 5820
1778603380428 5.495762711864407e-06 5840
1778603381162 5.411016949152543e-06 5860
1778603381898 5.326271186440679e-06 5880
1778603382634 5.2415254237288135e-06 5900
1778603383368 5.156779661016949e-06 5920
1778603384101 5.072033898305085e-06 5940
1778603384834 4.987288135593221e-06 5960
1778603385567 4.902542372881356e-06 5980
1778603386300 4.817796610169491e-06 6000
1778603389723 4.733050847457627e-06 6020
1778603390455 4.648305084745763e-06 6040
1778603391191 4.563559322033898e-06 6060
1778603391923 4.478813559322033e-06 6080
1778603392660 4.39406779661017e-06 6100
1778603393395 4.309322033898306e-06 6120
1778603394128 4.2245762711864414e-06 6140
1778603394861 4.139830508474576e-06 6160
1778603395598 4.055084745762712e-06 6180
1778603396333 3.970338983050848e-06 6200
1778603397066 3.8855932203389835e-06 6220
1778603397801 3.800847457627119e-06 6240
1778603401398 3.716101694915254e-06 6260
1778603402128 3.63135593220339e-06 6280
1778603402860 3.5466101694915256e-06 6300
1778603403595 3.461864406779661e-06 6320
1778603404330 3.377118644067797e-06 6340
1778603405061 3.2923728813559324e-06 6360
1778603405795 3.207627118644068e-06 6380
1778603406526 3.1228813559322034e-06 6400
1778603407249 3.038135593220339e-06 6420
1778603407981 2.957627118644068e-06 6440
1778603408714 2.8728813559322037e-06 6460
1778603409446 2.788135593220339e-06 6480
1778603410179 2.7033898305084747e-06 6500
1778603413812 2.61864406779661e-06 6520
1778603414546 2.5338983050847457e-06 6540
1778603415278 2.449152542372881e-06 6560
1778603416011 2.364406779661017e-06 6580
1778603416744 2.279661016949153e-06 6600
1778603417476 2.1949152542372882e-06 6620
1778603418208 2.110169491525424e-06 6640
1778603418941 2.0254237288135593e-06 6660
1778603419672 1.940677966101695e-06 6680
1778603420406 1.8559322033898307e-06 6700
1778603421137 1.7711864406779663e-06 6720
1778603421869 1.6864406779661018e-06 6740
1778603425479 1.6016949152542373e-06 6760
1778603426216 1.516949152542373e-06 6780
1778603426951 1.4322033898305085e-06 6800
1778603427684 1.347457627118644e-06 6820
1778603428419 1.2627118644067796e-06 6840
1778603429150 1.1779661016949153e-06 6860
1778603429886 1.0932203389830508e-06 6880
1778603430618 1.0084745762711866e-06 6900
1778603431352 9.237288135593221e-07 6920
1778603432084 8.389830508474576e-07 6940
1778603432816 7.542372881355933e-07 6960
1778603433552 6.694915254237288e-07 6980
1778603434285 5.847457627118645e-07 7000
1778603437905 5e-07 7020
1778603438637 4.152542372881356e-07 7040
1778603439371 3.3050847457627117e-07 7060
1778603440103 2.457627118644068e-07 7080
1778603440836 1.6101694915254237e-07 7100
1778603441570 7.627118644067796e-08 7120
