1778603100717 0.6912 20
1778603101466 0.6757 40
1778603102201 0.6582 60
1778603102935 0.6417 80
1778603103672 0.6301 100
1778603104396 0.6284 120
1778603105132 0.6421 140
1778603105867 0.6342 160
1778603106599 0.6228 180
1778603107333 0.6132 200
1778603108065 0.6318 220
1778603108798 0.6168 240
1778603112455 0.6014 260
1778603113186 0.63 280
1778603113917 0.6314 300
1778603114649 0.6085 320
1778603115382 0.6267 340
1778603116113 0.5842 360
1778603116845 0.6121 380
1778603117577 0.6043 400
1778603118311 0.6276 420
1778603119044 0.6113 440
1778603119776 0.6433 460
1778603120510 0.5876 480
1778603121245 0.6124 500
1778603124833 0.6275 520
1778603125566 0.5951 540
1778603126303 0.6169 560
1778603127043 0.5821 580
1778603127776 0.6452 600
1778603128517 0.5521 620
1778603129251 0.6036 640
1778603129989 0.526 660
1778603130719 0.5566 680
1778603131452 0.5592 700
1778603132187 0.6035 720
1778603132920 0.5881 740
1778603136525 0.6205 760
1778603137259 0.5622 780
1778603137994 0.5673 800
1778603138727 0.559 820
1778603139459 0.5946 840
1778603140192 0.5707 860
1778603140923 0.5397 880
1778603141663 0.5286 900
1778603142398 0.6291 920
1778603143133 0.543 940
1778603143883 0.5866 960
1778603144649 0.5318 980
1778603145443 0.5354 1000
1778603149051 0.64 1020
1778603149786 0.602 1040
1778603150517 0.5743 1060
1778603151251 0.5924 1080
1778603151984 0.5379 1100
1778603152718 0.5728 1120
1778603153452 0.5434 1140
1778603154184 0.5976 1160
1778603154917 0.5954 1180
1778603155649 0.5905 1200
1778603156382 0.5906 1220
1778603157116 0.5345 1240
1778603160728 0.5814 1260
1778603161462 0.571 1280
1778603162193 0.5957 1300
1778603162931 0.5676 1320
1778603163663 0.5696 1340
1778603164398 0.5872 1360
1778603165132 0.5355 1380
1778603165866 0.5808 1400
1778603166599 0.5877 1420
1778603167330 0.5212 1440
1778603168064 0.4647 1460
1778603168798 0.5298 1480
1778603169534 0.4822 1500
1778603173159 0.4713 1520
1778603173892 0.4588 1540
1778603174624 0.4899 1560
1778603175358 0.5417 1580
1778603176092 0.4769 1600
1778603176823 0.5291 1620
1778603177558 0.4619 1640
1778603178292 0.5502 1660
1778603179026 0.5251 1680
1778603179758 0.5248 1700
1778603180489 0.4994 1720
1778603181222 0.5148 1740
1778603184656 0.5342 1760
1778603185387 0.4468 1780
1778603186121 0.5285 1800
1778603186852 0.5509 1820
1778603187586 0.5481 1840
1778603188320 0.4771 1860
1778603189055 0.4752 1880
1778603189792 0.5279 1900
1778603190528 0.471 1920
1778603191261 0.5339 1940
1778603191993 0.5337 1960
1778603192726 0.4301 1980
1778603193458 0.4955 2000
1778603197037 0.4969 2020
1778603197769 0.5398 2040
1778603198503 0.4808 2060
1778603199233 0.4484 2080
1778603199968 0.5183 2100
1778603200704 0.4784 2120
1778603201428 0.5103 2140
1778603202151 0.4636 2160
1778603202886 0.4387 2180
1778603203621 0.5257 2200
1778603204351 0.4816 2220
1778603205083 0.5012 2240
1778603208854 0.4862 2260
1778603209591 0.5119 2280
1778603210329 0.5252 2300
1778603211070 0.473 2320
1778603211803 0.5049 2340
1778603212538 0.4479 2360
1778603213269 0.4993 2380
1778603214008 0.4871 2400
1778603214742 0.488 2420
1778603215475 0.4247 2440
1778603216211 0.4977 2460
1778603216943 0.4468 2480
1778603217676 0.4429 2500
1778603221089 0.5231 2520
1778603221822 0.5044 2540
1778603222558 0.5381 2560
1778603223291 0.4419 2580
1778603224025 0.5118 2600
1778603224759 0.4824 2620
1778603225493 0.4919 2640
1778603226228 0.4776 2660
1778603226964 0.4941 2680
1778603227701 0.4772 2700
1778603228436 0.5056 2720
1778603229172 0.4768 2740
1778603232756 0.5188 2760
1778603233487 0.472 2780
1778603234222 0.5345 2800
1778603234956 0.4985 2820
1778603235688 0.476 2840
1778603236412 0.4591 2860
1778603237147 0.392 2880
1778603237879 0.3894 2900
1778603238614 0.3423 2920
1778603239348 0.412 2940
1778603240084 0.3906 2960
1778603240821 0.3615 2980
1778603241554 0.3453 3000
1778603245346 0.4036 3020
1778603246079 0.3433 3040
1778603246812 0.3651 3060
1778603247546 0.3059 3080
1778603248279 0.4204 3100
1778603249010 0.35 3120
1778603249743 0.281 3140
1778603250473 0.3621 3160
1778603251207 0.3333 3180
1778603251942 0.396 3200
1778603252679 0.3936 3220
1778603253412 0.3906 3240
1778603256862 0.3613 3260
1778603257593 0.3708 3280
1778603258327 0.3178 3300
1778603259058 0.261 3320
1778603259794 0.4095 3340
1778603260516 0.2652 3360
1778603261250 0.4088 3380
1778603261982 0.4135 3400
1778603262715 0.3703 3420
1778603263449 0.3522 3440
1778603264172 0.3158 3460
1778603264908 0.3755 3480
1778603265646 0.3283 3500
1778603269228 0.309 3520
1778603269963 0.3238 3540
1778603270697 0.3589 3560
1778603271429 0.3285 3580
1778603272161 0.3439 3600
1778603272893 0.3528 3620
1778603273625 0.3095 3640
1778603274358 0.3534 3660
1778603275090 0.3437 3680
1778603275824 0.3281 3700
1778603276556 0.2954 3720
1778603277289 0.3785 3740
1778603280900 0.3153 3760
1778603281633 0.3375 3780
1778603282365 0.3232 3800
1778603283098 0.4239 3820
1778603283831 0.3506 3840
1778603284565 0.3659 3860
1778603285299 0.3624 3880
1778603286030 0.3576 3900
1778603286765 0.268 3920
1778603287498 0.3179 3940
1778603288230 0.3973 3960
1778603288964 0.3261 3980
1778603289697 0.2643 4000
1778603293294 0.2994 4020
1778603294026 0.343 4040
1778603294760 0.3705 4060
1778603295494 0.2901 4080
1778603296228 0.327 4100
1778603296962 0.3482 4120
1778603297695 0.3187 4140
1778603298430 0.3138 4160
1778603299160 0.3079 4180
1778603299895 0.3662 4200
1778603300627 0.3059 4220
1778603301364 0.3627 4240
1778603305003 0.3918 4260
1778603305726 0.3461 4280
1778603306460 0.2097 4300
1778603307192 0.2008 4320
1778603307925 0.1632 4340
1778603308656 0.1837 4360
1778603309391 0.1695 4380
1778603310121 0.1938 4400
1778603310855 0.196 4420
1778603311587 0.1922 4440
1778603312322 0.2003 4460
1778603313056 0.2786 4480
1778603313791 0.1866 4500
1778603317405 0.1534 4520
1778603318137 0.2282 4540
1778603318873 0.2006 4560
1778603319605 0.2176 4580
1778603320336 0.1589 4600
1778603321070 0.1999 4620
1778603321807 0.1461 4640
1778603322543 0.2235 4660
1778603323277 0.2019 4680
1778603324012 0.2079 4700
1778603324748 0.2654 4720
1778603325511 0.2159 4740
1778603329181 0.1795 4760
1778603329914 0.1473 4780
1778603330651 0.2166 4800
1778603331385 0.235 4820
1778603332120 0.1353 4840
1778603332851 0.3132 4860
1778603333587 0.2328 4880
1778603334320 0.1864 4900
1778603335055 0.1932 4920
1778603335793 0.1515 4940
1778603336529 0.192 4960
1778603337266 0.2464 4980
1778603338001 0.208 5000
1778603341603 0.2109 5020
1778603342336 0.1629 5040
1778603343070 0.211 5060
1778603343805 0.198 5080
1778603344537 0.2279 5100
1778603345271 0.1762 5120
1778603346003 0.2439 5140
1778603346736 0.1879 5160
1778603347468 0.1923 5180
1778603348202 0.2106 5200
1778603348934 0.2491 5220
1778603349671 0.2272 5240
1778603353287 0.1904 5260
1778603354021 0.1894 5280
1778603354755 0.2446 5300
1778603355486 0.1986 5320
1778603356222 0.2223 5340
1778603356954 0.2269 5360
1778603357688 0.2076 5380
1778603358422 0.2382 5400
1778603359157 0.2256 5420
1778603359892 0.1459 5440
1778603360624 0.1699 5460
1778603361358 0.2068 5480
1778603362092 0.1836 5500
1778603365660 0.2093 5520
1778603366392 0.2071 5540
1778603367128 0.2414 5560
1778603367868 0.2044 5580
1778603368607 0.1632 5600
1778603369330 0.1646 5620
1778603370068 0.1753 5640
1778603370803 0.2511 5660
1778603371536 0.2059 5680
1778603372272 0.2065 5700
1778603372996 0.0895 5720
1778603373729 0.1585 5740
1778603377488 0.0626 5760
1778603378220 0.1109 5780
1778603378956 0.16 5800
1778603379693 0.1818 5820
1778603380428 0.1376 5840
1778603381162 0.0913 5860
1778603381898 0.1688 5880
1778603382634 0.1865 5900
1778603383368 0.1149 5920
1778603384101 0.1327 5940
1778603384834 0.1201 5960
1778603385567 0.1038 5980
1778603386300 0.1037 6000
1778603389723 0.0699 6020
1778603390455 0.1129 6040
1778603391191 0.1393 6060
1778603391923 0.1091 6080
1778603392660 0.2676 6100
1778603393395 0.1096 6120
1778603394128 0.0779 6140
1778603394861 0.0789 6160
1778603395598 0.1299 6180
1778603396333 0.1548 6200
1778603397066 0.089 6220
1778603397801 0.0954 6240
1778603401398 0.0911 6260
1778603402128 0.1094 6280
1778603402860 0.1388 6300
1778603403595 0.0665 6320
1778603404330 0.1961 6340
1778603405061 0.1418 6360
1778603405795 0.1047 6380
1778603406526 0.2515 6400
1778603407249 0.0998 6420
1778603407981 0.0749 6440
1778603408714 0.1189 6460
1778603409446 0.1122 6480
1778603410179 0.088 6500
1778603413812 0.137 6520
1778603414546 0.1264 6540
1778603415278 0.0718 6560
1778603416011 0.0664 6580
1778603416744 0.1162 6600
1778603417476 0.2192 6620
1778603418208 0.0871 6640
1778603418941 0.1302 6660
1778603419672 0.1385 6680
1778603420406 0.1241 6700
1778603421137 0.1885 6720
1778603421869 0.0562 6740
1778603425479 0.1224 6760
1778603426216 0.0494 6780
1778603426951 0.1501 6800
1778603427684 0.0702 6820
1778603428419 0.1638 6840
1778603429150 0.1425 6860
1778603429886 0.1147 6880
1778603430618 0.2531 6900
1778603431352 0.1339 6920
1778603432084 0.0851 6940
1778603432816 0.1397 6960
1778603433552 0.1343 6980
1778603434285 0.2286 7000
1778603437905 0.135 7020
1778603438637 0.0842 7040
1778603439371 0.1453 7060
1778603440103 0.0969 7080
1778603440836 0.1916 7100
1778603441570 0.0669 7120
