1779315773421 0.019474196689386564 20
1779315776097 0.03894839337877313 40
1779315778594 0.05842259006815969 60
1779315781513 0.07789678675754626 80
1779315784218 0.09737098344693282 100
1779315786840 0.11684518013631938 120
1779315789377 0.13631937682570594 140
1779315792017 0.15579357351509251 160
1779315794974 0.17526777020447906 180
1779315797663 0.19474196689386564 200
1779315800354 0.21421616358325218 220
1779315802798 0.23369036027263876 240
1779315810318 0.24342745861733203 250
1779315814101 0.25316455696202533 260
1779315816739 0.2726387536514119 280
1779315819366 0.2921129503407984 300
1779315822231 0.31158714703018503 320
1779315824819 0.3310613437195716 340
1779315827752 0.3505355404089581 360
1779315830285 0.37000973709834467 380
1779315833064 0.3894839337877313 400
1779315835691 0.4089581304771178 420
1779315839000 0.42843232716650437 440
1779315842378 0.44790652385589097 460
1779315845298 0.4673807205452775 480
1779315848248 0.48685491723466406 500
1779315854012 0.48685491723466406 500
1779315859907 0.5063291139240507 520
1779315862991 0.5258033106134372 540
1779315865952 0.5452775073028238 560
1779315868719 0.5647517039922103 580
1779315871729 0.5842259006815969 600
1779315874316 0.6037000973709834 620
1779315877092 0.6231742940603701 640
1779315879701 0.6426484907497566 660
1779315882313 0.6621226874391432 680
1779315885016 0.6815968841285297 700
1779315887594 0.7010710808179162 720
1779315890393 0.7205452775073028 740
1779315896704 0.7302823758519961 750
1779315900571 0.7400194741966893 760
1779315903172 0.759493670886076 780
1779315905560 0.7789678675754625 800
1779315908093 0.7984420642648491 820
1779315910351 0.8179162609542356 840
1779315912954 0.8373904576436222 860
1779315916369 0.8568646543330087 880
1779315919484 0.8763388510223953 900
1779315922379 0.8958130477117819 920
1779315925164 0.9152872444011685 940
1779315928105 0.934761441090555 960
1779315930827 0.9542356377799416 980
1779315933949 0.9737098344693281 1000
1779315939637 0.9737098344693281 1000
1779315945202 0.9931840311587147 1020
1779315947667 1.0126582278481013 1040
1779315950037 1.0321324245374879 1060
1779315952563 1.0516066212268744 1080
1779315955466 1.071080817916261 1100
1779315958114 1.0905550146056475 1120
1779315960670 1.110029211295034 1140
1779315963698 1.1295034079844206 1160
1779315966526 1.1489776046738072 1180
1779315969574 1.1684518013631937 1200
1779315972670 1.1879259980525803 1220
1779315975317 1.2074001947419668 1240
1779315982191 1.2171372930866602 1250
1779315986612 1.2268743914313536 1260
1779315989087 1.24634858812074 1280
1779315991492 1.2658227848101267 1300
1779315994194 1.2852969814995132 1320
1779315997272 1.3047711781888998 1340
1779316000149 1.3242453748782863 1360
1779316003461 1.3437195715676729 1380
1779316006983 1.3631937682570594 1400
1779316010103 1.382667964946446 1420
1779316013177 1.4021421616358325 1440
1779316016326 1.421616358325219 1460
1779316019796 1.4410905550146056 1480
1779316022989 1.4605647517039921 1500
1779316029040 1.4605647517039921 1500
1779316035321 1.480038948393379 1520
1779316038245 1.4995131450827652 1540
1779316041311 1.518987341772152 1560
1779316044186 1.5384615384615383 1580
1779316046733 1.557935735150925 1600
1779316049326 1.5774099318403116 1620
1779316052194 1.5968841285296982 1640
1779316055088 1.6163583252190847 1660
1779316057997 1.6358325219084713 1680
1779316060952 1.6553067185978578 1700
1779316063935 1.6747809152872444 1720
1779316066886 1.694255111976631 1740
1779316074230 1.7039922103213243 1750
1779316078605 1.7137293086660175 1760
1779316081121 1.7332035053554042 1780
1779316083608 1.7526777020447906 1800
1779316085968 1.7721518987341773 1820
1779316088589 1.7916260954235637 1840
1779316091262 1.8111002921129504 1860
1779316093707 1.8305744888023368 1880
1779316096329 1.8500486854917235 1900
1779316099001 1.86952288218111 1920
1779316101679 1.8889970788704966 1940
1779316104387 1.9084712755598832 1960
1779316107446 1.9279454722492697 1980
1779316110584 1.9474196689386563 2000
1779316116227 1.9474196689386563 2000
1779316121747 1.9668938656280428 2020
1779316124440 1.9863680623174296 2040
1779316127206 2.005842259006816 2060
1779316129962 2.0253164556962027 2080
1779316132539 2.044790652385589 2100
1779316134926 2.0642648490749758 2120
1779316137491 2.083739045764362 2140
1779316140166 2.103213242453749 2160
1779316142756 2.122687439143135 2180
1779316145562 2.142161635832522 2200
1779316148337 2.1616358325219083 2220
1779316151330 2.181110029211295 2240
1779316158471 2.190847127555988 2250
1779316162660 2.2005842259006814 2260
1779316165283 2.220058422590068 2280
1779316168269 2.239532619279455 2300
1779316171314 2.2590068159688412 2320
1779316174132 2.278481012658228 2340
1779316177038 2.2979552093476143 2360
1779316179537 2.317429406037001 2380
1779316182119 2.3369036027263874 2400
1779316185013 2.356377799415774 2420
1779316187776 2.3758519961051605 2440
1779316190708 2.3953261927945473 2460
1779316193541 2.4148003894839336 2480
1779316196407 2.4342745861733204 2500
1779316202424 2.4342745861733204 2500
1779316208282 2.453748782862707 2520
1779316211117 2.4732229795520935 2540
1779316213949 2.49269717624148 2560
1779316216789 2.5121713729308666 2580
1779316219846 2.5316455696202533 2600
1779316222589 2.5511197663096397 2620
1779316225339 2.5705939629990264 2640
1779316227896 2.5900681596884128 2660
1779316230446 2.6095423563777995 2680
1779316233214 2.629016553067186 2700
1779316235759 2.6484907497565726 2720
1779316238319 2.667964946445959 2740
1779316245316 2.6777020447906525 2750
1779316249604 2.6874391431353457 2760
1779316252374 2.706913339824732 2780
1779316255436 2.726387536514119 2800
1779316258332 2.7458617332035056 2820
1779316261004 2.765335929892892 2840
1779316263703 2.7848101265822782 2860
1779316266332 2.804284323271665 2880
1779316269129 2.8237585199610518 2900
1779316271860 2.843232716650438 2920
1779316274570 2.862706913339825 2940
1779316277132 2.882181110029211 2960
1779316280310 2.901655306718598 2980
1779316283100 2.9211295034079843 3000
1779316288708 2.9211295034079843 3000
1779316294935 2.940603700097371 3020
1779316297856 2.960077896786758 3040
1779316300847 2.979552093476144 3060
1779316303887 2.9990262901655305 3080
1779316306738 3.0185004868549172 3100
1779316309490 3.037974683544304 3120
1779316312329 3.0574488802336903 3140
1779316315082 3.076923076923077 3160
1779316317833 3.0963972736124634 3180
1779316320756 3.11587147030185 3200
1779316323827 3.1353456669912365 3220
1779316326905 3.1548198636806233 3240
1779316334363 3.1645569620253164 3250
1779316338924 3.1742940603700096 3260
1779316341927 3.1937682570593964 3280
1779316345057 3.2132424537487827 3300
1779316347583 3.2327166504381695 3320
1779316350357 3.252190847127556 3340
1779316353176 3.2716650438169426 3360
1779316356176 3.291139240506329 3380
1779316358793 3.3106134371957157 3400
1779316361538 3.3300876338851024 3420
1779316364351 3.3495618305744888 3440
1779316367088 3.3690360272638755 3460
1779316369944 3.388510223953262 3480
1779316372706 3.4079844206426486 3500
1779316378651 3.4079844206426486 3500
1779316384381 3.427458617332035 3520
1779316387184 3.4469328140214217 3540
1779316389944 3.466407010710808 3560
1779316392761 3.485881207400195 3580
1779316395736 3.505355404089581 3600
1779316398470 3.524829600778968 3620
1779316401570 3.5443037974683547 3640
1779316404611 3.563777994157741 3660
1779316407168 3.5832521908471273 3680
1779316409570 3.602726387536514 3700
1779316412042 3.622200584225901 3720
1779316414899 3.641674780915287 3740
1779316421783 3.651411879259981 3750
1779316426138 3.661148977604674 3760
1779316428735 3.6806231742940603 3780
1779316431300 3.700097370983447 3800
1779316433873 3.7195715676728334 3820
1779316436488 3.73904576436222 3840
1779316439180 3.7585199610516065 3860
1779316441717 3.7779941577409932 3880
1779316444178 3.7974683544303796 3900
1779316446637 3.8169425511197663 3920
1779316449237 3.836416747809153 3940
1779316451946 3.8558909444985394 3960
1779316454732 3.8753651411879257 3980
1779316457768 3.8948393378773125 4000
1779316463540 3.8948393378773125 4000
1779316468812 3.9143135345666993 4020
1779316472099 3.9337877312560856 4040
1779316474904 3.9532619279454724 4060
1779316478001 3.9727361246348587 4080
1779316480829 3.9922103213242455 4100
1779316484177 4.011684518013632 4120
1779316487072 4.031158714703018 4140
1779316489912 4.050632911392405 4160
1779316492626 4.070107108081792 4180
1779316495149 4.089581304771178 4200
1779316497684 4.109055501460565 4220
1779316500455 4.1285296981499515 4240
1779316507525 4.138266796494644 4250
1779316511821 4.148003894839338 4260
1779316514788 4.167478091528724 4280
1779316518161 4.186952288218111 4300
1779316521037 4.206426484907498 4320
1779316523874 4.225900681596884 4340
1779316526496 4.24537487828627 4360
1779316529392 4.264849074975658 4380
1779316532371 4.284323271665044 4400
1779316534993 4.30379746835443 4420
1779316537491 4.3232716650438165 4440
1779316540076 4.342745861733204 4460
1779316542561 4.36222005842259 4480
1779316545230 4.381694255111976 4500
1779316551057 4.381694255111976 4500
1779316557367 4.401168451801363 4520
1779316560270 4.42064264849075 4540
1779316563099 4.440116845180136 4560
1779316566011 4.459591041869523 4580
1779316568708 4.47906523855891 4600
1779316571374 4.498539435248296 4620
1779316574169 4.5180136319376825 4640
1779316577029 4.537487828627069 4660
1779316579757 4.556962025316456 4680
1779316582441 4.576436222005842 4700
1779316585127 4.595910418695229 4720
1779316587761 4.615384615384615 4740
1779316594766 4.625121713729309 4750
1779316598570 4.634858812074002 4760
1779316601361 4.6543330087633885 4780
1779316604157 4.673807205452775 4800
1779316606954 4.693281402142162 4820
1779316609846 4.712755598831548 4840
1779316612696 4.732229795520935 4860
1779316615491 4.751703992210321 4880
1779316618325 4.771178188899708 4900
1779316621323 4.790652385589095 4920
1779316623783 4.810126582278481 4940
1779316626224 4.829600778967867 4960
1779316628762 4.849074975657254 4980
1779316631495 4.868549172346641 5000
1779316637189 4.868549172346641 5000
1779316642834 4.888023369036027 5020
1779316645643 4.907497565725414 5040
1779316648416 4.926971762414801 5060
1779316651136 4.946445959104187 5080
1779316654057 4.965920155793573 5100
1779316657207 4.98539435248296 5120
1779316662350 5.0 5135
1779316668796 5.0 5135
1779316676279 5.0 5135
1779316687187 5.0 0
