1778868330201 3.8e-05 20
1778868333149 7.800000000000001e-05 40
1778868336101 9.986384266263238e-05 60
1778868339054 9.956127080181544e-05 80
1778868342007 9.925869894099849e-05 100
1778868344962 9.895612708018155e-05 120
1778868347915 9.86535552193646e-05 140
1778868350867 9.835098335854766e-05 160
1778868353820 9.804841149773071e-05 180
1778868356773 9.774583963691377e-05 200
1778868359726 9.744326777609682e-05 220
1778868362679 9.714069591527989e-05 240
1778868377996 9.683812405446295e-05 260
1778868380950 9.653555219364599e-05 280
1778868383900 9.623298033282904e-05 300
1778868386856 9.593040847201211e-05 320
1778868389808 9.562783661119517e-05 340
1778868392758 9.532526475037822e-05 360
1778868395709 9.502269288956128e-05 380
1778868398659 9.472012102874433e-05 400
1778868401609 9.441754916792739e-05 420
1778868404560 9.411497730711044e-05 440
1778868407511 9.38124054462935e-05 460
1778868410461 9.350983358547655e-05 480
1778868413412 9.320726172465961e-05 500
1778868428711 9.290468986384266e-05 520
1778868431667 9.260211800302573e-05 540
1778868434619 9.229954614220879e-05 560
1778868437576 9.199697428139183e-05 580
1778868440528 9.169440242057488e-05 600
1778868443481 9.139183055975795e-05 620
1778868446432 9.108925869894101e-05 640
1778868449385 9.078668683812406e-05 660
1778868452336 9.04841149773071e-05 680
1778868455289 9.018154311649017e-05 700
1778868458242 8.987897125567323e-05 720
1778868461194 8.957639939485628e-05 740
1778868476508 8.927382753403934e-05 760
1778868479462 8.897125567322239e-05 780
1778868482411 8.866868381240545e-05 800
1778868485366 8.83661119515885e-05 820
1778868488315 8.806354009077157e-05 840
1778868491265 8.776096822995463e-05 860
1778868494215 8.745839636913767e-05 880
1778868497166 8.715582450832072e-05 900
1778868500118 8.685325264750379e-05 920
1778868503068 8.655068078668685e-05 940
1778868506020 8.62481089258699e-05 960
1778868508970 8.594553706505294e-05 980
1778868511922 8.564296520423601e-05 1000
1778868526982 8.534039334341907e-05 1020
1778868529934 8.503782148260212e-05 1040
1778868532886 8.473524962178518e-05 1060
1778868535841 8.443267776096823e-05 1080
1778868538793 8.413010590015129e-05 1100
1778868541744 8.382753403933434e-05 1120
1778868544695 8.35249621785174e-05 1140
1778868547645 8.322239031770047e-05 1160
1778868550596 8.291981845688351e-05 1180
1778868553546 8.261724659606656e-05 1200
1778868556525 8.231467473524963e-05 1220
1778868559503 8.201210287443269e-05 1240
1778868575558 8.170953101361574e-05 1260
1778868578511 8.140695915279878e-05 1280
1778868581462 8.110438729198185e-05 1300
1778868584432 8.080181543116491e-05 1320
1778868587421 8.049924357034796e-05 1340
1778868590634 8.019667170953102e-05 1360
1778868593654 7.989409984871407e-05 1380
1778868596679 7.959152798789713e-05 1400
1778868599717 7.928895612708018e-05 1420
1778868602741 7.898638426626324e-05 1440
1778868605761 7.86838124054463e-05 1460
1778868608798 7.838124054462935e-05 1480
1778868611830 7.80786686838124e-05 1500
1778868627339 7.777609682299547e-05 1520
1778868630366 7.747352496217853e-05 1540
1778868633397 7.717095310136158e-05 1560
1778868636442 7.686838124054462e-05 1580
1778868639485 7.656580937972769e-05 1600
1778868642533 7.626323751891075e-05 1620
1778868645574 7.59606656580938e-05 1640
1778868648615 7.565809379727686e-05 1660
1778868651657 7.535552193645991e-05 1680
1778868654698 7.505295007564297e-05 1700
1778868657734 7.475037821482602e-05 1720
1778868660768 7.444780635400908e-05 1740
1778868676933 7.414523449319215e-05 1760
1778868679965 7.384266263237519e-05 1780
1778868683013 7.354009077155824e-05 1800
1778868686048 7.323751891074131e-05 1820
1778868689095 7.293494704992437e-05 1840
1778868692135 7.263237518910742e-05 1860
1778868695173 7.232980332829046e-05 1880
1778868698206 7.202723146747353e-05 1900
1778868701231 7.172465960665659e-05 1920
1778868704268 7.142208774583964e-05 1940
1778868707304 7.11195158850227e-05 1960
1778868710347 7.081694402420575e-05 1980
1778868713386 7.051437216338881e-05 2000
1778868728907 7.021180030257186e-05 2020
1778868731934 6.990922844175492e-05 2040
1778868734974 6.960665658093797e-05 2060
1778868738015 6.930408472012103e-05 2080
1778868741048 6.900151285930408e-05 2100
1778868744066 6.869894099848715e-05 2120
1778868747095 6.83963691376702e-05 2140
1778868750135 6.809379727685326e-05 2160
1778868753176 6.77912254160363e-05 2180
1778868756203 6.748865355521937e-05 2200
1778868759231 6.718608169440243e-05 2220
1778868762264 6.688350983358548e-05 2240
1778868778034 6.658093797276854e-05 2260
1778868781057 6.627836611195159e-05 2280
1778868784085 6.597579425113465e-05 2300
1778868787109 6.56732223903177e-05 2320
1778868790127 6.537065052950076e-05 2340
1778868793149 6.506807866868381e-05 2360
1778868796173 6.476550680786687e-05 2380
1778868799199 6.446293494704992e-05 2400
1778868802220 6.416036308623299e-05 2420
1778868805238 6.385779122541605e-05 2440
1778868808253 6.35552193645991e-05 2460
1778868811271 6.325264750378214e-05 2480
1778868814299 6.295007564296521e-05 2500
1778868830142 6.264750378214827e-05 2520
1778868833138 6.234493192133132e-05 2540
1778868836367 6.204236006051438e-05 2560
1778868839381 6.173978819969743e-05 2580
1778868842389 6.143721633888049e-05 2600
1778868845405 6.113464447806354e-05 2620
1778868848417 6.08320726172466e-05 2640
1778868851433 6.052950075642966e-05 2660
1778868854428 6.0226928895612714e-05 2680
1778868857431 5.992435703479576e-05 2700
1778868860444 5.962178517397883e-05 2720
1778868863454 5.931921331316188e-05 2740
1778868879131 5.9016641452344934e-05 2760
1778868882150 5.871406959152799e-05 2780
1778868885164 5.841149773071105e-05 2800
1778868888177 5.8108925869894106e-05 2820
1778868891191 5.7806354009077154e-05 2840
1778868894207 5.750378214826021e-05 2860
1778868897217 5.720121028744327e-05 2880
1778868900226 5.6898638426626326e-05 2900
1778868903236 5.659606656580938e-05 2920
1778868906242 5.6293494704992436e-05 2940
1778868909250 5.59909228441755e-05 2960
1778868912261 5.568835098335855e-05 2980
1778868915269 5.53857791225416e-05 3000
1778868930936 5.508320726172467e-05 3020
1778868933947 5.478063540090772e-05 3040
1778868936955 5.4478063540090774e-05 3060
1778868939970 5.417549167927383e-05 3080
1778868942982 5.387291981845689e-05 3100
1778868945987 5.3570347957639946e-05 3120
1778868948996 5.3267776096822994e-05 3140
1778868952004 5.296520423600605e-05 3160
1778868955018 5.266263237518911e-05 3180
1778868958029 5.2360060514372166e-05 3200
1778868961044 5.205748865355522e-05 3220
1778868964049 5.175491679273827e-05 3240
1778868979741 5.145234493192134e-05 3260
1778868982758 5.114977307110439e-05 3280
1778868985771 5.084720121028744e-05 3300
1778868988784 5.054462934947051e-05 3320
1778868991799 5.024205748865356e-05 3340
1778868994812 4.9939485627836613e-05 3360
1778868997825 4.963691376701967e-05 3380
1778869000838 4.9334341906202724e-05 3400
1778869003863 4.9031770045385785e-05 3420
1778869006877 4.8729198184568834e-05 3440
1778869009887 4.8426626323751896e-05 3460
1778869012912 4.812405446293495e-05 3480
1778869015939 4.7821482602118006e-05 3500
1778869031656 4.751891074130106e-05 3520
1778869034672 4.7216338880484116e-05 3540
1778869037692 4.691376701966717e-05 3560
1778869040705 4.6611195158850226e-05 3580
1778869043716 4.630862329803328e-05 3600
1778869046728 4.600605143721634e-05 3620
1778869049746 4.57034795763994e-05 3640
1778869052761 4.540090771558245e-05 3660
1778869055774 4.509833585476551e-05 3680
1778869058784 4.479576399394856e-05 3700
1778869061798 4.4493192133131625e-05 3720
1778869064815 4.4190620272314673e-05 3740
1778869080505 4.3888048411497735e-05 3760
1778869083518 4.358547655068079e-05 3780
1778869086550 4.3282904689863845e-05 3800
1778869089572 4.29803328290469e-05 3820
1778869092588 4.2677760968229956e-05 3840
1778869095600 4.237518910741301e-05 3860
1778869098623 4.2072617246596066e-05 3880
1778869101642 4.177004538577912e-05 3900
1778869104663 4.146747352496218e-05 3920
1778869107678 4.116490166414524e-05 3940
1778869110692 4.086232980332829e-05 3960
1778869113709 4.055975794251135e-05 3980
1778869116710 4.02571860816944e-05 4000
1778869132391 3.9954614220877465e-05 4020
1778869135401 3.965204236006051e-05 4040
1778869138413 3.9349470499243575e-05 4060
1778869141420 3.904689863842662e-05 4080
1778869144440 3.8744326777609685e-05 4100
1778869147461 3.844175491679274e-05 4120
1778869150472 3.8139183055975795e-05 4140
1778869153507 3.783661119515885e-05 4160
1778869156505 3.7534039334341906e-05 4180
1778869159512 3.723146747352496e-05 4200
1778869162726 3.692889561270802e-05 4220
1778869165736 3.662632375189108e-05 4240
1778869181380 3.632375189107413e-05 4260
1778869184390 3.602118003025719e-05 4280
1778869187394 3.571860816944024e-05 4300
1778869190412 3.5416036308623305e-05 4320
1778869193439 3.511346444780635e-05 4340
1778869196464 3.4810892586989415e-05 4360
1778869199479 3.450832072617246e-05 4380
1778869202486 3.4205748865355525e-05 4400
1778869205501 3.390317700453858e-05 4420
1778869208513 3.3600605143721635e-05 4440
1778869211537 3.329803328290469e-05 4460
1778869214549 3.2995461422087745e-05 4480
1778869217567 3.26928895612708e-05 4500
1778869233224 3.239031770045386e-05 4520
1778869236224 3.208774583963692e-05 4540
1778869239231 3.178517397881997e-05 4560
1778869242241 3.148260211800303e-05 4580
1778869245246 3.118003025718608e-05 4600
1778869248253 3.0877458396369144e-05 4620
1778869251259 3.057488653555219e-05 4640
1778869254268 3.027231467473525e-05 4660
1778869257278 2.9969742813918306e-05 4680
1778869260288 2.9667170953101365e-05 4700
1778869263297 2.9364599092284416e-05 4720
1778869266302 2.9062027231467475e-05 4740
1778869281968 2.875945537065053e-05 4760
1778869284976 2.845688350983359e-05 4780
1778869287989 2.815431164901664e-05 4800
1778869291003 2.78517397881997e-05 4820
1778869294013 2.7549167927382757e-05 4840
1778869297020 2.724659606656581e-05 4860
1778869300023 2.694402420574887e-05 4880
1778869303030 2.6641452344931922e-05 4900
1778869306036 2.633888048411498e-05 4920
1778869309043 2.6036308623298032e-05 4940
1778869312054 2.573373676248109e-05 4960
1778869315064 2.5431164901664146e-05 4980
1778869318077 2.5128593040847204e-05 5000
1778869333724 2.482602118003026e-05 5020
1778869336736 2.4523449319213315e-05 5040
1778869339750 2.422087745839637e-05 5060
1778869342767 2.3918305597579428e-05 5080
1778869345774 2.3615733736762483e-05 5100
1778869348787 2.331316187594554e-05 5120
1778869351797 2.3010590015128593e-05 5140
1778869354810 2.270801815431165e-05 5160
1778869357818 2.2405446293494707e-05 5180
1778869360826 2.2102874432677762e-05 5200
1778869363835 2.1800302571860817e-05 5220
1778869366842 2.1497730711043872e-05 5240
1778869382495 2.1195158850226927e-05 5260
1778869385503 2.0892586989409986e-05 5280
1778869388508 2.0590015128593044e-05 5300
1778869391517 2.02874432677761e-05 5320
1778869394509 1.9984871406959154e-05 5340
1778869397539 1.968229954614221e-05 5360
1778869400539 1.9379727685325268e-05 5380
1778869403547 1.9077155824508323e-05 5400
1778869406772 1.8774583963691378e-05 5420
1778869409778 1.8472012102874433e-05 5440
1778869412781 1.8169440242057488e-05 5460
1778869415788 1.7866868381240547e-05 5480
1778869418794 1.7564296520423602e-05 5500
1778869434346 1.7261724659606657e-05 5520
1778869437350 1.6959152798789712e-05 5540
1778869440333 1.6656580937972767e-05 5560
1778869443339 1.6354009077155826e-05 5580
1778869446347 1.605143721633888e-05 5600
1778869449341 1.574886535552194e-05 5620
1778869452344 1.5446293494704994e-05 5640
1778869455334 1.514372163388805e-05 5660
1778869458330 1.4841149773071106e-05 5680
1778869461320 1.4538577912254161e-05 5700
1778869464309 1.4236006051437218e-05 5720
1778869467298 1.3933434190620273e-05 5740
1778869482876 1.363086232980333e-05 5760
1778869485884 1.3328290468986385e-05 5780
1778869488882 1.302571860816944e-05 5800
1778869491881 1.2723146747352497e-05 5820
1778869494881 1.2420574886535553e-05 5840
1778869497874 1.2118003025718608e-05 5860
1778869500878 1.1815431164901665e-05 5880
1778869503888 1.151285930408472e-05 5900
1778869506883 1.1210287443267777e-05 5920
1778869509894 1.0907715582450832e-05 5940
1778869512899 1.0605143721633887e-05 5960
1778869515888 1.0302571860816944e-05 5980
1778869518901 1e-05 6000
1778869534503 9.697428139183058e-06 6020
1778869537513 9.394856278366113e-06 6040
1778869540524 9.092284417549168e-06 6060
1778869543513 8.789712556732225e-06 6080
1778869546509 8.48714069591528e-06 6100
1778869549503 8.184568835098336e-06 6120
1778869552513 7.881996974281393e-06 6140
1778869555519 7.579425113464449e-06 6160
1778869558504 7.276853252647504e-06 6180
1778869561513 6.97428139183056e-06 6200
1778869564509 6.671709531013616e-06 6220
1778869567511 6.369137670196672e-06 6240
1778869583102 6.066565809379728e-06 6260
1778869586100 5.763993948562784e-06 6280
1778869589093 5.46142208774584e-06 6300
1778869592103 5.158850226928896e-06 6320
1778869595103 4.856278366111952e-06 6340
1778869598113 4.5537065052950075e-06 6360
1778869601104 4.2511346444780634e-06 6380
1778869604093 3.948562783661119e-06 6400
1778869607081 3.6459909228441757e-06 6420
1778869610084 3.3434190620272316e-06 6440
1778869613091 3.0408472012102876e-06 6460
1778869616090 2.7382753403933435e-06 6480
1778869619103 2.4357034795763994e-06 6500
1778869634665 2.1331316187594553e-06 6520
1778869637664 1.8305597579425113e-06 6540
1778869640671 1.5279878971255674e-06 6560
1778869643667 1.2254160363086233e-06 6580
1778869646660 9.228441754916794e-07 6600
1778869649667 6.202723146747353e-07 6620
1778869652660 3.177004538577912e-07 6640
1778869655631 1.51285930408472e-08 6660
