1779318772930 3.447070360183716 20
1779318773881 1.462912917137146 40
1779318774720 7.0222296714782715 60
1779318775618 1.0369046926498413 80
1779318776593 1.3434414863586426 100
1779318777536 1.1499117612838745 120
1779318778514 2.2609972953796387 140
1779318779454 2.2250146865844727 160
1779318780308 3.0497233867645264 180
1779318781195 3.6567163467407227 200
1779318782065 9.38072681427002 220
1779318782971 3.0094847679138184 240
1779318786130 9.177552223205566 260
1779318787097 5.254502773284912 280
1779318788153 11.229188919067383 300
1779318789233 5.375792026519775 320
1779318790171 6.581082820892334 340
1779318791124 7.200741291046143 360
1779318792069 11.41293716430664 380
1779318793052 4.072207450866699 400
1779318794069 4.8057637214660645 420
1779318795079 8.844019889831543 440
1779318795980 5.897897720336914 460
1779318796869 2.7564785480499268 480
1779318797807 5.069947242736816 500
1779318801398 6.29152774810791 520
1779318802376 9.68608570098877 540
1779318803394 6.0995965003967285 560
1779318804483 3.9770617485046387 580
1779318805400 7.205619812011719 600
1779318806302 6.327436447143555 620
1779318807128 13.285058975219727 640
1779318808031 1.1887956857681274 660
1779318809027 2.668274402618408 680
1779318810008 10.697948455810547 700
1779318810945 4.023312568664551 720
1779318812051 4.344979763031006 740
1779318815808 0.5555360317230225 760
1779318816878 9.056706428527832 780
1779318817904 1.602433681488037 800
1779318818953 8.39819049835205 820
1779318819955 1.521629810333252 840
1779318821059 5.0923004150390625 860
1779318822126 13.523594856262207 880
1779318823129 6.656256198883057 900
1779318824100 5.689775466918945 920
1779318825064 0.2699578106403351 940
1779318826017 22.74631690979004 960
1779318826966 17.27845001220703 980
1779318827931 6.7657952308654785 1000
1779318831095 8.9541654586792 1020
1779318831976 14.64444351196289 1040
1779318832973 0.40772005915641785 1060
1779318833962 0.5921002626419067 1080
1779318834983 24.281063079833984 1100
1779318835944 0.2266729772090912 1120
1779318836883 0.3405829668045044 1140
1779318837812 16.663188934326172 1160
1779318838816 1.3396638631820679 1180
1779318839767 1.983724594116211 1200
1779318840781 7.131460189819336 1220
1779318841758 31.476091384887695 1240
1779318845431 0.4397284984588623 1260
1779318846268 0.14081338047981262 1280
1779318847295 0.4747416079044342 1300
1779318848260 0.18763820827007294 1320
1779318849253 14.573091506958008 1340
1779318850260 0.07762037962675095 1360
1779318851195 0.153213232755661 1380
1779318852112 10.581830978393555 1400
1779318853068 9.969319343566895 1420
1779318854090 0.07385100424289703 1440
1779318855011 0.28599631786346436 1460
1779318855960 3.9344120025634766 1480
1779318856894 1.767600417137146 1500
1779318860147 0.10865847021341324 1520
1779318861096 2.872299909591675 1540
1779318861999 0.0948798879981041 1560
1779318863018 0.13378669321537018 1580
1779318863973 0.11454024910926819 1600
1779318864836 33.65454864501953 1620
1779318865637 0.17741511762142181 1640
1779318866427 0.055274780839681625 1660
1779318867229 1.0620635747909546 1680
1779318868116 0.059508293867111206 1700
1779318869039 0.052206143736839294 1720
1779318869983 2.5899085998535156 1740
1779318873445 0.07885770499706268 1760
1779318874399 0.09152881056070328 1780
1779318875314 0.06862972676753998 1800
1779318876376 0.0979171022772789 1820
