1779318772930 0.6933 20
1779318773881 0.6944 40
1779318774720 0.6947 60
1779318775618 0.69 80
1779318776593 0.6915 100
1779318777536 0.6945 120
1779318778514 0.6876 140
1779318779454 0.675 160
1779318780308 0.6466 180
1779318781195 0.5685 200
1779318782065 0.5103 220
1779318782971 0.5375 240
1779318786130 0.5525 260
1779318787097 0.5079 280
1779318788153 0.4786 300
1779318789233 0.4625 320
1779318790171 0.4704 340
1779318791124 0.4459 360
1779318792069 0.3618 380
1779318793052 0.3424 400
1779318794069 0.3269 420
1779318795079 0.3585 440
1779318795980 0.304 460
1779318796869 0.3215 480
1779318797807 0.3276 500
1779318801398 0.2857 520
1779318802376 0.3087 540
1779318803394 0.253 560
1779318804483 0.2232 580
1779318805400 0.2203 600
1779318806302 0.1835 620
1779318807128 0.1615 640
1779318808031 0.2208 660
1779318809027 0.2123 680
1779318810008 0.2167 700
1779318810945 0.1923 720
1779318812051 0.2122 740
1779318815808 0.1496 760
1779318816878 0.1348 780
1779318817904 0.1311 800
1779318818953 0.1373 820
1779318819955 0.1339 840
1779318821059 0.1155 860
1779318822126 0.1503 880
1779318823129 0.1061 900
1779318824100 0.1487 920
1779318825064 0.0837 940
1779318826017 0.0715 960
1779318826966 0.2334 980
1779318827931 0.0574 1000
1779318831095 0.0903 1020
1779318831976 0.0405 1040
1779318832973 0.0961 1060
1779318833962 0.0749 1080
1779318834983 0.08 1100
1779318835944 0.0609 1120
1779318836883 0.0786 1140
1779318837812 0.0819 1160
1779318838816 0.073 1180
1779318839767 0.0477 1200
1779318840781 0.0615 1220
1779318841758 0.0665 1240
1779318845431 0.0872 1260
1779318846268 0.0523 1280
1779318847295 0.0511 1300
1779318848260 0.0374 1320
1779318849253 0.0405 1340
1779318850260 0.0296 1360
1779318851195 0.0677 1380
1779318852112 0.057 1400
1779318853068 0.0544 1420
1779318854090 0.0466 1440
1779318855011 0.0431 1460
1779318855960 0.0386 1480
1779318856894 0.0334 1500
1779318860147 0.0551 1520
1779318861096 0.0525 1540
1779318861999 0.0425 1560
1779318863018 0.0541 1580
1779318863973 0.016 1600
1779318864836 0.0343 1620
1779318865637 0.0218 1640
1779318866427 0.027 1660
1779318867229 0.0211 1680
1779318868116 0.0283 1700
1779318869039 0.0179 1720
1779318869983 0.0437 1740
1779318873445 0.0284 1760
1779318874399 0.0656 1780
1779318875314 0.045 1800
1779318876376 0.0404 1820
