1778843831365 0.6931 20
1778843837352 0.6928 40
1778843843339 0.6927 60
1778843849329 0.6931 80
1778843855317 0.6924 100
1778843861308 0.6927 120
1778843867300 0.6924 140
1778843873292 0.6923 160
1778843879285 0.6921 180
1778843885277 0.6918 200
1778843891270 0.6914 220
1778843897267 0.6911 240
1778843963453 0.6913 260
1778843969434 0.691 280
1778843975420 0.6908 300
1778843981408 0.6903 320
1778843987400 0.6904 340
1778843993392 0.6904 360
1778843999385 0.6901 380
1778844005379 0.6901 400
1778844011373 0.6901 420
1778844017368 0.6898 440
1778844023363 0.6898 460
1778844029368 0.6891 480
1778844035365 0.6895 500
1778844100893 0.6888 520
1778844106876 0.689 540
1778844112864 0.6883 560
1778844118854 0.6888 580
1778844124847 0.689 600
1778844130841 0.6881 620
1778844136835 0.6881 640
1778844142830 0.6886 660
1778844148823 0.6876 680
1778844154820 0.6868 700
1778844160829 0.6879 720
1778844166831 0.6869 740
1778844230735 0.6868 760
1778844236719 0.6871 780
1778844242705 0.6878 800
1778844248693 0.6866 820
1778844254685 0.6873 840
1778844260679 0.686 860
1778844266675 0.6862 880
1778844272672 0.6852 900
1778844278671 0.6865 920
1778844284673 0.6862 940
1778844290680 0.6855 960
1778844296682 0.687 980
1778844302682 0.6841 1000
1778844369108 0.6845 1020
1778844375091 0.6858 1040
1778844381080 0.6862 1060
1778844387079 0.6856 1080
1778844393077 0.6853 1100
1778844399076 0.6852 1120
1778844405074 0.6853 1140
1778844411072 0.6847 1160
1778844417081 0.6839 1180
1778844423084 0.6851 1200
1778844429086 0.6842 1220
1778844435086 0.6841 1240
1778844499329 0.684 1260
1778844505312 0.6846 1280
1778844511301 0.6847 1300
1778844517297 0.6812 1320
1778844523258 0.6828 1340
1778844529255 0.6839 1360
1778844535253 0.6819 1380
1778844541250 0.6808 1400
1778844547259 0.6816 1420
1778844553258 0.6819 1440
1778844559260 0.6831 1460
1778844565259 0.6835 1480
1778844571257 0.68 1500
1778844636579 0.6819 1520
1778844642562 0.6831 1540
1778844648549 0.6829 1560
1778844654545 0.6796 1580
1778844660543 0.6813 1600
1778844666541 0.6807 1620
1778844672541 0.6813 1640
1778844678549 0.6816 1660
1778844684549 0.6817 1680
1778844690549 0.6821 1700
1778844696549 0.6809 1720
1778844702549 0.6799 1740
1778844768051 0.6808 1760
1778844774037 0.6806 1780
1778844780023 0.68 1800
1778844786015 0.6809 1820
1778844792012 0.6816 1840
1778844798010 0.6786 1860
1778844804018 0.6794 1880
1778844810020 0.6807 1900
1778844816024 0.6798 1920
1778844822024 0.6805 1940
1778844828025 0.6795 1960
1778844834026 0.6783 1980
1778844840024 0.6808 2000
1778844906579 0.6812 2020
1778844912565 0.6774 2040
1778844918557 0.6791 2060
1778844924555 0.6802 2080
1778844930555 0.6797 2100
1778844936564 0.6772 2120
1778844942566 0.6801 2140
1778844948564 0.6789 2160
1778844954564 0.6796 2180
1778844960565 0.6812 2200
1778844966565 0.6794 2220
1778844972564 0.677 2240
1778845038217 0.6778 2260
1778845044202 0.678 2280
1778845050189 0.6775 2300
1778845056185 0.6767 2320
1778845062190 0.6784 2340
1778845068191 0.6784 2360
1778845074193 0.6778 2380
1778845080192 0.6747 2400
1778845086190 0.6768 2420
1778845092189 0.6759 2440
1778845098189 0.6784 2460
1778845104190 0.6794 2480
1778845110189 0.6802 2500
1778845173877 0.6786 2520
1778845179863 0.6777 2540
1778845185857 0.6761 2560
1778845191861 0.6768 2580
1778845197861 0.6776 2600
1778845203860 0.6757 2620
1778845209857 0.6776 2640
1778845215856 0.6763 2660
1778845221818 0.6754 2680
1778845227817 0.6775 2700
1778845233815 0.6786 2720
1778845239813 0.6748 2740
1778845304908 0.6787 2760
1778845310890 0.6771 2780
1778845316875 0.6801 2800
1778845322880 0.6747 2820
1778845328877 0.6759 2840
1778845334879 0.6756 2860
1778845340876 0.6769 2880
1778845346874 0.6742 2900
1778845352872 0.6741 2920
1778845358870 0.6759 2940
1778845364869 0.6764 2960
1778845370867 0.6757 2980
1778845376865 0.6748 3000
1778845441827 0.6741 3020
1778845447809 0.6744 3040
1778845453811 0.6753 3060
1778845459809 0.6747 3080
1778845465807 0.6713 3100
1778845471805 0.6752 3120
1778845477803 0.6769 3140
1778845483801 0.6755 3160
1778845489799 0.6717 3180
1778845495797 0.6756 3200
1778845501795 0.6729 3220
1778845507794 0.6752 3240
1778845572845 0.6748 3260
1778845578830 0.6768 3280
1778845584819 0.673 3300
1778845590808 0.6722 3320
1778845596797 0.6727 3340
1778845602789 0.6728 3360
1778845608785 0.6721 3380
1778845614780 0.674 3400
1778845620778 0.6736 3420
1778845626776 0.6705 3440
1778845632774 0.6702 3460
1778845638772 0.672 3480
1778845644770 0.6746 3500
1778845709863 0.6744 3520
1778845715847 0.674 3540
1778845721841 0.6727 3560
1778845727838 0.6766 3580
1778845733837 0.6732 3600
1778845739835 0.6724 3620
1778845745833 0.6705 3640
1778845751832 0.6752 3660
1778845757830 0.6709 3680
1778845763828 0.6745 3700
1778845769826 0.6703 3720
1778845775825 0.6755 3740
1778845840744 0.6709 3760
1778845846728 0.6688 3780
1778845852718 0.6724 3800
1778845858709 0.6699 3820
1778845864702 0.6735 3840
1778845870698 0.6727 3860
1778845876697 0.6705 3880
1778845882695 0.6713 3900
1778845888694 0.6751 3920
1778845894691 0.6685 3940
1778845900691 0.6704 3960
1778845906688 0.6694 3980
1778845912649 0.6683 4000
1778845979140 0.6737 4020
1778845985130 0.6702 4040
1778845991128 0.6754 4060
1778845997130 0.6703 4080
1778846003139 0.6694 4100
1778846009143 0.6723 4120
1778846015149 0.6743 4140
1778846021151 0.6703 4160
1778846027155 0.6703 4180
1778846033165 0.6687 4200
1778846039168 0.672 4220
1778846045172 0.6716 4240
1778846109489 0.6727 4260
1778846115476 0.6715 4280
1778846121471 0.6721 4300
1778846127464 0.6739 4320
1778846133463 0.6717 4340
1778846139460 0.6697 4360
1778846145457 0.6724 4380
1778846151455 0.6729 4400
1778846157453 0.668 4420
1778846163457 0.6727 4440
1778846169458 0.6727 4460
1778846175458 0.6709 4480
1778846181457 0.6706 4500
1778846246530 0.6685 4520
1778846252519 0.6713 4540
1778846258517 0.6659 4560
1778846264522 0.6665 4580
1778846270520 0.6671 4600
1778846276517 0.6703 4620
1778846282517 0.6753 4640
1778846288518 0.6728 4660
1778846294527 0.6708 4680
1778846300528 0.6714 4700
1778846306529 0.6671 4720
1778846312530 0.6729 4740
1778846377809 0.6682 4760
1778846383793 0.6686 4780
1778846389784 0.6679 4800
1778846395789 0.6685 4820
1778846401788 0.6676 4840
1778846407787 0.6649 4860
1778846413787 0.6657 4880
1778846419788 0.6699 4900
1778846425797 0.665 4920
1778846431797 0.6703 4940
1778846437798 0.6677 4960
1778846443800 0.6674 4980
1778846449799 0.6723 5000
1778846514812 0.6711 5020
1778846520800 0.6696 5040
1778846526804 0.6672 5060
1778846532808 0.669 5080
1778846538815 0.6689 5100
1778846544826 0.6726 5120
1778846550830 0.6687 5140
1778846556835 0.6699 5160
1778846562837 0.6668 5180
1778846568841 0.6731 5200
1778846574846 0.6715 5220
1778846580858 0.6709 5240
1778846646026 0.6694 5260
1778846652014 0.6706 5280
1778846658004 0.668 5300
1778846664006 0.6676 5320
1778846669970 0.6677 5340
1778846675979 0.6706 5360
1778846681985 0.6673 5380
1778846687990 0.6639 5400
1778846693997 0.6669 5420
1778846700002 0.6684 5440
1778846706007 0.6716 5460
1778846712018 0.6725 5480
1778846718023 0.6673 5500
1778846783345 0.668 5520
1778846789334 0.6659 5540
1778846795326 0.6677 5560
1778846801325 0.6686 5580
1778846807335 0.6687 5600
1778846813340 0.6699 5620
1778846819349 0.6663 5640
1778846825354 0.6684 5660
1778846831359 0.6674 5680
1778846837361 0.6675 5700
1778846843374 0.6703 5720
1778846849377 0.6676 5740
1778846914817 0.6721 5760
1778846920803 0.6681 5780
1778846926795 0.6714 5800
1778846932792 0.664 5820
1778846938799 0.665 5840
1778846944806 0.6702 5860
1778846950814 0.6695 5880
1778846956818 0.6676 5900
1778846962823 0.673 5920
1778846968827 0.6676 5940
1778846974838 0.6709 5960
1778846980843 0.6685 5980
1778846986849 0.6651 6000
1778847052140 0.6636 6020
1778847058129 0.6678 6040
1778847064123 0.6705 6060
1778847070131 0.6711 6080
1778847076136 0.6681 6100
1778847082142 0.6655 6120
1778847088144 0.6652 6140
1778847094148 0.6677 6160
1778847100151 0.6695 6180
1778847106164 0.6674 6200
1778847112168 0.6703 6220
1778847118172 0.6706 6240
1778847183526 0.6678 6260
1778847189512 0.6699 6280
1778847195502 0.6666 6300
1778847201501 0.6682 6320
1778847207500 0.6671 6340
1778847213500 0.6701 6360
1778847219500 0.6653 6380
1778847225501 0.6693 6400
1778847231500 0.6682 6420
1778847237504 0.6689 6440
1778847243511 0.6679 6460
1778847249516 0.6699 6480
1778847255519 0.6697 6500
1778847320722 0.6672 6520
1778847326712 0.6648 6540
1778847332707 0.6711 6560
1778847338704 0.6713 6580
1778847344703 0.6662 6600
1778847350702 0.6693 6620
1778847356701 0.6683 6640
1778847362665 0.6691 6660
