1779322200191 0.015015015015015015 20
1779322200482 0.03003003003003003 40
1779322200791 0.04504504504504504 60
1779322201100 0.06006006006006006 80
1779322201412 0.07507507507507508 100
1779322201726 0.09009009009009009 120
1779322201989 0.10510510510510511 140
1779322202276 0.12012012012012012 160
1779322202546 0.13513513513513514 180
1779322202812 0.15015015015015015 200
1779322203056 0.16516516516516516 220
1779322203350 0.18018018018018017 240
1779322205153 0.18768768768768768 250
1779322205853 0.19519519519519518 260
1779322206149 0.21021021021021022 280
1779322206435 0.22522522522522523 300
1779322206770 0.24024024024024024 320
1779322207094 0.2552552552552553 340
1779322207416 0.2702702702702703 360
1779322207771 0.2852852852852853 380
1779322208103 0.3003003003003003 400
1779322208393 0.3153153153153153 420
1779322208683 0.3303303303303303 440
1779322209035 0.34534534534534533 460
1779322209329 0.36036036036036034 480
1779322209620 0.37537537537537535 500
1779322211304 0.37537537537537535 500
1779322212201 0.39039039039039036 520
1779322212480 0.40540540540540543 540
1779322212778 0.42042042042042044 560
1779322213095 0.43543543543543545 580
1779322213442 0.45045045045045046 600
1779322213778 0.46546546546546547 620
1779322214140 0.4804804804804805 640
1779322214498 0.4954954954954955 660
1779322214838 0.5105105105105106 680
1779322215192 0.5255255255255256 700
1779322215589 0.5405405405405406 720
1779322215978 0.5555555555555556 740
1779322217933 0.5630630630630631 750
1779322218606 0.5705705705705706 760
1779322218902 0.5855855855855856 780
1779322219206 0.6006006006006006 800
1779322219491 0.6156156156156156 820
1779322219782 0.6306306306306306 840
1779322220110 0.6456456456456456 860
1779322220456 0.6606606606606606 880
1779322220748 0.6756756756756757 900
1779322221038 0.6906906906906907 920
1779322221338 0.7057057057057057 940
1779322221643 0.7207207207207207 960
1779322221934 0.7357357357357357 980
1779322222262 0.7507507507507507 1000
1779322223850 0.7507507507507507 1000
1779322224803 0.7657657657657657 1020
1779322225097 0.7807807807807807 1040
1779322225362 0.7957957957957958 1060
1779322225637 0.8108108108108109 1080
1779322225910 0.8258258258258259 1100
1779322226172 0.8408408408408409 1120
1779322226439 0.8558558558558559 1140
1779322226673 0.8708708708708709 1160
1779322226931 0.8858858858858859 1180
1779322227181 0.9009009009009009 1200
1779322227437 0.9159159159159159 1220
1779322227721 0.9309309309309309 1240
1779322229535 0.9384384384384384 1250
1779322230193 0.9459459459459459 1260
1779322230469 0.960960960960961 1280
1779322230769 0.975975975975976 1300
1779322231037 0.990990990990991 1320
1779322231351 1.006006006006006 1340
1779322231688 1.021021021021021 1360
1779322231994 1.0360360360360361 1380
1779322232301 1.0510510510510511 1400
1779322232596 1.0660660660660661 1420
1779322232897 1.0810810810810811 1440
1779322233188 1.0960960960960962 1460
1779322233465 1.1111111111111112 1480
1779322233743 1.1261261261261262 1500
1779322235260 1.1261261261261262 1500
1779322236135 1.1411411411411412 1520
1779322236494 1.1561561561561562 1540
1779322236797 1.1711711711711712 1560
1779322237088 1.1861861861861862 1580
1779322237342 1.2012012012012012 1600
1779322237585 1.2162162162162162 1620
1779322237853 1.2312312312312312 1640
1779322238170 1.2462462462462462 1660
1779322238477 1.2612612612612613 1680
1779322238785 1.2762762762762763 1700
1779322239108 1.2912912912912913 1720
1779322239407 1.3063063063063063 1740
1779322241217 1.3138138138138138 1750
1779322241990 1.3213213213213213 1760
1779322242292 1.3363363363363363 1780
1779322242626 1.3513513513513513 1800
1779322242977 1.3663663663663663 1820
1779322243350 1.3813813813813813 1840
1779322243680 1.3963963963963963 1860
1779322243980 1.4114114114114114 1880
1779322244242 1.4264264264264264 1900
1779322244500 1.4414414414414414 1920
1779322244762 1.4564564564564564 1940
1779322245038 1.4714714714714714 1960
1779322245315 1.4864864864864864 1980
1779322245564 1.5015015015015014 2000
1779322247087 1.5015015015015014 2000
1779322247949 1.5165165165165164 2020
1779322248198 1.5315315315315314 2040
1779322248475 1.5465465465465464 2060
1779322248753 1.5615615615615615 2080
1779322249033 1.5765765765765765 2100
1779322249316 1.5915915915915915 2120
1779322249623 1.6066066066066065 2140
1779322249937 1.6216216216216215 2160
1779322250219 1.6366366366366365 2180
1779322250510 1.6516516516516515 2200
1779322250781 1.6666666666666665 2220
1779322251060 1.6816816816816815 2240
1779322252814 1.689189189189189 2250
1779322253593 1.6966966966966965 2260
1779322253889 1.7117117117117115 2280
1779322254170 1.7267267267267268 2300
1779322254454 1.7417417417417418 2320
1779322254724 1.7567567567567568 2340
1779322254990 1.7717717717717718 2360
1779322255283 1.7867867867867868 2380
1779322255600 1.8018018018018018 2400
1779322255913 1.8168168168168168 2420
1779322256217 1.8318318318318318 2440
1779322256542 1.8468468468468469 2460
1779322256933 1.8618618618618619 2480
1779322257261 1.8768768768768769 2500
1779322258922 1.8768768768768769 2500
1779322259934 1.8918918918918919 2520
1779322260305 1.906906906906907 2540
1779322260662 1.921921921921922 2560
1779322261015 1.936936936936937 2580
1779322261385 1.951951951951952 2600
1779322261719 1.966966966966967 2620
1779322262036 1.981981981981982 2640
1779322262347 1.996996996996997 2660
1779322262674 2.012012012012012 2680
1779322263009 2.027027027027027 2700
1779322263343 2.042042042042042 2720
1779322263671 2.057057057057057 2740
1779322265445 2.0645645645645647 2750
1779322266103 2.0720720720720722 2760
1779322266386 2.0870870870870872 2780
1779322266718 2.1021021021021022 2800
1779322267076 2.1171171171171173 2820
1779322267433 2.1321321321321323 2840
1779322267738 2.1471471471471473 2860
1779322268027 2.1621621621621623 2880
1779322268343 2.1771771771771773 2900
1779322268623 2.1921921921921923 2920
1779322268995 2.2072072072072073 2940
1779322269389 2.2222222222222223 2960
1779322269692 2.2372372372372373 2980
1779322270022 2.2522522522522523 3000
1779322271749 2.2522522522522523 3000
1779322272763 2.2672672672672673 3020
1779322273063 2.2822822822822824 3040
1779322273395 2.2972972972972974 3060
1779322273710 2.3123123123123124 3080
1779322274015 2.3273273273273274 3100
1779322274305 2.3423423423423424 3120
1779322274585 2.3573573573573574 3140
1779322274836 2.3723723723723724 3160
1779322275112 2.3873873873873874 3180
1779322275467 2.4024024024024024 3200
1779322275786 2.4174174174174174 3220
1779322276068 2.4324324324324325 3240
1779322277938 2.43993993993994 3250
1779322278792 2.4474474474474475 3260
1779322279121 2.4624624624624625 3280
1779322279394 2.4774774774774775 3300
1779322279675 2.4924924924924925 3320
1779322280006 2.5075075075075075 3340
1779322280293 2.5225225225225225 3360
1779322280585 2.5375375375375375 3380
1779322280862 2.5525525525525525 3400
1779322281139 2.5675675675675675 3420
1779322281435 2.5825825825825826 3440
1779322281752 2.5975975975975976 3460
1779322282068 2.6126126126126126 3480
1779322282359 2.6276276276276276 3500
1779322284110 2.6276276276276276 3500
1779322285110 2.6426426426426426 3520
1779322285539 2.6576576576576576 3540
1779322285954 2.6726726726726726 3560
1779322286285 2.6876876876876876 3580
1779322286615 2.7027027027027026 3600
1779322287047 2.7177177177177176 3620
1779322287360 2.7327327327327327 3640
1779322287673 2.7477477477477477 3660
1779322287960 2.7627627627627627 3680
1779322288297 2.7777777777777777 3700
1779322288597 2.7927927927927927 3720
1779322288902 2.8078078078078077 3740
1779322290802 2.815315315315315 3750
1779322291692 2.8228228228228227 3760
1779322292026 2.8378378378378377 3780
1779322292333 2.8528528528528527 3800
1779322292680 2.8678678678678677 3820
1779322293084 2.8828828828828827 3840
1779322293398 2.8978978978978978 3860
1779322293751 2.9129129129129128 3880
1779322294084 2.9279279279279278 3900
1779322294382 2.942942942942943 3920
1779322294640 2.957957957957958 3940
1779322294887 2.972972972972973 3960
1779322295137 2.987987987987988 3980
1779322295453 3.003003003003003 4000
1779322297040 3.003003003003003 4000
1779322297976 3.018018018018018 4020
1779322298294 3.033033033033033 4040
1779322298590 3.048048048048048 4060
1779322298886 3.063063063063063 4080
1779322299176 3.078078078078078 4100
1779322299460 3.093093093093093 4120
1779322299746 3.108108108108108 4140
1779322300090 3.123123123123123 4160
1779322300438 3.138138138138138 4180
1779322300727 3.153153153153153 4200
1779322300993 3.1681681681681684 4220
1779322301247 3.1831831831831834 4240
1779322303155 3.190690690690691 4250
1779322303963 3.1981981981981984 4260
1779322304238 3.2132132132132134 4280
1779322304519 3.2282282282282284 4300
1779322304799 3.2432432432432434 4320
1779322305086 3.2582582582582584 4340
1779322305335 3.2732732732732734 4360
1779322305632 3.2882882882882885 4380
1779322305924 3.3033033033033035 4400
1779322306187 3.3183183183183185 4420
1779322306465 3.3333333333333335 4440
1779322306743 3.3483483483483485 4460
1779322307075 3.3633633633633635 4480
1779322307341 3.3783783783783785 4500
1779322308911 3.3783783783783785 4500
1779322309767 3.3933933933933935 4520
1779322310013 3.4084084084084085 4540
1779322310290 3.4234234234234235 4560
1779322310608 3.4384384384384385 4580
1779322310877 3.4534534534534536 4600
1779322311138 3.4684684684684686 4620
1779322311419 3.4834834834834836 4640
1779322311680 3.4984984984984986 4660
1779322311961 3.5135135135135136 4680
1779322312250 3.5285285285285286 4700
1779322312528 3.5435435435435436 4720
1779322312803 3.5585585585585586 4740
1779322314368 3.566066066066066 4750
1779322315083 3.5735735735735736 4760
1779322315367 3.5885885885885886 4780
1779322315665 3.6036036036036037 4800
1779322315953 3.6186186186186187 4820
1779322316221 3.6336336336336337 4840
1779322316500 3.6486486486486487 4860
1779322316797 3.6636636636636637 4880
1779322317079 3.6786786786786787 4900
1779322317366 3.6936936936936937 4920
1779322317627 3.7087087087087087 4940
1779322317884 3.7237237237237237 4960
1779322318162 3.7387387387387387 4980
1779322318448 3.7537537537537538 5000
1779322319965 3.7537537537537538 5000
1779322320758 3.7687687687687688 5020
1779322321000 3.7837837837837838 5040
1779322321221 3.798798798798799 5060
1779322321455 3.813813813813814 5080
1779322321711 3.828828828828829 5100
1779322322025 3.843843843843844 5120
1779322322321 3.858858858858859 5140
1779322322594 3.873873873873874 5160
1779322322866 3.888888888888889 5180
1779322323136 3.903903903903904 5200
1779322323385 3.918918918918919 5220
1779322323671 3.933933933933934 5240
1779322325396 3.9414414414414414 5250
1779322326249 3.948948948948949 5260
1779322326535 3.963963963963964 5280
1779322326820 3.978978978978979 5300
1779322327105 3.993993993993994 5320
1779322327423 4.009009009009009 5340
1779322327706 4.024024024024024 5360
1779322327995 4.039039039039039 5380
1779322328296 4.054054054054054 5400
1779322328605 4.069069069069069 5420
1779322328911 4.084084084084084 5440
1779322329200 4.099099099099099 5460
1779322329498 4.114114114114114 5480
1779322329791 4.129129129129129 5500
1779322331539 4.129129129129129 5500
1779322332421 4.1441441441441444 5520
1779322332695 4.1591591591591595 5540
1779322332990 4.1741741741741745 5560
1779322333307 4.1891891891891895 5580
1779322333595 4.2042042042042045 5600
1779322333892 4.2192192192192195 5620
1779322334199 4.2342342342342345 5640
1779322334495 4.2492492492492495 5660
1779322334801 4.2642642642642645 5680
1779322335105 4.2792792792792795 5700
1779322335420 4.2942942942942945 5720
1779322335722 4.3093093093093096 5740
1779322337797 4.316816816816817 5750
1779322338604 4.324324324324325 5760
1779322338916 4.33933933933934 5780
1779322339212 4.354354354354355 5800
1779322339489 4.36936936936937 5820
1779322339776 4.384384384384385 5840
1779322340117 4.3993993993994 5860
1779322340444 4.414414414414415 5880
1779322340780 4.42942942942943 5900
1779322341075 4.444444444444445 5920
1779322341354 4.45945945945946 5940
1779322341670 4.474474474474475 5960
1779322341936 4.48948948948949 5980
1779322342203 4.504504504504505 6000
1779322343746 4.504504504504505 6000
1779322344618 4.51951951951952 6020
1779322344922 4.534534534534535 6040
1779322345210 4.54954954954955 6060
1779322345499 4.564564564564565 6080
1779322345764 4.57957957957958 6100
1779322346043 4.594594594594595 6120
1779322346310 4.60960960960961 6140
1779322346584 4.624624624624625 6160
1779322346851 4.63963963963964 6180
1779322347127 4.654654654654655 6200
1779322347404 4.66966966966967 6220
1779322347672 4.684684684684685 6240
1779322349400 4.692192192192192 6250
1779322350131 4.6996996996997 6260
1779322350407 4.714714714714715 6280
1779322350686 4.72972972972973 6300
1779322350964 4.744744744744745 6320
1779322351241 4.75975975975976 6340
1779322351523 4.774774774774775 6360
1779322351810 4.78978978978979 6380
1779322352100 4.804804804804805 6400
1779322352384 4.81981981981982 6420
1779322352661 4.834834834834835 6440
1779322352939 4.84984984984985 6460
1779322353212 4.864864864864865 6480
1779322353511 4.87987987987988 6500
1779322355083 4.87987987987988 6500
1779322355945 4.894894894894895 6520
1779322356217 4.90990990990991 6540
1779322356487 4.924924924924925 6560
1779322356733 4.93993993993994 6580
1779322357011 4.954954954954955 6600
1779322357269 4.96996996996997 6620
1779322357542 4.984984984984985 6640
1779322357843 5.0 6660
1779322358731 5.0 6660
1779322360477 5.0 6660
1779322362578 5.0 6660
1779322365392 5.0 0
