1779322200191 0.7106 20
1779322200482 0.7131 40
1779322200791 0.7031 60
1779322201100 0.7008 80
1779322201412 0.7032 100
1779322201726 0.6826 120
1779322201989 0.7023 140
1779322202276 0.6963 160
1779322202546 0.699 180
1779322202812 0.6852 200
1779322203056 0.6965 220
1779322203350 0.6948 240
1779322205853 0.6959 260
1779322206149 0.6928 280
1779322206435 0.6996 300
1779322206770 0.6893 320
1779322207094 0.6901 340
1779322207416 0.6912 360
1779322207771 0.6978 380
1779322208103 0.691 400
1779322208393 0.6897 420
1779322208683 0.6886 440
1779322209035 0.6882 460
1779322209329 0.6867 480
1779322209620 0.6949 500
1779322212201 0.6959 520
1779322212480 0.6843 540
1779322212778 0.6899 560
1779322213095 0.6853 580
1779322213442 0.6962 600
1779322213778 0.6853 620
1779322214140 0.6823 640
1779322214498 0.6882 660
1779322214838 0.6952 680
1779322215192 0.6848 700
1779322215589 0.686 720
1779322215978 0.7025 740
1779322218606 0.6877 760
1779322218902 0.6915 780
1779322219206 0.6841 800
1779322219491 0.6882 820
1779322219782 0.6835 840
1779322220110 0.6955 860
1779322220456 0.6844 880
1779322220748 0.6808 900
1779322221038 0.6878 920
1779322221338 0.6856 940
1779322221643 0.6853 960
1779322221934 0.6882 980
1779322222262 0.6743 1000
1779322224803 0.6902 1020
1779322225097 0.6756 1040
1779322225362 0.6897 1060
1779322225637 0.6873 1080
1779322225910 0.6804 1100
1779322226172 0.6833 1120
1779322226439 0.676 1140
1779322226673 0.6775 1160
1779322226931 0.6931 1180
1779322227181 0.6745 1200
1779322227437 0.679 1220
1779322227721 0.6699 1240
1779322230193 0.687 1260
1779322230469 0.6722 1280
1779322230769 0.6745 1300
1779322231037 0.6768 1320
1779322231351 0.6851 1340
1779322231688 0.6734 1360
1779322231994 0.6768 1380
1779322232301 0.6818 1400
1779322232596 0.6874 1420
1779322232897 0.6921 1440
1779322233188 0.6813 1460
1779322233465 0.6823 1480
1779322233743 0.6888 1500
1779322236135 0.6816 1520
1779322236494 0.6861 1540
1779322236797 0.6828 1560
1779322237088 0.6818 1580
1779322237342 0.6835 1600
1779322237585 0.6917 1620
1779322237853 0.6742 1640
1779322238170 0.6794 1660
1779322238477 0.6815 1680
1779322238785 0.6809 1700
1779322239108 0.6803 1720
1779322239407 0.6836 1740
1779322241990 0.6809 1760
1779322242292 0.675 1780
1779322242626 0.6763 1800
1779322242977 0.674 1820
1779322243350 0.6751 1840
1779322243680 0.6857 1860
1779322243980 0.678 1880
1779322244242 0.6874 1900
1779322244500 0.6787 1920
1779322244762 0.6863 1940
1779322245038 0.6817 1960
1779322245315 0.6697 1980
1779322245564 0.6758 2000
1779322247949 0.6829 2020
1779322248198 0.6826 2040
1779322248475 0.6821 2060
1779322248753 0.6809 2080
1779322249033 0.6786 2100
1779322249316 0.6789 2120
1779322249623 0.6795 2140
1779322249937 0.681 2160
1779322250219 0.6745 2180
1779322250510 0.6715 2200
1779322250781 0.6794 2220
1779322251060 0.6812 2240
1779322253593 0.6808 2260
1779322253889 0.6763 2280
1779322254170 0.6833 2300
1779322254454 0.6702 2320
1779322254724 0.6767 2340
1779322254990 0.6998 2360
1779322255283 0.67 2380
1779322255600 0.6803 2400
1779322255913 0.6693 2420
1779322256217 0.6623 2440
1779322256542 0.683 2460
1779322256933 0.673 2480
1779322257261 0.6792 2500
1779322259934 0.6763 2520
1779322260305 0.6752 2540
1779322260662 0.6909 2560
1779322261015 0.6829 2580
1779322261385 0.6823 2600
1779322261719 0.6776 2620
1779322262036 0.6915 2640
1779322262347 0.6841 2660
1779322262674 0.6881 2680
1779322263009 0.6781 2700
1779322263343 0.6743 2720
1779322263671 0.6767 2740
1779322266103 0.6768 2760
1779322266386 0.6718 2780
1779322266718 0.6807 2800
1779322267076 0.6738 2820
1779322267433 0.6847 2840
1779322267738 0.6747 2860
1779322268027 0.6637 2880
1779322268343 0.6737 2900
1779322268623 0.6804 2920
1779322268995 0.6707 2940
1779322269389 0.683 2960
1779322269692 0.6891 2980
1779322270022 0.6715 3000
1779322272763 0.6796 3020
1779322273063 0.6605 3040
1779322273395 0.6863 3060
1779322273710 0.6732 3080
1779322274015 0.6701 3100
1779322274305 0.6717 3120
1779322274585 0.6827 3140
1779322274836 0.6796 3160
1779322275112 0.6655 3180
1779322275467 0.6747 3200
1779322275786 0.6713 3220
1779322276068 0.6784 3240
1779322278792 0.6791 3260
1779322279121 0.6795 3280
1779322279394 0.6526 3300
1779322279675 0.664 3320
1779322280006 0.6742 3340
1779322280293 0.6762 3360
1779322280585 0.6615 3380
1779322280862 0.6648 3400
1779322281139 0.677 3420
1779322281435 0.6661 3440
1779322281752 0.6665 3460
1779322282068 0.679 3480
1779322282359 0.6681 3500
1779322285110 0.664 3520
1779322285539 0.6949 3540
1779322285954 0.68 3560
1779322286285 0.6776 3580
1779322286615 0.6654 3600
1779322287047 0.6726 3620
1779322287360 0.6677 3640
1779322287673 0.6766 3660
1779322287960 0.6737 3680
1779322288297 0.6665 3700
1779322288597 0.683 3720
1779322288902 0.6685 3740
1779322291692 0.6821 3760
1779322292026 0.6597 3780
1779322292333 0.6896 3800
1779322292680 0.6625 3820
1779322293084 0.6765 3840
1779322293398 0.6817 3860
1779322293751 0.6723 3880
1779322294084 0.6737 3900
1779322294382 0.6803 3920
1779322294640 0.6809 3940
1779322294887 0.6695 3960
1779322295137 0.6882 3980
1779322295453 0.6718 4000
1779322297976 0.6756 4020
1779322298294 0.6744 4040
1779322298590 0.6714 4060
1779322298886 0.6587 4080
1779322299176 0.6785 4100
1779322299460 0.6667 4120
1779322299746 0.6577 4140
1779322300090 0.6805 4160
1779322300438 0.6679 4180
1779322300727 0.6784 4200
1779322300993 0.6723 4220
1779322301247 0.6707 4240
1779322303963 0.6665 4260
1779322304238 0.6775 4280
1779322304519 0.6639 4300
1779322304799 0.6708 4320
1779322305086 0.6679 4340
1779322305335 0.6756 4360
1779322305632 0.6742 4380
1779322305924 0.6744 4400
1779322306187 0.6797 4420
1779322306465 0.6644 4440
1779322306743 0.6747 4460
1779322307075 0.6746 4480
1779322307341 0.6697 4500
1779322309767 0.6628 4520
1779322310013 0.6767 4540
1779322310290 0.6804 4560
1779322310608 0.6617 4580
1779322310877 0.6586 4600
1779322311138 0.6746 4620
1779322311419 0.6718 4640
1779322311680 0.6634 4660
1779322311961 0.6869 4680
1779322312250 0.6742 4700
1779322312528 0.6835 4720
1779322312803 0.6673 4740
1779322315083 0.6805 4760
1779322315367 0.6715 4780
1779322315665 0.6849 4800
1779322315953 0.6782 4820
1779322316221 0.6668 4840
1779322316500 0.6794 4860
1779322316797 0.678 4880
1779322317079 0.6614 4900
1779322317366 0.6678 4920
1779322317627 0.6874 4940
1779322317884 0.6699 4960
1779322318162 0.6717 4980
1779322318448 0.6648 5000
1779322320758 0.6589 5020
1779322321000 0.665 5040
1779322321221 0.6699 5060
1779322321455 0.6689 5080
1779322321711 0.6741 5100
1779322322025 0.6694 5120
1779322322321 0.6789 5140
1779322322594 0.664 5160
1779322322866 0.673 5180
1779322323136 0.6544 5200
1779322323385 0.6748 5220
1779322323671 0.6911 5240
1779322326249 0.6572 5260
1779322326535 0.6655 5280
1779322326820 0.6816 5300
1779322327105 0.6729 5320
1779322327423 0.668 5340
1779322327706 0.6781 5360
1779322327995 0.666 5380
1779322328296 0.669 5400
1779322328605 0.6589 5420
1779322328911 0.6766 5440
1779322329200 0.6941 5460
1779322329498 0.6685 5480
1779322329791 0.6696 5500
1779322332421 0.6671 5520
1779322332695 0.6727 5540
1779322332990 0.684 5560
1779322333307 0.671 5580
1779322333595 0.6666 5600
1779322333892 0.6684 5620
1779322334199 0.6651 5640
1779322334495 0.6725 5660
1779322334801 0.6725 5680
1779322335105 0.6735 5700
1779322335420 0.6679 5720
1779322335722 0.6708 5740
1779322338604 0.659 5760
1779322338916 0.6646 5780
1779322339212 0.6697 5800
1779322339489 0.6718 5820
1779322339776 0.6796 5840
1779322340117 0.6757 5860
1779322340444 0.6698 5880
1779322340780 0.6631 5900
1779322341075 0.6664 5920
1779322341354 0.6676 5940
1779322341670 0.6703 5960
1779322341936 0.6689 5980
1779322342203 0.6729 6000
1779322344618 0.6747 6020
1779322344922 0.6824 6040
1779322345210 0.6857 6060
1779322345499 0.6797 6080
1779322345764 0.6682 6100
1779322346043 0.6592 6120
1779322346310 0.6638 6140
1779322346584 0.6815 6160
1779322346851 0.6705 6180
1779322347127 0.6626 6200
1779322347404 0.6639 6220
1779322347672 0.6796 6240
1779322350131 0.6758 6260
1779322350407 0.671 6280
1779322350686 0.676 6300
1779322350964 0.6809 6320
1779322351241 0.6759 6340
1779322351523 0.6812 6360
1779322351810 0.6743 6380
1779322352100 0.6706 6400
1779322352384 0.6726 6420
1779322352661 0.6856 6440
1779322352939 0.6754 6460
1779322353212 0.6766 6480
1779322353511 0.6717 6500
1779322355945 0.6865 6520
1779322356217 0.6776 6540
1779322356487 0.677 6560
1779322356733 0.6757 6580
1779322357011 0.6685 6600
1779322357269 0.677 6620
1779322357542 0.6688 6640
1779322357843 0.6777 6660
