1777984893896 3.8e-05 20
1777984897600 7.800000000000001e-05 40
1777984901307 9.982948086396363e-05 60
1777984905014 9.945054945054946e-05 80
1777984908713 9.907161803713528e-05 100
1777984912396 9.86926866237211e-05 120
1777984916077 9.831375521030693e-05 140
1777984919781 9.793482379689278e-05 160
1777984923481 9.755589238347859e-05 180
1777984927170 9.717696097006442e-05 200
1777984930848 9.679802955665025e-05 220
1777984934552 9.641909814323608e-05 240
1777984946988 9.60401667298219e-05 260
1777984950675 9.566123531640774e-05 280
1777984954348 9.528230390299356e-05 300
1777984958014 9.490337248957939e-05 320
1777984961681 9.452444107616522e-05 340
1777984965366 9.414550966275104e-05 360
1777984969060 9.376657824933688e-05 380
1777984972750 9.33876468359227e-05 400
1777984976436 9.300871542250854e-05 420
1777984980113 9.262978400909435e-05 440
1777984983788 9.225085259568018e-05 460
1777984987482 9.187192118226602e-05 480
1777984991190 9.149298976885185e-05 500
1777985003683 9.111405835543766e-05 520
1777985007362 9.07351269420235e-05 540
1777985011039 9.035619552860932e-05 560
1777985014714 8.997726411519516e-05 580
1777985018399 8.959833270178098e-05 600
1777985022081 8.921940128836681e-05 620
1777985025760 8.884046987495264e-05 640
1777985029445 8.846153846153847e-05 660
1777985033137 8.80826070481243e-05 680
1777985036820 8.770367563471012e-05 700
1777985040511 8.732474422129595e-05 720
1777985044205 8.694581280788178e-05 740
1777985056807 8.656688139446761e-05 760
1777985060498 8.618794998105342e-05 780
1777985064204 8.580901856763927e-05 800
1777985067898 8.54300871542251e-05 820
1777985071605 8.505115574081092e-05 840
1777985075290 8.467222432739674e-05 860
1777985078965 8.429329291398257e-05 880
1777985082648 8.391436150056841e-05 900
1777985086330 8.353543008715424e-05 920
1777985090007 8.315649867374005e-05 940
1777985093687 8.277756726032588e-05 960
1777985097359 8.239863584691171e-05 980
1777985101059 8.201970443349755e-05 1000
1777985113735 8.164077302008337e-05 1020
1777985117414 8.12618416066692e-05 1040
1777985121090 8.088291019325502e-05 1060
1777985124770 8.050397877984085e-05 1080
1777985128450 8.012504736642668e-05 1100
1777985132147 7.974611595301251e-05 1120
1777985135830 7.936718453959834e-05 1140
1777985139510 7.898825312618417e-05 1160
1777985143196 7.860932171277e-05 1180
1777985146885 7.823039029935581e-05 1200
1777985150585 7.785145888594165e-05 1220
1777985154284 7.747252747252748e-05 1240
1777985167073 7.709359605911331e-05 1260
1777985170753 7.671466464569913e-05 1280
1777985174436 7.633573323228495e-05 1300
1777985178131 7.59568018188708e-05 1320
1777985181821 7.557787040545662e-05 1340
1777985185502 7.519893899204244e-05 1360
1777985189182 7.482000757862827e-05 1380
1777985192868 7.44410761652141e-05 1400
1777985196546 7.406214475179993e-05 1420
1777985200232 7.368321333838575e-05 1440
1777985203943 7.330428192497158e-05 1460
1777985207645 7.292535051155741e-05 1480
1777985211332 7.254641909814324e-05 1500
1777985224105 7.216748768472907e-05 1520
1777985227794 7.17885562713149e-05 1540
1777985231491 7.140962485790073e-05 1560
1777985235169 7.103069344448655e-05 1580
1777985238850 7.065176203107238e-05 1600
1777985242532 7.02728306176582e-05 1620
1777985246215 6.989389920424404e-05 1640
1777985249890 6.951496779082987e-05 1660
1777985253578 6.91360363774157e-05 1680
1777985257257 6.875710496400151e-05 1700
1777985260950 6.837817355058734e-05 1720
1777985264656 6.799924213717318e-05 1740
1777985277458 6.762031072375901e-05 1760
1777985281157 6.724137931034483e-05 1780
1777985284849 6.686244789693066e-05 1800
1777985288537 6.648351648351648e-05 1820
1777985292229 6.610458507010231e-05 1840
1777985295910 6.572565365668814e-05 1860
1777985299597 6.534672224327397e-05 1880
1777985303257 6.49677908298598e-05 1900
1777985306933 6.458885941644563e-05 1920
1777985310622 6.420992800303146e-05 1940
1777985314304 6.383099658961728e-05 1960
1777985317986 6.345206517620311e-05 1980
1777985321659 6.307313376278894e-05 2000
1777985334466 6.269420234937477e-05 2020
1777985338149 6.231527093596059e-05 2040
1777985341860 6.193633952254643e-05 2060
1777985345546 6.155740810913226e-05 2080
1777985349225 6.117847669571809e-05 2100
1777985352892 6.079954528230391e-05 2120
1777985356573 6.042061386888973e-05 2140
1777985360261 6.004168245547556e-05 2160
1777985363935 5.966275104206139e-05 2180
1777985367622 5.928381962864722e-05 2200
1777985371318 5.890488821523304e-05 2220
1777985375016 5.852595680181887e-05 2240
1777985387816 5.8147025388404694e-05 2260
1777985391508 5.7768093974990536e-05 2280
1777985395177 5.738916256157636e-05 2300
1777985398863 5.7010231148162186e-05 2320
1777985402548 5.663129973474801e-05 2340
1777985406260 5.625236832133384e-05 2360
1777985409992 5.587343690791967e-05 2380
1777985413737 5.54945054945055e-05 2400
1777985417422 5.511557408109132e-05 2420
1777985421122 5.473664266767715e-05 2440
1777985424824 5.435771125426298e-05 2460
1777985428520 5.3978779840848815e-05 2480
1777985432200 5.359984842743464e-05 2500
1777985444987 5.3220917014020466e-05 2520
1777985448676 5.2841985600606295e-05 2540
1777985452365 5.2463054187192116e-05 2560
1777985456078 5.2084122773777945e-05 2580
1777985459765 5.170519136036378e-05 2600
1777985463443 5.132625994694961e-05 2620
1777985467132 5.094732853353543e-05 2640
1777985470828 5.056839712012126e-05 2660
1777985474558 5.018946570670708e-05 2680
1777985478257 4.981053429329292e-05 2700
1777985481961 4.9431602879878745e-05 2720
1777985485637 4.9052671466464574e-05 2740
1777985498445 4.8673740053050396e-05 2760
1777985502120 4.829480863963623e-05 2780
1777985505805 4.791587722622205e-05 2800
1777985509501 4.753694581280788e-05 2820
1777985513189 4.715801439939371e-05 2840
1777985516867 4.677908298597954e-05 2860
1777985520570 4.640015157256537e-05 2880
1777985524249 4.6021220159151196e-05 2900
1777985527922 4.5642288745737025e-05 2920
1777985531601 4.526335733232285e-05 2940
1777985535272 4.488442591890868e-05 2960
1777985538950 4.4505494505494504e-05 2980
1777985542630 4.412656309208034e-05 3000
1777985555455 4.374763167866616e-05 3020
1777985559131 4.3368700265251996e-05 3040
1777985562810 4.298976885183782e-05 3060
1777985566488 4.261083743842365e-05 3080
1777985570466 4.2231906025009476e-05 3100
1777985574166 4.1852974611595304e-05 3120
1777985577831 4.147404319818113e-05 3140
1777985581500 4.109511178476696e-05 3160
1777985585182 4.071618037135278e-05 3180
1777985588850 4.033724895793862e-05 3200
1777985592524 3.995831754452444e-05 3220
1777985596199 3.957938613111027e-05 3240
1777985608985 3.92004547176961e-05 3260
1777985612662 3.8821523304281926e-05 3280
1777985616346 3.8442591890867755e-05 3300
1777985620044 3.8063660477453584e-05 3320
1777985623741 3.768472906403941e-05 3340
1777985627424 3.730579765062524e-05 3360
1777985631102 3.692686623721107e-05 3380
1777985634775 3.654793482379689e-05 3400
1777985638449 3.616900341038273e-05 3420
1777985642152 3.579007199696855e-05 3440
1777985645835 3.5411140583554384e-05 3460
1777985649513 3.5032209170140206e-05 3480
1777985653183 3.4653277756726034e-05 3500
