1777984893896 0.6932 20
1777984897600 0.6489 40
1777984901307 0.5863 60
1777984905014 0.5415 80
1777984908713 0.4698 100
1777984912396 0.4569 120
1777984916077 0.4096 140
1777984919781 0.4542 160
1777984923481 0.4631 180
1777984927170 0.472 200
1777984930848 0.4093 220
1777984934552 0.405 240
1777984946988 0.4069 260
1777984950675 0.4452 280
1777984954348 0.3957 300
1777984958014 0.3933 320
1777984961681 0.4083 340
1777984965366 0.4156 360
1777984969060 0.3835 380
1777984972750 0.3707 400
1777984976436 0.3582 420
1777984980113 0.375 440
1777984983788 0.3728 460
1777984987482 0.3757 480
1777984991190 0.4146 500
1777985003683 0.3719 520
1777985007362 0.4207 540
1777985011039 0.3187 560
1777985014714 0.316 580
1777985018399 0.3641 600
1777985022081 0.3756 620
1777985025760 0.3801 640
1777985029445 0.3908 660
1777985033137 0.3573 680
1777985036820 0.3656 700
1777985040511 0.344 720
1777985044205 0.3782 740
1777985056807 0.362 760
1777985060498 0.3683 780
1777985064204 0.3448 800
1777985067898 0.3269 820
1777985071605 0.3636 840
1777985075290 0.3514 860
1777985078965 0.3221 880
1777985082648 0.4083 900
1777985086330 0.303 920
1777985090007 0.3284 940
1777985093687 0.3246 960
1777985097359 0.3406 980
1777985101059 0.3399 1000
1777985113735 0.4129 1020
1777985117414 0.3347 1040
1777985121090 0.3448 1060
1777985124770 0.3562 1080
1777985128450 0.3308 1100
1777985132147 0.3583 1120
1777985135830 0.309 1140
1777985139510 0.3607 1160
1777985143196 0.3436 1180
1777985146885 0.3719 1200
1777985150585 0.3248 1220
1777985154284 0.3259 1240
1777985167073 0.3746 1260
1777985170753 0.3407 1280
1777985174436 0.3449 1300
1777985178131 0.3381 1320
1777985181821 0.2827 1340
1777985185502 0.3419 1360
1777985189182 0.2768 1380
1777985192868 0.3002 1400
1777985196546 0.2774 1420
1777985200232 0.2732 1440
1777985203943 0.2825 1460
1777985207645 0.29 1480
1777985211332 0.3392 1500
1777985224105 0.3075 1520
1777985227794 0.3048 1540
1777985231491 0.3188 1560
1777985235169 0.2844 1580
1777985238850 0.2646 1600
1777985242532 0.3021 1620
1777985246215 0.297 1640
1777985249890 0.2849 1660
1777985253578 0.2577 1680
1777985257257 0.3297 1700
1777985260950 0.3032 1720
1777985264656 0.3101 1740
1777985277458 0.2875 1760
1777985281157 0.2854 1780
1777985284849 0.2845 1800
1777985288537 0.2757 1820
1777985292229 0.2613 1840
1777985295910 0.2756 1860
1777985299597 0.2946 1880
1777985303257 0.2861 1900
1777985306933 0.2923 1920
1777985310622 0.2957 1940
1777985314304 0.2803 1960
1777985317986 0.2797 1980
1777985321659 0.2722 2000
1777985334466 0.299 2020
1777985338149 0.2978 2040
1777985341860 0.2529 2060
1777985345546 0.2928 2080
1777985349225 0.2696 2100
1777985352892 0.2526 2120
1777985356573 0.278 2140
1777985360261 0.297 2160
1777985363935 0.2841 2180
1777985367622 0.2436 2200
1777985371318 0.2927 2220
1777985375016 0.3031 2240
1777985387816 0.2969 2260
1777985391508 0.2465 2280
1777985395177 0.3386 2300
1777985398863 0.3106 2320
1777985402548 0.2734 2340
1777985406260 0.2783 2360
1777985409992 0.2794 2380
1777985413737 0.2693 2400
1777985417422 0.2754 2420
1777985421122 0.2362 2440
1777985424824 0.3173 2460
1777985428520 0.3045 2480
1777985432200 0.2669 2500
1777985444987 0.2642 2520
1777985448676 0.287 2540
1777985452365 0.2751 2560
1777985456078 0.2966 2580
1777985459765 0.2837 2600
1777985463443 0.2555 2620
1777985467132 0.2849 2640
1777985470828 0.2767 2660
1777985474558 0.2392 2680
1777985478257 0.2497 2700
1777985481961 0.2029 2720
1777985485637 0.2199 2740
1777985498445 0.2083 2760
1777985502120 0.2284 2780
1777985505805 0.1745 2800
1777985509501 0.2271 2820
1777985513189 0.1962 2840
1777985516867 0.1972 2860
1777985520570 0.2945 2880
1777985524249 0.2447 2900
1777985527922 0.2027 2920
1777985531601 0.198 2940
1777985535272 0.1867 2960
1777985538950 0.2055 2980
1777985542630 0.2177 3000
1777985555455 0.1889 3020
1777985559131 0.1742 3040
1777985562810 0.2475 3060
1777985566488 0.2235 3080
1777985570466 0.1933 3100
1777985574166 0.217 3120
1777985577831 0.2358 3140
1777985581500 0.2209 3160
1777985585182 0.162 3180
1777985588850 0.2049 3200
1777985592524 0.2271 3220
1777985596199 0.2236 3240
1777985608985 0.1897 3260
1777985612662 0.1815 3280
1777985616346 0.1872 3300
1777985620044 0.1878 3320
1777985623741 0.1939 3340
1777985627424 0.213 3360
1777985631102 0.1657 3380
1777985634775 0.2345 3400
1777985638449 0.1902 3420
1777985642152 0.2255 3440
1777985645835 0.2054 3460
1777985649513 0.1907 3480
1777985653183 0.2147 3500
