1778324619079 3.1743128299713135 20
1778324636825 2.7849342823028564 40
1778324653950 4.558764934539795 60
1778324671590 2.797356605529785 80
1778324689163 3.4545209407806396 100
1778324706711 4.55280876159668 120
1778324724475 1.805129885673523 140
1778324741779 4.764645576477051 160
1778324759329 2.0990519523620605 180
1778324776891 2.23750901222229 200
1778324794154 3.748883008956909 220
1778324811629 2.0579538345336914 240
1778324882993 3.892800807952881 260
1778324900195 3.5480217933654785 280
1778324917470 3.507382392883301 300
1778324934462 4.846390247344971 320
1778324951837 2.0654993057250977 340
1778324968791 4.145172119140625 360
1778324985982 1.93050217628479 380
1778325003085 3.516571283340454 400
1778325020138 3.624739170074463 420
1778325037109 3.0355262756347656 440
1778325054067 2.024381399154663 460
1778325071214 2.434647560119629 480
1778325088311 1.892009973526001 500
1778325159812 3.86784029006958 520
1778325177209 2.160565137863159 540
1778325194938 1.8461450338363647 560
1778325212128 2.8553080558776855 580
1778325229651 2.0668442249298096 600
1778325247247 4.136493682861328 620
1778325264516 3.434218406677246 640
1778325281930 3.118251323699951 660
1778325299400 2.486652135848999 680
1778325316999 3.966430902481079 700
1778325334256 2.6802852153778076 720
1778325351711 2.1040198802948 740
1778325424238 2.536590099334717 760
1778325441881 2.533294677734375 780
1778325459217 2.443134069442749 800
1778325476596 2.76516056060791 820
1778325494459 1.8594861030578613 840
1778325511942 2.4382927417755127 860
1778325529428 2.41391921043396 880
1778325546957 1.658037543296814 900
1778325564632 3.4229400157928467 920
1778325581964 2.1651790142059326 940
1778325599271 1.6300935745239258 960
1778325616817 6.430293560028076 980
1778325633997 4.448202610015869 1000
1778325706833 2.384610891342163 1020
1778325724279 4.032288551330566 1040
1778325741719 3.7277302742004395 1060
1778325758896 2.233835458755493 1080
1778325776219 2.6493008136749268 1100
1778325793646 2.1247081756591797 1120
1778325811099 2.8377840518951416 1140
1778325828567 4.304988384246826 1160
1778325845711 3.2146825790405273 1180
1778325863324 3.0286643505096436 1200
1778325880654 3.812674045562744 1220
1778325898256 2.5547211170196533 1240
1778325970857 3.0235822200775146 1260
1778325988533 3.0252442359924316 1280
1778326005915 1.908140778541565 1300
1778326023246 1.9841763973236084 1320
1778326040797 2.8014209270477295 1340
1778326058025 3.809739589691162 1360
1778326075301 2.0007474422454834 1380
1778326093137 4.226734161376953 1400
1778326110505 1.9368761777877808 1420
1778326128151 2.7880871295928955 1440
1778326145620 5.482327938079834 1460
1778326163137 2.2373127937316895 1480
1778326180374 2.91929292678833 1500
1778326252453 2.530930757522583 1520
1778326269722 4.160989761352539 1540
1778326287013 2.0420479774475098 1560
1778326304572 2.0955023765563965 1580
1778326322245 3.5754945278167725 1600
1778326339638 1.7937670946121216 1620
1778326357260 2.0194849967956543 1640
1778326374721 3.063356637954712 1660
1778326392354 3.5296335220336914 1680
1778326409926 3.265997886657715 1700
1778326427504 3.887911319732666 1720
1778326444939 2.062467098236084 1740
1778326517261 3.2782986164093018 1760
1778326534621 1.82555091381073 1780
1778326552395 4.180388927459717 1800
1778326569830 4.077756881713867 1820
1778326587214 4.726940155029297 1840
1778326604560 1.927885890007019 1860
1778326622392 2.3756511211395264 1880
1778326640036 4.5979790687561035 1900
1778326657461 3.5997698307037354 1920
1778326675028 3.2655582427978516 1940
1778326692463 4.015583038330078 1960
1778326709840 2.726125955581665 1980
1778326727450 3.606144428253174 2000
1778326799589 4.27777624130249 2020
1778326817462 2.739109992980957 2040
1778326834974 2.7704997062683105 2060
1778326852608 2.843306064605713 2080
1778326869951 2.6975033283233643 2100
1778326887297 2.6336076259613037 2120
1778326904694 2.0689711570739746 2140
1778326922161 2.1154773235321045 2160
1778326939435 2.889035224914551 2180
1778326956691 2.6079282760620117 2200
1778326974160 2.9442505836486816 2220
1778326991625 2.6967344284057617 2240
1778327064066 4.27536678314209 2260
1778327081218 2.209766387939453 2280
1778327098559 5.14747428894043 2300
1778327115880 3.3745923042297363 2320
1778327132944 2.1467432975769043 2340
1778327150060 3.4558465480804443 2360
1778327167244 2.3947107791900635 2380
1778327184270 2.1773767471313477 2400
1778327201583 2.0650646686553955 2420
1778327218599 4.989854335784912 2440
1778327235650 3.6158127784729004 2460
1778327252786 3.7793471813201904 2480
1778327269825 3.121490001678467 2500
1778327340760 4.367591381072998 2520
1778327357778 2.517472267150879 2540
1778327374917 3.4782137870788574 2560
1778327391918 3.203659772872925 2580
1778327409040 4.090736389160156 2600
1778327426091 4.27088737487793 2620
1778327443206 2.8966269493103027 2640
1778327460237 3.576871633529663 2660
1778327477683 2.9768548011779785 2680
1778327495082 4.063872337341309 2700
1778327511995 4.170292854309082 2720
1778327529221 2.3153157234191895 2740
1778327599511 2.3417961597442627 2760
1778327616490 3.517341136932373 2780
1778327633406 2.44946026802063 2800
1778327650539 3.3679420948028564 2820
1778327667576 2.690187692642212 2840
1778327684545 5.657240867614746 2860
1778327701837 3.7553281784057617 2880
1778327718838 1.8108816146850586 2900
1778327735856 3.321176528930664 2920
1778327752919 4.605047702789307 2940
1778327769894 1.9585895538330078 2960
1778327787045 2.738666296005249 2980
1778327803995 3.274672031402588 3000
1778327874848 3.8379929065704346 3020
1778327891883 1.8413039445877075 3040
1778327908964 3.0921132564544678 3060
1778327926049 6.216214656829834 3080
1778327943144 2.728278875350952 3100
1778327960366 4.379792213439941 3120
1778327977395 4.659997463226318 3140
1778327994636 5.029987335205078 3160
1778328011840 6.857257843017578 3180
1778328029143 3.0724165439605713 3200
1778328046372 4.199246883392334 3220
1778328063790 6.589771270751953 3240
1778328135496 3.2410736083984375 3260
1778328152865 4.746992588043213 3280
1778328170089 3.468296766281128 3300
1778328187341 3.815115213394165 3320
1778328204777 2.3854565620422363 3340
1778328221819 3.805299758911133 3360
1778328239097 2.5646297931671143 3380
1778328256313 2.2040770053863525 3400
1778328273516 4.0107035636901855 3420
1778328290893 4.695415496826172 3440
1778328308245 3.6348748207092285 3460
1778328325496 7.926702499389648 3480
1778328342636 2.6405253410339355 3500
1778328413900 3.575824737548828 3520
1778328431007 3.5546023845672607 3540
1778328448454 2.3629608154296875 3560
1778328465497 2.5414798259735107 3580
1778328482655 3.5188634395599365 3600
1778328499659 4.504847526550293 3620
1778328516635 3.4850540161132812 3640
1778328533667 5.810141563415527 3660
1778328550836 3.182981014251709 3680
1778328567908 4.06931209564209 3700
1778328584946 6.693056106567383 3720
1778328602053 2.236360788345337 3740
1778328672706 5.47287654876709 3760
1778328689722 3.777360200881958 3780
1778328706631 3.8628387451171875 3800
1778328723652 3.636672019958496 3820
1778328740563 4.467672824859619 3840
1778328757465 2.1699776649475098 3860
1778328774515 4.6808013916015625 3880
1778328791418 5.883703708648682 3900
1778328808322 3.5996053218841553 3920
1778328825307 7.508009433746338 3940
1778328842216 3.269798755645752 3960
1778328859224 8.242324829101562 3980
1778328876205 5.933388710021973 4000
1778328946844 7.648066997528076 4020
1778328963881 4.1234025955200195 4040
1778328981021 6.520537376403809 4060
1778328998534 11.58953857421875 4080
1778329015681 5.7293572425842285 4100
1778329033152 6.963406085968018 4120
1778329050603 3.1096291542053223 4140
1778329067788 3.825446128845215 4160
1778329085279 7.434290409088135 4180
1778329102965 3.2312402725219727 4200
1778329120429 5.565774917602539 4220
1778329138450 4.249763011932373 4240
1778329210919 4.372349739074707 4260
1778329228579 4.45623779296875 4280
1778329245813 6.080188751220703 4300
1778329263219 4.560657978057861 4320
1778329281142 9.42633056640625 4340
1778329299126 4.11842155456543 4360
1778329316787 6.831602573394775 4380
1778329334725 4.518379211425781 4400
1778329352449 7.066744804382324 4420
1778329369807 2.601412773132324 4440
1778329387598 2.3793845176696777 4460
1778329404737 5.743636131286621 4480
1778329422266 6.6533122062683105 4500
1778329494448 3.5485706329345703 4520
1778329512037 6.005093097686768 4540
1778329529371 6.762869834899902 4560
1778329546915 2.9809510707855225 4580
1778329564115 3.912217617034912 4600
1778329581492 2.7720024585723877 4620
1778329598875 4.840245723724365 4640
1778329616268 5.635476112365723 4660
1778329633892 5.186153888702393 4680
1778329651017 2.8308534622192383 4700
1778329668658 1.8626854419708252 4720
1778329686006 6.548814296722412 4740
