1778324619079 1.1400000000000001e-05 20
1778324636825 2.3400000000000003e-05 40
1778324653950 2.9975892857142858e-05 60
1778324671590 2.9922321428571428e-05 80
1778324689163 2.986875e-05 100
1778324706711 2.981517857142857e-05 120
1778324724475 2.9761607142857144e-05 140
1778324741779 2.9708035714285717e-05 160
1778324759329 2.9654464285714286e-05 180
1778324776891 2.960089285714286e-05 200
1778324794154 2.954732142857143e-05 220
1778324811629 2.9493750000000002e-05 240
1778324882993 2.944017857142857e-05 260
1778324900195 2.9386607142857145e-05 280
1778324917470 2.9333035714285718e-05 300
1778324934462 2.9279464285714287e-05 320
1778324951837 2.9225892857142857e-05 340
1778324968791 2.9172321428571427e-05 360
1778324985982 2.911875e-05 380
1778325003085 2.9065178571428573e-05 400
1778325020138 2.9011607142857142e-05 420
1778325037109 2.8958035714285715e-05 440
1778325054067 2.8904464285714285e-05 460
1778325071214 2.8850892857142858e-05 480
1778325088311 2.8797321428571428e-05 500
1778325159812 2.874375e-05 520
1778325177209 2.8690178571428574e-05 540
1778325194938 2.8636607142857143e-05 560
1778325212128 2.8583035714285716e-05 580
1778325229651 2.8529464285714286e-05 600
1778325247247 2.847589285714286e-05 620
1778325264516 2.8422321428571432e-05 640
1778325281930 2.8368750000000002e-05 660
1778325299400 2.8315178571428575e-05 680
1778325316999 2.826160714285714e-05 700
1778325334256 2.8208035714285714e-05 720
1778325351711 2.8154464285714284e-05 740
1778325424238 2.8100892857142857e-05 760
1778325441881 2.804732142857143e-05 780
1778325459217 2.799375e-05 800
1778325476596 2.7940178571428572e-05 820
1778325494459 2.7886607142857142e-05 840
1778325511942 2.7833035714285715e-05 860
1778325529428 2.7779464285714288e-05 880
1778325546957 2.7725892857142858e-05 900
1778325564632 2.767232142857143e-05 920
1778325581964 2.761875e-05 940
1778325599271 2.7565178571428574e-05 960
1778325616817 2.7511607142857143e-05 980
1778325633997 2.7458035714285716e-05 1000
1778325706833 2.740446428571429e-05 1020
1778325724279 2.7350892857142855e-05 1040
1778325741719 2.729732142857143e-05 1060
1778325758896 2.7243749999999998e-05 1080
1778325776219 2.719017857142857e-05 1100
1778325793646 2.7136607142857144e-05 1120
1778325811099 2.7083035714285714e-05 1140
1778325828567 2.7029464285714287e-05 1160
1778325845711 2.6975892857142857e-05 1180
1778325863324 2.692232142857143e-05 1200
1778325880654 2.686875e-05 1220
1778325898256 2.6815178571428572e-05 1240
1778325970857 2.6761607142857145e-05 1260
1778325988533 2.6708035714285715e-05 1280
1778326005915 2.6654464285714288e-05 1300
1778326023246 2.6600892857142858e-05 1320
1778326040797 2.654732142857143e-05 1340
1778326058025 2.6493750000000004e-05 1360
1778326075301 2.6440178571428573e-05 1380
1778326093137 2.6386607142857143e-05 1400
1778326110505 2.6333035714285713e-05 1420
1778326128151 2.6279464285714286e-05 1440
1778326145620 2.6225892857142855e-05 1460
1778326163137 2.6172321428571428e-05 1480
1778326180374 2.611875e-05 1500
1778326252453 2.606517857142857e-05 1520
1778326269722 2.6011607142857144e-05 1540
1778326287013 2.5958035714285714e-05 1560
1778326304572 2.5904464285714287e-05 1580
1778326322245 2.585089285714286e-05 1600
1778326339638 2.579732142857143e-05 1620
1778326357260 2.5743750000000002e-05 1640
1778326374721 2.5690178571428572e-05 1660
1778326392354 2.5636607142857145e-05 1680
1778326409926 2.5583035714285715e-05 1700
1778326427504 2.5529464285714288e-05 1720
1778326444939 2.5475892857142857e-05 1740
1778326517261 2.5422321428571427e-05 1760
1778326534621 2.536875e-05 1780
1778326552395 2.531517857142857e-05 1800
1778326569830 2.5261607142857143e-05 1820
1778326587214 2.5208035714285716e-05 1840
1778326604560 2.5154464285714285e-05 1860
1778326622392 2.510089285714286e-05 1880
1778326640036 2.5047321428571428e-05 1900
1778326657461 2.499375e-05 1920
1778326675028 2.4940178571428574e-05 1940
1778326692463 2.4886607142857144e-05 1960
1778326709840 2.4833035714285717e-05 1980
1778326727450 2.4779464285714286e-05 2000
1778326799589 2.472589285714286e-05 2020
1778326817462 2.467232142857143e-05 2040
1778326834974 2.4618750000000002e-05 2060
1778326852608 2.4565178571428575e-05 2080
1778326869951 2.451160714285714e-05 2100
1778326887297 2.4458035714285714e-05 2120
1778326904694 2.4404464285714284e-05 2140
1778326922161 2.4350892857142857e-05 2160
1778326939435 2.429732142857143e-05 2180
1778326956691 2.424375e-05 2200
1778326974160 2.4190178571428573e-05 2220
1778326991625 2.4136607142857142e-05 2240
1778327064066 2.4083035714285715e-05 2260
1778327081218 2.4029464285714285e-05 2280
1778327098559 2.3975892857142858e-05 2300
1778327115880 2.392232142857143e-05 2320
1778327132944 2.386875e-05 2340
1778327150060 2.3815178571428574e-05 2360
1778327167244 2.3761607142857143e-05 2380
1778327184270 2.3708035714285717e-05 2400
1778327201583 2.365446428571429e-05 2420
1778327218599 2.3600892857142856e-05 2440
1778327235650 2.354732142857143e-05 2460
1778327252786 2.349375e-05 2480
1778327269825 2.344017857142857e-05 2500
1778327340760 2.338660714285714e-05 2520
1778327357778 2.3333035714285714e-05 2540
1778327374917 2.3279464285714287e-05 2560
1778327391918 2.3225892857142857e-05 2580
1778327409040 2.317232142857143e-05 2600
1778327426091 2.311875e-05 2620
1778327443206 2.3065178571428573e-05 2640
1778327460237 2.3011607142857146e-05 2660
1778327477683 2.2958035714285715e-05 2680
1778327495082 2.2904464285714288e-05 2700
1778327511995 2.2850892857142858e-05 2720
1778327529221 2.279732142857143e-05 2740
1778327599511 2.274375e-05 2760
1778327616490 2.2690178571428574e-05 2780
1778327633406 2.2636607142857143e-05 2800
1778327650539 2.2583035714285713e-05 2820
1778327667576 2.2529464285714286e-05 2840
1778327684545 2.2475892857142856e-05 2860
1778327701837 2.242232142857143e-05 2880
1778327718838 2.236875e-05 2900
1778327735856 2.231517857142857e-05 2920
1778327752919 2.2261607142857144e-05 2940
1778327769894 2.2208035714285714e-05 2960
1778327787045 2.2154464285714287e-05 2980
1778327803995 2.2100892857142857e-05 3000
1778327874848 2.204732142857143e-05 3020
1778327891883 2.1993750000000003e-05 3040
1778327908964 2.1940178571428572e-05 3060
1778327926049 2.1886607142857145e-05 3080
1778327943144 2.1833035714285715e-05 3100
1778327960366 2.1779464285714288e-05 3120
1778327977395 2.1725892857142858e-05 3140
1778327994636 2.1672321428571427e-05 3160
1778328011840 2.161875e-05 3180
1778328029143 2.156517857142857e-05 3200
1778328046372 2.1511607142857143e-05 3220
1778328063790 2.1458035714285713e-05 3240
1778328135496 2.1404464285714286e-05 3260
1778328152865 2.135089285714286e-05 3280
1778328170089 2.129732142857143e-05 3300
1778328187341 2.124375e-05 3320
1778328204777 2.119017857142857e-05 3340
1778328221819 2.1136607142857144e-05 3360
1778328239097 2.1083035714285717e-05 3380
1778328256313 2.1029464285714287e-05 3400
1778328273516 2.097589285714286e-05 3420
1778328290893 2.092232142857143e-05 3440
1778328308245 2.0868750000000002e-05 3460
1778328325496 2.0815178571428572e-05 3480
1778328342636 2.0761607142857142e-05 3500
1778328413900 2.0708035714285715e-05 3520
1778328431007 2.0654464285714284e-05 3540
1778328448454 2.0600892857142857e-05 3560
1778328465497 2.0547321428571427e-05 3580
1778328482655 2.049375e-05 3600
1778328499659 2.0440178571428573e-05 3620
1778328516635 2.0386607142857143e-05 3640
1778328533667 2.0333035714285716e-05 3660
1778328550836 2.0279464285714285e-05 3680
1778328567908 2.022589285714286e-05 3700
1778328584946 2.0172321428571428e-05 3720
1778328602053 2.011875e-05 3740
1778328672706 2.0065178571428574e-05 3760
1778328689722 2.0011607142857144e-05 3780
1778328706631 1.9958035714285717e-05 3800
1778328723652 1.9904464285714286e-05 3820
1778328740563 1.9850892857142856e-05 3840
1778328757465 1.979732142857143e-05 3860
1778328774515 1.974375e-05 3880
1778328791418 1.9690178571428572e-05 3900
1778328808322 1.963660714285714e-05 3920
1778328825307 1.9583035714285714e-05 3940
1778328842216 1.9529464285714284e-05 3960
1778328859224 1.9475892857142857e-05 3980
1778328876205 1.942232142857143e-05 4000
1778328946844 1.936875e-05 4020
1778328963881 1.9315178571428573e-05 4040
1778328981021 1.9261607142857143e-05 4060
1778328998534 1.9208035714285716e-05 4080
1778329015681 1.915446428571429e-05 4100
1778329033152 1.9100892857142858e-05 4120
1778329050603 1.904732142857143e-05 4140
1778329067788 1.899375e-05 4160
1778329085279 1.8940178571428574e-05 4180
1778329102965 1.888660714285714e-05 4200
1778329120429 1.8833035714285713e-05 4220
1778329138450 1.8779464285714286e-05 4240
1778329210919 1.8725892857142856e-05 4260
1778329228579 1.867232142857143e-05 4280
1778329245813 1.861875e-05 4300
1778329263219 1.856517857142857e-05 4320
1778329281142 1.8511607142857145e-05 4340
1778329299126 1.8458035714285714e-05 4360
1778329316787 1.8404464285714287e-05 4380
1778329334725 1.8350892857142857e-05 4400
1778329352449 1.829732142857143e-05 4420
1778329369807 1.824375e-05 4440
1778329387598 1.8190178571428573e-05 4460
1778329404737 1.8136607142857146e-05 4480
1778329422266 1.8083035714285715e-05 4500
1778329494448 1.802946428571429e-05 4520
1778329512037 1.7975892857142855e-05 4540
1778329529371 1.7922321428571428e-05 4560
1778329546915 1.786875e-05 4580
1778329564115 1.781517857142857e-05 4600
1778329581492 1.7761607142857143e-05 4620
1778329598875 1.7708035714285713e-05 4640
1778329616268 1.7654464285714286e-05 4660
1778329633892 1.760089285714286e-05 4680
1778329651017 1.754732142857143e-05 4700
1778329668658 1.7493750000000002e-05 4720
1778329686006 1.744017857142857e-05 4740
