1778330760834 0.028050490883590462 20
1778330765507 0.056100981767180924 40
1778330770446 0.08415147265077139 60
1778330775188 0.11220196353436185 80
1778330780043 0.1402524544179523 100
1778330784885 0.16830294530154277 120
1778330789622 0.19635343618513323 140
1778330794497 0.2244039270687237 160
1778330799244 0.25245441795231416 180
1778330804220 0.2805049088359046 200
1778330809057 0.3085553997194951 220
1778330813872 0.33660589060308554 240
1778330821910 0.3506311360448808 250
1778330825808 0.364656381486676 260
1778330830724 0.39270687237026647 280
1778330835365 0.42075736325385693 300
1778330840135 0.4488078541374474 320
1778330844908 0.47685834502103785 340
1778330849600 0.5049088359046283 360
1778330854424 0.5329593267882188 380
1778330859191 0.5610098176718092 400
1778330863997 0.5890603085553997 420
1778330868791 0.6171107994389902 440
1778330873643 0.6451612903225806 460
1778330878360 0.6732117812061711 480
1778330883245 0.7012622720897616 500
1778330888687 0.7012622720897616 500
1778330895085 0.729312762973352 520
1778330899758 0.7573632538569425 540
1778330904551 0.7854137447405329 560
1778330909398 0.8134642356241234 580
1778330914290 0.8415147265077139 600
1778330919119 0.8695652173913043 620
1778330923805 0.8976157082748948 640
1778330928968 0.9256661991584852 660
1778330933854 0.9537166900420757 680
1778330938756 0.9817671809256662 700
1778330943831 1.0098176718092566 720
1778330948633 1.0378681626928472 740
1778330956318 1.0518934081346423 750
1778330960548 1.0659186535764376 760
1778330965301 1.0939691444600281 780
1778330970160 1.1220196353436185 800
1778330974891 1.150070126227209 820
1778330979857 1.1781206171107994 840
1778330984531 1.20617110799439 860
1778330989371 1.2342215988779803 880
1778330994094 1.262272089761571 900
1778330998766 1.2903225806451613 920
1778331003563 1.3183730715287518 940
1778331008358 1.3464235624123422 960
1778331013184 1.3744740532959328 980
1778331018007 1.402524544179523 1000
1778331023530 1.402524544179523 1000
1778331029672 1.4305750350631137 1020
1778331034439 1.458625525946704 1040
1778331039354 1.4866760168302946 1060
1778331044122 1.514726507713885 1080
1778331048854 1.5427769985974753 1100
1778331053516 1.5708274894810659 1120
1778331058431 1.5988779803646564 1140
1778331063333 1.6269284712482468 1160
1778331068097 1.6549789621318372 1180
1778331072864 1.6830294530154277 1200
1778331077599 1.7110799438990183 1220
1778331082276 1.7391304347826086 1240
1778331090101 1.753155680224404 1250
1778331094386 1.767180925666199 1260
1778331099182 1.7952314165497896 1280
1778331104001 1.8232819074333801 1300
1778331108662 1.8513323983169705 1320
1778331113659 1.8793828892005608 1340
1778331118362 1.9074333800841514 1360
1778331123087 1.935483870967742 1380
1778331127820 1.9635343618513323 1400
1778331132812 1.9915848527349227 1420
1778331137445 2.0196353436185133 1440
1778331142395 2.047685834502104 1460
1778331147174 2.0757363253856944 1480
1778331151950 2.1037868162692845 1500
1778331157540 2.1037868162692845 1500
1778331163965 2.131837307152875 1520
1778331168831 2.1598877980364657 1540
1778331173624 2.1879382889200563 1560
1778331178465 2.2159887798036464 1580
1778331183111 2.244039270687237 1600
1778331187996 2.2720897615708275 1620
1778331192661 2.300140252454418 1640
1778331197345 2.3281907433380082 1660
1778331202023 2.356241234221599 1680
1778331206750 2.3842917251051894 1700
1778331211583 2.41234221598878 1720
1778331216424 2.44039270687237 1740
1778331224307 2.4544179523141656 1750
1778331228214 2.4684431977559607 1760
1778331233070 2.4964936886395512 1780
1778331237910 2.524544179523142 1800
1778331242702 2.552594670406732 1820
1778331247776 2.5806451612903225 1840
1778331252615 2.608695652173913 1860
1778331257360 2.6367461430575037 1880
1778331262354 2.6647966339410942 1900
1778331267069 2.6928471248246844 1920
1778331272020 2.720897615708275 1940
1778331277008 2.7489481065918655 1960
1778331281914 2.7769985974754556 1980
1778331286633 2.805049088359046 2000
1778331292311 2.805049088359046 2000
1778331299087 2.833099579242637 2020
1778331303996 2.8611500701262274 2040
1778331308669 2.889200561009818 2060
1778331313502 2.917251051893408 2080
1778331318172 2.9453015427769986 2100
1778331323089 2.973352033660589 2120
1778331327961 3.0014025245441793 2140
1778331332775 3.02945301542777 2160
1778331337793 3.0575035063113605 2180
1778331342563 3.085553997194951 2200
1778331347468 3.113604488078541 2220
1778331352117 3.1416549789621318 2240
1778331360120 3.1556802244039273 2250
1778331364128 3.1697054698457223 2260
1778331368940 3.197755960729313 2280
1778331373781 3.225806451612903 2300
1778331378729 3.2538569424964936 2320
1778331383752 3.281907433380084 2340
1778331388777 3.3099579242636747 2360
1778331393555 3.3380084151472653 2380
1778331398273 3.3660589060308554 2400
1778331402851 3.394109396914446 2420
1778331407769 3.4221598877980366 2440
1778331412908 3.4502103786816267 2460
1778331417840 3.4782608695652173 2480
1778331422903 3.506311360448808 2500
1778331428118 3.506311360448808 2500
1778331434455 3.5343618513323984 2520
1778331439531 3.562412342215989 2540
1778331444465 3.590462833099579 2560
1778331449173 3.6185133239831697 2580
1778331454192 3.6465638148667603 2600
1778331458985 3.6746143057503504 2620
1778331463833 3.702664796633941 2640
1778331468816 3.7307152875175316 2660
1778331473743 3.758765778401122 2680
1778331478559 3.7868162692847127 2700
1778331483402 3.814866760168303 2720
1778331488235 3.8429172510518934 2740
1778331496097 3.8569424964936885 2750
1778331500056 3.870967741935484 2760
1778331504809 3.899018232819074 2780
1778331509548 3.9270687237026647 2800
1778331514402 3.9551192145862553 2820
1778331519159 3.983169705469846 2840
1778331524164 4.011220196353436 2860
1778331528842 4.0392706872370265 2880
1778331534166 4.067321178120617 2900
1778331538996 4.095371669004208 2920
1778331543961 4.123422159887798 2940
1778331548824 4.151472650771389 2960
1778331553842 4.179523141654979 2980
1778331558706 4.207573632538569 3000
1778331564228 4.207573632538569 3000
1778331570706 4.23562412342216 3020
1778331575621 4.26367461430575 3040
1778331580682 4.291725105189341 3060
1778331585487 4.319775596072931 3080
1778331590371 4.3478260869565215 3100
1778331595296 4.3758765778401125 3120
1778331600221 4.403927068723703 3140
1778331604820 4.431977559607293 3160
1778331609772 4.460028050490884 3180
1778331614616 4.488078541374474 3200
1778331619478 4.516129032258064 3220
1778331624501 4.544179523141655 3240
1778331632379 4.55820476858345 3250
1778331634194 4.55820476858345 3250
1778331640417 4.55820476858345 3250
1778331647401 4.55820476858345 3250
1778331648210 4.55820476858345 0
