1778330760834 0.693 20
1778330765507 0.6636 40
1778330770446 0.6087 60
1778330775188 0.6213 80
1778330780043 0.6312 100
1778330784885 0.6345 120
1778330789622 0.6331 140
1778330794497 0.6038 160
1778330799244 0.6179 180
1778330804220 0.6154 200
1778330809057 0.6055 220
1778330813872 0.5615 240
1778330825808 0.6055 260
1778330830724 0.5953 280
1778330835365 0.5654 300
1778330840135 0.5737 320
1778330844908 0.6036 340
1778330849600 0.6027 360
1778330854424 0.591 380
1778330859191 0.5757 400
1778330863997 0.5936 420
1778330868791 0.5388 440
1778330873643 0.5553 460
1778330878360 0.6017 480
1778330883245 0.5618 500
1778330895085 0.5479 520
1778330899758 0.5814 540
1778330904551 0.5577 560
1778330909398 0.5439 580
1778330914290 0.5484 600
1778330919119 0.5521 620
1778330923805 0.5425 640
1778330928968 0.5586 660
1778330933854 0.5367 680
1778330938756 0.5544 700
1778330943831 0.5827 720
1778330948633 0.5161 740
1778330960548 0.4894 760
1778330965301 0.5111 780
1778330970160 0.5026 800
1778330974891 0.4878 820
1778330979857 0.4998 840
1778330984531 0.5159 860
1778330989371 0.4708 880
1778330994094 0.4671 900
1778330998766 0.4952 920
1778331003563 0.4955 940
1778331008358 0.5114 960
1778331013184 0.476 980
1778331018007 0.5223 1000
1778331029672 0.5019 1020
1778331034439 0.4858 1040
1778331039354 0.4659 1060
1778331044122 0.4977 1080
1778331048854 0.5127 1100
1778331053516 0.4945 1120
1778331058431 0.4847 1140
1778331063333 0.5101 1160
1778331068097 0.4803 1180
1778331072864 0.5014 1200
1778331077599 0.456 1220
1778331082276 0.4721 1240
1778331094386 0.4858 1260
1778331099182 0.5123 1280
1778331104001 0.532 1300
1778331108662 0.5072 1320
1778331113659 0.4697 1340
1778331118362 0.4636 1360
1778331123087 0.4969 1380
1778331127820 0.4837 1400
1778331132812 0.4796 1420
1778331137445 0.4549 1440
1778331142395 0.4001 1460
1778331147174 0.3674 1480
1778331151950 0.3589 1500
1778331163965 0.4147 1520
1778331168831 0.3803 1540
1778331173624 0.3988 1560
1778331178465 0.3908 1580
1778331183111 0.4095 1600
1778331187996 0.3429 1620
1778331192661 0.4107 1640
1778331197345 0.3599 1660
1778331202023 0.4058 1680
1778331206750 0.3899 1700
1778331211583 0.3709 1720
1778331216424 0.3325 1740
1778331228214 0.4158 1760
1778331233070 0.3552 1780
1778331237910 0.3603 1800
1778331242702 0.3759 1820
1778331247776 0.3569 1840
1778331252615 0.4157 1860
1778331257360 0.3556 1880
1778331262354 0.3678 1900
1778331267069 0.4082 1920
1778331272020 0.3727 1940
1778331277008 0.3676 1960
1778331281914 0.3818 1980
1778331286633 0.4064 2000
1778331299087 0.4365 2020
1778331303996 0.3817 2040
1778331308669 0.404 2060
1778331313502 0.3504 2080
1778331318172 0.4288 2100
1778331323089 0.3859 2120
1778331327961 0.3602 2140
1778331332775 0.2711 2160
1778331337793 0.2577 2180
1778331342563 0.2898 2200
1778331347468 0.2767 2220
1778331352117 0.2912 2240
1778331364128 0.2701 2260
1778331368940 0.252 2280
1778331373781 0.2491 2300
1778331378729 0.2951 2320
1778331383752 0.2701 2340
1778331388777 0.2814 2360
1778331393555 0.3058 2380
1778331398273 0.2724 2400
1778331402851 0.2563 2420
1778331407769 0.2481 2440
1778331412908 0.3082 2460
1778331417840 0.3254 2480
1778331422903 0.2328 2500
1778331434455 0.2465 2520
1778331439531 0.2835 2540
1778331444465 0.2185 2560
1778331449173 0.2914 2580
1778331454192 0.2415 2600
1778331458985 0.2295 2620
1778331463833 0.2808 2640
1778331468816 0.2722 2660
1778331473743 0.2407 2680
1778331478559 0.2588 2700
1778331483402 0.256 2720
1778331488235 0.2015 2740
1778331500056 0.2359 2760
1778331504809 0.2941 2780
1778331509548 0.2257 2800
1778331514402 0.2813 2820
1778331519159 0.2374 2840
1778331524164 0.2232 2860
1778331528842 0.209 2880
1778331534166 0.1791 2900
1778331538996 0.2055 2920
1778331543961 0.1991 2940
1778331548824 0.198 2960
1778331553842 0.1826 2980
1778331558706 0.1914 3000
1778331570706 0.1508 3020
1778331575621 0.209 3040
1778331580682 0.1826 3060
1778331585487 0.193 3080
1778331590371 0.1865 3100
1778331595296 0.1817 3120
1778331600221 0.1635 3140
1778331604820 0.175 3160
1778331609772 0.1688 3180
1778331614616 0.1797 3200
1778331619478 0.1658 3220
1778331624501 0.147 3240
