1777462487567 2.9743101596832275 20
1777462489578 2.549450635910034 40
1777462491573 1.9060648679733276 60
1777462493544 7.840854644775391 80
1777462495570 25.342355728149414 100
1777462497533 3.2267889976501465 120
1777462499546 3.252676486968994 140
1777462501561 13.167383193969727 160
1777462503568 2.139997720718384 180
1777462505576 2.935027599334717 200
1777462507590 2.5448477268218994 220
1777462509615 2.761181354522705 240
1777462518987 5.161329746246338 260
1777462520985 2.492635488510132 280
1777462522987 2.0319459438323975 300
1777462524984 2.151495933532715 320
1777462526995 2.1373932361602783 340
1777462529013 3.4638760089874268 360
1777462531018 2.307084083557129 380
1777462533028 5.262618541717529 400
1777462535034 1.8911049365997314 420
1777462537047 3.1213529109954834 440
1777462539037 3.690272808074951 460
1777462541048 3.1108226776123047 480
1777462543055 3.043645143508911 500
1777462550766 1.897434115409851 520
1777462552783 2.2335073947906494 540
1777462554791 2.2504353523254395 560
1777462556785 4.744771957397461 580
1777462558786 3.05128812789917 600
1777462560797 2.8503048419952393 620
1777462562811 4.443991661071777 640
1777462564811 2.7081921100616455 660
1777462566822 8.767678260803223 680
1777462568845 3.184670925140381 700
1777462570856 1.783573031425476 720
1777462572866 3.1817941665649414 740
1777462578944 2.622312307357788 760
1777462580944 2.540503740310669 780
1777462582958 3.6672821044921875 800
1777462584967 2.9723868370056152 820
1777462586976 2.3857970237731934 840
1777462588978 2.38791561126709 860
1777462590982 2.428685188293457 880
1777462592987 2.6734540462493896 900
1777462594973 6.02181339263916 920
1777462596974 4.285484313964844 940
1777462598985 2.8237974643707275 960
1777462600993 3.4976465702056885 980
1777462603000 3.807359457015991 1000
1777462608864 2.5116422176361084 1020
1777462610868 4.49276876449585 1040
1777462612882 2.0082345008850098 1060
1777462614895 3.263099193572998 1080
1777462616901 2.7173097133636475 1100
1777462618922 3.4256443977355957 1120
1777462620928 3.9954538345336914 1140
1777462622926 2.783076286315918 1160
1777462624934 3.4079160690307617 1180
1777462626960 5.45353889465332 1200
1777462628970 2.919456958770752 1220
1777462630977 2.8314568996429443 1240
1777462641436 2.780228614807129 1260
1777462643450 2.6734042167663574 1280
1777462645450 4.509690284729004 1300
1777462647452 4.860613822937012 1320
1777462649471 4.7411017417907715 1340
1777462651477 3.2054853439331055 1360
1777462653481 4.601502895355225 1380
1777462655498 3.4922971725463867 1400
1777462657513 2.844714403152466 1420
1777462659511 3.527440309524536 1440
1777462661516 2.8210501670837402 1460
1777462663522 4.180658340454102 1480
1777462665553 3.448556661605835 1500
1777462676201 2.0444631576538086 1520
1777462678206 6.27897834777832 1540
1777462680208 5.5383830070495605 1560
1777462682201 2.444960832595825 1580
1777462684216 3.311537981033325 1600
1777462686214 1.9859955310821533 1620
1777462688217 2.796175956726074 1640
1777462690224 4.068191051483154 1660
1777462692218 5.798227310180664 1680
1777462694236 3.170168161392212 1700
1777462696241 4.901631832122803 1720
1777462698241 8.327493667602539 1740
1777462705343 3.773414134979248 1760
1777462707354 2.9597690105438232 1780
1777462709344 5.4362053871154785 1800
1777462711357 4.7454094886779785 1820
1777462713344 5.889836311340332 1840
1777462715360 7.682101249694824 1860
1777462717354 3.9304935932159424 1880
1777462719363 5.605568885803223 1900
1777462721356 4.974314212799072 1920
1777462723367 8.10947322845459 1940
1777462725387 3.7940726280212402 1960
1777462727393 7.643636703491211 1980
1777462729410 4.6363935470581055 2000
1777462735956 4.943577766418457 2020
1777462737959 3.8936431407928467 2040
1777462739972 8.873897552490234 2060
1777462741969 4.078444957733154 2080
1777462743981 7.798181533813477 2100
1777462745989 13.5348482131958 2120
1777462747999 8.971785545349121 2140
1777462750020 6.667349815368652 2160
1777462752024 4.711590766906738 2180
1777462754029 3.1372599601745605 2200
1777462756031 5.278289318084717 2220
1777462758054 3.331298589706421 2240
1777462764159 6.117079734802246 2260
1777462766170 4.703711986541748 2280
1777462768181 4.000412940979004 2300
1777462770196 4.325421333312988 2320
1777462772205 6.475771427154541 2340
1777462774222 3.5849814414978027 2360
1777462776226 3.3698959350585938 2380
1777462778240 3.9584436416625977 2400
1777462780241 4.107564926147461 2420
1777462782258 4.333211898803711 2440
1777462784275 5.03965425491333 2460
1777462786280 2.1887686252593994 2480
1777462788302 11.599903106689453 2500
1777462796064 6.782675743103027 2520
1777462798056 9.035078048706055 2540
1777462800069 8.786252975463867 2560
1777462802073 8.611467361450195 2580
1777462804069 5.212091445922852 2600
1777462806079 3.8396711349487305 2620
1777462808086 6.332546710968018 2640
1777462810092 6.7306742668151855 2660
1777462812093 6.214855194091797 2680
1777462814104 3.4872162342071533 2700
1777462816112 5.2474493980407715 2720
