1777462487567 1.08e-05 20
1777462489578 2.2800000000000002e-05 40
1777462491573 2.991054789414834e-05 60
1777462493544 2.9698099142750652e-05 80
1777462495570 2.947446887812151e-05 100
1777462497533 2.9262020126723817e-05 120
1777462499546 2.903838986209467e-05 140
1777462501561 2.8814759597465526e-05 160
1777462503568 2.8591129332836376e-05 180
1777462505576 2.836749906820723e-05 200
1777462507590 2.8143868803578086e-05 220
1777462509615 2.792023853894894e-05 240
1777462518987 2.7696608274319792e-05 260
1777462520985 2.7472978009690646e-05 280
1777462522987 2.72493477450615e-05 300
1777462524984 2.7025717480432352e-05 320
1777462526995 2.6802087215803205e-05 340
1777462529013 2.6578456951174062e-05 360
1777462531018 2.635482668654491e-05 380
1777462533028 2.6131196421915765e-05 400
1777462535034 2.590756615728662e-05 420
1777462537047 2.5683935892657475e-05 440
1777462539037 2.5460305628028328e-05 460
1777462541048 2.523667536339918e-05 480
1777462543055 2.5013045098770034e-05 500
1777462550766 2.4789414834140887e-05 520
1777462552783 2.456578456951174e-05 540
1777462554791 2.4342154304882597e-05 560
1777462556785 2.4118524040253447e-05 580
1777462558786 2.38948937756243e-05 600
1777462560797 2.3671263510995157e-05 620
1777462562811 2.344763324636601e-05 640
1777462564811 2.3224002981736863e-05 660
1777462566822 2.3000372717107716e-05 680
1777462568845 2.277674245247857e-05 700
1777462570856 2.2553112187849423e-05 720
1777462572866 2.2329481923220276e-05 740
1777462578944 2.210585165859113e-05 760
1777462580944 2.1882221393961982e-05 780
1777462582958 2.1658591129332836e-05 800
1777462584967 2.1434960864703692e-05 820
1777462586976 2.1211330600074545e-05 840
1777462588978 2.0987700335445395e-05 860
1777462590982 2.0764070070816252e-05 880
1777462592987 2.0540439806187105e-05 900
1777462594973 2.0316809541557958e-05 920
1777462596974 2.009317927692881e-05 940
1777462598985 1.9869549012299665e-05 960
1777462600993 1.9645918747670518e-05 980
1777462603000 1.942228848304137e-05 1000
1777462608864 1.9198658218412228e-05 1020
1777462610868 1.897502795378308e-05 1040
1777462612882 1.875139768915393e-05 1060
1777462614895 1.8527767424524787e-05 1080
1777462616901 1.830413715989564e-05 1100
1777462618922 1.8080506895266494e-05 1120
1777462620928 1.7856876630637347e-05 1140
1777462622926 1.76332463660082e-05 1160
1777462624934 1.7409616101379053e-05 1180
1777462626960 1.7185985836749906e-05 1200
1777462628970 1.6962355572120763e-05 1220
1777462630977 1.6738725307491616e-05 1240
1777462641436 1.6515095042862466e-05 1260
1777462643450 1.6291464778233323e-05 1280
1777462645450 1.6067834513604176e-05 1300
1777462647452 1.5844204248975026e-05 1320
1777462649471 1.5620573984345882e-05 1340
1777462651477 1.5396943719716735e-05 1360
1777462653481 1.5173313455087587e-05 1380
1777462655498 1.4949683190458442e-05 1400
1777462657513 1.4726052925829297e-05 1420
1777462659511 1.450242266120015e-05 1440
1777462661516 1.4278792396571003e-05 1460
1777462663522 1.4055162131941856e-05 1480
1777462665553 1.383153186731271e-05 1500
1777462676201 1.3607901602683564e-05 1520
1777462678206 1.3384271338054418e-05 1540
1777462680208 1.316064107342527e-05 1560
1777462682201 1.2937010808796124e-05 1580
1777462684216 1.2713380544166977e-05 1600
1777462686214 1.2489750279537832e-05 1620
1777462688217 1.2266120014908685e-05 1640
1777462690224 1.2042489750279538e-05 1660
1777462692218 1.1818859485650392e-05 1680
1777462694236 1.1595229221021245e-05 1700
1777462696241 1.13715989563921e-05 1720
1777462698241 1.1147968691762951e-05 1740
1777462705343 1.0924338427133806e-05 1760
1777462707354 1.070070816250466e-05 1780
1777462709344 1.0477077897875513e-05 1800
1777462711357 1.0253447633246367e-05 1820
1777462713344 1.0029817368617219e-05 1840
1777462715360 9.806187103988074e-06 1860
1777462717354 9.582556839358927e-06 1880
1777462719363 9.35892657472978e-06 1900
1777462721356 9.135296310100635e-06 1920
1777462723367 8.911666045471487e-06 1940
1777462725387 8.688035780842342e-06 1960
1777462727393 8.464405516213195e-06 1980
1777462729410 8.240775251584048e-06 2000
1777462735956 8.017144986954901e-06 2020
1777462737959 7.793514722325754e-06 2040
1777462739972 7.569884457696609e-06 2060
1777462741969 7.346254193067462e-06 2080
1777462743981 7.122623928438316e-06 2100
1777462745989 6.89899366380917e-06 2120
1777462747999 6.675363399180022e-06 2140
1777462750020 6.451733134550876e-06 2160
1777462752024 6.228102869921729e-06 2180
1777462754029 6.004472605292583e-06 2200
1777462756031 5.780842340663437e-06 2220
1777462758054 5.55721207603429e-06 2240
1777462764159 5.333581811405144e-06 2260
1777462766170 5.109951546775997e-06 2280
1777462768181 4.886321282146851e-06 2300
1777462770196 4.662691017517704e-06 2320
1777462772205 4.439060752888557e-06 2340
1777462774222 4.2154304882594114e-06 2360
1777462776226 3.991800223630265e-06 2380
1777462778240 3.7681699590011183e-06 2400
1777462780241 3.544539694371972e-06 2420
1777462782258 3.3209094297428255e-06 2440
1777462784275 3.0972791651136787e-06 2460
1777462786280 2.8736489004845323e-06 2480
1777462788302 2.650018635855386e-06 2500
1777462796064 2.426388371226239e-06 2520
1777462798056 2.2027581065970928e-06 2540
1777462800069 1.9791278419679464e-06 2560
1777462802073 1.7554975773387998e-06 2580
1777462804069 1.5318673127096534e-06 2600
1777462806079 1.3082370480805068e-06 2620
1777462808086 1.0846067834513605e-06 2640
1777462810092 8.60976518822214e-07 2660
1777462812093 6.373462541930675e-07 2680
1777462814104 4.13715989563921e-07 2700
1777462816112 1.9008572493477453e-07 2720
