1779324909818 0.028050490883590462 20
1779324910908 0.056100981767180924 40
1779324911974 0.08415147265077139 60
1779324913057 0.11220196353436185 80
1779324914226 0.1402524544179523 100
1779324915401 0.16830294530154277 120
1779324916542 0.19635343618513323 140
1779324917675 0.2244039270687237 160
1779324918873 0.25245441795231416 180
1779324920056 0.2805049088359046 200
1779324921196 0.3085553997194951 220
1779324922363 0.33660589060308554 240
1779324928015 0.3506311360448808 250
1779324929250 0.364656381486676 260
1779324930383 0.39270687237026647 280
1779324931561 0.42075736325385693 300
1779324932677 0.4488078541374474 320
1779324933749 0.47685834502103785 340
1779324934767 0.5049088359046283 360
1779324935748 0.5329593267882188 380
1779324936867 0.5610098176718092 400
1779324938038 0.5890603085553997 420
1779324939235 0.6171107994389902 440
1779324940331 0.6451612903225806 460
1779324941444 0.6732117812061711 480
1779324942627 0.7012622720897616 500
1779324947679 0.7012622720897616 500
1779324949352 0.729312762973352 520
1779324950496 0.7573632538569425 540
1779324951619 0.7854137447405329 560
1779324952771 0.8134642356241234 580
1779324953940 0.8415147265077139 600
1779324955109 0.8695652173913043 620
1779324956281 0.8976157082748948 640
1779324957419 0.9256661991584852 660
1779324958583 0.9537166900420757 680
1779324959719 0.9817671809256662 700
1779324960844 1.0098176718092566 720
1779324962059 1.0378681626928472 740
1779324967690 1.0518934081346423 750
1779324968955 1.0659186535764376 760
1779324970133 1.0939691444600281 780
1779324971324 1.1220196353436185 800
1779324972566 1.150070126227209 820
1779324973622 1.1781206171107994 840
1779324974681 1.20617110799439 860
1779324975814 1.2342215988779803 880
1779324977035 1.262272089761571 900
1779324978136 1.2903225806451613 920
1779324979293 1.3183730715287518 940
1779324980314 1.3464235624123422 960
1779324981490 1.3744740532959328 980
1779324982618 1.402524544179523 1000
1779324987826 1.402524544179523 1000
1779324989638 1.4305750350631137 1020
1779324990873 1.458625525946704 1040
1779324992141 1.4866760168302946 1060
1779324993236 1.514726507713885 1080
1779324994393 1.5427769985974753 1100
1779324995561 1.5708274894810659 1120
1779324996684 1.5988779803646564 1140
1779324997825 1.6269284712482468 1160
1779324998961 1.6549789621318372 1180
1779325000102 1.6830294530154277 1200
1779325001234 1.7110799438990183 1220
1779325002363 1.7391304347826086 1240
1779325007982 1.753155680224404 1250
1779325009179 1.767180925666199 1260
1779325010366 1.7952314165497896 1280
1779325011535 1.8232819074333801 1300
1779325012712 1.8513323983169705 1320
1779325013866 1.8793828892005608 1340
1779325015029 1.9074333800841514 1360
1779325016133 1.935483870967742 1380
1779325017260 1.9635343618513323 1400
1779325018470 1.9915848527349227 1420
1779325019634 2.0196353436185133 1440
1779325020754 2.047685834502104 1460
1779325021895 2.0757363253856944 1480
1779325023047 2.1037868162692845 1500
1779325027951 2.1037868162692845 1500
1779325029606 2.131837307152875 1520
1779325030680 2.1598877980364657 1540
1779325031795 2.1879382889200563 1560
1779325032900 2.2159887798036464 1580
1779325034070 2.244039270687237 1600
1779325035223 2.2720897615708275 1620
1779325036350 2.300140252454418 1640
1779325037470 2.3281907433380082 1660
1779325038492 2.356241234221599 1680
1779325039553 2.3842917251051894 1700
1779325040645 2.41234221598878 1720
1779325041759 2.44039270687237 1740
1779325047248 2.4544179523141656 1750
1779325048442 2.4684431977559607 1760
1779325049584 2.4964936886395512 1780
1779325050717 2.524544179523142 1800
1779325051844 2.552594670406732 1820
1779325052998 2.5806451612903225 1840
1779325054165 2.608695652173913 1860
1779325055331 2.6367461430575037 1880
1779325056472 2.6647966339410942 1900
1779325057582 2.6928471248246844 1920
1779325058715 2.720897615708275 1940
1779325059838 2.7489481065918655 1960
1779325060864 2.7769985974754556 1980
1779325061844 2.805049088359046 2000
1779325066470 2.805049088359046 2000
1779325068119 2.833099579242637 2020
1779325069199 2.8611500701262274 2040
1779325070297 2.889200561009818 2060
1779325071400 2.917251051893408 2080
1779325072596 2.9453015427769986 2100
1779325073661 2.973352033660589 2120
1779325074685 3.0014025245441793 2140
1779325075746 3.02945301542777 2160
1779325076697 3.0575035063113605 2180
1779325077669 3.085553997194951 2200
1779325078669 3.113604488078541 2220
1779325079685 3.1416549789621318 2240
1779325085158 3.1556802244039273 2250
1779325086189 3.1697054698457223 2260
1779325087245 3.197755960729313 2280
1779325088228 3.225806451612903 2300
1779325089196 3.2538569424964936 2320
1779325090167 3.281907433380084 2340
1779325091125 3.3099579242636747 2360
1779325092111 3.3380084151472653 2380
1779325093122 3.3660589060308554 2400
1779325094277 3.394109396914446 2420
1779325095396 3.4221598877980366 2440
1779325096494 3.4502103786816267 2460
1779325097620 3.4782608695652173 2480
1779325098767 3.506311360448808 2500
1779325103741 3.506311360448808 2500
1779325105486 3.5343618513323984 2520
1779325106642 3.562412342215989 2540
1779325107774 3.590462833099579 2560
1779325108856 3.6185133239831697 2580
1779325110002 3.6465638148667603 2600
1779325111115 3.6746143057503504 2620
1779325112275 3.702664796633941 2640
1779325113445 3.7307152875175316 2660
1779325114571 3.758765778401122 2680
1779325115658 3.7868162692847127 2700
1779325116721 3.814866760168303 2720
1779325117819 3.8429172510518934 2740
1779325123295 3.8569424964936885 2750
1779325124454 3.870967741935484 2760
1779325125581 3.899018232819074 2780
1779325126719 3.9270687237026647 2800
1779325127882 3.9551192145862553 2820
1779325129047 3.983169705469846 2840
1779325130175 4.011220196353436 2860
1779325131350 4.0392706872370265 2880
1779325132510 4.067321178120617 2900
1779325133719 4.095371669004208 2920
1779325134849 4.123422159887798 2940
1779325135997 4.151472650771389 2960
1779325137131 4.179523141654979 2980
1779325138249 4.207573632538569 3000
1779325143250 4.207573632538569 3000
1779325144972 4.23562412342216 3020
1779325146147 4.26367461430575 3040
1779325147329 4.291725105189341 3060
1779325148454 4.319775596072931 3080
1779325149594 4.3478260869565215 3100
1779325150703 4.3758765778401125 3120
1779325151774 4.403927068723703 3140
1779325152886 4.431977559607293 3160
1779325153977 4.460028050490884 3180
1779325155047 4.488078541374474 3200
1779325156140 4.516129032258064 3220
1779325157298 4.544179523141655 3240
1779325162713 4.55820476858345 3250
1779325163873 4.572230014025245 3260
1779325165013 4.600280504908836 3280
1779325166164 4.628330995792426 3300
1779325167301 4.6563814866760165 3320
1779325168424 4.6844319775596075 3340
1779325169521 4.712482468443198 3360
1779325170627 4.740532959326789 3380
1779325171764 4.768583450210379 3400
1779325172887 4.796633941093969 3420
1779325174022 4.82468443197756 3440
1779325175147 4.85273492286115 3460
1779325176331 4.88078541374474 3480
1779325177554 4.908835904628331 3500
1779325182590 4.908835904628331 3500
1779325184319 4.936886395511921 3520
1779325185433 4.9649368863955115 3540
1779325186425 4.9929873772791025 3560
1779325188117 5.0 3565
1779325192986 5.0 3565
1779325199245 5.0 3565
1779325206502 5.0 0
