1778156506704 0.008888888888888889 20
1778156519239 0.017777777777777778 40
1778156531835 0.02666666666666667 60
1778156544436 0.035555555555555556 80
1778156557085 0.044444444444444446 100
1778156569772 0.05333333333333334 120
1778156582484 0.06222222222222222 140
1778156595238 0.07111111111111111 160
1778156608027 0.08 180
1778156620858 0.08888888888888889 200
1778156633700 0.09777777777777778 220
1778156646570 0.10666666666666667 240
1778156718050 0.1111111111111111 250
1778156725104 0.11555555555555555 260
1778156738127 0.12444444444444444 280
1778156751163 0.13333333333333333 300
1778156764186 0.14222222222222222 320
1778156777223 0.1511111111111111 340
1778156790258 0.16 360
1778156803285 0.1688888888888889 380
1778156816330 0.17777777777777778 400
1778156829391 0.18666666666666668 420
1778156842458 0.19555555555555557 440
1778156855529 0.20444444444444446 460
1778156868608 0.21333333333333335 480
1778156881710 0.2222222222222222 500
1778156947533 0.2222222222222222 500
1778156961122 0.2311111111111111 520
1778156974213 0.24 540
1778156987307 0.24888888888888888 560
1778157000402 0.2577777777777778 580
1778157013509 0.26666666666666666 600
1778157026625 0.27555555555555555 620
1778157039756 0.28444444444444444 640
1778157052886 0.29333333333333333 660
1778157066006 0.3022222222222222 680
1778157079121 0.3111111111111111 700
1778157092251 0.32 720
1778157105367 0.3288888888888889 740
1778157177756 0.3333333333333333 750
1778157184853 0.3377777777777778 760
1778157197958 0.3466666666666667 780
1778157211063 0.35555555555555557 800
1778157224185 0.36444444444444446 820
1778157237311 0.37333333333333335 840
1778157250438 0.38222222222222224 860
1778157263549 0.39111111111111113 880
1778157276652 0.4 900
1778157289750 0.4088888888888889 920
1778157302860 0.4177777777777778 940
1778157315964 0.4266666666666667 960
1778157329061 0.43555555555555553 980
1778157342172 0.4444444444444444 1000
1778157407930 0.4444444444444444 1000
1778157421487 0.4533333333333333 1020
1778157434540 0.4622222222222222 1040
1778157447611 0.4711111111111111 1060
1778157460702 0.48 1080
1778157473788 0.4888888888888889 1100
1778157486865 0.49777777777777776 1120
1778157499939 0.5066666666666667 1140
1778157513032 0.5155555555555555 1160
1778157526135 0.5244444444444445 1180
1778157539217 0.5333333333333333 1200
1778157552679 0.5422222222222223 1220
1778157565777 0.5511111111111111 1240
1778157638169 0.5555555555555556 1250
1778157645230 0.56 1260
1778157658339 0.5688888888888889 1280
1778157671459 0.5777777777777777 1300
1778157684608 0.5866666666666667 1320
1778157697724 0.5955555555555555 1340
1778157710832 0.6044444444444445 1360
1778157723936 0.6133333333333333 1380
1778157737029 0.6222222222222222 1400
1778157750104 0.6311111111111111 1420
1778157763192 0.64 1440
1778157776266 0.6488888888888888 1460
1778157789334 0.6577777777777778 1480
1778157802414 0.6666666666666666 1500
1778157868209 0.6666666666666666 1500
1778157868766 0.6666666666666666 1500
1778157934629 0.6666666666666666 1500
1778158066137 0.6666666666666666 1500
1778158066837 0.6666666666666666 0
