1778156506704 3.0037646293640137 20
1778156519239 3.03691029548645 40
1778156531835 9.26241683959961 60
1778156544436 8.303967475891113 80
1778156557085 2.2559072971343994 100
1778156569772 3.2964394092559814 120
1778156582484 4.657585620880127 140
1778156595238 3.531648635864258 160
1778156608027 3.6753551959991455 180
1778156620858 4.437545299530029 200
1778156633700 3.735807180404663 220
1778156646570 6.2586350440979 240
1778156725104 4.519100189208984 260
1778156738127 3.788968801498413 280
1778156751163 4.297336101531982 300
1778156764186 5.967209815979004 320
1778156777223 5.599513530731201 340
1778156790258 6.39175271987915 360
1778156803285 3.98264479637146 380
1778156816330 5.3993353843688965 400
1778156829391 3.5118727684020996 420
1778156842458 8.720246315002441 440
1778156855529 4.155928611755371 460
1778156868608 5.193866729736328 480
1778156881710 2.486361026763916 500
1778156961122 4.248994827270508 520
1778156974213 7.374963760375977 540
1778156987307 6.978206157684326 560
1778157000402 6.716746807098389 580
1778157013509 2.96722412109375 600
1778157026625 4.227591037750244 620
1778157039756 3.523165225982666 640
1778157052886 7.158768653869629 660
1778157066006 2.436481475830078 680
1778157079121 nan 700
1778157092251 4.361088752746582 720
1778157105367 3.158332347869873 740
1778157184853 5.446232795715332 760
1778157197958 3.593127727508545 780
1778157211063 8.615028381347656 800
1778157224185 8.810248374938965 820
1778157237311 3.690826416015625 840
1778157250438 2.3095204830169678 860
1778157263549 7.387411117553711 880
1778157276652 3.115281105041504 900
1778157289750 2.5407586097717285 920
1778157302860 6.610069751739502 940
1778157315964 3.2089357376098633 960
1778157329061 5.954022407531738 980
1778157342172 6.220410346984863 1000
1778157421487 4.439976692199707 1020
1778157434540 7.075692653656006 1040
1778157447611 7.88615083694458 1060
1778157460702 2.800856590270996 1080
1778157473788 4.779001235961914 1100
1778157486865 4.455443382263184 1120
1778157499939 3.739169120788574 1140
1778157513032 4.734402656555176 1160
1778157526135 2.434680461883545 1180
1778157539217 4.069867134094238 1200
1778157552679 2.7399885654449463 1220
1778157565777 4.366307735443115 1240
1778157645230 3.972306728363037 1260
1778157658339 4.155887126922607 1280
1778157671459 5.803918361663818 1300
1778157684608 5.679044246673584 1320
1778157697724 4.852757453918457 1340
1778157710832 5.102007865905762 1360
1778157723936 3.195322036743164 1380
1778157737029 3.964677333831787 1400
1778157750104 3.0068206787109375 1420
1778157763192 3.2299163341522217 1440
1778157776266 2.6253926753997803 1460
1778157789334 2.7891685962677 1480
1778157802414 2.997358560562134 1500
