1778156506704 3.8e-05 20
1778156519239 7.800000000000001e-05 40
1778156531835 9.995991091314032e-05 60
1778156544436 9.987082405345212e-05 80
1778156557085 9.978173719376392e-05 100
1778156569772 9.969710467706014e-05 120
1778156582484 9.960801781737194e-05 140
1778156595238 9.951893095768374e-05 160
1778156608027 9.942984409799555e-05 180
1778156620858 9.934075723830736e-05 200
1778156633700 9.925167037861916e-05 220
1778156646570 9.916258351893097e-05 240
1778156725104 9.907349665924278e-05 260
1778156738127 9.898440979955457e-05 280
1778156751163 9.889532293986637e-05 300
1778156764186 9.880623608017818e-05 320
1778156777223 9.871714922048998e-05 340
1778156790258 9.862806236080179e-05 360
1778156803285 9.85389755011136e-05 380
1778156816330 9.84498886414254e-05 400
1778156829391 9.83608017817372e-05 420
1778156842458 9.8271714922049e-05 440
1778156855529 9.81826280623608e-05 460
1778156868608 9.809354120267261e-05 480
1778156881710 9.800445434298442e-05 500
1778156961122 9.791536748329622e-05 520
1778156974213 9.782628062360802e-05 540
1778156987307 9.773719376391982e-05 560
1778157000402 9.764810690423163e-05 580
1778157013509 9.755902004454344e-05 600
1778157026625 9.746993318485523e-05 620
1778157039756 9.738084632516704e-05 640
1778157052886 9.729175946547886e-05 660
1778157066006 9.720267260579064e-05 680
1778157079121 9.711358574610245e-05 700
1778157092251 9.702895322939866e-05 720
1778157105367 9.693986636971047e-05 740
1778157184853 9.685077951002227e-05 760
1778157197958 9.676169265033408e-05 780
1778157211063 9.667260579064589e-05 800
1778157224185 9.658351893095769e-05 820
1778157237311 9.64944320712695e-05 840
1778157250438 9.64053452115813e-05 860
1778157263549 9.631625835189309e-05 880
1778157276652 9.62271714922049e-05 900
1778157289750 9.613808463251671e-05 920
1778157302860 9.604899777282851e-05 940
1778157315964 9.595991091314032e-05 960
1778157329061 9.587082405345212e-05 980
1778157342172 9.578173719376392e-05 1000
1778157421487 9.569265033407573e-05 1020
1778157434540 9.560356347438754e-05 1040
1778157447611 9.551447661469933e-05 1060
1778157460702 9.542538975501114e-05 1080
1778157473788 9.533630289532294e-05 1100
1778157486865 9.524721603563474e-05 1120
1778157499939 9.515812917594655e-05 1140
1778157513032 9.506904231625836e-05 1160
1778157526135 9.497995545657016e-05 1180
1778157539217 9.489086859688197e-05 1200
1778157552679 9.480178173719378e-05 1220
1778157565777 9.471269487750558e-05 1240
1778157645230 9.462360801781737e-05 1260
1778157658339 9.453452115812918e-05 1280
1778157671459 9.444543429844098e-05 1300
1778157684608 9.435634743875279e-05 1320
1778157697724 9.42672605790646e-05 1340
1778157710832 9.41781737193764e-05 1360
1778157723936 9.40890868596882e-05 1380
1778157737029 9.4e-05 1400
1778157750104 9.39109131403118e-05 1420
1778157763192 9.382182628062362e-05 1440
1778157776266 9.373273942093541e-05 1460
1778157789334 9.364365256124722e-05 1480
1778157802414 9.355456570155902e-05 1500
