1778156506704 0.6844 20
1778156519239 0.7309 40
1778156531835 0.6535 60
1778156544436 0.6626 80
1778156557085 0.7332 100
1778156569772 0.6845 120
1778156582484 0.7574 140
1778156595238 0.783 160
1778156608027 0.6945 180
1778156620858 0.7321 200
1778156633700 0.7505 220
1778156646570 0.6714 240
1778156725104 0.6947 260
1778156738127 0.7526 280
1778156751163 0.805 300
1778156764186 0.6625 320
1778156777223 0.6869 340
1778156790258 0.6911 360
1778156803285 0.7256 380
1778156816330 0.628 400
1778156829391 0.69 420
1778156842458 0.7038 440
1778156855529 0.6938 460
1778156868608 0.8018 480
1778156881710 0.7924 500
1778156961122 0.7173 520
1778156974213 0.8183 540
1778156987307 0.6769 560
1778157000402 0.7002 580
1778157013509 0.6684 600
1778157026625 0.6484 620
1778157039756 0.7328 640
1778157052886 0.7823 660
1778157066006 0.7064 680
1778157079121 0.6839 700
1778157092251 0.729 720
1778157105367 0.6992 740
1778157184853 0.6886 760
1778157197958 0.69 780
1778157211063 0.7675 800
1778157224185 0.7382 820
1778157237311 0.6889 840
1778157250438 0.7227 860
1778157263549 0.7497 880
1778157276652 0.6774 900
1778157289750 0.6816 920
1778157302860 0.6735 940
1778157315964 0.6741 960
1778157329061 0.7426 980
1778157342172 0.6727 1000
1778157421487 0.7672 1020
1778157434540 0.6856 1040
1778157447611 0.768 1060
1778157460702 0.7001 1080
1778157473788 0.6621 1100
1778157486865 0.7034 1120
1778157499939 0.7345 1140
1778157513032 0.7618 1160
1778157526135 0.6588 1180
1778157539217 0.77 1200
1778157552679 0.6958 1220
1778157565777 0.6813 1240
1778157645230 0.7161 1260
1778157658339 0.6946 1280
1778157671459 0.6671 1300
1778157684608 0.6895 1320
1778157697724 0.6833 1340
1778157710832 0.6618 1360
1778157723936 0.7213 1380
1778157737029 0.7136 1400
1778157750104 0.7209 1420
1778157763192 0.7315 1440
1778157776266 0.7306 1460
1778157789334 0.736 1480
1778157802414 0.7441 1500
