1779075687927 0.21739130434782608 20
1779075694718 0.43478260869565216 40
1779075701513 0.6521739130434783 60
1779075708317 0.8695652173913043 80
1779075715038 1.0869565217391304 100
1779075721840 1.3043478260869565 120
1779075728657 1.5217391304347827 140
1779075735484 1.7391304347826086 160
1779075742282 1.9565217391304348 180
1779075748977 2.1739130434782608 200
1779075755790 2.391304347826087 220
1779075762582 2.608695652173913 240
1779075767762 2.717391304347826 250
1779075772122 2.8260869565217392 260
1779075778844 3.0434782608695654 280
1779075785646 3.260869565217391 300
1779075792408 3.4782608695652173 320
1779075799395 3.6956521739130435 340
1779075806199 3.9130434782608696 360
1779075812923 4.130434782608695 380
1779075819711 4.3478260869565215 400
1779075826493 4.565217391304348 420
1779075833291 4.782608695652174 440
1779075840019 5.0 460
1779075846848 5.217391304347826 480
1779075853652 5.434782608695652 500
1779075855451 5.434782608695652 500
1779075863177 5.6521739130434785 520
1779075869966 5.869565217391305 540
1779075876667 6.086956521739131 560
1779075883464 6.304347826086957 580
1779075890290 6.521739130434782 600
1779075897083 6.739130434782608 620
1779075903867 6.956521739130435 640
1779075910782 7.173913043478261 660
1779075917582 7.391304347826087 680
1779075924388 7.608695652173913 700
1779075931194 7.826086956521739 720
1779075937908 8.043478260869565 740
1779075943086 8.152173913043478 750
1779075947628 8.26086956521739 760
1779075954410 8.478260869565217 780
1779075961210 8.695652173913043 800
1779075968010 8.91304347826087 820
1779075974727 9.130434782608695 840
1779075981508 9.347826086956522 860
1779075988301 9.565217391304348 880
1779075995078 9.782608695652174 900
1779076001789 10.0 920
1779076003337 10.0 920
1779076005342 10.0 920
1779076007318 10.0 920
1779076009700 10.0 0
