1779075687927 1.6195238828659058 20
1779075694718 2.41365385055542 40
1779075701513 2.106776237487793 60
1779075708317 1.4380874633789062 80
1779075715038 0.8754141330718994 100
1779075721840 0.7953883409500122 120
1779075728657 1.1652517318725586 140
1779075735484 1.2088268995285034 160
1779075742282 1.3923685550689697 180
1779075748977 1.8537259101867676 200
1779075755790 1.4726845026016235 220
1779075762582 0.7055409550666809 240
1779075772122 1.780603289604187 260
1779075778844 0.6131238341331482 280
1779075785646 1.1989500522613525 300
1779075792408 4.822402000427246 320
1779075799395 2.648664712905884 340
1779075806199 0.980996310710907 360
1779075812923 1.3098599910736084 380
1779075819711 0.5008450746536255 400
1779075826493 2.526057004928589 420
1779075833291 1.5104260444641113 440
1779075840019 4.467503070831299 460
1779075846848 0.8445600867271423 480
1779075853652 2.263270139694214 500
1779075863177 0.7813833355903625 520
1779075869966 4.477118015289307 540
1779075876667 1.7666969299316406 560
1779075883464 1.146377682685852 580
1779075890290 1.6748212575912476 600
1779075897083 1.7860862016677856 620
1779075903867 0.8896675109863281 640
1779075910782 0.9958512187004089 660
1779075917582 0.5450525879859924 680
1779075924388 2.5949950218200684 700
1779075931194 0.6149659156799316 720
1779075937908 0.8083773255348206 740
1779075947628 1.1107690334320068 760
1779075954410 1.7887754440307617 780
1779075961210 0.970081627368927 800
1779075968010 0.8636927008628845 820
1779075974727 0.8037763237953186 840
1779075981508 1.775381326675415 860
1779075988301 1.007617712020874 880
1779075995078 1.7517738342285156 900
1779076001789 7.519525051116943 920
