1779075687927 0.7053 20
1779075694718 0.7005 40
1779075701513 0.7051 60
1779075708317 0.6987 80
1779075715038 0.6976 100
1779075721840 0.699 120
1779075728657 0.6976 140
1779075735484 0.6942 160
1779075742282 0.6987 180
1779075748977 0.6935 200
1779075755790 0.698 220
1779075762582 0.701 240
1779075772122 0.6974 260
1779075778844 0.7034 280
1779075785646 0.7025 300
1779075792408 0.6931 320
1779075799395 0.7072 340
1779075806199 0.6972 360
1779075812923 0.6962 380
1779075819711 0.6975 400
1779075826493 0.6973 420
1779075833291 0.6999 440
1779075840019 0.7021 460
1779075846848 0.6932 480
1779075853652 0.6987 500
1779075863177 0.7008 520
1779075869966 0.6961 540
1779075876667 0.7012 560
1779075883464 0.6977 580
1779075890290 0.6983 600
1779075897083 0.7 620
1779075903867 0.6952 640
1779075910782 0.6987 660
1779075917582 0.6979 680
1779075924388 0.6974 700
1779075931194 0.6966 720
1779075937908 0.6969 740
1779075947628 0.6954 760
1779075954410 0.6922 780
1779075961210 0.695 800
1779075968010 0.6961 820
1779075974727 0.6956 840
1779075981508 0.6981 860
1779075988301 0.6994 880
1779075995078 0.6952 900
1779076001789 0.6979 920
