1778932120484 0.02806032970887408 20
1778932145038 0.05612065941774816 40
1778932169591 0.08418098912662224 60
1778932194143 0.11224131883549632 80
1778932218693 0.14030164854437038 100
1778932243243 0.16836197825324448 120
1778932267784 0.19642230796211854 140
1778932292322 0.22448263767099264 160
1778932316864 0.2525429673798667 180
1778932341404 0.28060329708874077 200
1778932365943 0.3086636267976149 220
1778932390481 0.33672395650648895 240
1778932439361 0.350754121360926 250
1778932455631 0.364784286215363 260
1778932480137 0.3928446159242371 280
1778932504644 0.4209049456331112 300
1778932529151 0.44896527534198527 320
1778932553660 0.47702560505085934 340
1778932578167 0.5050859347597334 360
1778932602675 0.5331462644686075 380
1778932627184 0.5612065941774815 400
1778932651691 0.5892669238863557 420
1778932676197 0.6173272535952298 440
1778932700705 0.6453875833041038 460
1778932725213 0.6734479130129779 480
1778932749722 0.701508242721852 500
1778932786387 0.701508242721852 500
1778932814375 0.729568572430726 520
1778932838897 0.7576289021396001 540
1778932863415 0.7856892318484742 560
1778932888036 0.8137495615573483 580
1778932912559 0.8418098912662224 600
1778932937081 0.8698702209750965 620
1778932961601 0.8979305506839705 640
1778932986119 0.9259908803928446 660
1778933010640 0.9540512101017187 680
1778933035161 0.9821115398105927 700
1778933059306 1.0098211153981058 720
1778933083827 1.03788144510698 740
1778933132734 1.051911609961417 750
1778933149016 1.0659417748158542 760
1778933173540 1.0940021045247281 780
1778933198061 1.1220624342336023 800
1778933222583 1.1501227639424763 820
1778933247103 1.1781830936513504 840
1778933271621 1.2062434233602244 860
1778933296141 1.2343037530690986 880
1778933320662 1.2623640827779727 900
1778933345182 1.2904244124868467 920
1778933369703 1.3184847421957209 940
1778933394223 1.3465450719045948 960
1778933418745 1.374605401613469 980
1778933443266 1.402665731322343 1000
1778933479912 1.402665731322343 1000
1778933508428 1.4307260610312171 1020
1778933532946 1.4587863907400913 1040
1778933557464 1.4868467204489653 1060
1778933581980 1.5149070501578392 1080
1778933606499 1.5429673798667134 1100
1778933631017 1.5710277095755876 1120
1778933655533 1.5990880392844615 1140
1778933680152 1.6271483689933357 1160
1778933704673 1.6552086987022099 1180
1778933729195 1.6832690284110838 1200
1778933753716 1.7113293581199578 1220
1778933778237 1.739389687828832 1240
1778933827157 1.753419852683269 1250
1778933843397 1.7674500175377061 1260
1778933867919 1.79551034724658 1280
1778933892439 1.8235706769554543 1300
1778933916960 1.8516310066643284 1320
1778933941480 1.8796913363732024 1340
1778933965997 1.9077516660820764 1360
1778933990514 1.9358119957909505 1380
1778934015036 1.9638723254998247 1400
1778934039557 1.9919326552086987 1420
1778934063701 2.0196422307962116 1440
1778934088221 2.047702560505086 1460
1778934112740 2.07576289021396 1480
1778934137259 2.103823219922834 1500
1778934173916 2.103823219922834 1500
1778934202435 2.1318835496317083 1520
1778934226957 2.1599438793405823 1540
1778934251479 2.1880042090494563 1560
1778934276000 2.21606453875833 1580
1778934300519 2.2441248684672046 1600
1778934325041 2.2721851981760786 1620
1778934349562 2.3002455278849525 1640
1778934374083 2.328305857593827 1660
1778934398604 2.356366187302701 1680
1778934423125 2.384426517011575 1700
1778934447645 2.4124868467204488 1720
1778934472268 2.440547176429323 1740
1778934521176 2.45457734128376 1750
1778934537418 2.468607506138197 1760
1778934561936 2.496667835847071 1780
1778934586458 2.5247281655559455 1800
1778934610978 2.5527884952648194 1820
1778934635498 2.5808488249736934 1840
1778934660017 2.608909154682568 1860
1778934684536 2.6369694843914417 1880
1778934709055 2.6650298141003157 1900
1778934733572 2.6930901438091897 1920
1778934758090 2.7211504735180636 1940
1778934782607 2.749210803226938 1960
1778934807125 2.777271132935812 1980
1778934831641 2.805331462644686 2000
1778934868308 2.805331462644686 2000
1778934897389 2.8333917923535603 2020
1778934921863 2.8614521220624343 2040
1778934946361 2.889512451771308 2060
1778934970880 2.9175727814801826 2080
1778934995399 2.9456331111890566 2100
1778935019918 2.9736934408979305 2120
1778935044063 3.0014030164854435 2140
1778935068584 3.029463346194318 2160
1778935093104 3.057523675903192 2180
1778935117624 3.085584005612066 2200
1778935142145 3.11364433532094 2220
1778935166667 3.141704665029814 2240
1778935215580 3.155734829884251 2250
1778935231876 3.169764994738688 2260
1778935256393 3.197825324447562 2280
1778935280912 3.2258856541564365 2300
1778935305527 3.2539459838653104 2320
1778935330049 3.2820063135741844 2340
1778935354568 3.3100666432830588 2360
1778935379087 3.3381269729919327 2380
1778935403608 3.3661873027008067 2400
1778935428129 3.3942476324096806 2420
1778935452650 3.422307962118555 2440
1778935477169 3.450368291827429 2460
1778935501688 3.478428621536303 2480
1778935526209 3.506488951245177 2500
1778935562857 3.506488951245177 2500
1778935590787 3.5345492809540513 2520
1778935615296 3.5626096106629253 2540
1778935639799 3.590669940371799 2560
1778935664302 3.6187302700806736 2580
1778935688806 3.6467905997895476 2600
1778935713310 3.6748509294984215 2620
1778935737814 3.702911259207296 2640
1778935762318 3.73097158891617 2660
1778935786824 3.759031918625044 2680
1778935811329 3.7870922483339178 2700
1778935835835 3.8151525780427917 2720
1778935860340 3.843212907751666 2740
1778935909236 3.857243072606103 2750
1778935926108 3.87127323746054 2760
1778935950620 3.899333567169414 2780
1778935975137 3.9273938968782884 2800
1778935999655 3.9554542265871624 2820
1778936024175 3.9835145562960363 2840
1778936048317 4.01122413188355 2860
1778936072835 4.039284461592423 2880
1778936097453 4.067344791301298 2900
1778936121971 4.095405121010172 2920
1778936146490 4.123465450719046 2940
1778936171008 4.15152578042792 2960
1778936195526 4.179586110136794 2980
1778936220044 4.207646439845668 3000
1778936256692 4.207646439845668 3000
1778936285234 4.235706769554542 3020
1778936309750 4.263767099263417 3040
1778936334267 4.29182742897229 3060
1778936358784 4.319887758681165 3080
1778936383300 4.347948088390039 3100
1778936407820 4.3760084180989125 3120
1778936432336 4.404068747807787 3140
1778936456859 4.43212907751666 3160
1778936481376 4.460189407225535 3180
1778936505894 4.488249736934409 3200
1778936530409 4.516310066643283 3220
1778936554925 4.544370396352157 3240
1778936603803 4.558400561206594 3250
1778936619484 4.5724307260610315 3260
1778936643991 4.600491055769905 3280
1778936668497 4.628551385478779 3300
1778936693001 4.656611715187654 3320
1778936717509 4.684672044896527 3340
1778936742014 4.712732374605402 3360
1778936766522 4.740792704314275 3380
1778936791028 4.76885303402315 3400
1778936815536 4.796913363732024 3420
1778936840041 4.8249736934408975 3440
1778936864549 4.853034023149772 3460
1778936889153 4.881094352858646 3480
1778936913659 4.90915468256752 3500
1778936950279 4.90915468256752 3500
1778936978734 4.937215012276394 3520
1778937003240 4.965275341985269 3540
1778937027746 4.993335671694142 3560
1778937070115 5.0 3565
1778937074051 5.0 3565
1778937112283 5.0 3565
1778937157686 5.0 3565
1778937205213 5.0 0
