1778932120484 47.40632629394531 20
1778932145038 185.4941864013672 40
1778932169591 181.41233825683594 60
1778932194143 73.81532287597656 80
1778932218693 61.061492919921875 100
1778932243243 47.85761260986328 120
1778932267784 1.6710892915725708 140
1778932292322 108.2581787109375 160
1778932316864 1.2153959274291992 180
1778932341404 0.6867545247077942 200
1778932365943 3.3416590690612793 220
1778932390481 1.3462443351745605 240
1778932455631 1.6665678024291992 260
1778932480137 13.396623611450195 280
1778932504644 2.854348659515381 300
1778932529151 13.186806678771973 320
1778932553660 5.726681709289551 340
1778932578167 2.3062829971313477 360
1778932602675 1.0296752452850342 380
1778932627184 3.805327892303467 400
1778932651691 1.7263495922088623 420
1778932676197 1.5949913263320923 440
1778932700705 2.0033607482910156 460
1778932725213 1.3602440357208252 480
1778932749722 1.145779013633728 500
1778932814375 0.39327651262283325 520
1778932838897 0.29035329818725586 540
1778932863415 0.6980758309364319 560
1778932888036 0.2839805483818054 580
1778932912559 0.5419816970825195 600
1778932937081 0.46508467197418213 620
1778932961601 2.0221097469329834 640
1778932986119 0.8040758371353149 660
1778933010640 0.5677286982536316 680
1778933035161 0.5621588826179504 700
1778933059306 0.3351736068725586 720
1778933083827 1.031370997428894 740
1778933149016 0.3975665271282196 760
1778933173540 1.8643298149108887 780
1778933198061 0.8274116516113281 800
1778933222583 1.2679816484451294 820
1778933247103 0.7316061854362488 840
1778933271621 1.3102153539657593 860
1778933296141 2.4678127765655518 880
1778933320662 0.49677082896232605 900
1778933345182 2.1585254669189453 920
1778933369703 0.7983962297439575 940
1778933394223 0.5892828106880188 960
1778933418745 0.8142749667167664 980
1778933443266 0.16741438210010529 1000
1778933508428 1.585009217262268 1020
1778933532946 0.3867395222187042 1040
1778933557464 0.8905901908874512 1060
1778933581980 6.211144924163818 1080
1778933606499 0.8426294326782227 1100
1778933631017 2.363140821456909 1120
1778933655533 0.4927748143672943 1140
1778933680152 2.152235507965088 1160
1778933704673 0.3426576852798462 1180
1778933729195 0.2565365433692932 1200
1778933753716 1.0203421115875244 1220
1778933778237 0.32330599427223206 1240
1778933843397 0.7174659371376038 1260
1778933867919 1.5892812013626099 1280
1778933892439 0.47697585821151733 1300
1778933916960 0.9970625638961792 1320
1778933941480 0.6966143846511841 1340
1778933965997 0.7858287692070007 1360
1778933990514 0.9330984354019165 1380
1778934015036 1.1771376132965088 1400
1778934039557 1.5670881271362305 1420
1778934063701 0.48677241802215576 1440
1778934088221 0.41206908226013184 1460
1778934112740 0.5039317607879639 1480
1778934137259 0.9508225917816162 1500
1778934202435 0.19295887649059296 1520
1778934226957 0.16044513881206512 1540
1778934251479 1.641291856765747 1560
1778934276000 0.8151149153709412 1580
1778934300519 0.8863555788993835 1600
1778934325041 0.3568551540374756 1620
1778934349562 0.3726087510585785 1640
1778934374083 0.6627556681632996 1660
1778934398604 0.30946943163871765 1680
1778934423125 0.26316359639167786 1700
1778934447645 0.392439603805542 1720
1778934472268 1.1475175619125366 1740
1778934537418 1.2665425539016724 1760
1778934561936 1.200644612312317 1780
1778934586458 4.194425106048584 1800
1778934610978 6.079833507537842 1820
1778934635498 8.460896492004395 1840
1778934660017 3.9256153106689453 1860
1778934684536 6.368091106414795 1880
1778934709055 4.544155597686768 1900
1778934733572 17.774641036987305 1920
1778934758090 4.343469619750977 1940
1778934782607 10.758907318115234 1960
1778934807125 2.4640018939971924 1980
1778934831641 18.582429885864258 2000
1778934897389 9.904570579528809 2020
1778934921863 5.540475368499756 2040
1778934946361 17.321857452392578 2060
1778934970880 3.561103343963623 2080
1778934995399 6.44858980178833 2100
1778935019918 34.8038215637207 2120
1778935044063 11.636049270629883 2140
1778935068584 50.91083526611328 2160
1778935093104 20.06599235534668 2180
1778935117624 23.001834869384766 2200
1778935142145 7.823531150817871 2220
1778935166667 34.43060302734375 2240
1778935231876 29.73369789123535 2260
1778935256393 22.652666091918945 2280
1778935280912 50.05647277832031 2300
1778935305527 17.583467483520508 2320
1778935330049 27.290082931518555 2340
1778935354568 11.182882308959961 2360
1778935379087 11.335512161254883 2380
1778935403608 9.828734397888184 2400
1778935428129 8.865360260009766 2420
1778935452650 10.615235328674316 2440
1778935477169 14.723258018493652 2460
1778935501688 14.107207298278809 2480
1778935526209 12.84962272644043 2500
1778935590787 73.19198608398438 2520
1778935615296 22.798677444458008 2540
1778935639799 19.121915817260742 2560
1778935664302 9.113642692565918 2580
1778935688806 36.419124603271484 2600
1778935713310 9.732585906982422 2620
1778935737814 105.80591583251953 2640
1778935762318 44.73474884033203 2660
1778935786824 19.806575775146484 2680
1778935811329 6.120622158050537 2700
1778935835835 35.698604583740234 2720
1778935860340 44.01641082763672 2740
1778935926108 16.73622703552246 2760
1778935950620 20.63566017150879 2780
1778935975137 20.16803741455078 2800
1778935999655 16.187753677368164 2820
1778936024175 23.99935531616211 2840
1778936048317 32.08725357055664 2860
1778936072835 25.455825805664062 2880
1778936097453 11.30601978302002 2900
1778936121971 14.425551414489746 2920
1778936146490 17.33972930908203 2940
1778936171008 13.284261703491211 2960
1778936195526 7.669503211975098 2980
1778936220044 10.779254913330078 3000
1778936285234 20.18697166442871 3020
1778936309750 16.751127243041992 3040
1778936334267 16.299095153808594 3060
1778936358784 8.923450469970703 3080
1778936383300 11.687496185302734 3100
1778936407820 19.288494110107422 3120
1778936432336 29.819847106933594 3140
1778936456859 13.027710914611816 3160
1778936481376 14.731453895568848 3180
1778936505894 5.930089473724365 3200
1778936530409 38.55703353881836 3220
1778936554925 28.29560661315918 3240
1778936619484 17.08330726623535 3260
1778936643991 29.576711654663086 3280
1778936668497 29.022375106811523 3300
1778936693001 16.69867515563965 3320
1778936717509 26.899187088012695 3340
1778936742014 7.761049270629883 3360
1778936766522 7.4285888671875 3380
1778936791028 18.040498733520508 3400
1778936815536 24.15330696105957 3420
1778936840041 15.676253318786621 3440
1778936864549 11.93303108215332 3460
1778936889153 10.408066749572754 3480
1778936913659 26.559316635131836 3500
1778936978734 11.787384986877441 3520
1778937003240 18.59166145324707 3540
1778937027746 48.0103645324707 3560
