1778902819615 0.4371584699453552 20
1778902826458 0.8743169398907104 40
1778902833154 1.3060109289617485 60
1778902839998 1.7431693989071038 80
1778902846694 2.1748633879781423 100
1778902853538 2.612021857923497 120
1778902860234 3.0437158469945356 140
1778902867079 3.480874316939891 160
1778902873923 3.918032786885246 180
1778902880618 4.3497267759562845 200
1778902887464 4.786885245901639 220
1778902894160 5.218579234972678 240
1778902899499 5.437158469945355 250
1778902905035 5.655737704918033 260
1778902911731 6.087431693989071 280
1778902918574 6.524590163934426 300
1778902925418 6.961748633879782 320
1778902932114 7.39344262295082 340
1778902938958 7.830601092896175 360
1778902945653 8.262295081967213 380
1778902952496 8.699453551912569 400
1778902959193 9.131147540983607 420
1778902966037 9.568306010928962 440
1778902972731 10.0 460
1778902974647 10.0 460
1778902976212 10.0 460
1778902978660 10.0 460
1778902981052 10.0 460
1778902984869 10.0 0
