1778902819615 3.8e-05 20
1778902826458 7.800000000000001e-05 40
1778902833154 9.78048780487805e-05 60
1778902839998 9.292682926829269e-05 80
1778902846694 8.804878048780489e-05 100
1778902853538 8.317073170731707e-05 120
1778902860234 7.829268292682928e-05 140
1778902867079 7.341463414634146e-05 160
1778902873923 6.853658536585367e-05 180
1778902880618 6.365853658536585e-05 200
1778902887464 5.878048780487805e-05 220
1778902894160 5.390243902439025e-05 240
1778902905035 4.902439024390244e-05 260
1778902911731 4.414634146341464e-05 280
1778902918574 3.9268292682926835e-05 300
1778902925418 3.4390243902439025e-05 320
1778902932114 2.951219512195122e-05 340
1778902938958 2.4634146341463414e-05 360
1778902945653 1.975609756097561e-05 380
1778902952496 1.4878048780487805e-05 400
1778902959193 1e-05 420
1778902966037 5.121951219512195e-06 440
1778902972731 2.439024390243903e-07 460
