1778902819615 2.7727210998535154 20
1778902826458 2.7746116638183596 40
1778902833154 2.7368467330932615 60
1778902839998 2.7688621520996093 80
1778902846694 2.73121337890625 100
1778902853538 2.7620147705078124 120
1778902860234 2.728778266906738 140
1778902867079 2.7591712951660154 160
1778902873923 2.7578460693359377 180
1778902880618 2.723000144958496 200
1778902887464 2.755255126953125 220
1778902894160 2.719302749633789 240
1778902905035 2.75350341796875 260
1778902911731 2.7142333984375 280
1778902918574 2.749498748779297 300
1778902925418 2.7481475830078126 320
1778902932114 2.7141849517822267 340
1778902938958 2.7454879760742186 360
1778902945653 2.7121463775634767 380
1778902952496 2.745130920410156 400
1778902959193 2.7120534896850588 420
1778902966037 2.7452247619628904 440
1778902972731 2.7095413208007812 460
