1779319329088 1.1400000000000001e-05 20
1779319330935 2.3400000000000003e-05 40
1779319332628 2.9923186344238974e-05 60
1779319334349 2.97524893314367e-05 80
1779319335976 2.9581792318634425e-05 100
1779319337584 2.941109530583215e-05 120
1779319339131 2.924893314366999e-05 140
1779319340626 2.9078236130867713e-05 160
1779319342213 2.8907539118065436e-05 180
1779319343837 2.8736842105263157e-05 200
1779319345318 2.856614509246088e-05 220
1779319346749 2.8395448079658608e-05 240
1779319363963 2.822475106685633e-05 260
1779319365705 2.8054054054054055e-05 280
1779319367364 2.788335704125178e-05 300
1779319369090 2.7712660028449503e-05 320
1779319370684 2.7541963015647226e-05 340
1779319372277 2.737126600284495e-05 360
1779319373950 2.7200568990042674e-05 380
1779319375632 2.7038406827880514e-05 400
1779319377382 2.6867709815078238e-05 420
1779319379003 2.669701280227596e-05 440
1779319380802 2.6526315789473685e-05 460
1779319382552 2.6355618776671406e-05 480
1779319384326 2.6184921763869133e-05 500
1779319399877 2.6014224751066857e-05 520
1779319401461 2.584352773826458e-05 540
1779319403151 2.5672830725462304e-05 560
1779319404767 2.550213371266003e-05 580
1779319406584 2.5331436699857755e-05 600
1779319408306 2.516073968705548e-05 620
1779319410107 2.49900426742532e-05 640
1779319411741 2.4819345661450923e-05 660
1779319413391 2.464864864864865e-05 680
1779319414934 2.4477951635846374e-05 700
1779319416530 2.4307254623044098e-05 720
1779319418189 2.413655761024182e-05 740
1779319434483 2.3965860597439545e-05 760
1779319436308 2.379516358463727e-05 780
1779319438007 2.3624466571834993e-05 800
1779319439400 2.3453769559032717e-05 820
1779319440904 2.328307254623044e-05 840
1779319442295 2.3112375533428168e-05 860
1779319443822 2.294167852062589e-05 880
1779319445303 2.2770981507823615e-05 900
1779319446764 2.2600284495021336e-05 920
1779319448307 2.242958748221906e-05 940
1779319450002 2.2258890469416786e-05 960
1779319451653 2.208819345661451e-05 980
1779319453286 2.1917496443812234e-05 1000
1779319466545 2.1746799431009958e-05 1020
1779319468109 2.157610241820768e-05 1040
1779319469677 2.140540540540541e-05 1060
1779319471209 2.123470839260313e-05 1080
1779319472592 2.1064011379800853e-05 1100
1779319474147 2.0893314366998577e-05 1120
1779319475609 2.07226173541963e-05 1140
1779319477169 2.0551920341394028e-05 1160
1779319478814 2.038122332859175e-05 1180
1779319480408 2.0210526315789475e-05 1200
1779319481994 2.0039829302987195e-05 1220
1779319483603 1.9869132290184923e-05 1240
1779319495976 1.9698435277382646e-05 1260
1779319497474 1.952773826458037e-05 1280
1779319498924 1.9357041251778094e-05 1300
1779319500357 1.9186344238975818e-05 1320
1779319501768 1.9015647226173545e-05 1340
1779319503299 1.884495021337127e-05 1360
1779319504655 1.867425320056899e-05 1380
1779319506080 1.8503556187766713e-05 1400
1779319507475 1.8332859174964437e-05 1420
1779319508876 1.8162162162162164e-05 1440
1779319510343 1.7991465149359887e-05 1460
1779319511768 1.782076813655761e-05 1480
1779319513253 1.7650071123755335e-05 1500
1779319527802 1.747937411095306e-05 1520
1779319529398 1.7308677098150783e-05 1540
1779319530985 1.7137980085348506e-05 1560
1779319532529 1.696728307254623e-05 1580
1779319534067 1.6796586059743954e-05 1600
1779319535607 1.662588904694168e-05 1620
1779319537180 1.6455192034139405e-05 1640
1779319538722 1.6284495021337125e-05 1660
1779319540257 1.611379800853485e-05 1680
1779319541739 1.5943100995732573e-05 1700
1779319543257 1.57724039829303e-05 1720
1779319544817 1.5601706970128024e-05 1740
1779319560529 1.5431009957325747e-05 1760
1779319561980 1.526031294452347e-05 1780
1779319563386 1.5089615931721197e-05 1800
1779319564844 1.491891891891892e-05 1820
1779319566374 1.4748221906116644e-05 1840
1779319567993 1.4577524893314366e-05 1860
1779319569383 1.4406827880512092e-05 1880
1779319571074 1.4236130867709816e-05 1900
1779319572797 1.406543385490754e-05 1920
1779319574468 1.3894736842105263e-05 1940
1779319576064 1.3724039829302987e-05 1960
1779319577706 1.3553342816500712e-05 1980
1779319579456 1.3382645803698434e-05 2000
1779319595979 1.321194879089616e-05 2020
1779319597476 1.3041251778093884e-05 2040
1779319599245 1.2870554765291609e-05 2060
1779319600860 1.2699857752489331e-05 2080
1779319602400 1.2529160739687055e-05 2100
1779319603861 1.235846372688478e-05 2120
1779319605366 1.2187766714082504e-05 2140
1779319606812 1.2017069701280228e-05 2160
1779319608328 1.1846372688477952e-05 2180
1779319609859 1.1675675675675677e-05 2200
1779319611423 1.15049786628734e-05 2220
1779319612995 1.1334281650071123e-05 2240
1779319630093 1.1163584637268848e-05 2260
1779319631663 1.0992887624466572e-05 2280
1779319633310 1.0822190611664296e-05 2300
1779319634897 1.065149359886202e-05 2320
1779319636386 1.0480796586059745e-05 2340
1779319637816 1.0310099573257469e-05 2360
1779319639098 1.0139402560455191e-05 2380
1779319640597 9.968705547652917e-06 2400
1779319642165 9.79800853485064e-06 2420
1779319643555 9.627311522048364e-06 2440
1779319644957 9.465149359886203e-06 2460
1779319646515 9.294452347083926e-06 2480
1779319648202 9.123755334281652e-06 2500
1779319663225 8.953058321479374e-06 2520
1779319664746 8.782361308677098e-06 2540
1779319666321 8.611664295874823e-06 2560
1779319667982 8.440967283072545e-06 2580
1779319669510 8.27027027027027e-06 2600
1779319670969 8.099573257467994e-06 2620
1779319672535 7.92887624466572e-06 2640
1779319674155 7.758179231863442e-06 2660
1779319675982 7.587482219061166e-06 2680
1779319677723 7.416785206258891e-06 2700
1779319679475 7.246088193456615e-06 2720
1779319681350 7.075391180654339e-06 2740
1779319697816 6.9046941678520625e-06 2760
1779319699586 6.733997155049787e-06 2780
1779319701317 6.563300142247511e-06 2800
1779319703156 6.392603129445235e-06 2820
1779319705033 6.221906116642959e-06 2840
1779319706686 6.051209103840683e-06 2860
1779319708418 5.880512091038407e-06 2880
1779319710152 5.7098150782361306e-06 2900
1779319712099 5.539118065433855e-06 2920
1779319713956 5.368421052631579e-06 2940
1779319715657 5.1977240398293036e-06 2960
1779319717508 5.027027027027027e-06 2980
1779319719142 4.856330014224752e-06 3000
1779319734018 4.685633001422475e-06 3020
1779319735753 4.5149359886201995e-06 3040
1779319737505 4.344238975817923e-06 3060
1779319739257 4.173541963015647e-06 3080
1779319741066 4.002844950213372e-06 3100
1779319742530 3.8321479374110954e-06 3120
1779319744310 3.669985775248933e-06 3140
1779319745993 3.499288762446657e-06 3160
1779319747774 3.3285917496443814e-06 3180
1779319749557 3.157894736842105e-06 3200
1779319751334 2.9871977240398294e-06 3220
1779319753112 2.8165007112375536e-06 3240
1779319766740 2.6458036984352777e-06 3260
1779319768312 2.4751066856330015e-06 3280
1779319769760 2.3044096728307257e-06 3300
1779319771274 2.13371266002845e-06 3320
1779319772930 1.9630156472261733e-06 3340
1779319774658 1.7923186344238977e-06 3360
1779319776389 1.6216216216216219e-06 3380
1779319778083 1.4509246088193456e-06 3400
1779319779592 1.2802275960170696e-06 3420
1779319781324 1.1095305832147938e-06 3440
1779319782885 9.388335704125178e-07 3460
1779319784704 7.681365576102418e-07 3480
1779319786351 5.974395448079659e-07 3500
1779319801474 4.2674253200568994e-07 3520
1779319803144 2.56045519203414e-07 3540
1779319804930 8.534850640113798e-08 3560
