1779319329088 0.6825 20
1779319330935 0.647 40
1779319332628 0.6255 60
1779319334349 0.62 80
1779319335976 0.6385 100
1779319337584 0.5924 120
1779319339131 0.567 140
1779319340626 0.6305 160
1779319342213 0.5895 180
1779319343837 0.6024 200
1779319345318 0.5992 220
1779319346749 0.5416 240
1779319363963 0.6212 260
1779319365705 0.5904 280
1779319367364 0.583 300
1779319369090 0.5943 320
1779319370684 0.5932 340
1779319372277 0.5801 360
1779319373950 0.5936 380
1779319375632 0.5778 400
1779319377382 0.5665 420
1779319379003 0.5563 440
1779319380802 0.5802 460
1779319382552 0.5599 480
1779319384326 0.5778 500
1779319399877 0.5588 520
1779319401461 0.5598 540
1779319403151 0.5716 560
1779319404767 0.5739 580
1779319406584 0.5691 600
1779319408306 0.5441 620
1779319410107 0.5743 640
1779319411741 0.5463 660
1779319413391 0.5239 680
1779319414934 0.5761 700
1779319416530 0.5765 720
1779319418189 0.4941 740
1779319434483 0.4598 760
1779319436308 0.5272 780
1779319438007 0.4787 800
1779319439400 0.4974 820
1779319440904 0.4878 840
1779319442295 0.5237 860
1779319443822 0.4962 880
1779319445303 0.4956 900
1779319446764 0.5423 920
1779319448307 0.4796 940
1779319450002 0.4928 960
1779319451653 0.5033 980
1779319453286 0.5067 1000
1779319466545 0.489 1020
1779319468109 0.4849 1040
1779319469677 0.5013 1060
1779319471209 0.4932 1080
1779319472592 0.466 1100
1779319474147 0.4958 1120
1779319475609 0.499 1140
1779319477169 0.4848 1160
1779319478814 0.5042 1180
1779319480408 0.5295 1200
1779319481994 0.5075 1220
1779319483603 0.4929 1240
1779319495976 0.4976 1260
1779319497474 0.4801 1280
1779319498924 0.4927 1300
1779319500357 0.4794 1320
1779319501768 0.4702 1340
1779319503299 0.4764 1360
1779319504655 0.5107 1380
1779319506080 0.5026 1400
1779319507475 0.4609 1420
1779319508876 0.4319 1440
1779319510343 0.3917 1460
1779319511768 0.3761 1480
1779319513253 0.3687 1500
1779319527802 0.3548 1520
1779319529398 0.3827 1540
1779319530985 0.4066 1560
1779319532529 0.3887 1580
1779319534067 0.3524 1600
1779319535607 0.3759 1620
1779319537180 0.3955 1640
1779319538722 0.409 1660
1779319540257 0.3518 1680
1779319541739 0.3983 1700
1779319543257 0.4069 1720
1779319544817 0.3594 1740
1779319560529 0.3453 1760
1779319561980 0.3366 1780
1779319563386 0.3622 1800
1779319564844 0.3392 1820
1779319566374 0.3813 1840
1779319567993 0.3754 1860
1779319569383 0.3473 1880
1779319571074 0.3711 1900
1779319572797 0.3884 1920
1779319574468 0.3657 1940
1779319576064 0.3669 1960
1779319577706 0.3587 1980
1779319579456 0.434 2000
1779319595979 0.3856 2020
1779319597476 0.4042 2040
1779319599245 0.3742 2060
1779319600860 0.3651 2080
1779319602400 0.3534 2100
1779319603861 0.3532 2120
1779319605366 0.3552 2140
1779319606812 0.2569 2160
1779319608328 0.2513 2180
1779319609859 0.2398 2200
1779319611423 0.2388 2220
1779319612995 0.2317 2240
1779319630093 0.2425 2260
1779319631663 0.2839 2280
1779319633310 0.2503 2300
1779319634897 0.2405 2320
1779319636386 0.242 2340
1779319637816 0.2634 2360
1779319639098 0.2696 2380
1779319640597 0.2416 2400
1779319642165 0.264 2420
1779319643555 0.3061 2440
1779319644957 0.2763 2460
1779319646515 0.2364 2480
1779319648202 0.2872 2500
1779319663225 0.2588 2520
1779319664746 0.2503 2540
1779319666321 0.2343 2560
1779319667982 0.2454 2580
1779319669510 0.2563 2600
1779319670969 0.2506 2620
1779319672535 0.2298 2640
1779319674155 0.2291 2660
1779319675982 0.2641 2680
1779319677723 0.2668 2700
1779319679475 0.2615 2720
1779319681350 0.2549 2740
1779319697816 0.2869 2760
1779319699586 0.2355 2780
1779319701317 0.2768 2800
1779319703156 0.2206 2820
1779319705033 0.2485 2840
1779319706686 0.2193 2860
1779319708418 0.1738 2880
1779319710152 0.1522 2900
1779319712099 0.1766 2920
1779319713956 0.1546 2940
1779319715657 0.164 2960
1779319717508 0.1786 2980
1779319719142 0.194 3000
1779319734018 0.1986 3020
1779319735753 0.1725 3040
1779319737505 0.1248 3060
1779319739257 0.1636 3080
1779319741066 0.1866 3100
1779319742530 0.1749 3120
1779319744310 0.1663 3140
1779319745993 0.1538 3160
1779319747774 0.1687 3180
1779319749557 0.1589 3200
1779319751334 0.173 3220
1779319753112 0.1756 3240
1779319766740 0.166 3260
1779319768312 0.1742 3280
1779319769760 0.1663 3300
1779319771274 0.1315 3320
1779319772930 0.1446 3340
1779319774658 0.1912 3360
1779319776389 0.1867 3380
1779319778083 0.151 3400
1779319779592 0.1491 3420
1779319781324 0.1913 3440
1779319782885 0.18 3460
1779319784704 0.154 3480
1779319786351 0.1475 3500
1779319801474 0.1532 3520
1779319803144 0.1502 3540
1779319804930 0.1431 3560
