1778882535111 3.8e-05 20
1778882539740 7.800000000000001e-05 40
1778882544373 9.980022197558269e-05 60
1778882549006 9.935627081021089e-05 80
1778882553644 9.891231964483907e-05 100
1778882558275 9.846836847946727e-05 120
1778882562906 9.802441731409545e-05 140
1778882567538 9.758046614872365e-05 160
1778882572169 9.713651498335183e-05 180
1778882576801 9.669256381798003e-05 200
1778882581432 9.624861265260821e-05 220
1778882586064 9.580466148723641e-05 240
1778882603890 9.53607103218646e-05 260
1778882608524 9.491675915649278e-05 280
1778882613159 9.447280799112098e-05 300
1778882617796 9.402885682574917e-05 320
1778882622427 9.358490566037736e-05 340
1778882627060 9.314095449500556e-05 360
1778882631691 9.269700332963375e-05 380
1778882636323 9.225305216426194e-05 400
1778882640956 9.180910099889013e-05 420
1778882645588 9.136514983351832e-05 440
1778882650219 9.092119866814651e-05 460
1778882654850 9.04772475027747e-05 480
1778882659482 9.00332963374029e-05 500
1778882677294 8.958934517203108e-05 520
1778882681931 8.914539400665926e-05 540
1778882686569 8.870144284128746e-05 560
1778882691206 8.825749167591564e-05 580
1778882695841 8.781354051054384e-05 600
1778882700478 8.736958934517203e-05 620
1778882705113 8.692563817980022e-05 640
1778882709749 8.648168701442842e-05 660
1778882714385 8.603773584905662e-05 680
1778882719021 8.55937846836848e-05 700
1778882723658 8.5149833518313e-05 720
1778882728294 8.470588235294118e-05 740
1778882746147 8.426193118756938e-05 760
1778882750785 8.381798002219756e-05 780
1778882755426 8.337402885682575e-05 800
1778882760061 8.293007769145394e-05 820
1778882764697 8.248612652608213e-05 840
1778882769334 8.204217536071033e-05 860
1778882773971 8.159822419533851e-05 880
1778882778608 8.115427302996671e-05 900
1778882783150 8.071032186459489e-05 920
1778882787787 8.026637069922309e-05 940
1778882792424 7.982241953385127e-05 960
1778882797064 7.937846836847947e-05 980
1778882801700 7.893451720310767e-05 1000
1778882819531 7.849056603773586e-05 1020
1778882824167 7.804661487236405e-05 1040
1778882828808 7.760266370699223e-05 1060
1778882833444 7.715871254162043e-05 1080
1778882838080 7.671476137624861e-05 1100
1778882842716 7.627081021087681e-05 1120
1778882847352 7.5826859045505e-05 1140
1778882851987 7.538290788013319e-05 1160
1778882856622 7.493895671476137e-05 1180
1778882861257 7.449500554938957e-05 1200
1778882865893 7.405105438401776e-05 1220
1778882870529 7.360710321864595e-05 1240
1778882888142 7.316315205327414e-05 1260
1778882892783 7.271920088790233e-05 1280
1778882897425 7.227524972253052e-05 1300
1778882902062 7.183129855715872e-05 1320
1778882906700 7.138734739178691e-05 1340
1778882911338 7.09433962264151e-05 1360
1778882915975 7.04994450610433e-05 1380
1778882920612 7.005549389567148e-05 1400
1778882925251 6.961154273029968e-05 1420
1778882929889 6.916759156492786e-05 1440
1778882934527 6.872364039955606e-05 1460
1778882939165 6.827968923418424e-05 1480
1778882943802 6.783573806881244e-05 1500
1778882961638 6.739178690344062e-05 1520
1778882966275 6.694783573806882e-05 1540
1778882970913 6.6503884572697e-05 1560
1778882975548 6.605993340732519e-05 1580
1778882980184 6.561598224195338e-05 1600
1778882984820 6.517203107658158e-05 1620
1778882989455 6.472807991120978e-05 1640
1778882994090 6.428412874583796e-05 1660
1778882998725 6.384017758046616e-05 1680
1778883003359 6.339622641509434e-05 1700
1778883007995 6.295227524972254e-05 1720
1778883012631 6.250832408435072e-05 1740
1778883030710 6.206437291897892e-05 1760
1778883035347 6.16204217536071e-05 1780
1778883039987 6.11764705882353e-05 1800
1778883044621 6.0732519422863486e-05 1820
1778883049163 6.028856825749167e-05 1840
1778883053799 5.984461709211987e-05 1860
1778883058434 5.940066592674806e-05 1880
1778883063070 5.8956714761376255e-05 1900
1778883067705 5.851276359600444e-05 1920
1778883072341 5.8068812430632636e-05 1940
1778883076977 5.762486126526082e-05 1960
1778883081612 5.718091009988902e-05 1980
1778883086248 5.67369589345172e-05 2000
1778883103842 5.62930077691454e-05 2020
1778883108471 5.584905660377359e-05 2040
1778883113106 5.5405105438401786e-05 2060
1778883117736 5.496115427302997e-05 2080
1778883122366 5.451720310765817e-05 2100
1778883126998 5.407325194228635e-05 2120
1778883131627 5.3629300776914535e-05 2140
1778883136258 5.318534961154273e-05 2160
1778883140888 5.274139844617092e-05 2180
1778883145518 5.2297447280799113e-05 2200
1778883150148 5.1853496115427304e-05 2220
1778883154779 5.14095449500555e-05 2240
1778883172579 5.0965593784683685e-05 2260
1778883177217 5.052164261931188e-05 2280
1778883181857 5.0077691453940066e-05 2300
1778883186493 4.963374028856826e-05 2320
1778883191129 4.918978912319645e-05 2340
1778883195765 4.8745837957824645e-05 2360
1778883200399 4.8301886792452835e-05 2380
1778883205033 4.7857935627081026e-05 2400
1778883209669 4.7413984461709216e-05 2420
1778883214305 4.697003329633741e-05 2440
1778883218939 4.65260821309656e-05 2460
1778883223574 4.608213096559379e-05 2480
1778883228210 4.563817980022198e-05 2500
1778883246276 4.519422863485017e-05 2520
1778883250912 4.475027746947836e-05 2540
1778883255553 4.430632630410655e-05 2560
1778883260187 4.386237513873474e-05 2580
1778883264822 4.341842397336293e-05 2600
1778883269457 4.297447280799112e-05 2620
1778883274091 4.253052164261931e-05 2640
1778883278726 4.20865704772475e-05 2660
1778883283362 4.16426193118757e-05 2680
1778883287996 4.119866814650389e-05 2700
1778883292631 4.075471698113208e-05 2720
1778883297170 4.031076581576027e-05 2740
1778883314789 3.9866814650388456e-05 2760
1778883319430 3.9422863485016646e-05 2780
1778883324071 3.897891231964484e-05 2800
1778883328708 3.853496115427303e-05 2820
1778883333345 3.8091009988901225e-05 2840
1778883337982 3.7647058823529415e-05 2860
1778883342619 3.7203107658157606e-05 2880
1778883347256 3.6759156492785796e-05 2900
1778883351894 3.631520532741399e-05 2920
1778883356531 3.587125416204218e-05 2940
1778883361169 3.542730299667037e-05 2960
1778883365807 3.498335183129856e-05 2980
1778883370444 3.453940066592675e-05 3000
1778883388276 3.409544950055494e-05 3020
1778883392916 3.365149833518313e-05 3040
1778883397555 3.320754716981132e-05 3060
1778883402191 3.276359600443951e-05 3080
1778883406828 3.23196448390677e-05 3100
1778883411464 3.187569367369589e-05 3120
1778883416101 3.143174250832408e-05 3140
1778883420738 3.098779134295228e-05 3160
1778883425375 3.054384017758047e-05 3180
1778883430012 3.0099889012208658e-05 3200
1778883434649 2.9655937846836852e-05 3220
1778883439285 2.9211986681465043e-05 3240
1778883457133 2.8768035516093233e-05 3260
1778883461773 2.832408435072142e-05 3280
1778883466415 2.788013318534961e-05 3300
1778883471051 2.74361820199778e-05 3320
1778883475690 2.6992230854605992e-05 3340
1778883480327 2.6548279689234186e-05 3360
1778883484965 2.6104328523862376e-05 3380
1778883489602 2.5660377358490567e-05 3400
1778883494240 2.5216426193118758e-05 3420
1778883498877 2.4772475027746948e-05 3440
1778883503514 2.4328523862375142e-05 3460
1778883508151 2.388457269700333e-05 3480
1778883512788 2.344062153163152e-05 3500
1778883530620 2.2996670366259714e-05 3520
1778883535259 2.2552719200887904e-05 3540
1778883539897 2.2108768035516095e-05 3560
1778883544532 2.1664816870144285e-05 3580
1778883549170 2.1220865704772476e-05 3600
1778883553805 2.0776914539400666e-05 3620
1778883558442 2.0332963374028857e-05 3640
1778883562982 1.9889012208657048e-05 3660
1778883567620 1.9445061043285238e-05 3680
1778883572256 1.9001109877913432e-05 3700
1778883576892 1.8557158712541623e-05 3720
1778883581530 1.811320754716981e-05 3740
1778883599372 1.7669256381798004e-05 3760
1778883604008 1.7225305216426194e-05 3780
1778883608647 1.6781354051054385e-05 3800
1778883613282 1.6337402885682575e-05 3820
1778883617916 1.5893451720310766e-05 3840
1778883622551 1.544950055493896e-05 3860
1778883627185 1.5005549389567147e-05 3880
1778883631821 1.456159822419534e-05 3900
1778883636455 1.411764705882353e-05 3920
1778883641088 1.367369589345172e-05 3940
1778883645722 1.3229744728079913e-05 3960
1778883650356 1.2785793562708103e-05 3980
1778883654990 1.2341842397336294e-05 4000
1778883672817 1.1897891231964484e-05 4020
1778883677453 1.1453940066592675e-05 4040
1778883682095 1.1009988901220865e-05 4060
1778883686733 1.0566037735849058e-05 4080
1778883691368 1.0122086570477248e-05 4100
1778883696004 9.678135405105439e-06 4120
1778883700640 9.23418423973363e-06 4140
1778883705275 8.79023307436182e-06 4160
1778883709910 8.34628190899001e-06 4180
1778883714544 7.902330743618203e-06 4200
1778883719179 7.458379578246394e-06 4220
1778883723815 7.014428412874584e-06 4240
1778883741656 6.570477247502775e-06 4260
1778883746292 6.126526082130966e-06 4280
1778883750931 5.682574916759157e-06 4300
1778883755565 5.238623751387348e-06 4320
1778883760200 4.794672586015538e-06 4340
1778883764834 4.35072142064373e-06 4360
1778883769467 3.90677025527192e-06 4380
1778883774101 3.4628190899001116e-06 4400
1778883778735 3.018867924528302e-06 4420
1778883783370 2.574916759156493e-06 4440
1778883788004 2.1309655937846837e-06 4460
1778883792638 1.6870144284128745e-06 4480
1778883797272 1.2430632630410655e-06 4500
1778883815102 7.991120976692565e-07 4520
1778883819738 3.551609322974473e-07 4540
