1779084627892 0.043859649122807015 20
1779084632913 0.08771929824561403 40
1779084637934 0.13157894736842105 60
1779084642949 0.17543859649122806 80
1779084647967 0.21929824561403508 100
1779084652949 0.2631578947368421 120
1779084657943 0.30701754385964913 140
1779084662908 0.3508771929824561 160
1779084667885 0.39473684210526316 180
1779084672886 0.43859649122807015 200
1779084677939 0.4824561403508772 220
1779084682985 0.5263157894736842 240
1779084690858 0.5482456140350878 250
1779084693896 0.5701754385964912 260
1779084698908 0.6140350877192983 280
1779084703937 0.6578947368421053 300
1779084708953 0.7017543859649122 320
1779084713915 0.7456140350877193 340
1779084718889 0.7894736842105263 360
1779084723847 0.8333333333333334 380
1779084728848 0.8771929824561403 400
1779084733818 0.9210526315789473 420
1779084738835 0.9649122807017544 440
1779084743770 1.0087719298245614 460
1779084748765 1.0526315789473684 480
1779084753744 1.0964912280701755 500
1779084759377 1.0964912280701755 500
1779084764792 1.1403508771929824 520
1779084769768 1.1842105263157894 540
1779084774751 1.2280701754385965 560
1779084779722 1.2719298245614035 580
1779084784700 1.3157894736842106 600
1779084789658 1.3596491228070176 620
1779084794639 1.4035087719298245 640
1779084799640 1.4473684210526316 660
1779084804631 1.4912280701754386 680
1779084809607 1.5350877192982457 700
1779084814598 1.5789473684210527 720
1779084819623 1.6228070175438596 740
1779084827337 1.6447368421052633 750
1779084830253 1.6666666666666665 760
1779084835263 1.7105263157894737 780
1779084840276 1.7543859649122808 800
1779084845278 1.7982456140350878 820
1779084850274 1.8421052631578947 840
1779084855308 1.8859649122807016 860
1779084860353 1.9298245614035088 880
1779084865363 1.973684210526316 900
1779084870354 2.017543859649123 920
1779084875314 2.06140350877193 940
1779084880289 2.1052631578947367 960
1779084885540 2.1491228070175437 980
1779084890556 2.192982456140351 1000
1779084895884 2.192982456140351 1000
1779084901418 2.236842105263158 1020
1779084906405 2.280701754385965 1040
1779084911388 2.324561403508772 1060
1779084916372 2.3684210526315788 1080
1779084921365 2.412280701754386 1100
1779084926372 2.456140350877193 1120
1779084931370 2.5 1140
1779084936337 2.543859649122807 1160
1779084941356 2.587719298245614 1180
1779084946429 2.6315789473684212 1200
1779084951413 2.675438596491228 1220
1779084956442 2.719298245614035 1240
1779084964319 2.7412280701754383 1250
1779084967406 2.763157894736842 1260
1779084972379 2.807017543859649 1280
1779084977374 2.8508771929824563 1300
1779084982361 2.8947368421052633 1320
1779084987356 2.93859649122807 1340
1779084992334 2.982456140350877 1360
1779084997299 3.026315789473684 1380
1779085002311 3.0701754385964914 1400
1779085007284 3.1140350877192984 1420
1779085012276 3.1578947368421053 1440
1779085017580 3.2017543859649122 1460
1779085022593 3.245614035087719 1480
1779085027593 3.2894736842105265 1500
1779085032968 3.2894736842105265 1500
1779085038597 3.3333333333333335 1520
1779085043625 3.3771929824561404 1540
1779085048525 3.4210526315789473 1560
1779085053416 3.4649122807017543 1580
1779085058329 3.5087719298245617 1600
1779085063297 3.5526315789473686 1620
1779085068267 3.5964912280701755 1640
1779085073182 3.6403508771929824 1660
1779085078045 3.6842105263157894 1680
1779085082988 3.7280701754385968 1700
1779085087917 3.7719298245614032 1720
1779085092837 3.8157894736842106 1740
1779085100624 3.837719298245614 1750
1779085103551 3.8596491228070176 1760
1779085108431 3.9035087719298245 1780
1779085113338 3.9473684210526314 1800
1779085118303 3.9912280701754383 1820
1779085123213 4.035087719298246 1840
1779085128137 4.078947368421052 1860
1779085133069 4.12280701754386 1880
1779085138002 4.166666666666667 1900
1779085142494 4.2105263157894735 1920
1779085147280 4.254385964912281 1940
1779085152284 4.298245614035087 1960
1779085157275 4.342105263157895 1980
1779085162242 4.385964912280702 2000
1779085167567 4.385964912280702 2000
1779085173167 4.4298245614035086 2020
1779085178135 4.473684210526316 2040
1779085183135 4.517543859649123 2060
1779085188117 4.56140350877193 2080
1779085193090 4.605263157894737 2100
1779085198115 4.649122807017544 2120
1779085203136 4.692982456140351 2140
1779085208127 4.7368421052631575 2160
1779085213135 4.780701754385965 2180
1779085218132 4.824561403508772 2200
1779085223158 4.868421052631579 2220
1779085228204 4.912280701754386 2240
1779085236164 4.934210526315789 2250
1779085239255 4.956140350877193 2260
1779085244227 5.0 2280
1779085245249 5.0 2280
1779085250677 5.0 2280
1779085252268 5.0 2280
1779085254587 5.0 0
