1779084627892 2.9461829662323 20
1779084632913 0.8547546863555908 40
1779084637934 0.7755399346351624 60
1779084642949 2.8594629764556885 80
1779084647967 1.6843500137329102 100
1779084652949 1.1105698347091675 120
1779084657943 1.2128461599349976 140
1779084662908 1.9440388679504395 160
1779084667885 1.227987289428711 180
1779084672886 0.9292684197425842 200
1779084677939 1.6034364700317383 220
1779084682985 0.6226387023925781 240
1779084693896 1.8448138236999512 260
1779084698908 2.5995712280273438 280
1779084703937 0.5681936740875244 300
1779084708953 1.064772367477417 320
1779084713915 1.019034504890442 340
1779084718889 0.8807410001754761 360
1779084723847 1.0804898738861084 380
1779084728848 1.139083981513977 400
1779084733818 1.1960738897323608 420
1779084738835 1.0115830898284912 440
1779084743770 1.0278732776641846 460
1779084748765 1.6973052024841309 480
1779084753744 1.9105103015899658 500
1779084764792 0.6955136060714722 520
1779084769768 2.650941848754883 540
1779084774751 2.7589213848114014 560
1779084779722 2.2895474433898926 580
1779084784700 3.1097490787506104 600
1779084789658 2.8389787673950195 620
1779084794639 1.759381651878357 640
1779084799640 0.6794973015785217 660
1779084804631 0.6725596785545349 680
1779084809607 1.0227783918380737 700
1779084814598 0.8247519731521606 720
1779084819623 1.6908903121948242 740
1779084830253 1.1781647205352783 760
1779084835263 1.2495485544204712 780
1779084840276 0.9045215249061584 800
1779084845278 4.025367736816406 820
1779084850274 0.9841170907020569 840
1779084855308 0.6730703711509705 860
1779084860353 1.8643701076507568 880
1779084865363 2.8570473194122314 900
1779084870354 1.0782986879348755 920
1779084875314 1.8744169473648071 940
1779084880289 1.0852413177490234 960
1779084885540 2.5580105781555176 980
1779084890556 0.5892884135246277 1000
1779084901418 0.6000893115997314 1020
1779084906405 0.8470009565353394 1040
1779084911388 2.596013069152832 1060
1779084916372 1.191070556640625 1080
1779084921365 0.6334882378578186 1100
1779084926372 2.2708208560943604 1120
1779084931370 0.6261756420135498 1140
1779084936337 0.5442513823509216 1160
1779084941356 0.6325178146362305 1180
1779084946429 1.1514610052108765 1200
1779084951413 0.6323394179344177 1220
1779084956442 4.286509990692139 1240
1779084967406 2.4267985820770264 1260
1779084972379 1.5825172662734985 1280
1779084977374 0.9749431014060974 1300
1779084982361 1.6178193092346191 1320
1779084987356 1.4699063301086426 1340
1779084992334 0.6477716565132141 1360
1779084997299 1.1225703954696655 1380
1779085002311 1.0221377611160278 1400
1779085007284 1.5942455530166626 1420
1779085012276 0.7633709907531738 1440
1779085017580 1.6408215761184692 1460
1779085022593 3.025470495223999 1480
1779085027593 0.5580691695213318 1500
1779085038597 0.986082136631012 1520
1779085043625 2.709831714630127 1540
1779085048525 2.3620526790618896 1560
1779085053416 1.2474920749664307 1580
1779085058329 0.6815181374549866 1600
1779085063297 0.861197829246521 1620
1779085068267 0.6350883841514587 1640
1779085073182 1.9534485340118408 1660
1779085078045 0.7311583757400513 1680
1779085082988 1.0438591241836548 1700
1779085087917 0.7431520223617554 1720
1779085092837 1.2875508069992065 1740
1779085103551 1.6262078285217285 1760
1779085108431 0.9803735017776489 1780
1779085113338 1.3496226072311401 1800
1779085118303 0.7298051118850708 1820
1779085123213 1.2583268880844116 1840
1779085128137 0.9494792222976685 1860
1779085133069 0.7672962546348572 1880
1779085138002 0.7410706877708435 1900
1779085142494 1.699188470840454 1920
1779085147280 0.9385069608688354 1940
1779085152284 0.9879810810089111 1960
1779085157275 1.5973176956176758 1980
1779085162242 3.07881498336792 2000
1779085173167 0.9103977680206299 2020
1779085178135 2.047666072845459 2040
1779085183135 3.779310464859009 2060
1779085188117 0.6036816239356995 2080
1779085193090 0.8216543793678284 2100
1779085198115 0.9767359495162964 2120
1779085203136 2.966552972793579 2140
1779085208127 3.5423085689544678 2160
1779085213135 2.32991623878479 2180
1779085218132 1.7785249948501587 2200
1779085223158 0.7813112139701843 2220
1779085228204 2.3369312286376953 2240
1779085239255 1.4910826683044434 2260
1779085244227 3.824805974960327 2280
