1779084627892 1.1400000000000001e-05 20
1779084632913 2.3400000000000003e-05 40
1779084637934 2.9878923766816145e-05 60
1779084642949 2.960986547085202e-05 80
1779084647967 2.9340807174887893e-05 100
1779084652949 2.9071748878923768e-05 120
1779084657943 2.8802690582959642e-05 140
1779084662908 2.8533632286995516e-05 160
1779084667885 2.826457399103139e-05 180
1779084672886 2.7995515695067265e-05 200
1779084677939 2.772645739910314e-05 220
1779084682985 2.7457399103139014e-05 240
1779084693896 2.7188340807174888e-05 260
1779084698908 2.6919282511210763e-05 280
1779084703937 2.665022421524664e-05 300
1779084708953 2.638116591928251e-05 320
1779084713915 2.6112107623318386e-05 340
1779084718889 2.584304932735426e-05 360
1779084723847 2.5573991031390135e-05 380
1779084728848 2.5304932735426012e-05 400
1779084733818 2.5035874439461883e-05 420
1779084738835 2.4766816143497758e-05 440
1779084743770 2.4497757847533632e-05 460
1779084748765 2.422869955156951e-05 480
1779084753744 2.395964125560538e-05 500
1779084764792 2.3690582959641255e-05 520
1779084769768 2.342152466367713e-05 540
1779084774751 2.3152466367713007e-05 560
1779084779722 2.288340807174888e-05 580
1779084784700 2.2614349775784753e-05 600
1779084789658 2.2345291479820627e-05 620
1779084794639 2.20762331838565e-05 640
1779084799640 2.180717488789238e-05 660
1779084804631 2.1538116591928253e-05 680
1779084809607 2.1269058295964124e-05 700
1779084814598 2.1e-05 720
1779084819623 2.0730941704035877e-05 740
1779084830253 2.046188340807175e-05 760
1779084835263 2.0192825112107622e-05 780
1779084840276 1.9923766816143496e-05 800
1779084845278 1.9654708520179374e-05 820
1779084850274 1.938565022421525e-05 840
1779084855308 1.9116591928251123e-05 860
1779084860353 1.8847533632286994e-05 880
1779084865363 1.8578475336322868e-05 900
1779084870354 1.8309417040358746e-05 920
1779084875314 1.804035874439462e-05 940
1779084880289 1.7771300448430495e-05 960
1779084885540 1.7502242152466366e-05 980
1779084890556 1.7233183856502243e-05 1000
1779084901418 1.6964125560538118e-05 1020
1779084906405 1.6695067264573992e-05 1040
1779084911388 1.6426008968609863e-05 1060
1779084916372 1.615695067264574e-05 1080
1779084921365 1.5887892376681615e-05 1100
1779084926372 1.561883408071749e-05 1120
1779084931370 1.5349775784753364e-05 1140
1779084936337 1.508071748878924e-05 1160
1779084941356 1.4811659192825113e-05 1180
1779084946429 1.4542600896860987e-05 1200
1779084951413 1.427354260089686e-05 1220
1779084956442 1.4004484304932736e-05 1240
1779084967406 1.373542600896861e-05 1260
1779084972379 1.3466367713004485e-05 1280
1779084977374 1.3197309417040359e-05 1300
1779084982361 1.2928251121076233e-05 1320
1779084987356 1.2659192825112108e-05 1340
1779084992334 1.2390134529147982e-05 1360
1779084997299 1.2121076233183856e-05 1380
1779085002311 1.1852017937219733e-05 1400
1779085007284 1.1582959641255605e-05 1420
1779085012276 1.1313901345291481e-05 1440
1779085017580 1.1044843049327354e-05 1460
1779085022593 1.077578475336323e-05 1480
1779085027593 1.0506726457399103e-05 1500
1779085038597 1.0237668161434977e-05 1520
1779085043625 9.968609865470853e-06 1540
1779085048525 9.699551569506726e-06 1560
1779085053416 9.430493273542602e-06 1580
1779085058329 9.161434977578475e-06 1600
1779085063297 8.89237668161435e-06 1620
1779085068267 8.623318385650223e-06 1640
1779085073182 8.3542600896861e-06 1660
1779085078045 8.085201793721974e-06 1680
1779085082988 7.816143497757848e-06 1700
1779085087917 7.547085201793722e-06 1720
1779085092837 7.278026905829596e-06 1740
1779085103551 7.008968609865471e-06 1760
1779085108431 6.739910313901346e-06 1780
1779085113338 6.47085201793722e-06 1800
1779085118303 6.201793721973094e-06 1820
1779085123213 5.932735426008969e-06 1840
1779085128137 5.663677130044843e-06 1860
1779085133069 5.3946188340807175e-06 1880
1779085138002 5.125560538116593e-06 1900
1779085142494 4.856502242152467e-06 1920
1779085147280 4.587443946188341e-06 1940
1779085152284 4.318385650224215e-06 1960
1779085157275 4.049327354260089e-06 1980
1779085162242 3.780269058295964e-06 2000
1779085173167 3.5112107623318385e-06 2020
1779085178135 3.242152466367713e-06 2040
1779085183135 2.9730941704035873e-06 2060
1779085188117 2.704035874439462e-06 2080
1779085193090 2.4349775784753364e-06 2100
1779085198115 2.165919282511211e-06 2120
1779085203136 1.8968609865470854e-06 2140
1779085208127 1.6278026905829598e-06 2160
1779085213135 1.3587443946188341e-06 2180
1779085218132 1.0896860986547085e-06 2200
1779085223158 8.20627802690583e-07 2220
1779085228204 5.515695067264575e-07 2240
1779085239255 2.825112107623319e-07 2260
1779085244227 1.3452914798206278e-08 2280
