1779084627892 0.7091 20
1779084632913 0.6966 40
1779084637934 0.7018 60
1779084642949 0.7037 80
1779084647967 0.6987 100
1779084652949 0.7053 120
1779084657943 0.701 140
1779084662908 0.6983 160
1779084667885 0.6943 180
1779084672886 0.7031 200
1779084677939 0.6947 220
1779084682985 0.6983 240
1779084693896 0.6973 260
1779084698908 0.6987 280
1779084703937 0.6999 300
1779084708953 0.6982 320
1779084713915 0.6984 340
1779084718889 0.6965 360
1779084723847 0.696 380
1779084728848 0.6948 400
1779084733818 0.6965 420
1779084738835 0.6932 440
1779084743770 0.6958 460
1779084748765 0.6954 480
1779084753744 0.6995 500
1779084764792 0.699 520
1779084769768 0.6989 540
1779084774751 0.6963 560
1779084779722 0.7062 580
1779084784700 0.6996 600
1779084789658 0.6994 620
1779084794639 0.6955 640
1779084799640 0.6942 660
1779084804631 0.6991 680
1779084809607 0.6977 700
1779084814598 0.6957 720
1779084819623 0.7 740
1779084830253 0.693 760
1779084835263 0.699 780
1779084840276 0.7 800
1779084845278 0.6967 820
1779084850274 0.6962 840
1779084855308 0.7006 860
1779084860353 0.6983 880
1779084865363 0.6985 900
1779084870354 0.6973 920
1779084875314 0.7004 940
1779084880289 0.7043 960
1779084885540 0.6936 980
1779084890556 0.697 1000
1779084901418 0.6982 1020
1779084906405 0.6989 1040
1779084911388 0.6982 1060
1779084916372 0.6961 1080
1779084921365 0.6963 1100
1779084926372 0.7 1120
1779084931370 0.6979 1140
1779084936337 0.6953 1160
1779084941356 0.6962 1180
1779084946429 0.6986 1200
1779084951413 0.6983 1220
1779084956442 0.6941 1240
1779084967406 0.6968 1260
1779084972379 0.6975 1280
1779084977374 0.7001 1300
1779084982361 0.6969 1320
1779084987356 0.6976 1340
1779084992334 0.6988 1360
1779084997299 0.6978 1380
1779085002311 0.6964 1400
1779085007284 0.6971 1420
1779085012276 0.6948 1440
1779085017580 0.6959 1460
1779085022593 0.697 1480
1779085027593 0.6996 1500
1779085038597 0.6984 1520
1779085043625 0.6972 1540
1779085048525 0.6984 1560
1779085053416 0.6947 1580
1779085058329 0.6954 1600
1779085063297 0.701 1620
1779085068267 0.6993 1640
1779085073182 0.6983 1660
1779085078045 0.6938 1680
1779085082988 0.6987 1700
1779085087917 0.6964 1720
1779085092837 0.6937 1740
1779085103551 0.6982 1760
1779085108431 0.6972 1780
1779085113338 0.6968 1800
1779085118303 0.696 1820
1779085123213 0.6954 1840
1779085128137 0.6961 1860
1779085133069 0.6987 1880
1779085138002 0.6986 1900
1779085142494 0.6955 1920
1779085147280 0.6962 1940
1779085152284 0.6992 1960
1779085157275 0.6961 1980
1779085162242 0.6934 2000
1779085173167 0.6957 2020
1779085178135 0.6972 2040
1779085183135 0.6987 2060
1779085188117 0.6976 2080
1779085193090 0.699 2100
1779085198115 0.7006 2120
1779085203136 0.6961 2140
1779085208127 0.6937 2160
1779085213135 0.6956 2180
1779085218132 0.6981 2200
1779085223158 0.6915 2220
1779085228204 0.7011 2240
1779085239255 0.6973 2260
1779085244227 0.7007 2280
