1776098582219 0.7220577597618103 50
1776098595180 0.7183555960655212 100
1776098608164 0.7236456274986267 150
1776098621173 0.7225392460823059 200
1776098634207 0.7277653217315674 250
1776098647254 0.6048372983932495 300
1776098660330 0.5153721570968628 350
1776098673413 0.4973215162754059 400
1776098686527 0.308747261762619 450
1776098699661 0.23433919250965118 500
1776098712833 0.15384048223495483 550
1776098726023 0.22663471102714539 600
1776098739234 0.12661364674568176 650
1776098752463 0.20144832134246826 700
1776098775762 0.27988898754119873 750
1776098789019 0.3077659606933594 800
1776098802293 0.3584066331386566 850
1776098815593 0.29860013723373413 900
1776098828903 0.3268771469593048 950
1776098842206 0.5173454284667969 1000
1776098855513 0.47655224800109863 1050
1776098868824 0.4689342975616455 1100
1776098882151 0.4622059166431427 1150
1776098895489 1.4138734340667725 1200
1776098908837 0.6949178576469421 1250
1776098922183 0.6089094877243042 1300
1776098935533 0.5030587911605835 1350
1776098948885 0.555561363697052 1400
1776098962247 0.29741761088371277 1450
1776098985750 0.43695637583732605 1500
1776098999109 0.3311227560043335 1550
1776099012473 0.5827968120574951 1600
1776099025847 0.3645811676979065 1650
1776099039227 0.45873498916625977 1700
1776099052600 1.1886826753616333 1750
1776099065978 1.1172451972961426 1800
1776099079355 0.40010467171669006 1850
1776099092738 1.4416069984436035 1900
1776099106131 0.4479213356971741 1950
1776099119512 1.7978599071502686 2000
1776099132891 0.3346126973628998 2050
1776099146273 0.3862869143486023 2100
1776099159655 0.4300593137741089 2150
1776099173041 1.2603718042373657 2200
