1776098582219 0.4960966110229492 50
1776098595180 0.4787615203857422 100
1776098608164 0.4473075866699219 150
1776098621173 0.4079171752929687 200
1776098634207 0.3664292526245117 250
1776098647254 0.3285591506958008 300
1776098660330 0.29840463638305664 350
1776098673413 0.2771919059753418 400
1776098686527 0.2637132453918457 450
1776098699661 0.25632759094238283 500
1776098712833 0.2523199081420898 550
1776098726023 0.24983322143554687 600
1776098739234 0.2473975372314453 650
1776098752463 0.2434060287475586 700
1776098775762 0.23770938873291014 750
1776098789019 0.23166807174682616 800
1776098802293 0.22282989501953124 850
1776098815593 0.21520694732666015 900
1776098828903 0.20714885711669923 950
1776098842206 0.19860279083251953 1000
1776098855513 0.18675895690917968 1050
1776098868824 0.18178518295288085 1100
1776098882151 0.17584192276000976 1150
1776098895489 0.16391412734985353 1200
1776098908837 0.16059938430786133 1250
1776098922183 0.15511003494262696 1300
1776098935533 0.15075095176696776 1350
1776098948885 0.14467174530029298 1400
1776098962247 0.13996482849121095 1450
1776098985750 0.1407314968109131 1500
1776098999109 0.13342565536499024 1550
1776099012473 0.12652525901794434 1600
1776099025847 0.1304953956604004 1650
1776099039227 0.1239970588684082 1700
1776099052600 0.12487098693847656 1750
1776099065978 0.12111108779907226 1800
1776099079355 0.12563886642456054 1850
1776099092738 0.12389559745788574 1900
1776099106131 0.11603941917419433 1950
1776099119512 0.11990225791931153 2000
1776099132891 0.11775044441223144 2050
1776099146273 0.11883326530456544 2100
1776099159655 0.11990203857421874 2150
1776099173041 0.11972076416015626 2200
