1779351699038 0.02806032970887408 20
1779351707372 0.05612065941774816 40
1779351715705 0.08418098912662224 60
1779351724036 0.11224131883549632 80
1779351732373 0.14030164854437038 100
1779351740707 0.16836197825324448 120
1779351749043 0.19642230796211854 140
1779351757375 0.22448263767099264 160
1779351765830 0.2525429673798667 180
1779351774405 0.28060329708874077 200
1779351782987 0.3086636267976149 220
1779351791591 0.33672395650648895 240
1779351833365 0.350754121360926 250
1779351839520 0.364784286215363 260
1779351848000 0.3928446159242371 280
1779351856452 0.4209049456331112 300
1779351864919 0.44896527534198527 320
1779351873371 0.47702560505085934 340
1779351881864 0.5050859347597334 360
1779351890393 0.5331462644686075 380
1779351898882 0.5612065941774815 400
1779351907356 0.5892669238863557 420
1779351915765 0.6173272535952298 440
1779351924140 0.6453875833041038 460
1779351932523 0.6734479130129779 480
1779351941085 0.701508242721852 500
1779351978507 0.701508242721852 500
1779351988942 0.729568572430726 520
1779351997424 0.7576289021396001 540
1779352005899 0.7856892318484742 560
1779352014400 0.8137495615573483 580
1779352022935 0.8418098912662224 600
1779352031424 0.8698702209750965 620
1779352039958 0.8979305506839705 640
1779352048440 0.9259908803928446 660
1779352056898 0.9540512101017187 680
1779352065433 0.9821115398105927 700
1779352073880 1.0098211153981058 720
1779352082452 1.03788144510698 740
1779352123663 1.051911609961417 750
1779352130482 1.0659417748158542 760
1779352138948 1.0940021045247281 780
1779352147393 1.1220624342336023 800
1779352155808 1.1501227639424763 820
1779352164233 1.1781830936513504 840
1779352172680 1.2062434233602244 860
1779352181136 1.2343037530690986 880
1779352189569 1.2623640827779727 900
1779352198018 1.2904244124868467 920
1779352206434 1.3184847421957209 940
1779352214826 1.3465450719045948 960
1779352223226 1.374605401613469 980
1779352231656 1.402665731322343 1000
1779352268415 1.402665731322343 1000
1779352279534 1.4307260610312171 1020
1779352287934 1.4587863907400913 1040
1779352296360 1.4868467204489653 1060
1779352304802 1.5149070501578392 1080
1779352313201 1.5429673798667134 1100
1779352321602 1.5710277095755876 1120
1779352330041 1.5990880392844615 1140
1779352338488 1.6271483689933357 1160
1779352346945 1.6552086987022099 1180
1779352355382 1.6832690284110838 1200
1779352363818 1.7113293581199578 1220
1779352372253 1.739389687828832 1240
1779352413213 1.753419852683269 1250
1779352419997 1.7674500175377061 1260
1779352428425 1.79551034724658 1280
1779352436849 1.8235706769554543 1300
1779352445271 1.8516310066643284 1320
1779352453715 1.8796913363732024 1340
1779352462172 1.9077516660820764 1360
1779352470605 1.9358119957909505 1380
1779352479007 1.9638723254998247 1400
1779352487413 1.9919326552086987 1420
1779352495676 2.0196422307962116 1440
1779352504081 2.047702560505086 1460
1779352512486 2.07576289021396 1480
1779352520891 2.103823219922834 1500
1779352557601 2.103823219922834 1500
1779352568549 2.1318835496317083 1520
1779352576956 2.1599438793405823 1540
1779352585376 2.1880042090494563 1560
1779352593801 2.21606453875833 1580
1779352602218 2.2441248684672046 1600
1779352610630 2.2721851981760786 1620
1779352619075 2.3002455278849525 1640
1779352627576 2.328305857593827 1660
1779352636054 2.356366187302701 1680
1779352644483 2.384426517011575 1700
1779352652945 2.4124868467204488 1720
1779352661418 2.440547176429323 1740
1779352702558 2.45457734128376 1750
1779352709625 2.468607506138197 1760
1779352718099 2.496667835847071 1780
1779352726541 2.5247281655559455 1800
1779352735018 2.5527884952648194 1820
1779352743470 2.5808488249736934 1840
1779352751877 2.608909154682568 1860
1779352760310 2.6369694843914417 1880
1779352768745 2.6650298141003157 1900
1779352777220 2.6930901438091897 1920
1779352785681 2.7211504735180636 1940
1779352794095 2.749210803226938 1960
1779352802505 2.777271132935812 1980
1779352810931 2.805331462644686 2000
1779352847644 2.805331462644686 2000
1779352858594 2.8333917923535603 2020
1779352867007 2.8614521220624343 2040
1779352875448 2.889512451771308 2060
1779352883900 2.9175727814801826 2080
1779352892349 2.9456331111890566 2100
1779352900777 2.9736934408979305 2120
1779352909105 3.0014030164854435 2140
1779352917576 3.029463346194318 2160
1779352926041 3.057523675903192 2180
1779352934489 3.085584005612066 2200
1779352942901 3.11364433532094 2220
1779352951341 3.141704665029814 2240
1779352992604 3.155734829884251 2250
1779352999872 3.169764994738688 2260
1779353008298 3.197825324447562 2280
1779353016727 3.2258856541564365 2300
1779353025169 3.2539459838653104 2320
1779353033625 3.2820063135741844 2340
1779353042076 3.3100666432830588 2360
1779353050513 3.3381269729919327 2380
1779353058971 3.3661873027008067 2400
1779353067429 3.3942476324096806 2420
1779353075833 3.422307962118555 2440
1779353084240 3.450368291827429 2460
1779353092647 3.478428621536303 2480
1779353101052 3.506488951245177 2500
1779353137884 3.506488951245177 2500
1779353149043 3.5345492809540513 2520
1779353157471 3.5626096106629253 2540
1779353165834 3.590669940371799 2560
1779353174218 3.6187302700806736 2580
1779353182602 3.6467905997895476 2600
1779353190984 3.6748509294984215 2620
1779353199373 3.702911259207296 2640
1779353207773 3.73097158891617 2660
1779353216202 3.759031918625044 2680
1779353224630 3.7870922483339178 2700
1779353233055 3.8151525780427917 2720
1779353241554 3.843212907751666 2740
1779353282350 3.857243072606103 2750
1779353288737 3.87127323746054 2760
1779353297136 3.899333567169414 2780
1779353305547 3.9273938968782884 2800
1779353313956 3.9554542265871624 2820
1779353322378 3.9835145562960363 2840
1779353330651 4.01122413188355 2860
1779353339062 4.039284461592423 2880
1779353347483 4.067344791301298 2900
1779353355889 4.095405121010172 2920
1779353364296 4.123465450719046 2940
1779353372705 4.15152578042792 2960
1779353381150 4.179586110136794 2980
1779353389575 4.207646439845668 3000
1779353426262 4.207646439845668 3000
1779353437767 4.235706769554542 3020
1779353446192 4.263767099263417 3040
1779353454605 4.29182742897229 3060
1779353463011 4.319887758681165 3080
1779353471419 4.347948088390039 3100
1779353479879 4.3760084180989125 3120
1779353488355 4.404068747807787 3140
1779353496904 4.43212907751666 3160
1779353505403 4.460189407225535 3180
1779353513892 4.488249736934409 3200
1779353522321 4.516310066643283 3220
1779353530713 4.544370396352157 3240
1779353571604 4.558400561206594 3250
1779353577923 4.5724307260610315 3260
1779353586366 4.600491055769905 3280
1779353594817 4.628551385478779 3300
1779353603248 4.656611715187654 3320
1779353611673 4.684672044896527 3340
1779353620065 4.712732374605402 3360
1779353628467 4.740792704314275 3380
1779353636863 4.76885303402315 3400
1779353645299 4.796913363732024 3420
1779353653770 4.8249736934408975 3440
1779353662205 4.853034023149772 3460
1779353670690 4.881094352858646 3480
1779353679131 4.90915468256752 3500
1779353715828 4.90915468256752 3500
1779353727097 4.937215012276394 3520
1779353735527 4.965275341985269 3540
1779353743959 4.993335671694142 3560
1779353782599 5.0 3565
1779353784734 5.0 3565
1779353822905 5.0 3565
1779353868992 5.0 3565
1779353917822 5.0 0
