1779351699038 0.39463844895362854 20
1779351707372 1.0213978290557861 40
1779351715705 0.23139634728431702 60
1779351724036 0.21294370293617249 80
1779351732373 0.6031175255775452 100
1779351740707 0.5927144885063171 120
1779351749043 0.23979748785495758 140
1779351757375 1.378203272819519 160
1779351765830 0.22303134202957153 180
1779351774405 0.424177348613739 200
1779351782987 1.1278654336929321 220
1779351791591 0.9356572031974792 240
1779351839520 1.5375787019729614 260
1779351848000 0.370507150888443 280
1779351856452 0.13176800310611725 300
1779351864919 0.23272086679935455 320
1779351873371 0.15684573352336884 340
1779351881864 0.3390495479106903 360
1779351890393 0.266934871673584 380
1779351898882 0.744162917137146 400
1779351907356 0.3712843060493469 420
1779351915765 0.18538957834243774 440
1779351924140 0.48047176003456116 460
1779351932523 0.32072025537490845 480
1779351941085 0.8231874704360962 500
1779351988942 0.5000268816947937 520
1779351997424 0.7184721231460571 540
1779352005899 0.20801949501037598 560
1779352014400 0.6441321969032288 580
1779352022935 0.49726730585098267 600
1779352031424 0.5346827507019043 620
1779352039958 1.047579288482666 640
1779352048440 0.5138981342315674 660
1779352056898 0.6971967220306396 680
1779352065433 0.3354831039905548 700
1779352073880 0.49815383553504944 720
1779352082452 0.39516887068748474 740
1779352130482 0.34513387084007263 760
1779352138948 0.6428674459457397 780
1779352147393 0.4601619839668274 800
1779352155808 0.5415096879005432 820
1779352164233 1.0037742853164673 840
1779352172680 0.17988260090351105 860
1779352181136 0.18859171867370605 880
1779352189569 0.8494508266448975 900
1779352198018 0.29192885756492615 920
1779352206434 0.1873801350593567 940
1779352214826 0.15959151089191437 960
1779352223226 0.33580780029296875 980
1779352231656 0.2990800738334656 1000
1779352279534 0.8363575339317322 1020
1779352287934 0.3527800440788269 1040
1779352296360 0.24680279195308685 1060
1779352304802 0.6431515216827393 1080
1779352313201 0.371232271194458 1100
1779352321602 0.2782030999660492 1120
1779352330041 0.24306300282478333 1140
1779352338488 0.7462179064750671 1160
1779352346945 0.8967729210853577 1180
1779352355382 0.518580436706543 1200
1779352363818 0.20397013425827026 1220
1779352372253 0.396154522895813 1240
1779352419997 0.15815970301628113 1260
1779352428425 0.23929886519908905 1280
1779352436849 0.9848716855049133 1300
1779352445271 0.39328622817993164 1320
1779352453715 0.6135353446006775 1340
1779352462172 0.42453813552856445 1360
1779352470605 0.1780213713645935 1380
1779352479007 0.31377291679382324 1400
1779352487413 1.1900098323822021 1420
1779352495676 0.6478530168533325 1440
1779352504081 0.22442995011806488 1460
1779352512486 0.7971696257591248 1480
1779352520891 0.708428144454956 1500
1779352568549 0.17597240209579468 1520
1779352576956 0.815862238407135 1540
1779352585376 0.48181965947151184 1560
1779352593801 0.2502574026584625 1580
1779352602218 0.2597711682319641 1600
1779352610630 0.28776615858078003 1620
1779352619075 0.28974226117134094 1640
1779352627576 0.5736478567123413 1660
1779352636054 0.21840602159500122 1680
1779352644483 0.8077951669692993 1700
1779352652945 0.16765640676021576 1720
1779352661418 1.5614185333251953 1740
1779352709625 0.6368634104728699 1760
1779352718099 0.966986894607544 1780
1779352726541 0.39841723442077637 1800
1779352735018 0.6802024245262146 1820
1779352743470 0.6955230236053467 1840
1779352751877 0.15403218567371368 1860
1779352760310 0.3926686942577362 1880
1779352768745 0.4472784996032715 1900
1779352777220 0.7810651063919067 1920
1779352785681 0.5495878458023071 1940
1779352794095 0.49557602405548096 1960
1779352802505 0.1441536545753479 1980
1779352810931 0.25589245557785034 2000
1779352858594 0.31449365615844727 2020
1779352867007 0.43578657507896423 2040
1779352875448 0.6204649806022644 2060
1779352883900 0.4495316445827484 2080
1779352892349 0.297525554895401 2100
1779352900777 0.7646848559379578 2120
1779352909105 0.4156017601490021 2140
1779352917576 1.6894094944000244 2160
1779352926041 0.41681793332099915 2180
1779352934489 0.36632728576660156 2200
1779352942901 0.2765444219112396 2220
1779352951341 0.3315117061138153 2240
1779352999872 1.0015802383422852 2260
1779353008298 0.6383417248725891 2280
1779353016727 0.6998439431190491 2300
1779353025169 0.6213451623916626 2320
1779353033625 0.3256230652332306 2340
1779353042076 1.349741816520691 2360
1779353050513 0.2319311797618866 2380
1779353058971 0.60103839635849 2400
1779353067429 0.4240702688694 2420
1779353075833 0.4163484573364258 2440
1779353084240 0.3840528130531311 2460
1779353092647 0.5767311453819275 2480
1779353101052 0.87302565574646 2500
1779353149043 0.31071171164512634 2520
1779353157471 0.3246718943119049 2540
1779353165834 1.1377602815628052 2560
1779353174218 0.1739054024219513 2580
1779353182602 0.4200176000595093 2600
1779353190984 0.2951538860797882 2620
1779353199373 0.5917248129844666 2640
1779353207773 0.5739608407020569 2660
1779353216202 1.1469813585281372 2680
1779353224630 0.39509308338165283 2700
1779353233055 0.5124877095222473 2720
1779353241554 0.23096118867397308 2740
1779353288737 0.3662378489971161 2760
1779353297136 0.25428637862205505 2780
1779353305547 0.569689154624939 2800
1779353313956 0.6465153098106384 2820
1779353322378 0.33108606934547424 2840
1779353330651 0.39248204231262207 2860
1779353339062 0.3045509457588196 2880
1779353347483 0.5401274561882019 2900
1779353355889 0.9403437972068787 2920
1779353364296 0.6985985040664673 2940
1779353372705 0.8250474333763123 2960
1779353381150 0.3243963420391083 2980
1779353389575 1.1498686075210571 3000
1779353437767 1.0764789581298828 3020
1779353446192 0.44266360998153687 3040
1779353454605 0.22850129008293152 3060
1779353463011 0.20323322713375092 3080
1779353471419 0.10902751237154007 3100
1779353479879 0.7358842492103577 3120
1779353488355 0.2972559630870819 3140
1779353496904 0.3885219097137451 3160
1779353505403 0.2667231261730194 3180
1779353513892 0.5780205130577087 3200
1779353522321 1.1682722568511963 3220
1779353530713 0.1656605452299118 3240
1779353577923 0.212056964635849 3260
1779353586366 0.7657223343849182 3280
1779353594817 0.21043506264686584 3300
1779353603248 0.593714714050293 3320
1779353611673 0.18659807741641998 3340
1779353620065 0.3017534017562866 3360
1779353628467 0.7219549417495728 3380
1779353636863 0.7538872957229614 3400
1779353645299 0.626955509185791 3420
1779353653770 0.1699749082326889 3440
1779353662205 0.8086782097816467 3460
1779353670690 0.437852144241333 3480
1779353679131 0.7846152782440186 3500
1779353727097 0.19629187881946564 3520
1779353735527 0.23399242758750916 3540
1779353743959 0.16599513590335846 3560
