1779351699038 2.7763031005859373 20
1779351707372 2.77506103515625 40
1779351715705 2.7743011474609376 60
1779351724036 2.77149658203125 80
1779351732373 2.76943359375 100
1779351740707 2.7658782958984376 120
1779351749043 2.764581298828125 140
1779351757375 2.7636260986328125 160
1779351765830 2.7608795166015625 180
1779351774405 2.759002685546875 200
1779351782987 2.7581146240234373 220
1779351791591 2.7519989013671875 240
1779351839520 2.7565185546875 260
1779351848000 2.7547454833984375 280
1779351856452 2.75379638671875 300
1779351864919 2.7467254638671874 320
1779351873371 2.75196533203125 340
1779351881864 2.7482421875 360
1779351890393 2.7481414794921877 380
1779351898882 2.7449371337890627 400
1779351907356 2.746392822265625 420
1779351915765 2.73375244140625 440
1779351924140 2.7458282470703126 460
1779351932523 2.736688232421875 480
1779351941085 2.741986083984375 500
1779351988942 2.736505126953125 520
1779351997424 2.7298370361328126 540
1779352005899 2.740771484375 560
1779352014400 2.7345550537109373 580
1779352022935 2.7244873046875 600
1779352031424 2.71353759765625 620
1779352039958 2.7224609375 640
1779352048440 2.7181854248046875 660
1779352056898 2.71787109375 680
1779352065433 2.7268463134765626 700
1779352073880 2.6875356674194335 720
1779352082452 2.72086181640625 740
1779352130482 2.714129638671875 760
1779352138948 2.7101837158203126 780
1779352147393 2.7066802978515625 800
1779352155808 2.7146392822265626 820
1779352164233 2.7052978515625 840
1779352172680 2.727581787109375 860
1779352181136 2.7046234130859377 880
1779352189569 2.7125396728515625 900
1779352198018 2.7215927124023436 920
1779352206434 2.70400390625 940
1779352214826 2.71044921875 960
1779352223226 2.6980804443359374 980
1779352231656 2.717059326171875 1000
1779352279534 2.7027984619140626 1020
1779352287934 2.6930511474609373 1040
1779352296360 2.6927825927734377 1060
1779352304802 2.6939544677734375 1080
1779352313201 2.6985137939453123 1100
1779352321602 2.711628723144531 1120
1779352330041 2.707415771484375 1140
1779352338488 2.7038604736328127 1160
1779352346945 2.7239349365234373 1180
1779352355382 2.7022109985351563 1200
1779352363818 2.704731750488281 1220
1779352372253 2.676747131347656 1240
1779352419997 2.702764892578125 1260
1779352428425 2.6766036987304687 1280
1779352436849 2.674699401855469 1300
1779352445271 2.69873046875 1320
1779352453715 2.6940673828125 1340
1779352462172 2.68895263671875 1360
1779352470605 2.7066009521484373 1380
1779352479007 2.7076904296875 1400
1779352487413 2.6715087890625 1420
1779352495676 2.6544607162475584 1440
1779352504081 2.6872344970703126 1460
1779352512486 2.689588928222656 1480
1779352520891 2.690802001953125 1500
1779352568549 2.681378173828125 1520
1779352576956 2.6707748413085937 1540
1779352585376 2.679585266113281 1560
1779352593801 2.7053146362304688 1580
1779352602218 2.676188659667969 1600
1779352610630 2.687884521484375 1620
1779352619075 2.6748382568359377 1640
1779352627576 2.680613708496094 1660
1779352636054 2.6617507934570312 1680
1779352644483 2.668470764160156 1700
1779352652945 2.6943618774414064 1720
1779352661418 2.6801376342773438 1740
1779352709625 2.663557434082031 1760
1779352718099 2.669903564453125 1780
1779352726541 2.689219665527344 1800
1779352735018 2.670945739746094 1820
1779352743470 2.693310546875 1840
1779352751877 2.6680694580078126 1860
1779352760310 2.671186828613281 1880
1779352768745 2.6805267333984375 1900
1779352777220 2.66451416015625 1920
1779352785681 2.6669937133789063 1940
1779352794095 2.672283935546875 1960
1779352802505 2.6694244384765624 1980
1779352810931 2.6826416015625 2000
1779352858594 2.667852783203125 2020
1779352867007 2.6644622802734377 2040
1779352875448 2.6556961059570314 2060
1779352883900 2.6641387939453125 2080
1779352892349 2.65523681640625 2100
1779352900777 2.6641220092773437 2120
1779352909105 2.6482696533203125 2140
1779352917576 2.6661956787109373 2160
1779352926041 2.681773376464844 2180
1779352934489 2.6542572021484374 2200
1779352942901 2.6447723388671873 2220
1779352951341 2.668589782714844 2240
1779352999872 2.682383728027344 2260
1779353008298 2.6780792236328126 2280
1779353016727 2.6531448364257812 2300
1779353025169 2.6581130981445313 2320
1779353033625 2.656483459472656 2340
1779353042076 2.6867111206054686 2360
1779353050513 2.6622589111328123 2380
1779353058971 2.646870422363281 2400
1779353067429 2.6729202270507812 2420
1779353075833 2.6652542114257813 2440
1779353084240 2.6672332763671873 2460
1779353092647 2.649517822265625 2480
1779353101052 2.67998046875 2500
1779353149043 2.669081115722656 2520
1779353157471 2.655470275878906 2540
1779353165834 2.661701965332031 2560
1779353174218 2.644976806640625 2580
1779353182602 2.65018310546875 2600
1779353190984 2.6380828857421874 2620
1779353199373 2.673052978515625 2640
1779353207773 2.6514617919921877 2660
1779353216202 2.6620269775390626 2680
1779353224630 2.6367523193359377 2700
1779353233055 2.659037780761719 2720
1779353241554 2.6330810546875 2740
1779353288737 2.6546676635742186 2760
1779353297136 2.639631652832031 2780
1779353305547 2.670146179199219 2800
1779353313956 2.659010314941406 2820
1779353322378 2.654707336425781 2840
1779353330651 2.6008956909179686 2860
1779353339062 2.637528991699219 2880
1779353347483 2.6388519287109373 2900
1779353355889 2.6810577392578123 2920
1779353364296 2.6362686157226562 2940
1779353372705 2.6189483642578124 2960
1779353381150 2.644084167480469 2980
1779353389575 2.6406646728515626 3000
1779353437767 2.6521560668945314 3020
1779353446192 2.67015380859375 3040
1779353454605 2.6400299072265625 3060
1779353463011 2.6149307250976563 3080
1779353471419 2.6567596435546874 3100
1779353479879 2.6444976806640623 3120
1779353488355 2.679644775390625 3140
1779353496904 2.661112976074219 3160
1779353505403 2.6566009521484375 3180
1779353513892 2.661997985839844 3200
1779353522321 2.635121154785156 3220
1779353530713 2.6645553588867186 3240
1779353577923 2.664825439453125 3260
1779353586366 2.668878173828125 3280
1779353594817 2.628106689453125 3300
1779353603248 2.642903137207031 3320
1779353611673 2.6365432739257812 3340
1779353620065 2.6806625366210937 3360
1779353628467 2.6644607543945313 3380
1779353636863 2.6386505126953126 3400
1779353645299 2.665057373046875 3420
1779353653770 2.613446044921875 3440
1779353662205 2.673541259765625 3460
1779353670690 2.660078430175781 3480
1779353679131 2.6807571411132813 3500
1779353727097 2.6530410766601564 3520
1779353735527 2.6535873413085938 3540
1779353743959 2.664202880859375 3560
