1778760522448 0.37729549407958984 20
1778760522607 0.4795176088809967 40
1778760522765 0.3727115988731384 60
1778760522923 0.3372732400894165 80
1778760523082 0.3686680495738983 100
1778760523242 0.34167560935020447 120
1778760523401 0.31408995389938354 140
1778760523561 0.6513228416442871 160
1778760523720 0.39410340785980225 180
1778760523880 0.38787218928337097 200
1778760524039 0.691767156124115 220
1778760524199 0.5441347360610962 240
1778760526406 0.3926137387752533 260
1778760526566 0.3530089855194092 280
1778760526725 0.4212014377117157 300
1778760526885 0.4549056589603424 320
1778760527044 0.4381493330001831 340
1778760527203 0.30428746342658997 360
1778760527362 0.38119587302207947 380
1778760527524 0.366067498922348 400
1778760527683 0.3583402931690216 420
1778760527842 0.6355050802230835 440
1778760528000 0.4408150613307953 460
1778760528159 0.4800478518009186 480
1778760528316 0.3487302362918854 500
1778760530578 0.3695477843284607 520
1778760530737 0.3500552475452423 540
1778760530896 0.49306029081344604 560
1778760531055 0.3746427893638611 580
1778760531214 0.3386390209197998 600
1778760531374 0.35150161385536194 620
1778760531532 0.6011618971824646 640
1778760531691 0.34521931409835815 660
1778760531850 0.515295684337616 680
1778760532010 0.4448978304862976 700
1778760532169 0.4894026517868042 720
1778760532329 0.34931209683418274 740
1778760534584 0.46052318811416626 760
1778760534744 0.38649076223373413 780
1778760534904 0.31042400002479553 800
1778760535064 0.610077977180481 820
1778760535221 0.3827793300151825 840
1778760535379 0.6843538284301758 860
1778760535538 0.4686586856842041 880
1778760535697 0.43059924244880676 900
1778760535857 0.4351743757724762 920
1778760536016 0.39628884196281433 940
1778760536175 0.36489254236221313 960
1778760536335 0.5512001514434814 980
1778760536494 0.313482403755188 1000
1778760538749 0.42520320415496826 1020
1778760538909 0.4437933564186096 1040
1778760539068 0.44952690601348877 1060
1778760539227 0.6742382049560547 1080
1778760539385 0.867263674736023 1100
1778760539546 0.337497353553772 1120
1778760539706 0.40295007824897766 1140
1778760539866 0.9767684936523438 1160
1778760540026 0.40404587984085083 1180
1778760540185 0.5950825214385986 1200
1778760540344 0.3729763925075531 1220
1778760540503 0.4239811301231384 1240
1778760542756 0.4339072108268738 1260
1778760542916 0.3272661566734314 1280
1778760543076 0.3251505196094513 1300
1778760543234 0.4663134217262268 1320
1778760543394 0.47651317715644836 1340
1778760543553 0.3738221824169159 1360
1778760543712 0.648820161819458 1380
1778760543873 0.44269439578056335 1400
1778760544032 0.41825494170188904 1420
1778760544191 0.3474006652832031 1440
1778760544350 0.5259386301040649 1460
1778760544509 0.3706355094909668 1480
1778760544668 0.385105162858963 1500
1778760546927 0.5615675449371338 1520
1778760547086 0.6593216061592102 1540
1778760547246 0.33253195881843567 1560
1778760547405 0.383107453584671 1580
1778760547564 0.33590200543403625 1600
1778760547723 0.42212703824043274 1620
1778760547882 0.4157528579235077 1640
1778760548041 0.4222680628299713 1660
1778760548200 0.37821343541145325 1680
1778760548357 0.5098471641540527 1700
1778760548514 0.40539097785949707 1720
1778760548672 0.35552647709846497 1740
1778760550936 0.5616608262062073 1760
1778760551097 0.37122005224227905 1780
1778760551256 0.4523751735687256 1800
1778760551415 0.38523271679878235 1820
1778760551576 0.45886269211769104 1840
1778760551735 0.3280838131904602 1860
1778760551894 0.38810238242149353 1880
1778760552052 0.5245360136032104 1900
1778760552210 0.583427369594574 1920
1778760552371 0.3897131085395813 1940
1778760552530 0.33676326274871826 1960
1778760552688 0.5208051204681396 1980
1778760552845 0.3881503641605377 2000
1778760555096 0.31157076358795166 2020
1778760555256 0.3651730716228485 2040
1778760555415 0.360931396484375 2060
1778760555574 0.3420199155807495 2080
1778760555732 0.5856727957725525 2100
1778760555891 0.5786058902740479 2120
1778760556048 0.4384462237358093 2140
1778760556206 0.3290155827999115 2160
1778760556363 0.5613122582435608 2180
1778760556520 0.44497644901275635 2200
1778760556678 0.34627148509025574 2220
1778760556835 0.3712335228919983 2240
1778760559098 0.48565274477005005 2260
1778760559257 0.38025614619255066 2280
1778760559416 0.3948986232280731 2300
1778760559575 0.4407569169998169 2320
1778760559734 0.3291167616844177 2340
1778760559893 0.3378871977329254 2360
1778760560053 0.3740845322608948 2380
1778760560212 0.8460730314254761 2400
1778760560373 0.48157161474227905 2420
1778760560532 0.3810770809650421 2440
1778760560692 0.42249730229377747 2460
1778760560851 0.35145729780197144 2480
1778760561010 0.47745636105537415 2500
1778760563281 0.38979867100715637 2520
1778760563441 0.3314298689365387 2540
1778760563599 0.49537819623947144 2560
1778760563757 0.38486799597740173 2580
1778760563915 0.7002730369567871 2600
1778760564072 0.31808578968048096 2620
1778760564230 0.3497519791126251 2640
1778760564389 0.4272019565105438 2660
1778760564549 0.3707415461540222 2680
1778760564708 0.3877423405647278 2700
1778760564867 0.755321204662323 2720
1778760565028 0.5645619034767151 2740
1778760567230 0.3626573085784912 2760
1778760567389 0.4805273115634918 2780
1778760567546 0.649456262588501 2800
1778760567704 0.4836958944797516 2820
1778760567861 0.39832139015197754 2840
1778760568018 0.37112855911254883 2860
1778760568176 0.5225555896759033 2880
1778760568333 0.39389073848724365 2900
1778760568490 0.5641514658927917 2920
1778760568648 0.4506743252277374 2940
1778760568805 0.3969542682170868 2960
1778760568964 0.4540204107761383 2980
1778760569124 0.57936692237854 3000
1778760571366 0.5477997064590454 3020
1778760571526 0.38102445006370544 3040
1778760571685 0.5312967896461487 3060
1778760571844 0.6385191082954407 3080
1778760572004 0.3733406364917755 3100
1778760572162 0.33849185705184937 3120
1778760572321 0.4576549828052521 3140
1778760572482 0.3963460922241211 3160
1778760572641 0.3881271183490753 3180
1778760572800 0.4156726002693176 3200
1778760572960 0.3401434123516083 3220
1778760573118 0.34325599670410156 3240
1778760575368 0.5114824175834656 3260
1778760575528 0.3850773274898529 3280
1778760575689 0.5276658535003662 3300
1778760575848 0.4967535138130188 3320
1778760576006 0.31582900881767273 3340
1778760576165 0.39692214131355286 3360
1778760576325 0.43882834911346436 3380
1778760576483 0.45422089099884033 3400
1778760576642 0.5870545506477356 3420
1778760576800 0.4303949475288391 3440
1778760576957 0.36593174934387207 3460
1778760577114 0.4756960868835449 3480
1778760577271 0.36942461133003235 3500
1778760579577 0.5451356172561646 3520
1778760579738 0.316829115152359 3540
1778760579897 0.3974156975746155 3560
1778760580057 0.38944005966186523 3580
1778760580215 0.3326507806777954 3600
1778760580376 0.41595321893692017 3620
1778760580534 0.33504408597946167 3640
1778760580694 0.3967653214931488 3660
1778760580854 0.5310985445976257 3680
1778760581013 0.3776780962944031 3700
1778760581172 0.6307641863822937 3720
1778760581331 0.47903168201446533 3740
1778760583527 0.4438527226448059 3760
1778760583686 0.35463473200798035 3780
1778760583845 0.4090948700904846 3800
1778760584005 0.495624840259552 3820
1778760584164 0.3827250003814697 3840
1778760584325 0.6010311245918274 3860
1778760584483 0.3195892870426178 3880
1778760584642 0.39266249537467957 3900
1778760584800 0.49493393301963806 3920
1778760584959 0.3222047984600067 3940
1778760585117 0.7303212881088257 3960
1778760585276 0.36675938963890076 3980
1778760585434 0.5271967649459839 4000
1778760587751 0.4680171608924866 4020
1778760587910 0.3743443489074707 4040
1778760588069 0.41838347911834717 4060
1778760588229 0.4325283169746399 4080
1778760588388 0.35751646757125854 4100
1778760588547 0.4797656536102295 4120
1778760588706 0.35329708456993103 4140
1778760588865 0.38026243448257446 4160
1778760589024 0.5055179595947266 4180
1778760589183 0.33637505769729614 4200
1778760589342 0.4281986951828003 4220
1778760589503 0.41299542784690857 4240
1778760591705 0.31716811656951904 4260
1778760591865 0.3665843904018402 4280
1778760592024 0.5509292483329773 4300
1778760592182 0.38972920179367065 4320
1778760592342 0.498515784740448 4340
1778760592500 0.34807032346725464 4360
1778760592659 0.4118107855319977 4380
1778760592818 0.3417232632637024 4400
1778760592977 0.3985164761543274 4420
1778760593136 0.313704252243042 4440
1778760593295 0.32374313473701477 4460
1778760593454 0.5103000998497009 4480
1778760593612 0.37729132175445557 4500
1778760595870 0.36301642656326294 4520
1778760596030 0.4216216504573822 4540
