1778592572797 0.008888888888888889 20
1778592577886 0.017777777777777778 40
1778592583017 0.02666666666666667 60
1778592587956 0.035555555555555556 80
1778592592920 0.044444444444444446 100
1778592597915 0.05333333333333334 120
1778592602940 0.06222222222222222 140
1778592607952 0.07111111111111111 160
1778592612914 0.08 180
1778592617925 0.08888888888888889 200
1778592622945 0.09777777777777778 220
1778592627961 0.10666666666666667 240
1778592654476 0.1111111111111111 250
1778592677558 0.11555555555555555 260
1778592682585 0.12444444444444444 280
1778592687539 0.13333333333333333 300
1778592692579 0.14222222222222222 320
1778592697648 0.1511111111111111 340
1778592702696 0.16 360
1778592707781 0.1688888888888889 380
1778592712854 0.17777777777777778 400
1778592718049 0.18666666666666668 420
1778592723185 0.19555555555555557 440
1778592728323 0.20444444444444446 460
1778592733490 0.21333333333333335 480
1778592738596 0.2222222222222222 500
1778592759892 0.2222222222222222 500
1778592766864 0.2311111111111111 520
1778592771980 0.24 540
1778592779211 0.24888888888888888 560
1778592784371 0.2577777777777778 580
1778592789531 0.26666666666666666 600
1778592794606 0.27555555555555555 620
1778592799774 0.28444444444444444 640
1778592804987 0.29333333333333333 660
1778592810172 0.3022222222222222 680
1778592815314 0.3111111111111111 700
1778592820575 0.32 720
1778592825720 0.3288888888888889 740
1778592849857 0.3333333333333333 750
1778592854602 0.3377777777777778 760
1778592859827 0.3466666666666667 780
1778592865052 0.35555555555555557 800
1778592870434 0.36444444444444446 820
1778592875709 0.37333333333333335 840
1778592880896 0.38222222222222224 860
1778592886115 0.39111111111111113 880
1778592891364 0.4 900
1778592896607 0.4088888888888889 920
1778592901918 0.4177777777777778 940
1778592907147 0.4266666666666667 960
1778592912439 0.43555555555555553 980
1778592917708 0.4444444444444444 1000
1778592939281 0.4444444444444444 1000
1778592946642 0.4533333333333333 1020
1778592951723 0.4622222222222222 1040
1778592956964 0.4711111111111111 1060
1778592962224 0.48 1080
1778592967436 0.4888888888888889 1100
1778592972656 0.49777777777777776 1120
1778592977882 0.5066666666666667 1140
1778592983118 0.5155555555555555 1160
1778592988478 0.5244444444444445 1180
1778592993760 0.5333333333333333 1200
1778592999101 0.5422222222222223 1220
1778593004246 0.5511111111111111 1240
1778593028400 0.5555555555555556 1250
1778593033061 0.56 1260
1778593038314 0.5688888888888889 1280
1778593043553 0.5777777777777777 1300
1778593048618 0.5866666666666667 1320
1778593053798 0.5955555555555555 1340
1778593059030 0.6044444444444445 1360
1778593064228 0.6133333333333333 1380
1778593069429 0.6222222222222222 1400
1778593074706 0.6311111111111111 1420
1778593079845 0.64 1440
1778593085088 0.6488888888888888 1460
1778593090223 0.6577777777777778 1480
1778593095371 0.6666666666666666 1500
1778593117072 0.6666666666666666 1500
1778593124338 0.6755555555555556 1520
1778593129415 0.6844444444444444 1540
1778593134657 0.6933333333333334 1560
1778593139928 0.7022222222222222 1580
1778593145097 0.7111111111111111 1600
1778593150252 0.72 1620
1778593155453 0.7288888888888889 1640
1778593160672 0.7377777777777778 1660
1778593165904 0.7466666666666667 1680
1778593171121 0.7555555555555555 1700
1778593176257 0.7644444444444445 1720
1778593181386 0.7733333333333333 1740
1778593205912 0.7777777777777778 1750
1778593210636 0.7822222222222223 1760
1778593215936 0.7911111111111111 1780
1778593221165 0.8 1800
1778593226376 0.8088888888888889 1820
1778593231625 0.8177777777777778 1840
1778593236808 0.8266666666666667 1860
1778593242138 0.8355555555555556 1880
1778593247314 0.8444444444444444 1900
1778593252481 0.8533333333333334 1920
1778593257614 0.8622222222222222 1940
1778593262779 0.8711111111111111 1960
1778593267901 0.88 1980
1778593273023 0.8888888888888888 2000
1778593294827 0.8888888888888888 2000
1778593302144 0.8977777777777778 2020
1778593307356 0.9066666666666666 2040
1778593312521 0.9155555555555556 2060
1778593317628 0.9244444444444444 2080
1778593322843 0.9333333333333333 2100
1778593328129 0.9422222222222222 2120
1778593333328 0.9511111111111111 2140
1778593338551 0.96 2160
1778593343879 0.9688888888888889 2180
1778593349063 0.9777777777777777 2200
1778593354203 0.9866666666666667 2220
1778593359443 0.9955555555555555 2240
1778593383902 1.0 2250
1778593388581 1.0044444444444445 2260
1778593393669 1.0133333333333334 2280
1778593398873 1.0222222222222221 2300
1778593404007 1.031111111111111 2320
1778593409155 1.04 2340
1778593414348 1.048888888888889 2360
1778593419619 1.0577777777777777 2380
1778593424864 1.0666666666666667 2400
1778593430062 1.0755555555555556 2420
1778593435198 1.0844444444444445 2440
1778593440385 1.0933333333333333 2460
1778593445531 1.1022222222222222 2480
1778593450632 1.1111111111111112 2500
1778593472192 1.1111111111111112 2500
1778593479446 1.12 2520
1778593484596 1.1288888888888888 2540
1778593489822 1.1377777777777778 2560
1778593495015 1.1466666666666667 2580
1778593500116 1.1555555555555554 2600
1778593505279 1.1644444444444444 2620
1778593510504 1.1733333333333333 2640
1778593515674 1.1822222222222223 2660
1778593520826 1.1911111111111112 2680
1778593525995 1.2 2700
1778593531136 1.208888888888889 2720
1778593536361 1.2177777777777778 2740
1778593560568 1.2222222222222223 2750
1778593565232 1.2266666666666666 2760
1778593570425 1.2355555555555555 2780
1778593575608 1.2444444444444445 2800
1778593580680 1.2533333333333334 2820
1778593585884 1.2622222222222224 2840
1778593591077 1.271111111111111 2860
1778593596162 1.28 2880
1778593601283 1.2888888888888888 2900
1778593606473 1.2977777777777777 2920
1778593611472 1.3066666666666666 2940
1778593616665 1.3155555555555556 2960
1778593621881 1.3244444444444445 2980
1778593626944 1.3333333333333333 3000
1778593648528 1.3333333333333333 3000
1778593655739 1.3422222222222222 3020
1778593660898 1.3511111111111112 3040
1778593666061 1.3599999999999999 3060
1778593671241 1.3688888888888888 3080
1778593676473 1.3777777777777778 3100
1778593681711 1.3866666666666667 3120
1778593686890 1.3955555555555557 3140
1778593692089 1.4044444444444444 3160
1778593697250 1.4133333333333333 3180
1778593702441 1.4222222222222223 3200
1778593707564 1.431111111111111 3220
1778593712798 1.44 3240
1778593736930 1.4444444444444444 3250
1778593741597 1.448888888888889 3260
1778593746819 1.4577777777777778 3280
1778593752093 1.4666666666666668 3300
1778593757285 1.4755555555555555 3320
1778593762469 1.4844444444444445 3340
1778593767680 1.4933333333333334 3360
1778593772886 1.5022222222222221 3380
1778593778045 1.511111111111111 3400
1778593783254 1.52 3420
1778593788498 1.528888888888889 3440
1778593793706 1.537777777777778 3460
1778593798876 1.5466666666666666 3480
1778593803964 1.5555555555555556 3500
1778593825571 1.5555555555555556 3500
1778593832852 1.5644444444444443 3520
1778593838031 1.5733333333333333 3540
1778593843222 1.5822222222222222 3560
1778593848487 1.5911111111111111 3580
1778593853644 1.6 3600
1778593858904 1.608888888888889 3620
1778593864052 1.6177777777777778 3640
1778593869191 1.6266666666666667 3660
1778593874313 1.6355555555555554 3680
1778593879506 1.6444444444444444 3700
1778593884706 1.6533333333333333 3720
1778593889847 1.6622222222222223 3740
1778593914063 1.6666666666666665 3750
1778593918682 1.6711111111111112 3760
1778593923994 1.6800000000000002 3780
1778593929222 1.6888888888888889 3800
1778593934445 1.6977777777777778 3820
1778593939565 1.7066666666666666 3840
1778593944746 1.7155555555555555 3860
1778593949986 1.7244444444444444 3880
1778593955196 1.7333333333333334 3900
1778593960354 1.7422222222222223 3920
1778593965531 1.751111111111111 3940
1778593970749 1.76 3960
1778593975933 1.7688888888888887 3980
1778593981128 1.7777777777777777 4000
1778594002755 1.7777777777777777 4000
1778594009980 1.7866666666666666 4020
1778594015185 1.7955555555555556 4040
1778594020291 1.8044444444444445 4060
1778594025552 1.8133333333333335 4080
1778594030713 1.8222222222222222 4100
1778594035929 1.8311111111111111 4120
1778594041134 1.8399999999999999 4140
1778594046415 1.8488888888888888 4160
1778594051507 1.8577777777777778 4180
1778594056651 1.8666666666666667 4200
1778594061874 1.8755555555555556 4220
1778594067018 1.8844444444444446 4240
1778594091153 1.8888888888888888 4250
1778594095789 1.8933333333333333 4260
1778594100917 1.9022222222222223 4280
1778594105973 1.911111111111111 4300
1778594111088 1.92 4320
1778594116295 1.9288888888888889 4340
1778594121373 1.9377777777777778 4360
1778594126602 1.9466666666666668 4380
1778594131747 1.9555555555555557 4400
1778594136906 1.9644444444444444 4420
1778594142095 1.9733333333333334 4440
1778594147247 1.982222222222222 4460
1778594152318 1.991111111111111 4480
1778594157510 2.0 4500
1778594179069 2.0 4500
1778594186282 2.008888888888889 4520
1778594191532 2.017777777777778 4540
1778594196576 2.026666666666667 4560
1778594201762 2.0355555555555553 4580
1778594207031 2.0444444444444443 4600
1778594212246 2.0533333333333332 4620
1778594217348 2.062222222222222 4640
1778594222462 2.071111111111111 4660
1778594227737 2.08 4680
1778594232867 2.088888888888889 4700
1778594237945 2.097777777777778 4720
1778594243173 2.1066666666666665 4740
1778594267261 2.111111111111111 4750
1778594271940 2.1155555555555554 4760
1778594277191 2.1244444444444444 4780
1778594282265 2.1333333333333333 4800
1778594287430 2.1422222222222222 4820
1778594292594 2.151111111111111 4840
1778594297635 2.16 4860
1778594302795 2.168888888888889 4880
1778594307857 2.1777777777777776 4900
1778594313002 2.1866666666666665 4920
1778594318125 2.1955555555555555 4940
1778594323228 2.2044444444444444 4960
1778594328410 2.2133333333333334 4980
1778594333521 2.2222222222222223 5000
1778594355076 2.2222222222222223 5000
1778594362296 2.2311111111111113 5020
1778594367526 2.24 5040
1778594372736 2.2488888888888887 5060
1778594377911 2.2577777777777777 5080
1778594383051 2.2666666666666666 5100
1778594388175 2.2755555555555556 5120
1778594393343 2.2844444444444445 5140
1778594398491 2.2933333333333334 5160
1778594403623 2.3022222222222224 5180
1778594408806 2.311111111111111 5200
1778594413932 2.32 5220
1778594419159 2.328888888888889 5240
1778594443185 2.3333333333333335 5250
1778594447809 2.3377777777777777 5260
1778594452911 2.3466666666666667 5280
1778594458065 2.3555555555555556 5300
1778594463264 2.3644444444444446 5320
1778594468440 2.3733333333333335 5340
1778594473656 2.3822222222222225 5360
1778594478721 2.391111111111111 5380
1778594483836 2.4 5400
1778594488915 2.408888888888889 5420
1778594494082 2.417777777777778 5440
1778594499138 2.4266666666666667 5460
1778594504342 2.4355555555555557 5480
1778594509555 2.4444444444444446 5500
1778594531044 2.4444444444444446 5500
1778594538247 2.453333333333333 5520
1778594543375 2.462222222222222 5540
1778594548554 2.471111111111111 5560
1778594553824 2.48 5580
1778594559037 2.488888888888889 5600
1778594564243 2.497777777777778 5620
1778594569340 2.506666666666667 5640
1778594574412 2.5155555555555553 5660
1778594579476 2.5244444444444447 5680
1778594584602 2.533333333333333 5700
1778594589727 2.542222222222222 5720
1778594594883 2.551111111111111 5740
1778594618934 2.5555555555555554 5750
1778594623644 2.56 5760
1778594628758 2.568888888888889 5780
1778594633843 2.5777777777777775 5800
1778594638940 2.586666666666667 5820
1778594644027 2.5955555555555554 5840
1778594649192 2.6044444444444443 5860
1778594654306 2.6133333333333333 5880
1778594659427 2.6222222222222222 5900
1778594664587 2.631111111111111 5920
1778594669761 2.64 5940
1778594674866 2.648888888888889 5960
1778594680054 2.6577777777777776 5980
1778594685213 2.6666666666666665 6000
1778594706752 2.6666666666666665 6000
1778594713974 2.6755555555555555 6020
1778594719103 2.6844444444444444 6040
1778594724261 2.6933333333333334 6060
1778594729380 2.7022222222222223 6080
1778594734498 2.7111111111111112 6100
1778594739658 2.7199999999999998 6120
1778594744847 2.728888888888889 6140
1778594750029 2.7377777777777776 6160
1778594755186 2.7466666666666666 6180
1778594760349 2.7555555555555555 6200
1778594765532 2.7644444444444445 6220
1778594770668 2.7733333333333334 6240
1778594794791 2.7777777777777777 6250
1778594799482 2.7822222222222224 6260
1778594804621 2.7911111111111113 6280
1778594809737 2.8 6300
1778594814889 2.8088888888888888 6320
1778594819995 2.8177777777777777 6340
1778594825043 2.8266666666666667 6360
1778594830129 2.8355555555555556 6380
1778594835376 2.8444444444444446 6400
1778594840583 2.8533333333333335 6420
1778594845755 2.862222222222222 6440
1778594850924 2.871111111111111 6460
1778594856210 2.88 6480
1778594861483 2.888888888888889 6500
1778594883072 2.888888888888889 6500
1778594890415 2.897777777777778 6520
1778594895614 2.9066666666666667 6540
1778594900814 2.9155555555555557 6560
1778594906025 2.924444444444444 6580
1778594911284 2.9333333333333336 6600
1778594916434 2.942222222222222 6620
1778594921636 2.951111111111111 6640
1778594926836 2.96 6660
1778594932094 2.968888888888889 6680
1778594937286 2.977777777777778 6700
1778594942461 2.986666666666667 6720
1778594947704 2.9955555555555557 6740
1778594971839 3.0 6750
1778594976559 3.0044444444444443 6760
1778594981774 3.013333333333333 6780
1778594986984 3.022222222222222 6800
1778594992176 3.031111111111111 6820
1778594997371 3.04 6840
1778595002515 3.048888888888889 6860
1778595007737 3.057777777777778 6880
1778595012916 3.066666666666667 6900
1778595018157 3.0755555555555554 6920
1778595023362 3.0844444444444443 6940
1778595028567 3.0933333333333333 6960
1778595033781 3.102222222222222 6980
1778595039078 3.111111111111111 7000
1778595060584 3.111111111111111 7000
1778595068213 3.12 7020
1778595073361 3.128888888888889 7040
1778595078613 3.137777777777778 7060
1778595083832 3.1466666666666665 7080
1778595089054 3.1555555555555554 7100
1778595094233 3.1644444444444444 7120
1778595099326 3.1733333333333333 7140
1778595104592 3.1822222222222223 7160
1778595109754 3.1911111111111112 7180
1778595115037 3.2 7200
1778595120325 3.2088888888888887 7220
1778595125585 3.2177777777777776 7240
1778595149705 3.2222222222222223 7250
1778595154033 3.2266666666666666 7260
1778595159283 3.2355555555555555 7280
1778595164408 3.2444444444444445 7300
1778595169548 3.2533333333333334 7320
1778595174757 3.2622222222222224 7340
1778595179957 3.2711111111111113 7360
1778595185169 3.2800000000000002 7380
1778595190451 3.2888888888888888 7400
1778595195713 3.2977777777777777 7420
1778595200958 3.3066666666666666 7440
1778595206186 3.3155555555555556 7460
1778595211384 3.3244444444444445 7480
1778595216603 3.3333333333333335 7500
1778595238137 3.3333333333333335 7500
1778595245444 3.3422222222222224 7520
1778595250643 3.351111111111111 7540
1778595255796 3.36 7560
1778595260987 3.368888888888889 7580
1778595266292 3.3777777777777778 7600
1778595271546 3.3866666666666667 7620
1778595276859 3.3955555555555557 7640
1778595282045 3.4044444444444446 7660
1778595287209 3.413333333333333 7680
1778595292378 3.422222222222222 7700
1778595297615 3.431111111111111 7720
1778595302781 3.44 7740
1778595326865 3.4444444444444446 7750
1778595331651 3.448888888888889 7760
1778595336918 3.457777777777778 7780
1778595342152 3.466666666666667 7800
1778595347355 3.4755555555555557 7820
1778595352516 3.4844444444444447 7840
1778595357706 3.493333333333333 7860
1778595362892 3.502222222222222 7880
1778595368155 3.511111111111111 7900
1778595373343 3.52 7920
1778595378555 3.528888888888889 7940
1778595383766 3.537777777777778 7960
1778595388994 3.546666666666667 7980
1778595394213 3.5555555555555554 8000
1778595415817 3.5555555555555554 8000
1778595423099 3.5644444444444443 8020
1778595428349 3.5733333333333333 8040
1778595433527 3.582222222222222 8060
1778595438886 3.591111111111111 8080
1778595444115 3.6 8100
1778595449281 3.608888888888889 8120
1778595454503 3.6177777777777775 8140
1778595459724 3.626666666666667 8160
1778595464956 3.6355555555555554 8180
1778595470211 3.6444444444444444 8200
1778595475429 3.6533333333333333 8220
1778595480692 3.6622222222222223 8240
1778595504879 3.6666666666666665 8250
1778595509554 3.671111111111111 8260
1778595514909 3.68 8280
1778595520132 3.688888888888889 8300
1778595525396 3.6977777777777776 8320
1778595530548 3.7066666666666666 8340
1778595535791 3.7155555555555555 8360
1778595541032 3.7244444444444444 8380
1778595546118 3.7333333333333334 8400
1778595551260 3.7422222222222223 8420
1778595556428 3.7511111111111113 8440
1778595561634 3.76 8460
1778595566884 3.7688888888888887 8480
1778595572155 3.7777777777777777 8500
1778595593678 3.7777777777777777 8500
1778595601010 3.7866666666666666 8520
1778595606283 3.7955555555555556 8540
1778595611493 3.8044444444444445 8560
1778595616659 3.8133333333333335 8580
1778595621919 3.822222222222222 8600
1778595627191 3.8311111111111114 8620
1778595632362 3.84 8640
1778595637624 3.848888888888889 8660
1778595642783 3.8577777777777778 8680
1778595647938 3.8666666666666667 8700
1778595653138 3.8755555555555556 8720
1778595658372 3.8844444444444446 8740
1778595682520 3.888888888888889 8750
1778595687215 3.8933333333333335 8760
1778595692541 3.902222222222222 8780
1778595697746 3.911111111111111 8800
1778595702972 3.92 8820
1778595708118 3.928888888888889 8840
1778595713333 3.937777777777778 8860
1778595718522 3.9466666666666668 8880
1778595723814 3.9555555555555557 8900
1778595729034 3.964444444444444 8920
1778595734312 3.9733333333333336 8940
1778595739418 3.982222222222222 8960
1778595744581 3.991111111111111 8980
1778595749764 4.0 9000
1778595771346 4.0 9000
1778595778610 4.0088888888888885 9020
1778595783868 4.017777777777778 9040
1778595789127 4.026666666666666 9060
1778595794332 4.035555555555556 9080
1778595799553 4.044444444444444 9100
1778595804762 4.053333333333334 9120
1778595809929 4.062222222222222 9140
1778595815168 4.071111111111111 9160
1778595820412 4.08 9180
1778595825548 4.088888888888889 9200
1778595830824 4.097777777777778 9220
1778595836064 4.1066666666666665 9240
1778595860207 4.111111111111111 9250
1778595864824 4.115555555555556 9260
1778595870094 4.124444444444444 9280
1778595875299 4.133333333333334 9300
1778595880521 4.142222222222222 9320
1778595885767 4.151111111111111 9340
1778595891032 4.16 9360
1778595896262 4.168888888888889 9380
1778595901451 4.177777777777778 9400
1778595906671 4.1866666666666665 9420
1778595911851 4.195555555555556 9440
1778595917167 4.204444444444444 9460
1778595922387 4.213333333333333 9480
1778595927608 4.222222222222222 9500
1778595949154 4.222222222222222 9500
1778595956438 4.231111111111111 9520
1778595961726 4.24 9540
1778595966869 4.248888888888889 9560
1778595972026 4.257777777777778 9580
1778595977228 4.266666666666667 9600
1778595982480 4.275555555555556 9620
1778595987697 4.2844444444444445 9640
1778595992910 4.293333333333333 9660
1778595998227 4.302222222222222 9680
1778596003393 4.311111111111111 9700
1778596008665 4.32 9720
1778596013892 4.328888888888889 9740
1778596038082 4.333333333333333 9750
1778596042804 4.337777777777778 9760
1778596047992 4.346666666666667 9780
1778596053211 4.355555555555555 9800
1778596058401 4.364444444444445 9820
1778596063664 4.373333333333333 9840
1778596068802 4.3822222222222225 9860
1778596073915 4.391111111111111 9880
1778596079188 4.4 9900
1778596084424 4.408888888888889 9920
1778596089715 4.417777777777777 9940
1778596094930 4.426666666666667 9960
1778596100018 4.435555555555555 9980
1778596105310 4.444444444444445 10000
1778596126912 4.444444444444445 10000
1778596134246 4.453333333333333 10020
1778596139546 4.4622222222222225 10040
1778596144733 4.471111111111111 10060
1778596149915 4.48 10080
1778596155118 4.488888888888889 10100
1778596160344 4.497777777777777 10120
1778596165512 4.506666666666667 10140
1778596170768 4.515555555555555 10160
1778596175990 4.524444444444445 10180
1778596181166 4.533333333333333 10200
1778596186345 4.542222222222223 10220
1778596191529 4.551111111111111 10240
1778596215681 4.555555555555555 10250
1778596220322 4.5600000000000005 10260
1778596225522 4.568888888888889 10280
1778596230782 4.5777777777777775 10300
1778596236025 4.586666666666667 10320
1778596241257 4.595555555555555 10340
1778596246545 4.604444444444445 10360
1778596251749 4.613333333333333 10380
1778596256960 4.622222222222222 10400
1778596262193 4.631111111111111 10420
1778596267360 4.64 10440
1778596272708 4.648888888888889 10460
1778596277946 4.657777777777778 10480
1778596283076 4.666666666666667 10500
1778596304650 4.666666666666667 10500
1778596311934 4.6755555555555555 10520
1778596317197 4.684444444444445 10540
1778596322429 4.693333333333333 10560
1778596327721 4.702222222222222 10580
1778596332989 4.711111111111111 10600
1778596338181 4.72 10620
1778596343456 4.728888888888889 10640
1778596348667 4.737777777777778 10660
1778596353988 4.746666666666667 10680
1778596359200 4.7555555555555555 10700
1778596364494 4.764444444444445 10720
1778596369690 4.773333333333333 10740
1778596393845 4.777777777777778 10750
1778596398576 4.782222222222222 10760
1778596403862 4.791111111111111 10780
1778596409029 4.8 10800
1778596414186 4.808888888888889 10820
1778596419402 4.817777777777778 10840
1778596424650 4.826666666666666 10860
1778596429791 4.835555555555556 10880
1778596435076 4.844444444444444 10900
1778596440255 4.8533333333333335 10920
1778596445539 4.862222222222222 10940
1778596450705 4.871111111111111 10960
1778596455955 4.88 10980
1778596461272 4.888888888888889 11000
1778596482872 4.888888888888889 11000
1778596490206 4.897777777777778 11020
1778596495490 4.906666666666666 11040
1778596500691 4.915555555555556 11060
1778596505966 4.924444444444444 11080
1778596511113 4.933333333333334 11100
1778596516351 4.942222222222222 11120
1778596521435 4.9511111111111115 11140
1778596526745 4.96 11160
1778596531961 4.968888888888889 11180
1778596537230 4.977777777777778 11200
1778596542504 4.986666666666666 11220
1778596547662 4.995555555555556 11240
1778596571827 5.0 11250
1778596576483 5.004444444444444 11260
1778596581681 5.013333333333334 11280
1778596586894 5.022222222222222 11300
1778596592109 5.0311111111111115 11320
1778596597354 5.04 11340
1778596602703 5.0488888888888885 11360
1778596608002 5.057777777777778 11380
1778596613259 5.066666666666666 11400
1778596618491 5.075555555555556 11420
1778596623781 5.084444444444444 11440
1778596628924 5.093333333333334 11460
1778596634169 5.102222222222222 11480
1778596639349 5.111111111111111 11500
1778596660912 5.111111111111111 11500
1778596668210 5.12 11520
1778596673435 5.128888888888889 11540
1778596678626 5.137777777777778 11560
1778596683868 5.1466666666666665 11580
1778596689088 5.155555555555556 11600
1778596694340 5.164444444444444 11620
1778596699596 5.173333333333334 11640
1778596704879 5.182222222222222 11660
1778596710010 5.191111111111111 11680
1778596715188 5.2 11700
1778596720349 5.208888888888889 11720
1778596725466 5.217777777777778 11740
1778596749609 5.222222222222222 11750
1778596754348 5.226666666666667 11760
1778596759650 5.235555555555556 11780
1778596764808 5.2444444444444445 11800
1778596770011 5.253333333333333 11820
1778596775207 5.262222222222222 11840
1778596780343 5.271111111111111 11860
1778596785600 5.28 11880
1778596790808 5.288888888888889 11900
1778596796049 5.297777777777778 11920
1778596801268 5.306666666666667 11940
1778596806441 5.315555555555555 11960
1778596811751 5.3244444444444445 11980
1778596817008 5.333333333333333 12000
1778596838586 5.333333333333333 12000
1778596845827 5.342222222222222 12020
1778596851019 5.351111111111111 12040
1778596856214 5.36 12060
1778596861438 5.368888888888889 12080
1778596866690 5.377777777777778 12100
1778596871957 5.386666666666667 12120
1778596877225 5.395555555555555 12140
1778596882409 5.404444444444445 12160
1778596887669 5.413333333333333 12180
1778596892940 5.4222222222222225 12200
1778596898176 5.431111111111111 12220
1778596903394 5.44 12240
1778596927607 5.444444444444445 12250
1778596932381 5.448888888888889 12260
1778596937608 5.457777777777777 12280
1778596942844 5.466666666666667 12300
1778596948109 5.475555555555555 12320
1778596953385 5.484444444444445 12340
1778596958613 5.493333333333333 12360
1778596963943 5.502222222222223 12380
1778596969204 5.511111111111111 12400
1778596974489 5.52 12420
1778596980118 5.528888888888889 12440
1778596985437 5.5377777777777775 12460
1778596990781 5.546666666666667 12480
1778596996046 5.555555555555555 12500
1778597017590 5.555555555555555 12500
1778597024880 5.564444444444445 12520
1778597030110 5.573333333333333 12540
1778597035352 5.582222222222223 12560
1778597040643 5.591111111111111 12580
1778597045783 5.6 12600
1778597050959 5.608888888888889 12620
1778597056185 5.6177777777777775 12640
1778597061429 5.626666666666667 12660
1778597066678 5.635555555555555 12680
1778597071966 5.644444444444445 12700
1778597077142 5.653333333333333 12720
1778597082347 5.662222222222223 12740
1778597106482 5.666666666666667 12750
1778597111170 5.671111111111111 12760
1778597116324 5.68 12780
1778597121471 5.688888888888889 12800
1778597126713 5.697777777777778 12820
1778597131964 5.706666666666667 12840
1778597137245 5.7155555555555555 12860
1778597142482 5.724444444444444 12880
1778597147718 5.733333333333333 12900
1778597152986 5.742222222222222 12920
1778597158151 5.751111111111111 12940
1778597163320 5.76 12960
1778597168609 5.768888888888889 12980
1778597173793 5.777777777777778 13000
1778597195230 5.777777777777778 13000
1778597202590 5.786666666666667 13020
1778597207739 5.795555555555556 13040
1778597212888 5.804444444444444 13060
1778597218029 5.8133333333333335 13080
1778597223227 5.822222222222222 13100
1778597228522 5.831111111111111 13120
1778597233669 5.84 13140
1778597238802 5.848888888888889 13160
1778597244014 5.857777777777778 13180
1778597249218 5.866666666666667 13200
1778597254435 5.875555555555556 13220
1778597259638 5.884444444444444 13240
1778597283680 5.888888888888889 13250
1778597288449 5.8933333333333335 13260
1778597293666 5.902222222222222 13280
1778597298882 5.911111111111111 13300
1778597304111 5.92 13320
1778597309297 5.928888888888888 13340
1778597314443 5.937777777777778 13360
1778597319692 5.946666666666666 13380
1778597324958 5.955555555555556 13400
1778597330191 5.964444444444444 13420
1778597335417 5.973333333333334 13440
1778597340643 5.982222222222222 13460
1778597345876 5.9911111111111115 13480
1778597351098 6.0 13500
1778597372537 6.0 13500
1778597379964 6.0088888888888885 13520
1778597385162 6.017777777777778 13540
1778597390408 6.026666666666666 13560
1778597395618 6.035555555555556 13580
1778597400795 6.044444444444444 13600
1778597405946 6.053333333333334 13620
1778597411136 6.062222222222222 13640
1778597416327 6.071111111111111 13660
1778597421444 6.08 13680
1778597426648 6.088888888888889 13700
1778597431833 6.097777777777778 13720
1778597437108 6.1066666666666665 13740
1778597461152 6.111111111111111 13750
1778597465857 6.115555555555556 13760
1778597470961 6.124444444444444 13780
1778597476203 6.133333333333334 13800
1778597481377 6.142222222222222 13820
1778597486564 6.151111111111111 13840
1778597491756 6.16 13860
1778597496933 6.168888888888889 13880
1778597502025 6.177777777777778 13900
1778597507200 6.1866666666666665 13920
1778597512391 6.195555555555556 13940
1778597517515 6.204444444444444 13960
1778597522673 6.213333333333333 13980
1778597527824 6.222222222222222 14000
1778597549246 6.222222222222222 14000
1778597556435 6.231111111111111 14020
1778597561651 6.24 14040
1778597566757 6.248888888888889 14060
1778597571931 6.257777777777778 14080
1778597577034 6.266666666666667 14100
1778597582194 6.275555555555556 14120
1778597587350 6.2844444444444445 14140
1778597592487 6.293333333333333 14160
1778597597703 6.302222222222222 14180
1778597602813 6.311111111111111 14200
1778597607889 6.32 14220
1778597613035 6.328888888888889 14240
1778597637077 6.333333333333333 14250
1778597641705 6.337777777777778 14260
1778597646866 6.346666666666667 14280
1778597651951 6.355555555555555 14300
1778597657209 6.364444444444445 14320
1778597662309 6.373333333333333 14340
1778597667418 6.3822222222222225 14360
1778597672597 6.391111111111111 14380
1778597677734 6.4 14400
1778597682767 6.408888888888889 14420
1778597687965 6.417777777777777 14440
1778597693109 6.426666666666667 14460
1778597698300 6.435555555555555 14480
1778597703448 6.444444444444445 14500
1778597724902 6.444444444444445 14500
1778597732159 6.453333333333333 14520
1778597737319 6.4622222222222225 14540
1778597742436 6.471111111111111 14560
1778597747757 6.48 14580
1778597752969 6.488888888888889 14600
1778597758162 6.497777777777777 14620
1778597763407 6.506666666666667 14640
1778597768554 6.515555555555555 14660
1778597773715 6.524444444444445 14680
1778597778913 6.533333333333333 14700
1778597784075 6.542222222222223 14720
1778597789260 6.551111111111111 14740
1778597813270 6.555555555555555 14750
1778597817998 6.5600000000000005 14760
1778597823183 6.568888888888889 14780
1778597828294 6.5777777777777775 14800
1778597833470 6.586666666666667 14820
1778597838605 6.595555555555555 14840
1778597843845 6.604444444444445 14860
1778597848927 6.613333333333333 14880
1778597854056 6.622222222222222 14900
1778597859218 6.631111111111111 14920
1778597864403 6.64 14940
1778597869634 6.648888888888889 14960
1778597874784 6.657777777777778 14980
1778597880073 6.666666666666667 15000
1778597901545 6.666666666666667 15000
1778597908784 6.6755555555555555 15020
1778597913960 6.684444444444445 15040
1778597919103 6.693333333333333 15060
1778597924134 6.702222222222222 15080
1778597929301 6.711111111111111 15100
1778597934439 6.72 15120
1778597939646 6.728888888888889 15140
1778597944843 6.737777777777778 15160
1778597949935 6.746666666666667 15180
1778597955106 6.7555555555555555 15200
1778597960245 6.764444444444445 15220
1778597965459 6.773333333333333 15240
1778597989482 6.777777777777778 15250
1778597994133 6.782222222222222 15260
1778597999215 6.791111111111111 15280
1778598004414 6.8 15300
1778598009581 6.808888888888889 15320
1778598014839 6.817777777777778 15340
1778598019973 6.826666666666666 15360
1778598024980 6.835555555555556 15380
1778598030074 6.844444444444444 15400
1778598035276 6.8533333333333335 15420
1778598040459 6.862222222222222 15440
1778598045650 6.871111111111111 15460
1778598050742 6.88 15480
1778598055937 6.888888888888889 15500
1778598077404 6.888888888888889 15500
1778598084692 6.897777777777778 15520
1778598089909 6.906666666666666 15540
1778598095037 6.915555555555556 15560
1778598100240 6.924444444444444 15580
1778598105416 6.933333333333334 15600
1778598110580 6.942222222222222 15620
1778598115748 6.9511111111111115 15640
1778598120977 6.96 15660
1778598126190 6.968888888888889 15680
1778598131355 6.977777777777778 15700
1778598136586 6.986666666666666 15720
1778598141812 6.995555555555556 15740
1778598165927 7.0 15750
1778598170576 7.004444444444444 15760
1778598175702 7.013333333333334 15780
1778598180821 7.022222222222222 15800
1778598185888 7.0311111111111115 15820
1778598191098 7.04 15840
1778598196232 7.0488888888888885 15860
1778598201358 7.057777777777778 15880
1778598206455 7.066666666666666 15900
1778598211600 7.075555555555556 15920
1778598216682 7.084444444444444 15940
1778598221865 7.093333333333334 15960
1778598227048 7.102222222222222 15980
1778598232276 7.111111111111111 16000
1778598253734 7.111111111111111 16000
1778598261055 7.12 16020
1778598266199 7.128888888888889 16040
1778598271332 7.137777777777778 16060
1778598276438 7.1466666666666665 16080
1778598281628 7.155555555555556 16100
1778598286887 7.164444444444444 16120
1778598291976 7.173333333333334 16140
1778598297126 7.182222222222222 16160
1778598302283 7.191111111111111 16180
1778598307436 7.2 16200
1778598312625 7.208888888888889 16220
1778598317730 7.217777777777778 16240
1778598341814 7.222222222222222 16250
1778598346433 7.226666666666667 16260
1778598351620 7.235555555555556 16280
1778598356644 7.2444444444444445 16300
1778598361789 7.253333333333333 16320
1778598366945 7.262222222222222 16340
1778598372176 7.271111111111111 16360
1778598377286 7.28 16380
1778598382459 7.288888888888889 16400
1778598387675 7.297777777777778 16420
1778598392854 7.306666666666667 16440
1778598397991 7.315555555555555 16460
1778598403116 7.3244444444444445 16480
1778598408241 7.333333333333333 16500
1778598429705 7.333333333333333 16500
1778598436945 7.342222222222222 16520
1778598441958 7.351111111111111 16540
1778598447021 7.36 16560
1778598452205 7.368888888888889 16580
1778598457389 7.377777777777778 16600
1778598462512 7.386666666666667 16620
1778598467701 7.395555555555555 16640
1778598472778 7.404444444444445 16660
1778598478020 7.413333333333333 16680
1778598483225 7.4222222222222225 16700
1778598488346 7.431111111111111 16720
1778598493491 7.44 16740
1778598517417 7.444444444444445 16750
1778598522074 7.448888888888889 16760
1778598527207 7.457777777777777 16780
1778598532337 7.466666666666667 16800
1778598537478 7.475555555555555 16820
1778598542661 7.484444444444445 16840
1778598547865 7.493333333333333 16860
1778598552995 7.502222222222223 16880
1778598558092 7.511111111111111 16900
1778598563257 7.52 16920
1778598568308 7.528888888888889 16940
1778598573453 7.5377777777777775 16960
1778598578633 7.546666666666667 16980
1778598583802 7.555555555555555 17000
1778598605249 7.555555555555555 17000
1778598612581 7.564444444444445 17020
1778598617701 7.573333333333333 17040
1778598622882 7.582222222222223 17060
1778598628032 7.591111111111111 17080
1778598633274 7.6 17100
1778598638448 7.608888888888889 17120
1778598643627 7.6177777777777775 17140
1778598648828 7.626666666666667 17160
1778598654028 7.635555555555555 17180
1778598659236 7.644444444444445 17200
1778598664428 7.653333333333333 17220
1778598669549 7.662222222222223 17240
1778598693522 7.666666666666667 17250
1778598698306 7.671111111111111 17260
1778598703457 7.68 17280
1778598708570 7.688888888888889 17300
1778598713747 7.697777777777778 17320
1778598718908 7.706666666666667 17340
1778598724017 7.7155555555555555 17360
1778598729216 7.724444444444444 17380
1778598734344 7.733333333333333 17400
1778598739487 7.742222222222222 17420
1778598744719 7.751111111111111 17440
1778598749864 7.76 17460
1778598755047 7.768888888888889 17480
1778598760175 7.777777777777778 17500
1778598781643 7.777777777777778 17500
1778598788982 7.786666666666667 17520
1778598794178 7.795555555555556 17540
1778598799332 7.804444444444444 17560
1778598804520 7.8133333333333335 17580
1778598809689 7.822222222222222 17600
1778598814836 7.831111111111111 17620
1778598820043 7.84 17640
1778598825144 7.848888888888889 17660
1778598830364 7.857777777777778 17680
1778598835505 7.866666666666667 17700
1778598840689 7.875555555555556 17720
1778598845855 7.884444444444444 17740
1778598869955 7.888888888888889 17750
1778598874612 7.8933333333333335 17760
1778598879766 7.902222222222222 17780
1778598884846 7.911111111111111 17800
1778598889970 7.92 17820
1778598895114 7.928888888888888 17840
1778598900289 7.937777777777778 17860
1778598905460 7.946666666666666 17880
1778598910598 7.955555555555556 17900
1778598915714 7.964444444444444 17920
1778598920850 7.973333333333334 17940
1778598926042 7.982222222222222 17960
1778598931230 7.9911111111111115 17980
1778598936341 8.0 18000
1778598957841 8.0 18000
1778598965128 8.008888888888889 18020
1778598970278 8.017777777777777 18040
1778598975537 8.026666666666667 18060
1778598980682 8.035555555555556 18080
1778598985756 8.044444444444444 18100
1778598990876 8.053333333333333 18120
1778598996103 8.062222222222223 18140
1778599001306 8.071111111111112 18160
1778599006421 8.08 18180
1778599011649 8.088888888888889 18200
1778599016911 8.097777777777777 18220
1778599022155 8.106666666666667 18240
1778599046276 8.11111111111111 18250
1778599050930 8.115555555555556 18260
1778599056127 8.124444444444444 18280
1778599061275 8.133333333333333 18300
1778599066447 8.142222222222221 18320
1778599071619 8.151111111111112 18340
1778599076820 8.16 18360
1778599082034 8.168888888888889 18380
1778599087236 8.177777777777777 18400
1778599092361 8.186666666666667 18420
1778599097593 8.195555555555556 18440
1778599102769 8.204444444444444 18460
1778599107985 8.213333333333333 18480
1778599113183 8.222222222222221 18500
1778599134704 8.222222222222221 18500
1778599142026 8.231111111111112 18520
1778599147154 8.24 18540
1778599152286 8.248888888888889 18560
1778599157614 8.257777777777777 18580
1778599162778 8.266666666666667 18600
1778599167926 8.275555555555556 18620
1778599173136 8.284444444444444 18640
1778599178353 8.293333333333333 18660
1778599183573 8.302222222222222 18680
1778599188857 8.311111111111112 18700
1778599193971 8.32 18720
1778599199151 8.328888888888889 18740
1778599223176 8.333333333333334 18750
1778599227876 8.337777777777777 18760
1778599233046 8.346666666666668 18780
1778599238222 8.355555555555556 18800
1778599243467 8.364444444444445 18820
1778599248724 8.373333333333333 18840
1778599253963 8.382222222222222 18860
1778599259117 8.391111111111112 18880
1778599264267 8.4 18900
1778599269463 8.408888888888889 18920
1778599274696 8.417777777777777 18940
1778599279899 8.426666666666666 18960
1778599285125 8.435555555555556 18980
1778599290398 8.444444444444445 19000
1778599311916 8.444444444444445 19000
1778599319180 8.453333333333333 19020
1778599324256 8.462222222222222 19040
1778599329446 8.471111111111112 19060
1778599334586 8.48 19080
1778599339684 8.488888888888889 19100
1778599344873 8.497777777777777 19120
1778599350015 8.506666666666666 19140
1778599355216 8.515555555555556 19160
1778599360384 8.524444444444445 19180
1778599365455 8.533333333333333 19200
1778599370538 8.542222222222222 19220
1778599375683 8.551111111111112 19240
1778599399858 8.555555555555555 19250
1778599404573 8.56 19260
1778599409701 8.568888888888889 19280
1778602229297 8.577777777777778 19300
1778602234136 8.586666666666666 19320
1778602239086 8.595555555555556 19340
1778602244018 8.604444444444445 19360
1778602248994 8.613333333333333 19380
1778602253978 8.622222222222222 19400
1778602259005 8.63111111111111 19420
1778602263992 8.64 19440
1778602269106 8.648888888888889 19460
1778602274032 8.657777777777778 19480
1778602279009 8.666666666666666 19500
1778602299834 8.666666666666666 19500
1778602306975 8.675555555555556 19520
1778602311964 8.684444444444445 19540
1778602317014 8.693333333333333 19560
1778602321928 8.702222222222222 19580
1778602326983 8.71111111111111 19600
1778602331993 8.72 19620
1778602337065 8.72888888888889 19640
1778602342073 8.737777777777778 19660
1778602347228 8.746666666666666 19680
1778602352275 8.755555555555556 19700
1778602357360 8.764444444444445 19720
1778602362370 8.773333333333333 19740
1778602386003 8.777777777777779 19750
1778602390659 8.782222222222222 19760
1778602395796 8.79111111111111 19780
1778602400830 8.8 19800
1778602406025 8.80888888888889 19820
1778602411058 8.817777777777778 19840
1778602416174 8.826666666666666 19860
1778602421276 8.835555555555555 19880
1778602426494 8.844444444444445 19900
1778602431604 8.853333333333333 19920
1778602436607 8.862222222222222 19940
1778602441689 8.87111111111111 19960
1778602446790 8.88 19980
1778602451876 8.88888888888889 20000
1778602473174 8.88888888888889 20000
1778602480313 8.897777777777778 20020
1778602485465 8.906666666666666 20040
1778602490574 8.915555555555555 20060
1778602495649 8.924444444444445 20080
1778602500684 8.933333333333334 20100
1778602505901 8.942222222222222 20120
1778602511083 8.95111111111111 20140
1778602516213 8.96 20160
1778602521279 8.96888888888889 20180
1778602526458 8.977777777777778 20200
1778602531627 8.986666666666666 20220
1778602536733 8.995555555555555 20240
1778602560640 9.0 20250
1778602565359 9.004444444444445 20260
1778602570523 9.013333333333334 20280
1778602575638 9.022222222222222 20300
1778602580725 9.03111111111111 20320
1778602585835 9.04 20340
1778602590933 9.04888888888889 20360
1778602596116 9.057777777777778 20380
1778602601222 9.066666666666666 20400
1778602606388 9.075555555555555 20420
1778602611597 9.084444444444445 20440
1778602616727 9.093333333333334 20460
1778602621914 9.102222222222222 20480
1778602627078 9.11111111111111 20500
1778602648522 9.11111111111111 20500
1778602655821 9.12 20520
1778602660987 9.12888888888889 20540
1778602666024 9.137777777777778 20560
1778602671194 9.146666666666667 20580
1778602676352 9.155555555555555 20600
1778602681440 9.164444444444445 20620
1778602686611 9.173333333333334 20640
1778602691713 9.182222222222222 20660
1778602696921 9.19111111111111 20680
1778602702078 9.2 20700
1778602707140 9.20888888888889 20720
1778602712216 9.217777777777778 20740
1778602736228 9.222222222222221 20750
1778602740921 9.226666666666667 20760
1778602746080 9.235555555555555 20780
1778602751206 9.244444444444444 20800
1778602756306 9.253333333333334 20820
1778602761497 9.262222222222222 20840
1778602766774 9.27111111111111 20860
1778602771984 9.28 20880
1778602777154 9.28888888888889 20900
1778602782329 9.297777777777778 20920
1778602787541 9.306666666666667 20940
1778602792770 9.315555555555555 20960
1778602797925 9.324444444444444 20980
1778602803104 9.333333333333334 21000
1778602824552 9.333333333333334 21000
1778602831778 9.342222222222222 21020
1778602836995 9.351111111111111 21040
1778602842205 9.36 21060
1778602847291 9.36888888888889 21080
1778602852443 9.377777777777778 21100
1778602857570 9.386666666666667 21120
1778602862691 9.395555555555555 21140
1778602867820 9.404444444444444 21160
1778602873039 9.413333333333334 21180
1778602878247 9.422222222222222 21200
1778602883349 9.431111111111111 21220
1778602888510 9.44 21240
1778602912557 9.444444444444445 21250
1778602917160 9.448888888888888 21260
1778602922342 9.457777777777778 21280
1778602927477 9.466666666666667 21300
1778602932578 9.475555555555555 21320
1778602937771 9.484444444444444 21340
1778602943017 9.493333333333334 21360
1778602948281 9.502222222222223 21380
1778602953387 9.511111111111111 21400
1778602958541 9.52 21420
1778602963734 9.528888888888888 21440
1778602968847 9.537777777777778 21460
1778602973985 9.546666666666667 21480
1778602979203 9.555555555555555 21500
1778603000721 9.555555555555555 21500
1778603008084 9.564444444444444 21520
1778603013235 9.573333333333334 21540
1778603018518 9.582222222222223 21560
1778603023731 9.591111111111111 21580
1778603028926 9.6 21600
1778603034156 9.608888888888888 21620
1778603039353 9.617777777777778 21640
1778603044432 9.626666666666667 21660
1778603049599 9.635555555555555 21680
1778603054761 9.644444444444444 21700
1778603059915 9.653333333333332 21720
1778603065008 9.662222222222223 21740
1778603089113 9.666666666666666 21750
1778603093833 9.671111111111111 21760
1778603099116 9.68 21780
1778603104241 9.688888888888888 21800
1778603109363 9.697777777777778 21820
1778603114505 9.706666666666667 21840
1778603119599 9.715555555555556 21860
1778603124760 9.724444444444444 21880
1778603129834 9.733333333333333 21900
1778603135016 9.742222222222223 21920
1778603140158 9.751111111111111 21940
1778603145351 9.76 21960
1778603150572 9.768888888888888 21980
1778603155755 9.777777777777779 22000
1778603177237 9.777777777777779 22000
1778603184474 9.786666666666667 22020
1778603189567 9.795555555555556 22040
1778603194706 9.804444444444444 22060
1778603199856 9.813333333333333 22080
1778603205105 9.822222222222223 22100
1778603210306 9.831111111111111 22120
1778603215474 9.84 22140
1778603220603 9.848888888888888 22160
1778603225785 9.857777777777777 22180
1778603231010 9.866666666666667 22200
1778603236115 9.875555555555556 22220
1778603241285 9.884444444444444 22240
1778603265330 9.88888888888889 22250
1778603270095 9.893333333333333 22260
1778603275341 9.902222222222223 22280
1778603280461 9.911111111111111 22300
1778603285602 9.92 22320
1778603290781 9.928888888888888 22340
1778603295993 9.937777777777779 22360
1778603301179 9.946666666666667 22380
1778603306265 9.955555555555556 22400
1778603311475 9.964444444444444 22420
1778603316734 9.973333333333333 22440
1778603321877 9.982222222222223 22460
1778603327072 9.991111111111111 22480
1778603332174 10.0 22500
1778603353660 10.0 22500
1778603355813 10.0 22500
1778603377754 10.0 22500
1778603446866 10.0 22500
1778603454181 10.0 0
