1778592572797 5.2299604415893555 20
1778592577886 3.036323070526123 40
1778592583017 3.688275098800659 60
1778592587956 3.7440900802612305 80
1778592592920 1.9557700157165527 100
1778592597915 1.8950985670089722 120
1778592602940 1.45664381980896 140
1778592607952 2.0141947269439697 160
1778592612914 1.4265466928482056 180
1778592617925 2.210202932357788 200
1778592622945 1.2741858959197998 220
1778592627961 0.9108172655105591 240
1778592677558 1.9139161109924316 260
1778592682585 1.750502347946167 280
1778592687539 1.126138687133789 300
1778592692579 0.9180687069892883 320
1778592697648 0.9682743549346924 340
1778592702696 0.5414512753486633 360
1778592707781 0.8793346285820007 380
1778592712854 0.4364425837993622 400
1778592718049 1.331262230873108 420
1778592723185 0.4405665099620819 440
1778592728323 1.402518391609192 460
1778592733490 1.0446701049804688 480
1778592738596 1.0450429916381836 500
1778592766864 2.3324882984161377 520
1778592771980 0.7726017236709595 540
1778592779211 0.45333048701286316 560
1778592784371 7.6663994789123535 580
1778592789531 0.6212056875228882 600
1778592794606 1.796535849571228 620
1778592799774 1.5925440788269043 640
1778592804987 0.8722569346427917 660
1778592810172 1.8035775423049927 680
1778592815314 1.5997384786605835 700
1778592820575 0.4033629894256592 720
1778592825720 0.6447287201881409 740
1778592854602 0.5103601217269897 760
1778592859827 0.9042084813117981 780
1778592865052 0.502814769744873 800
1778592870434 0.36405354738235474 820
1778592875709 1.046411395072937 840
1778592880896 0.962168276309967 860
1778592886115 0.44340240955352783 880
1778592891364 1.8063427209854126 900
1778592896607 0.32904544472694397 920
1778592901918 0.9252000451087952 940
1778592907147 1.0857133865356445 960
1778592912439 0.8578166365623474 980
1778592917708 1.8156640529632568 1000
1778592946642 1.6542069911956787 1020
1778592951723 0.8396111726760864 1040
1778592956964 0.33219414949417114 1060
1778592962224 1.0556069612503052 1080
1778592967436 0.957248866558075 1100
1778592972656 1.230577826499939 1120
1778592977882 1.8408516645431519 1140
1778592983118 1.531890869140625 1160
1778592988478 3.219463586807251 1180
1778592993760 2.457995891571045 1200
1778592999101 2.7643468379974365 1220
1778593004246 1.2120779752731323 1240
1778593033061 1.2286338806152344 1260
1778593038314 1.4990932941436768 1280
1778593043553 2.2082831859588623 1300
1778593048618 1.6963210105895996 1320
1778593053798 0.738594651222229 1340
1778593059030 0.7446081042289734 1360
1778593064228 1.6335203647613525 1380
1778593069429 1.6892688274383545 1400
1778593074706 1.6045167446136475 1420
1778593079845 0.5970548987388611 1440
1778593085088 3.3069958686828613 1460
1778593090223 1.683582067489624 1480
1778593095371 0.8749281167984009 1500
1778593124338 1.4348539113998413 1520
1778593129415 1.6130911111831665 1540
1778593134657 0.7965760231018066 1560
1778593139928 3.15126371383667 1580
1778593145097 0.6145578622817993 1600
1778593150252 1.6081386804580688 1620
1778593155453 1.2967764139175415 1640
1778593160672 1.101473093032837 1660
1778593165904 0.71840500831604 1680
1778593171121 1.1487675905227661 1700
1778593176257 1.247278094291687 1720
1778593181386 0.6161798238754272 1740
1778593210636 0.5618433952331543 1760
1778593215936 0.5195605158805847 1780
1778593221165 0.5508506894111633 1800
1778593226376 0.9691447615623474 1820
1778593231625 0.7354883551597595 1840
1778593236808 1.6434826850891113 1860
1778593242138 1.6293504238128662 1880
1778593247314 0.46470722556114197 1900
1778593252481 1.2930351495742798 1920
1778593257614 1.2483038902282715 1940
1778593262779 1.432167887687683 1960
1778593267901 0.44814229011535645 1980
1778593273023 1.5077250003814697 2000
1778593302144 1.055959939956665 2020
1778593307356 0.9529072046279907 2040
1778593312521 1.8105307817459106 2060
1778593317628 0.8627211451530457 2080
1778593322843 0.7378232479095459 2100
1778593328129 0.8312710523605347 2120
1778593333328 0.8258107900619507 2140
1778593338551 0.8913894295692444 2160
1778593343879 0.7476521134376526 2180
1778593349063 2.914071559906006 2200
1778593354203 0.8649773001670837 2220
1778593359443 0.5202785134315491 2240
1778593388581 0.9717090725898743 2260
1778593393669 0.3842455744743347 2280
1778593398873 0.37853574752807617 2300
1778593404007 1.051985263824463 2320
1778593409155 1.1894769668579102 2340
1778593414348 0.867103636264801 2360
1778593419619 1.0704362392425537 2380
1778593424864 0.365369588136673 2400
1778593430062 2.01112961769104 2420
1778593435198 0.968790590763092 2440
1778593440385 0.8190487623214722 2460
1778593445531 0.8142886757850647 2480
1778593450632 0.4272571802139282 2500
1778593479446 1.9448766708374023 2520
1778593484596 0.9860544204711914 2540
1778593489822 0.9076939821243286 2560
1778593495015 0.9915125966072083 2580
1778593500116 1.0028818845748901 2600
1778593505279 1.9082008600234985 2620
1778593510504 2.011392593383789 2640
1778593515674 0.3578322231769562 2660
1778593520826 0.3372456133365631 2680
1778593525995 0.39121365547180176 2700
1778593531136 0.7560868263244629 2720
1778593536361 0.45485690236091614 2740
1778593565232 0.7085798382759094 2760
1778593570425 1.1873301267623901 2780
1778593575608 0.9316154718399048 2800
1778593580680 0.786238431930542 2820
1778593585884 0.34037116169929504 2840
1778593591077 0.9079048037528992 2860
1778593596162 1.738320231437683 2880
1778593601283 0.8367435336112976 2900
1778593606473 0.8779016733169556 2920
1778593611472 0.9975616335868835 2940
1778593616665 0.6968495845794678 2960
1778593621881 0.3455314338207245 2980
1778593626944 0.7612152099609375 3000
1778593655739 0.33848774433135986 3020
1778593660898 0.3497178852558136 3040
1778593666061 0.3462543487548828 3060
1778593671241 1.7160900831222534 3080
1778593676473 0.7115533351898193 3100
1778593681711 0.344328910112381 3120
1778593686890 1.4610992670059204 3140
1778593692089 1.4615700244903564 3160
1778593697250 0.956524133682251 3180
1778593702441 0.3342730402946472 3200
1778593707564 0.35366910696029663 3220
1778593712798 0.6618777513504028 3240
1778593741597 0.31653866171836853 3260
1778593746819 0.33627861738204956 3280
1778593752093 0.6710931062698364 3300
1778593757285 0.30486637353897095 3320
1778593762469 1.5121930837631226 3340
1778593767680 1.694779634475708 3360
1778593772886 0.8297698497772217 3380
1778593778045 0.2950381934642792 3400
1778593783254 0.2977019250392914 3420
1778593788498 0.9361076951026917 3440
1778593793706 0.2870067059993744 3460
1778593798876 0.28046107292175293 3480
1778593803964 0.7692760825157166 3500
1778593832852 0.2762347459793091 3520
1778593838031 0.9299569725990295 3540
1778593843222 0.8397546410560608 3560
1778593848487 0.8044690489768982 3580
1778593853644 0.828277051448822 3600
1778593858904 0.2895698547363281 3620
1778593864052 0.30766719579696655 3640
1778593869191 0.3106897175312042 3660
1778593874313 0.33715173602104187 3680
1778593879506 0.3510805666446686 3700
1778593884706 0.7421643137931824 3720
1778593889847 1.5403947830200195 3740
1778593918682 0.7694173455238342 3760
1778593923994 0.40837445855140686 3780
1778593929222 0.9414678812026978 3800
1778593934445 0.29560595750808716 3820
1778593939565 0.2591486871242523 3840
1778593944746 0.2619157135486603 3860
1778593949986 0.721552312374115 3880
1778593955196 0.6986443400382996 3900
1778593960354 0.6057527661323547 3920
1778593965531 1.3259352445602417 3940
1778593970749 0.6115018725395203 3960
1778593975933 0.3901970684528351 3980
1778593981128 0.5982909202575684 4000
1778594009980 0.6200488805770874 4020
1778594015185 0.3123852610588074 4040
1778594020291 0.2866867184638977 4060
1778594025552 0.9575093984603882 4080
1778594030713 0.960478663444519 4100
1778594035929 0.6978058815002441 4120
1778594041134 0.7812034487724304 4140
1778594046415 0.2938302755355835 4160
1778594051507 0.2672979533672333 4180
1778594056651 1.493378758430481 4200
1778594061874 0.6687549352645874 4220
1778594067018 1.54190993309021 4240
1778594095789 0.271907240152359 4260
1778594100917 0.32254576683044434 4280
1778594105973 0.8923615217208862 4300
1778594111088 0.6739473342895508 4320
1778594116295 0.31699028611183167 4340
1778594121373 1.3298566341400146 4360
1778594126602 1.0961018800735474 4380
1778594131747 0.6137943267822266 4400
1778594136906 0.6371117234230042 4420
1778594142095 1.5964761972427368 4440
1778594147247 0.31488117575645447 4460
1778594152318 0.2645842432975769 4480
1778594157510 1.3686825037002563 4500
1778594186282 0.24819257855415344 4520
1778594191532 1.3166290521621704 4540
1778594196576 0.6315690279006958 4560
1778594201762 0.3551647961139679 4580
1778594207031 0.3115423917770386 4600
1778594212246 0.2951599061489105 4620
1778594217348 0.25547102093696594 4640
1778594222462 0.24997563660144806 4660
1778594227737 1.4023686647415161 4680
1778594232867 0.7739177942276001 4700
1778594237945 0.7330880165100098 4720
1778594243173 0.6915597915649414 4740
1778594271940 0.2654742896556854 4760
1778594277191 0.2769617438316345 4780
1778594282265 1.3062719106674194 4800
1778594287430 0.30380329489707947 4820
1778594292594 0.6294502019882202 4840
1778594297635 0.6657030582427979 4860
1778594302795 0.27234432101249695 4880
1778594307857 0.7529289126396179 4900
1778594313002 0.2377030998468399 4920
1778594318125 0.663217306137085 4940
1778594323228 0.6383336186408997 4960
1778594328410 0.7717713117599487 4980
1778594333521 1.430662989616394 5000
1778594362296 0.2446732372045517 5020
1778594367526 0.23440533876419067 5040
1778594372736 0.6381164789199829 5060
1778594377911 1.2753976583480835 5080
1778594383051 1.4511115550994873 5100
1778594388175 0.23804323375225067 5120
1778594393343 1.3363393545150757 5140
1778594398491 0.6521965265274048 5160
1778594403623 0.6433780193328857 5180
1778594408806 0.649980366230011 5200
1778594413932 0.24859359860420227 5220
1778594419159 0.6305705904960632 5240
1778594447809 0.276778906583786 5260
1778594452911 0.5965021848678589 5280
1778594458065 0.2648034393787384 5300
1778594463264 0.2875436246395111 5320
1778594468440 1.300523281097412 5340
1778594473656 0.267866849899292 5360
1778594478721 1.3636995553970337 5380
1778594483836 0.2299625426530838 5400
1778594488915 0.29061275720596313 5420
1778594494082 0.6986649036407471 5440
1778594499138 0.7958603501319885 5460
1778594504342 0.7354409694671631 5480
1778594509555 0.6940509080886841 5500
1778594538247 0.2433440387248993 5520
1778594543375 0.7270617485046387 5540
1778594548554 0.27660542726516724 5560
1778594553824 0.25433993339538574 5580
1778594559037 1.2443894147872925 5600
1778594564243 0.24772727489471436 5620
1778594569340 0.6242546439170837 5640
1778594574412 1.2245434522628784 5660
1778594579476 0.32966649532318115 5680
1778594584602 0.310628205537796 5700
1778594589727 0.9250562787055969 5720
1778594594883 1.2436695098876953 5740
1778594623644 0.9109923839569092 5760
1778594628758 0.8466892242431641 5780
1778594633843 0.257402241230011 5800
1778594638940 0.8016776442527771 5820
1778594644027 0.31032267212867737 5840
1778594649192 0.8264175057411194 5860
1778594654306 0.6668841242790222 5880
1778594659427 0.695056140422821 5900
1778594664587 0.8394058346748352 5920
1778594669761 0.678005576133728 5940
1778594674866 0.6307516694068909 5960
1778594680054 0.6363928318023682 5980
1778594685213 1.5264474153518677 6000
1778594713974 0.2775820791721344 6020
1778594719103 0.8060546517372131 6040
1778594724261 0.8446055054664612 6060
1778594729380 0.3034031093120575 6080
1778594734498 0.6230631470680237 6100
1778594739658 0.2734118402004242 6120
1778594744847 0.600896954536438 6140
1778594750029 1.4132091999053955 6160
1778594755186 0.7925483584403992 6180
1778594760349 0.6132640242576599 6200
1778594765532 1.2485404014587402 6220
1778594770668 0.8180103898048401 6240
1778594799482 1.4111590385437012 6260
1778594804621 0.6707675457000732 6280
1778594809737 0.6551029086112976 6300
1778594814889 0.2426695078611374 6320
1778594819995 0.6181708574295044 6340
1778594825043 0.2654993236064911 6360
1778594830129 0.818656861782074 6380
1778594835376 0.769216775894165 6400
1778594840583 1.3136943578720093 6420
1778594845755 0.4167647659778595 6440
1778594850924 0.27997151017189026 6460
1778594856210 0.6834885478019714 6480
1778594861483 0.32227563858032227 6500
1778594890415 0.6408658623695374 6520
1778594895614 0.8946303129196167 6540
1778594900814 0.8634302616119385 6560
1778594906025 0.3231705129146576 6580
1778594911284 0.8057544231414795 6600
1778594916434 0.22382885217666626 6620
1778594921636 0.2500196695327759 6640
1778594926836 0.7924441695213318 6660
1778594932094 0.2663641571998596 6680
1778594937286 0.8234734535217285 6700
1778594942461 0.23395568132400513 6720
1778594947704 0.2622184753417969 6740
1778594976559 0.31760159134864807 6760
1778594981774 0.7570431232452393 6780
1778594986984 0.6827720999717712 6800
1778594992176 0.7315725684165955 6820
1778594997371 0.21935878694057465 6840
1778595002515 0.282415509223938 6860
1778595007737 0.29188767075538635 6880
1778595012916 0.8678773641586304 6900
1778595018157 0.8357630968093872 6920
1778595023362 0.25510555505752563 6940
1778595028567 0.7713428735733032 6960
1778595033781 0.3200373947620392 6980
1778595039078 0.7929994463920593 7000
1778595068213 1.5332283973693848 7020
1778595073361 1.4261449575424194 7040
1778595078613 0.6782751679420471 7060
1778595083832 0.803125262260437 7080
1778595089054 0.2746738791465759 7100
1778595094233 0.2505919635295868 7120
1778595099326 0.5901643633842468 7140
1778595104592 0.3108797073364258 7160
1778595109754 0.9027947187423706 7180
1778595115037 0.9240833520889282 7200
1778595120325 0.3525955080986023 7220
1778595125585 0.6241459846496582 7240
1778595154033 1.0255827903747559 7260
1778595159283 1.327866554260254 7280
1778595164408 0.22539375722408295 7300
1778595169548 0.23741509020328522 7320
1778595174757 0.33502379059791565 7340
1778595179957 0.23665878176689148 7360
1778595185169 0.25897449254989624 7380
1778595190451 0.620414674282074 7400
1778595195713 0.6164239048957825 7420
1778595200958 0.6531527638435364 7440
1778595206186 0.22679878771305084 7460
1778595211384 0.7253892421722412 7480
1778595216603 0.6771199107170105 7500
1778595245444 0.22738057374954224 7520
1778595250643 0.2254096120595932 7540
1778595255796 0.5779130458831787 7560
1778595260987 0.2885895371437073 7580
1778595266292 1.3272191286087036 7600
1778595271546 0.33886417746543884 7620
1778595276859 0.7677367925643921 7640
1778595282045 0.6649470925331116 7660
1778595287209 0.7706327438354492 7680
1778595292378 0.26870623230934143 7700
1778595297615 0.2726282775402069 7720
1778595302781 0.31298282742500305 7740
1778595331651 0.6002025008201599 7760
1778595336918 1.7897170782089233 7780
1778595342152 0.6259324550628662 7800
1778595347355 0.41660478711128235 7820
1778595352516 0.3056475520133972 7840
1778595357706 1.0075979232788086 7860
1778595362892 0.5865898132324219 7880
1778595368155 0.6371316909790039 7900
1778595373343 0.9153434038162231 7920
1778595378555 0.9440128207206726 7940
1778595383766 0.25483474135398865 7960
1778595388994 0.7996231913566589 7980
1778595394213 0.6508228778839111 8000
1778595423099 1.3100836277008057 8020
1778595428349 0.7532752752304077 8040
1778595433527 0.8606345653533936 8060
1778595438886 0.3072955906391144 8080
1778595444115 2.450662136077881 8100
1778595449281 2.7586727142333984 8120
1778595454503 0.6212610006332397 8140
1778595459724 0.2968481183052063 8160
1778595464956 0.45528772473335266 8180
1778595470211 0.23379771411418915 8200
1778595475429 1.4670602083206177 8220
1778595480692 0.3072623014450073 8240
1778595509554 0.27556416392326355 8260
1778595514909 0.6284455060958862 8280
1778595520132 0.25242939591407776 8300
1778595525396 0.237798273563385 8320
1778595530548 0.6154718995094299 8340
1778595535791 1.2669963836669922 8360
1778595541032 0.6231735944747925 8380
1778595546118 0.7368358969688416 8400
1778595551260 0.7759113311767578 8420
1778595556428 0.7774023413658142 8440
1778595561634 0.7268328666687012 8460
1778595566884 0.6599071025848389 8480
1778595572155 1.2894600629806519 8500
1778595601010 0.7399463057518005 8520
1778595606283 0.23859168589115143 8540
1778595611493 0.7868605256080627 8560
1778595616659 0.6193840503692627 8580
1778595621919 0.6421622037887573 8600
1778595627191 0.677855908870697 8620
1778595632362 0.6298598051071167 8640
1778595637624 0.22753344476222992 8660
1778595642783 0.6533178687095642 8680
1778595647938 0.5908393859863281 8700
1778595653138 1.202295184135437 8720
1778595658372 0.5822795629501343 8740
1778595687215 0.8243061304092407 8760
1778595692541 0.2824373245239258 8780
1778595697746 0.6651256084442139 8800
1778595702972 0.22933191061019897 8820
1778595708118 0.2585158348083496 8840
1778595713333 0.757213294506073 8860
1778595718522 0.7249897122383118 8880
1778595723814 0.5958712697029114 8900
1778595729034 0.28192296624183655 8920
1778595734312 0.23713010549545288 8940
1778595739418 0.7698307633399963 8960
1778595744581 1.3229422569274902 8980
1778595749764 0.20161408185958862 9000
1778595778610 0.7606976628303528 9020
1778595783868 0.804324746131897 9040
1778595789127 0.22644110023975372 9060
1778595794332 0.2485988289117813 9080
1778595799553 0.5720612406730652 9100
1778595804762 0.26321542263031006 9120
1778595809929 1.1964986324310303 9140
1778595815168 0.26222580671310425 9160
1778595820412 0.5474151968955994 9180
1778595825548 0.5428827404975891 9200
1778595830824 0.5383659601211548 9220
1778595836064 0.5122423768043518 9240
1778595864824 0.9121967554092407 9260
1778595870094 0.2638440430164337 9280
1778595875299 0.26093119382858276 9300
1778595880521 0.6089734435081482 9320
1778595885767 0.6459946632385254 9340
1778595891032 0.8003930449485779 9360
1778595896262 0.22602978348731995 9380
1778595901451 0.7526582479476929 9400
1778595906671 0.7856714129447937 9420
1778595911851 1.478898525238037 9440
1778595917167 1.396079659461975 9460
1778595922387 0.6368589997291565 9480
1778595927608 0.8524492979049683 9500
1778595956438 0.226674884557724 9520
1778595961726 0.32056474685668945 9540
1778595966869 0.569242537021637 9560
1778595972026 0.5920487642288208 9580
1778595977228 0.29896628856658936 9600
1778595982480 0.5687627196311951 9620
1778595987697 0.24525782465934753 9640
1778595992910 0.8027551174163818 9660
1778595998227 0.23664811253547668 9680
1778596003393 1.303120493888855 9700
1778596008665 0.6313576102256775 9720
1778596013892 0.25411999225616455 9740
1778596042804 0.6095153093338013 9760
1778596047992 0.8101193904876709 9780
1778596053211 0.7763684391975403 9800
1778596058401 0.6671594977378845 9820
1778596063664 0.22961625456809998 9840
1778596068802 0.24411040544509888 9860
1778596073915 0.7516963481903076 9880
1778596079188 0.2836143672466278 9900
1778596084424 0.7446644306182861 9920
1778596089715 0.23555950820446014 9940
1778596094930 0.2855874300003052 9960
1778596100018 0.7794826030731201 9980
1778596105310 1.2995214462280273 10000
1778596134246 0.7925596833229065 10020
1778596139546 0.20382322371006012 10040
1778596144733 1.2839704751968384 10060
1778596149915 0.8144721388816833 10080
1778596155118 0.2599063813686371 10100
1778596160344 0.6225788593292236 10120
1778596165512 0.20634746551513672 10140
1778596170768 0.7733606696128845 10160
1778596175990 0.7600510120391846 10180
1778596181166 0.21619509160518646 10200
1778596186345 0.6824517846107483 10220
1778596191529 0.2778150141239166 10240
1778596220322 0.664694607257843 10260
1778596225522 0.2259994000196457 10280
1778596230782 0.6342266201972961 10300
1778596236025 0.2688603401184082 10320
1778596241257 0.8110213279724121 10340
1778596246545 0.24061362445354462 10360
1778596251749 1.2912564277648926 10380
1778596256960 0.6405475735664368 10400
1778596262193 0.2146139144897461 10420
1778596267360 0.24491259455680847 10440
1778596272708 0.2779507339000702 10460
1778596277946 0.8158086538314819 10480
1778596283076 0.588472843170166 10500
1778596311934 0.7990458607673645 10520
1778596317197 0.7761431336402893 10540
1778596322429 0.2945297360420227 10560
1778596327721 0.6542585492134094 10580
1778596332989 0.23298346996307373 10600
1778596338181 0.21935969591140747 10620
1778596343456 1.3328473567962646 10640
1778596348667 0.7522924542427063 10660
1778596353988 0.679038941860199 10680
1778596359200 0.24245429039001465 10700
1778596364494 0.22373220324516296 10720
1778596369690 0.2418462187051773 10740
1778596398576 0.673728883266449 10760
1778596403862 0.20910215377807617 10780
1778596409029 0.6944963932037354 10800
1778596414186 0.6944027543067932 10820
1778596419402 0.6339643597602844 10840
1778596424650 0.6550771594047546 10860
1778596429791 0.35314974188804626 10880
1778596435076 0.22163906693458557 10900
1778596440255 1.3050106763839722 10920
1778596445539 0.6826130747795105 10940
1778596450705 0.7573325037956238 10960
1778596455955 0.22904545068740845 10980
1778596461272 0.22734196484088898 11000
1778596490206 0.6310368180274963 11020
1778596495490 0.24981656670570374 11040
1778596500691 0.6036885380744934 11060
1778596505966 1.1823570728302002 11080
1778596511113 0.24362072348594666 11100
1778596516351 0.2168666571378708 11120
1778596521435 0.2148607224225998 11140
1778596526745 0.2155246138572693 11160
1778596531961 0.18856941163539886 11180
1778596537230 0.20212934911251068 11200
1778596542504 0.2589748203754425 11220
1778596547662 0.20151375234127045 11240
1778596576483 0.5927693843841553 11260
1778596581681 0.2024455964565277 11280
1778596586894 0.20208224654197693 11300
1778596592109 0.6701971292495728 11320
1778596597354 0.24234738945960999 11340
1778596602703 0.19775855541229248 11360
1778596608002 0.7014549970626831 11380
1778596613259 0.7318944334983826 11400
1778596618491 0.6813499331474304 11420
1778596623781 0.660925030708313 11440
1778596628924 0.21452336013317108 11460
1778596634169 0.18286359310150146 11480
1778596639349 0.19093261659145355 11500
1778596668210 0.6595891118049622 11520
1778596673435 0.3292883336544037 11540
1778596678626 0.6718648672103882 11560
1778596683868 0.6905640959739685 11580
1778596689088 0.7437316179275513 11600
1778596694340 0.21284270286560059 11620
1778596699596 0.5878631472587585 11640
1778596704879 0.7121670842170715 11660
1778596710010 0.5691746473312378 11680
1778596715188 1.2781883478164673 11700
1778596720349 0.6907446384429932 11720
1778596725466 0.22116485238075256 11740
1778596754348 0.2627936601638794 11760
1778596759650 0.21702642738819122 11780
1778596764808 0.548633337020874 11800
1778596770011 0.6821137070655823 11820
1778596775207 0.5899611115455627 11840
1778596780343 0.20717932283878326 11860
1778596785600 0.19716863334178925 11880
1778596790808 0.6585642695426941 11900
1778596796049 1.152685284614563 11920
1778596801268 0.5725967884063721 11940
1778596806441 0.20938535034656525 11960
1778596811751 0.22054441273212433 11980
1778596817008 0.23483717441558838 12000
1778596845827 0.22891077399253845 12020
1778596851019 0.7305542826652527 12040
1778596856214 1.1590461730957031 12060
1778596861438 0.1973959505558014 12080
1778596866690 0.20939373970031738 12100
1778596871957 0.5853099226951599 12120
1778596877225 0.586727499961853 12140
1778596882409 0.2257661521434784 12160
1778596887669 0.2043612152338028 12180
1778596892940 0.29044389724731445 12200
1778596898176 0.6064502596855164 12220
1778596903394 0.21631364524364471 12240
1778596932381 0.6091668009757996 12260
1778596937608 0.5582227110862732 12280
1778596942844 0.2070360779762268 12300
1778596948109 0.5654026865959167 12320
1778596953385 0.5744701623916626 12340
1778596958613 0.7705922722816467 12360
1778596963943 0.5787783861160278 12380
1778596969204 0.719353199005127 12400
1778596974489 0.26877981424331665 12420
1778596980118 0.7467759847640991 12440
1778596985437 0.5724136829376221 12460
1778596990781 0.2165694534778595 12480
1778596996046 0.21845218539237976 12500
1778597024880 0.566895604133606 12520
1778597030110 0.5654253363609314 12540
1778597035352 0.2335571050643921 12560
1778597040643 0.7068082094192505 12580
1778597045783 0.5682998299598694 12600
1778597050959 0.26077136397361755 12620
1778597056185 0.7189505100250244 12640
1778597061429 0.2166505753993988 12660
1778597066678 0.5521193146705627 12680
1778597071966 0.2857961654663086 12700
1778597077142 1.1683522462844849 12720
1778597082347 0.5670636296272278 12740
1778597111170 0.5403842926025391 12760
1778597116324 1.3927440643310547 12780
1778597121471 0.23697681725025177 12800
1778597126713 0.5568056106567383 12820
1778597131964 0.5447877645492554 12840
1778597137245 0.21021400392055511 12860
1778597142482 1.3350666761398315 12880
1778597147718 0.7259103655815125 12900
1778597152986 0.22735220193862915 12920
1778597158151 0.5722403526306152 12940
1778597163320 0.5463879704475403 12960
1778597168609 0.20846068859100342 12980
1778597173793 0.7271616458892822 13000
1778597202590 0.6832119822502136 13020
1778597207739 0.21506275236606598 13040
1778597212888 0.19039584696292877 13060
1778597218029 0.6432004570960999 13080
1778597223227 0.6031938791275024 13100
1778597228522 0.6043226718902588 13120
1778597233669 0.5858574509620667 13140
1778597238802 0.18952231109142303 13160
1778597244014 0.677681028842926 13180
1778597249218 0.18213346600532532 13200
1778597254435 1.245353102684021 13220
1778597259638 0.19683103263378143 13240
1778597288449 0.5699259042739868 13260
1778597293666 0.1945970058441162 13280
1778597298882 0.19081151485443115 13300
1778597304111 0.5404472351074219 13320
1778597309297 0.2283344715833664 13340
1778597314443 0.7290929555892944 13360
1778597319692 1.1309279203414917 13380
1778597324958 0.6971662640571594 13400
1778597330191 1.1222689151763916 13420
1778597335417 0.2293071150779724 13440
1778597340643 0.7640131711959839 13460
1778597345876 0.5394589900970459 13480
1778597351098 0.2114865779876709 13500
1778597379964 1.3157768249511719 13520
1778597385162 0.21358837187290192 13540
1778597390408 0.7544563412666321 13560
1778597395618 0.23869574069976807 13580
1778597400795 0.2551172077655792 13600
1778597405946 0.7489478588104248 13620
1778597411136 0.5351657867431641 13640
1778597416327 0.757366955280304 13660
1778597421444 0.5376229286193848 13680
1778597426648 0.19637329876422882 13700
1778597431833 0.2536676526069641 13720
1778597437108 0.6871114373207092 13740
1778597465857 0.20435330271720886 13760
1778597470961 2.0309433937072754 13780
1778597476203 0.631449282169342 13800
1778597481377 0.6630011200904846 13820
1778597486564 0.2748306691646576 13840
1778597491756 1.2234113216400146 13860
1778597496933 0.8591021299362183 13880
1778597502025 0.9477832913398743 13900
1778597507200 0.8369951248168945 13920
1778597512391 0.303713321685791 13940
1778597517515 0.6293392777442932 13960
1778597522673 0.29992616176605225 13980
1778597527824 0.5894373059272766 14000
1778597556435 0.2529307007789612 14020
1778597561651 0.782171905040741 14040
1778597566757 0.6285651326179504 14060
1778597571931 0.5820178985595703 14080
1778597577034 0.5848482847213745 14100
1778597582194 0.33937886357307434 14120
1778597587350 1.498388409614563 14140
1778597592487 0.8044600486755371 14160
1778597597703 0.27217766642570496 14180
1778597602813 0.2881335914134979 14200
1778597607889 1.2337723970413208 14220
1778597613035 0.27979111671447754 14240
1778597641705 0.7676529884338379 14260
1778597646866 0.6014176607131958 14280
1778597651951 1.2165849208831787 14300
1778597657209 0.2699844241142273 14320
1778597662309 0.23903390765190125 14340
1778597667418 0.7810973525047302 14360
1778597672597 0.26408109068870544 14380
1778597677734 0.2501623332500458 14400
1778597682767 0.6547623872756958 14420
1778597687965 0.24116948246955872 14440
1778597693109 0.6161191463470459 14460
1778597698300 0.25129008293151855 14480
1778597703448 0.7627531290054321 14500
1778597732159 0.7472561597824097 14520
1778597737319 0.5982664823532104 14540
1778597742436 0.2654246389865875 14560
1778597747757 0.6189279556274414 14580
1778597752969 0.615665078163147 14600
1778597758162 0.2583922743797302 14620
1778597763407 0.24723410606384277 14640
1778597768554 0.5816934108734131 14660
1778597773715 0.7133640050888062 14680
1778597778913 0.23755109310150146 14700
1778597784075 0.7056207656860352 14720
1778597789260 0.24348412454128265 14740
1778597817998 0.6152324080467224 14760
1778597823183 0.6568344235420227 14780
1778597828294 0.2750331461429596 14800
1778597833470 0.2454461306333542 14820
1778597838605 0.22538021206855774 14840
1778597843845 0.7214792370796204 14860
1778597848927 0.6401870250701904 14880
1778597854056 0.23011016845703125 14900
1778597859218 0.5852382183074951 14920
1778597864403 1.37630295753479 14940
1778597869634 0.6020646095275879 14960
1778597874784 0.341451495885849 14980
1778597880073 0.23404842615127563 15000
1778597908784 0.22445303201675415 15020
1778597913960 0.6285210847854614 15040
1778597919103 0.2786056399345398 15060
1778597924134 0.8181986212730408 15080
1778597929301 0.7980273962020874 15100
1778597934439 0.28616660833358765 15120
1778597939646 0.6222924590110779 15140
1778597944843 0.5972410440444946 15160
1778597949935 0.8008949756622314 15180
1778597955106 0.635172426700592 15200
1778597960245 0.7411266565322876 15220
1778597965459 0.7260775566101074 15240
1778597994133 0.6039789319038391 15260
1778597999215 0.23941634595394135 15280
1778598004414 0.7166610956192017 15300
1778598009581 0.6096529960632324 15320
1778598014839 0.6047794222831726 15340
1778598019973 0.2379637062549591 15360
1778598024980 0.23914724588394165 15380
1778598030074 0.6226561665534973 15400
1778598035276 0.6721367239952087 15420
1778598040459 0.2242843210697174 15440
1778598045650 0.65794438123703 15460
1778598050742 0.23355373740196228 15480
1778598055937 1.2136178016662598 15500
1778598084692 0.7067610025405884 15520
1778598089909 0.6400254368782043 15540
1778598095037 0.6506396532058716 15560
1778598100240 0.7014241814613342 15580
1778598105416 0.6781530380249023 15600
1778598110580 0.683616042137146 15620
1778598115748 1.296063780784607 15640
1778598120977 0.23029881715774536 15660
1778598126190 0.25366657972335815 15680
1778598131355 0.23894016444683075 15700
1778598136586 0.6783188581466675 15720
1778598141812 0.23139972984790802 15740
1778598170576 0.669878363609314 15760
1778598175702 0.6567162871360779 15780
1778598180821 0.7434165477752686 15800
1778598185888 0.25195151567459106 15820
1778598191098 0.6236421465873718 15840
1778598196232 0.7182689905166626 15860
1778598201358 1.229097843170166 15880
1778598206455 1.2697222232818604 15900
1778598211600 0.6610678434371948 15920
1778598216682 1.224266767501831 15940
1778598221865 0.6198609471321106 15960
1778598227048 0.7171261310577393 15980
1778598232276 0.7484363913536072 16000
1778598261055 0.22339113056659698 16020
1778598266199 0.2518523633480072 16040
1778598271332 1.2299011945724487 16060
1778598276438 0.23703932762145996 16080
1778598281628 0.25585174560546875 16100
1778598286887 0.6400344967842102 16120
1778598291976 0.6306107044219971 16140
1778598297126 0.28813493251800537 16160
1778598302283 0.2693940997123718 16180
1778598307436 0.26405707001686096 16200
1778598312625 0.7473483681678772 16220
1778598317730 1.2515617609024048 16240
1778598346433 0.2413358837366104 16260
1778598351620 0.6092113852500916 16280
1778598356644 0.24245736002922058 16300
1778598361789 0.7645881175994873 16320
1778598366945 1.217461109161377 16340
1778598372176 0.2357795387506485 16360
1778598377286 0.2691931128501892 16380
1778598382459 0.8136530518531799 16400
1778598387675 0.2509150207042694 16420
1778598392854 0.8248711228370667 16440
1778598397991 0.5924578905105591 16460
1778598403116 0.5989521145820618 16480
1778598408241 0.25994011759757996 16500
1778598436945 0.7845631837844849 16520
1778598441958 0.2606302797794342 16540
1778598447021 0.2416244000196457 16560
1778598452205 0.7601271867752075 16580
1778598457389 0.7925654053688049 16600
1778598462512 0.5992794632911682 16620
1778598467701 1.346803069114685 16640
1778598472778 0.24498774111270905 16660
1778598478020 0.23936282098293304 16680
1778598483225 1.1948038339614868 16700
1778598488346 1.3683539628982544 16720
1778598493491 0.7603469491004944 16740
1778598522074 0.26746925711631775 16760
1778598527207 0.623084306716919 16780
1778598532337 0.24944908916950226 16800
1778598537478 1.2224085330963135 16820
1778598542661 0.6121376752853394 16840
1778598547865 0.718974769115448 16860
1778598552995 0.244394451379776 16880
1778598558092 0.7074758410453796 16900
1778598563257 0.2474159598350525 16920
1778598568308 0.6933367848396301 16940
1778598573453 0.2458343356847763 16960
1778598578633 0.7498666048049927 16980
1778598583802 0.23477351665496826 17000
1778598612581 0.7319467067718506 17020
1778598617701 0.2536907196044922 17040
1778598622882 0.6241092085838318 17060
1778598628032 0.2580757737159729 17080
1778598633274 0.2488284409046173 17100
1778598638448 0.22721734642982483 17120
1778598643627 0.5672692060470581 17140
1778598648828 0.2683092951774597 17160
1778598654028 0.5757063031196594 17180
1778598659236 0.5834435820579529 17200
1778598664428 1.209716558456421 17220
1778598669549 0.24054411053657532 17240
1778598698306 0.6067478060722351 17260
1778598703457 0.23031137883663177 17280
1778598708570 0.7480931878089905 17300
1778598713747 0.7258313298225403 17320
1778598718908 0.2345256805419922 17340
1778598724017 0.8191859722137451 17360
1778598729216 0.7195664048194885 17380
1778598734344 0.7288569808006287 17400
1778598739487 0.6465947031974792 17420
1778598744719 0.24945971369743347 17440
1778598749864 0.2246023267507553 17460
1778598755047 0.2809561491012573 17480
1778598760175 0.6171035766601562 17500
1778598788982 0.7362438440322876 17520
1778598794178 0.5899955034255981 17540
1778598799332 1.2999452352523804 17560
1778598804520 0.2406560182571411 17580
1778598809689 0.6001962423324585 17600
1778598814836 0.6835413575172424 17620
1778598820043 0.25090810656547546 17640
1778598825144 0.2931355834007263 17660
1778598830364 0.24903225898742676 17680
1778598835505 0.24419476091861725 17700
1778598840689 0.22808006405830383 17720
1778598845855 0.2530690133571625 17740
1778598874612 0.5944415926933289 17760
1778598879766 0.6164989471435547 17780
1778598884846 0.7241376638412476 17800
1778598889970 1.3043943643569946 17820
1778598895114 0.6260756254196167 17840
1778598900289 0.23594814538955688 17860
1778598905460 1.203285574913025 17880
1778598910598 0.30734875798225403 17900
1778598915714 0.27298131585121155 17920
1778598920850 0.8059004545211792 17940
1778598926042 0.64421546459198 17960
1778598931230 0.24736280739307404 17980
1778598936341 0.24582934379577637 18000
1778598965128 1.3796918392181396 18020
1778598970278 1.3922182321548462 18040
1778598975537 0.23058056831359863 18060
1778598980682 1.3529818058013916 18080
1778598985756 0.7407524585723877 18100
1778598990876 0.5692086219787598 18120
1778598996103 0.7194347381591797 18140
1778599001306 0.7306950092315674 18160
1778599006421 0.21731752157211304 18180
1778599011649 0.6284611225128174 18200
1778599016911 0.62490314245224 18220
1778599022155 0.5960729718208313 18240
1778599050930 0.5978571772575378 18260
1778599056127 0.24359764158725739 18280
1778599061275 0.2310154289007187 18300
1778599066447 0.23882046341896057 18320
1778599071619 0.5915524363517761 18340
1778599076820 0.2126152664422989 18360
1778599082034 0.6907680034637451 18380
1778599087236 0.7011374235153198 18400
1778599092361 0.6033475399017334 18420
1778599097593 0.23397180438041687 18440
1778599102769 0.6972159147262573 18460
1778599107985 0.22603298723697662 18480
1778599113183 0.26948145031929016 18500
1778599142026 0.2316444218158722 18520
1778599147154 0.7324713468551636 18540
1778599152286 1.1948832273483276 18560
1778599157614 0.6966000199317932 18580
1778599162778 0.5887963771820068 18600
1778599167926 0.7413392663002014 18620
1778599173136 0.2266961932182312 18640
1778599178353 0.5812721848487854 18660
1778599183573 0.5945142507553101 18680
1778599188857 0.23321688175201416 18700
1778599193971 1.1695661544799805 18720
1778599199151 0.5985270142555237 18740
1778599227876 0.7135014533996582 18760
1778599233046 0.6185372471809387 18780
1778599238222 0.7465822100639343 18800
1778599243467 0.5868355631828308 18820
1778599248724 0.22484059631824493 18840
1778599253963 0.5790807008743286 18860
1778599259117 0.5901011228561401 18880
1778599264267 1.317209243774414 18900
1778599269463 0.23553594946861267 18920
1778599274696 0.23587745428085327 18940
1778599279899 0.7173961997032166 18960
1778599285125 0.754045307636261 18980
1778599290398 0.23777852952480316 19000
1778599319180 0.7918619513511658 19020
1778599324256 0.7389545440673828 19040
1778599329446 0.25296834111213684 19060
1778599334586 0.2868976294994354 19080
1778599339684 0.23338371515274048 19100
1778599344873 1.199988842010498 19120
1778599350015 0.21712274849414825 19140
1778599355216 0.22233158349990845 19160
1778599360384 0.23435728251934052 19180
1778599365455 1.147926926612854 19200
1778599370538 0.7250911593437195 19220
1778599375683 1.1806159019470215 19240
1778599404573 0.583124041557312 19260
1778599409701 0.563269853591919 19280
1778602229297 0.7060970664024353 19300
1778602234136 0.7307578325271606 19320
1778602239086 0.6022332906723022 19340
1778602244018 1.3419996500015259 19360
1778602248994 0.2361309826374054 19380
1778602253978 0.579517662525177 19400
1778602259005 0.24481503665447235 19420
1778602263992 0.22865664958953857 19440
1778602269106 0.7472432851791382 19460
1778602274032 0.24465502798557281 19480
1778602279009 0.5713549852371216 19500
1778602306975 1.165658712387085 19520
1778602311964 0.7571777105331421 19540
1778602317014 0.5781008005142212 19560
1778602321928 0.5814130306243896 19580
1778602326983 0.2613447606563568 19600
1778602331993 0.245689257979393 19620
1778602337065 0.2459363043308258 19640
1778602342073 0.8177849054336548 19660
1778602347228 0.2508869469165802 19680
1778602352275 0.2613042891025543 19700
1778602357360 0.5694131255149841 19720
1778602362370 1.1827857494354248 19740
1778602390659 1.3412352800369263 19760
1778602395796 0.2522122859954834 19780
1778602400830 0.7731780409812927 19800
1778602406025 0.5897833108901978 19820
1778602411058 1.3629124164581299 19840
1778602416174 0.7742268443107605 19860
1778602421276 0.7324205040931702 19880
1778602426494 0.2394346445798874 19900
1778602431604 1.331436276435852 19920
1778602436607 1.3343087434768677 19940
1778602441689 1.1648818254470825 19960
1778602446790 0.5885902047157288 19980
1778602451876 0.25190454721450806 20000
1778602480313 0.7418078184127808 20020
1778602485465 0.7186217904090881 20040
1778602490574 0.5791195631027222 20060
1778602495649 1.1443307399749756 20080
1778602500684 0.558139443397522 20100
1778602505901 0.736311137676239 20120
1778602511083 1.1626888513565063 20140
1778602516213 0.7012020945549011 20160
1778602521279 0.25199222564697266 20180
1778602526458 1.1608761548995972 20200
1778602531627 0.2474360466003418 20220
1778602536733 0.6971299648284912 20240
1778602565359 0.5820630192756653 20260
1778602570523 0.5958630442619324 20280
1778602575638 0.5758310556411743 20300
1778602580725 0.5860375165939331 20320
1778602585835 0.5850654244422913 20340
1778602590933 0.7359868288040161 20360
1778602596116 1.3087586164474487 20380
1778602601222 0.21200242638587952 20400
1778602606388 0.5718175172805786 20420
1778602611597 0.22561778128147125 20440
1778602616727 0.23127758502960205 20460
1778602621914 0.7389243245124817 20480
1778602627078 1.1545158624649048 20500
1778602655821 0.7685068249702454 20520
1778602660987 0.5953876376152039 20540
1778602666024 0.57875657081604 20560
1778602671194 0.23039549589157104 20580
1778602676352 0.22650478780269623 20600
1778602681440 1.1304391622543335 20620
1778602686611 0.5907154679298401 20640
1778602691713 0.5559124946594238 20660
1778602696921 0.2335384041070938 20680
1778602702078 0.58498215675354 20700
1778602707140 0.5657073855400085 20720
1778602712216 0.21603670716285706 20740
1778602740921 0.5996052622795105 20760
1778602746080 0.8048294186592102 20780
1778602751206 0.5788198709487915 20800
1778602756306 0.24041418731212616 20820
1778602761497 0.6152936220169067 20840
1778602766774 0.7076687216758728 20860
1778602771984 0.24450713396072388 20880
1778602777154 0.5883886814117432 20900
1778602782329 0.30916884541511536 20920
1778602787541 0.7223519086837769 20940
1778602792770 0.7299854755401611 20960
1778602797925 0.6009538173675537 20980
1778602803104 0.7387961149215698 21000
1778602831778 0.5826619267463684 21020
1778602836995 0.5811493992805481 21040
1778602842205 0.7090679407119751 21060
1778602847291 0.2832719087600708 21080
1778602852443 0.22371423244476318 21100
1778602857570 0.23474107682704926 21120
1778602862691 0.7167291045188904 21140
1778602867820 0.22443267703056335 21160
1778602873039 0.5729050636291504 21180
1778602878247 0.5828485488891602 21200
1778602883349 1.1546491384506226 21220
1778602888510 0.23619286715984344 21240
1778602917160 0.21756504476070404 21260
1778602922342 0.5543817281723022 21280
1778602927477 0.5660132765769958 21300
1778602932578 0.7425896525382996 21320
1778602937771 0.2226836383342743 21340
1778602943017 0.712302565574646 21360
1778602948281 0.5651522874832153 21380
1778602953387 0.6028022170066833 21400
1778602958541 0.23716972768306732 21420
1778602963734 0.5453198552131653 21440
1778602968847 0.7249701619148254 21460
1778602973985 0.7210075259208679 21480
1778602979203 0.22873248159885406 21500
1778603008084 1.1543560028076172 21520
1778603013235 0.2939091920852661 21540
1778603018518 0.2605735659599304 21560
1778603023731 0.5843695402145386 21580
1778603028926 0.5527137517929077 21600
1778603034156 0.5643087029457092 21620
1778603039353 0.5812773108482361 21640
1778603044432 0.7027809619903564 21660
1778603049599 0.23328976333141327 21680
1778603054761 0.23941120505332947 21700
1778603059915 0.23042763769626617 21720
1778603065008 1.153096079826355 21740
1778603093833 0.576465904712677 21760
1778603099116 0.6976073980331421 21780
1778603104241 1.1624743938446045 21800
1778603109363 0.2216499000787735 21820
1778603114505 0.7328546643257141 21840
1778603119599 1.3026989698410034 21860
1778603124760 0.5815580487251282 21880
1778603129834 0.6966807246208191 21900
1778603135016 0.22812937200069427 21920
1778603140158 0.5723514556884766 21940
1778603145351 0.5930571556091309 21960
1778603150572 0.7058126926422119 21980
1778603155755 0.7111283540725708 22000
1778603184474 0.2281535565853119 22020
1778603189567 0.5838497877120972 22040
1778603194706 0.5806915760040283 22060
1778603199856 0.5672500133514404 22080
1778603205105 0.7071636915206909 22100
1778603210306 0.5928502082824707 22120
1778603215474 0.28524842858314514 22140
1778603220603 0.5813558101654053 22160
1778603225785 0.2212275117635727 22180
1778603231010 0.2721593677997589 22200
1778603236115 0.261860728263855 22220
1778603241285 0.6959933042526245 22240
1778603270095 1.2861418724060059 22260
1778603275341 0.5763986110687256 22280
1778603280461 1.3060389757156372 22300
1778603285602 0.730928897857666 22320
1778603290781 0.6962807178497314 22340
1778603295993 1.3261628150939941 22360
1778603301179 0.7610771656036377 22380
1778603306265 0.5885040760040283 22400
1778603311475 0.24067695438861847 22420
1778603316734 0.5510040521621704 22440
1778603321877 0.21936705708503723 22460
1778603327072 1.1603785753250122 22480
1778603332174 0.21404702961444855 22500
