1778592572797 1.08e-05 20
1778592577886 2.22e-05 40
1778592583017 2.999064587973274e-05 60
1778592587956 2.9965256124721602e-05 80
1778592592920 2.9939866369710466e-05 100
1778592597915 2.9913140311804008e-05 120
1778592602940 2.988641425389755e-05 140
1778592607952 2.985968819599109e-05 160
1778592612914 2.9832962138084632e-05 180
1778592617925 2.9806236080178175e-05 200
1778592622945 2.9779510022271714e-05 220
1778592627961 2.9752783964365257e-05 240
1778592677558 2.97260579064588e-05 260
1778592682585 2.9699331848552338e-05 280
1778592687539 2.967260579064588e-05 300
1778592692579 2.9645879732739423e-05 320
1778592697648 2.9619153674832962e-05 340
1778592702696 2.9592427616926505e-05 360
1778592707781 2.9565701559020048e-05 380
1778592712854 2.9538975501113587e-05 400
1778592718049 2.951224944320713e-05 420
1778592723185 2.948552338530067e-05 440
1778592728323 2.9458797327394208e-05 460
1778592733490 2.943207126948775e-05 480
1778592738596 2.9405345211581293e-05 500
1778592766864 2.9378619153674832e-05 520
1778592771980 2.9351893095768374e-05 540
1778592779211 2.9325167037861917e-05 560
1778592784371 2.9298440979955456e-05 580
1778592789531 2.9271714922049e-05 600
1778592794606 2.9246325167037862e-05 620
1778592799774 2.9219599109131404e-05 640
1778592804987 2.9192873051224943e-05 660
1778592810172 2.9166146993318486e-05 680
1778592815314 2.913942093541203e-05 700
1778592820575 2.9112694877505568e-05 720
1778592825720 2.908596881959911e-05 740
1778592854602 2.9059242761692653e-05 760
1778592859827 2.9032516703786192e-05 780
1778592865052 2.9005790645879734e-05 800
1778592870434 2.8979064587973277e-05 820
1778592875709 2.8952338530066816e-05 840
1778592880896 2.892561247216036e-05 860
1778592886115 2.8898886414253898e-05 880
1778592891364 2.887216035634744e-05 900
1778592896607 2.8845434298440983e-05 920
1778592901918 2.8818708240534522e-05 940
1778592907147 2.879198218262806e-05 960
1778592912439 2.8765256124721604e-05 980
1778592917708 2.8738530066815143e-05 1000
1778592946642 2.8711804008908685e-05 1020
1778592951723 2.8685077951002228e-05 1040
1778592956964 2.8658351893095767e-05 1060
1778592962224 2.863162583518931e-05 1080
1778592967436 2.8604899777282852e-05 1100
1778592972656 2.857817371937639e-05 1120
1778592977882 2.8551447661469934e-05 1140
1778592983118 2.8524721603563476e-05 1160
1778592988478 2.8497995545657015e-05 1180
1778592993760 2.8471269487750558e-05 1200
1778592999101 2.84445434298441e-05 1220
1778593004246 2.841781737193764e-05 1240
1778593033061 2.8391091314031182e-05 1260
1778593038314 2.8364365256124725e-05 1280
1778593043553 2.8337639198218264e-05 1300
1778593048618 2.8310913140311806e-05 1320
1778593053798 2.8284187082405346e-05 1340
1778593059030 2.8257461024498885e-05 1360
1778593064228 2.8230734966592427e-05 1380
1778593069429 2.820400890868597e-05 1400
1778593074706 2.817728285077951e-05 1420
1778593079845 2.815055679287305e-05 1440
1778593085088 2.8123830734966594e-05 1460
1778593090223 2.8097104677060133e-05 1480
1778593095371 2.8070378619153676e-05 1500
1778593124338 2.8043652561247218e-05 1520
1778593129415 2.8016926503340757e-05 1540
1778593134657 2.79902004454343e-05 1560
1778593139928 2.796347438752784e-05 1580
1778593145097 2.793674832962138e-05 1600
1778593150252 2.7910022271714924e-05 1620
1778593155453 2.7883296213808463e-05 1640
1778593160672 2.7856570155902006e-05 1660
1778593165904 2.782984409799555e-05 1680
1778593171121 2.7803118040089088e-05 1700
1778593176257 2.777639198218263e-05 1720
1778593181386 2.774966592427617e-05 1740
1778593210636 2.772293986636971e-05 1760
1778593215936 2.769621380846325e-05 1780
1778593221165 2.7669487750556793e-05 1800
1778593226376 2.7642761692650333e-05 1820
1778593231625 2.7616035634743875e-05 1840
1778593236808 2.7589309576837418e-05 1860
1778593242138 2.7562583518930957e-05 1880
1778593247314 2.75358574610245e-05 1900
1778593252481 2.7509131403118042e-05 1920
1778593257614 2.748240534521158e-05 1940
1778593262779 2.7455679287305124e-05 1960
1778593267901 2.7428953229398666e-05 1980
1778593273023 2.7402227171492205e-05 2000
1778593302144 2.7375501113585748e-05 2020
1778593307356 2.734877505567929e-05 2040
1778593312521 2.732204899777283e-05 2060
1778593317628 2.7295322939866372e-05 2080
1778593322843 2.7268596881959915e-05 2100
1778593328129 2.724187082405345e-05 2120
1778593333328 2.7215144766146993e-05 2140
1778593338551 2.7188418708240535e-05 2160
1778593343879 2.7161692650334075e-05 2180
1778593349063 2.7134966592427617e-05 2200
1778593354203 2.710824053452116e-05 2220
1778593359443 2.70815144766147e-05 2240
1778593388581 2.705478841870824e-05 2260
1778593393669 2.7028062360801784e-05 2280
1778593398873 2.7001336302895323e-05 2300
1778593404007 2.6974610244988866e-05 2320
1778593409155 2.6947884187082405e-05 2340
1778593414348 2.6921158129175947e-05 2360
1778593419619 2.689443207126949e-05 2380
1778593424864 2.686770601336303e-05 2400
1778593430062 2.684097995545657e-05 2420
1778593435198 2.6814253897550114e-05 2440
1778593440385 2.6787527839643653e-05 2460
1778593445531 2.6760801781737196e-05 2480
1778593450632 2.6734075723830735e-05 2500
1778593479446 2.6707349665924274e-05 2520
1778593484596 2.6680623608017817e-05 2540
1778593489822 2.665389755011136e-05 2560
1778593495015 2.6627171492204898e-05 2580
1778593500116 2.660044543429844e-05 2600
1778593505279 2.6573719376391983e-05 2620
1778593510504 2.6546993318485522e-05 2640
1778593515674 2.6520267260579065e-05 2660
1778593520826 2.6493541202672608e-05 2680
1778593525995 2.6466815144766147e-05 2700
1778593531136 2.644008908685969e-05 2720
1778593536361 2.6413363028953232e-05 2740
1778593565232 2.638663697104677e-05 2760
1778593570425 2.6359910913140313e-05 2780
1778593575608 2.6333184855233856e-05 2800
1778593580680 2.6306458797327395e-05 2820
1778593585884 2.6279732739420938e-05 2840
1778593591077 2.625300668151448e-05 2860
1778593596162 2.622628062360802e-05 2880
1778593601283 2.619955456570156e-05 2900
1778593606473 2.61728285077951e-05 2920
1778593611472 2.614610244988864e-05 2940
1778593616665 2.6119376391982183e-05 2960
1778593621881 2.6092650334075725e-05 2980
1778593626944 2.6065924276169264e-05 3000
1778593655739 2.6039198218262807e-05 3020
1778593660898 2.6012472160356346e-05 3040
1778593666061 2.598574610244989e-05 3060
1778593671241 2.595902004454343e-05 3080
1778593676473 2.593229398663697e-05 3100
1778593681711 2.5905567928730513e-05 3120
1778593686890 2.5878841870824055e-05 3140
1778593692089 2.5852115812917595e-05 3160
1778593697250 2.5825389755011137e-05 3180
1778593702441 2.579866369710468e-05 3200
1778593707564 2.577193763919822e-05 3220
1778593712798 2.574521158129176e-05 3240
1778593741597 2.5718485523385304e-05 3260
1778593746819 2.569175946547884e-05 3280
1778593752093 2.5665033407572382e-05 3300
1778593757285 2.5638307349665925e-05 3320
1778593762469 2.5611581291759464e-05 3340
1778593767680 2.5584855233853006e-05 3360
1778593772886 2.555812917594655e-05 3380
1778593778045 2.5531403118040088e-05 3400
1778593783254 2.550467706013363e-05 3420
1778593788498 2.5477951002227173e-05 3440
1778593793706 2.5451224944320712e-05 3460
1778593798876 2.5424498886414255e-05 3480
1778593803964 2.5397772828507797e-05 3500
1778593832852 2.5371046770601337e-05 3520
1778593838031 2.534432071269488e-05 3540
1778593843222 2.531759465478842e-05 3560
1778593848487 2.529086859688196e-05 3580
1778593853644 2.5264142538975503e-05 3600
1778593858904 2.5237416481069046e-05 3620
1778593864052 2.5210690423162585e-05 3640
1778593869191 2.5183964365256124e-05 3660
1778593874313 2.5157238307349667e-05 3680
1778593879506 2.5130512249443206e-05 3700
1778593884706 2.510378619153675e-05 3720
1778593889847 2.507706013363029e-05 3740
1778593918682 2.505033407572383e-05 3760
1778593923994 2.5023608017817373e-05 3780
1778593929222 2.4996881959910912e-05 3800
1778593934445 2.4970155902004454e-05 3820
1778593939565 2.4943429844097997e-05 3840
1778593944746 2.4916703786191536e-05 3860
1778593949986 2.488997772828508e-05 3880
1778593955196 2.486325167037862e-05 3900
1778593960354 2.483652561247216e-05 3920
1778593965531 2.4809799554565703e-05 3940
1778593970749 2.4783073496659245e-05 3960
1778593975933 2.4756347438752784e-05 3980
1778593981128 2.4729621380846327e-05 4000
1778594009980 2.470289532293987e-05 4020
1778594015185 2.467616926503341e-05 4040
1778594020291 2.4649443207126948e-05 4060
1778594025552 2.462271714922049e-05 4080
1778594030713 2.459599109131403e-05 4100
1778594035929 2.4569265033407572e-05 4120
1778594041134 2.4542538975501115e-05 4140
1778594046415 2.4515812917594654e-05 4160
1778594051507 2.4489086859688196e-05 4180
1778594056651 2.446236080178174e-05 4200
1778594061874 2.4435634743875278e-05 4220
1778594067018 2.440890868596882e-05 4240
1778594095789 2.4382182628062363e-05 4260
1778594100917 2.4355456570155902e-05 4280
1778594105973 2.4328730512249445e-05 4300
1778594111088 2.4302004454342987e-05 4320
1778594116295 2.4275278396436526e-05 4340
1778594121373 2.424855233853007e-05 4360
1778594126602 2.422182628062361e-05 4380
1778594131747 2.419510022271715e-05 4400
1778594136906 2.4168374164810693e-05 4420
1778594142095 2.4141648106904232e-05 4440
1778594147247 2.411492204899777e-05 4460
1778594152318 2.4088195991091314e-05 4480
1778594157510 2.4061469933184853e-05 4500
1778594186282 2.4034743875278396e-05 4520
1778594191532 2.4008017817371938e-05 4540
1778594196576 2.3981291759465477e-05 4560
1778594201762 2.395456570155902e-05 4580
1778594207031 2.3927839643652562e-05 4600
1778594212246 2.39011135857461e-05 4620
1778594217348 2.3874387527839644e-05 4640
1778594222462 2.3847661469933187e-05 4660
1778594227737 2.3820935412026726e-05 4680
1778594232867 2.379420935412027e-05 4700
1778594237945 2.376748329621381e-05 4720
1778594243173 2.374075723830735e-05 4740
1778594271940 2.3714031180400893e-05 4760
1778594277191 2.3687305122494435e-05 4780
1778594282265 2.3660579064587974e-05 4800
1778594287430 2.3633853006681513e-05 4820
1778594292594 2.3607126948775056e-05 4840
1778594297635 2.3580400890868595e-05 4860
1778594302795 2.3553674832962138e-05 4880
1778594307857 2.352694877505568e-05 4900
1778594313002 2.350022271714922e-05 4920
1778594318125 2.3473496659242762e-05 4940
1778594323228 2.3446770601336304e-05 4960
1778594328410 2.3420044543429844e-05 4980
1778594333521 2.3393318485523386e-05 5000
1778594362296 2.336659242761693e-05 5020
1778594367526 2.3339866369710468e-05 5040
1778594372736 2.331314031180401e-05 5060
1778594377911 2.3286414253897553e-05 5080
1778594383051 2.3259688195991092e-05 5100
1778594388175 2.3232962138084635e-05 5120
1778594393343 2.3206236080178177e-05 5140
1778594398491 2.3179510022271716e-05 5160
1778594403623 2.315278396436526e-05 5180
1778594408806 2.3126057906458798e-05 5200
1778594413932 2.3099331848552337e-05 5220
1778594419159 2.307260579064588e-05 5240
1778594447809 2.304587973273942e-05 5260
1778594452911 2.301915367483296e-05 5280
1778594458065 2.2992427616926504e-05 5300
1778594463264 2.2965701559020043e-05 5320
1778594468440 2.2938975501113585e-05 5340
1778594473656 2.2912249443207128e-05 5360
1778594478721 2.2885523385300667e-05 5380
1778594483836 2.285879732739421e-05 5400
1778594488915 2.2832071269487752e-05 5420
1778594494082 2.280534521158129e-05 5440
1778594499138 2.2778619153674834e-05 5460
1778594504342 2.2751893095768376e-05 5480
1778594509555 2.2725167037861916e-05 5500
1778594538247 2.2698440979955458e-05 5520
1778594543375 2.2671714922049e-05 5540
1778594548554 2.264498886414254e-05 5560
1778594553824 2.2618262806236082e-05 5580
1778594559037 2.259153674832962e-05 5600
1778594564243 2.256481069042316e-05 5620
1778594569340 2.2538084632516703e-05 5640
1778594574412 2.2511358574610246e-05 5660
1778594579476 2.2484632516703785e-05 5680
1778594584602 2.2457906458797327e-05 5700
1778594589727 2.243118040089087e-05 5720
1778594594883 2.240445434298441e-05 5740
1778594623644 2.237772828507795e-05 5760
1778594628758 2.2351002227171494e-05 5780
1778594633843 2.2324276169265033e-05 5800
1778594638940 2.2297550111358576e-05 5820
1778594644027 2.227082405345212e-05 5840
1778594649192 2.2244097995545658e-05 5860
1778594654306 2.22173719376392e-05 5880
1778594659427 2.2190645879732743e-05 5900
1778594664587 2.2163919821826282e-05 5920
1778594669761 2.2137193763919824e-05 5940
1778594674866 2.2110467706013363e-05 5960
1778594680054 2.2083741648106903e-05 5980
1778594685213 2.2057015590200445e-05 6000
1778594713974 2.2030289532293984e-05 6020
1778594719103 2.2003563474387527e-05 6040
1778594724261 2.197683741648107e-05 6060
1778594729380 2.195011135857461e-05 6080
1778594734498 2.192338530066815e-05 6100
1778594739658 2.1896659242761694e-05 6120
1778594744847 2.1869933184855233e-05 6140
1778594750029 2.1843207126948775e-05 6160
1778594755186 2.1816481069042318e-05 6180
1778594760349 2.1789755011135857e-05 6200
1778594765532 2.17630289532294e-05 6220
1778594770668 2.1736302895322942e-05 6240
1778594799482 2.170957683741648e-05 6260
1778594804621 2.1682850779510024e-05 6280
1778594809737 2.1656124721603566e-05 6300
1778594814889 2.1629398663697105e-05 6320
1778594819995 2.1602672605790648e-05 6340
1778594825043 2.157594654788419e-05 6360
1778594830129 2.1549220489977726e-05 6380
1778594835376 2.152249443207127e-05 6400
1778594840583 2.1497104677060135e-05 6420
1778594845755 2.1470378619153678e-05 6440
1778594850924 2.1443652561247217e-05 6460
1778594856210 2.141692650334076e-05 6480
1778594861483 2.13902004454343e-05 6500
1778594890415 2.1363474387527838e-05 6520
1778594895614 2.133674832962138e-05 6540
1778594900814 2.1310022271714923e-05 6560
1778594906025 2.1283296213808462e-05 6580
1778594911284 2.1256570155902005e-05 6600
1778594916434 2.1229844097995547e-05 6620
1778594921636 2.1203118040089086e-05 6640
1778594926836 2.117639198218263e-05 6660
1778594932094 2.114966592427617e-05 6680
1778594937286 2.112293986636971e-05 6700
1778594942461 2.1096213808463253e-05 6720
1778594947704 2.1069487750556792e-05 6740
1778594976559 2.1042761692650335e-05 6760
1778594981774 2.1016035634743877e-05 6780
1778594986984 2.0989309576837417e-05 6800
1778594992176 2.096258351893096e-05 6820
1778594997371 2.09358574610245e-05 6840
1778595002515 2.090913140311804e-05 6860
1778595007737 2.088240534521158e-05 6880
1778595012916 2.0855679287305122e-05 6900
1778595018157 2.082895322939866e-05 6920
1778595023362 2.0802227171492204e-05 6940
1778595028567 2.0775501113585747e-05 6960
1778595033781 2.0748775055679286e-05 6980
1778595039078 2.072204899777283e-05 7000
1778595068213 2.069532293986637e-05 7020
1778595073361 2.066859688195991e-05 7040
1778595078613 2.0641870824053453e-05 7060
1778595083832 2.0615144766146995e-05 7080
1778595089054 2.0588418708240534e-05 7100
1778595094233 2.0561692650334077e-05 7120
1778595099326 2.053496659242762e-05 7140
1778595104592 2.050824053452116e-05 7160
1778595109754 2.04815144766147e-05 7180
1778595115037 2.0454788418708244e-05 7200
1778595120325 2.0428062360801783e-05 7220
1778595125585 2.0401336302895325e-05 7240
1778595154033 2.0374610244988864e-05 7260
1778595159283 2.0347884187082404e-05 7280
1778595164408 2.0321158129175946e-05 7300
1778595169548 2.029443207126949e-05 7320
1778595174757 2.0267706013363028e-05 7340
1778595179957 2.024097995545657e-05 7360
1778595185169 2.0214253897550113e-05 7380
1778595190451 2.0187527839643652e-05 7400
1778595195713 2.0160801781737195e-05 7420
1778595200958 2.0134075723830737e-05 7440
1778595206186 2.0107349665924276e-05 7460
1778595211384 2.008062360801782e-05 7480
1778595216603 2.0053897550111358e-05 7500
1778595245444 2.00271714922049e-05 7520
1778595250643 2.0000445434298443e-05 7540
1778595255796 1.9973719376391982e-05 7560
1778595260987 1.9946993318485525e-05 7580
1778595266292 1.9920267260579067e-05 7600
1778595271546 1.9893541202672606e-05 7620
1778595276859 1.986681514476615e-05 7640
1778595282045 1.9840089086859688e-05 7660
1778595287209 1.9813363028953227e-05 7680
1778595292378 1.978663697104677e-05 7700
1778595297615 1.9759910913140312e-05 7720
1778595302781 1.973318485523385e-05 7740
1778595331651 1.9706458797327394e-05 7760
1778595336918 1.9679732739420936e-05 7780
1778595342152 1.9653006681514476e-05 7800
1778595347355 1.9626280623608018e-05 7820
1778595352516 1.959955456570156e-05 7840
1778595357706 1.95728285077951e-05 7860
1778595362892 1.9546102449888642e-05 7880
1778595368155 1.9519376391982185e-05 7900
1778595373343 1.9492650334075724e-05 7920
1778595378555 1.9465924276169267e-05 7940
1778595383766 1.943919821826281e-05 7960
1778595388994 1.941247216035635e-05 7980
1778595394213 1.938574610244989e-05 8000
1778595423099 1.9359020044543433e-05 8020
1778595428349 1.933229398663697e-05 8040
1778595433527 1.9305567928730512e-05 8060
1778595438886 1.9278841870824054e-05 8080
1778595444115 1.9252115812917593e-05 8100
1778595449281 1.9225389755011136e-05 8120
1778595454503 1.919866369710468e-05 8140
1778595459724 1.9171937639198218e-05 8160
1778595464956 1.914521158129176e-05 8180
1778595470211 1.91184855233853e-05 8200
1778595475429 1.9091759465478842e-05 8220
1778595480692 1.9065033407572384e-05 8240
1778595509554 1.9038307349665924e-05 8260
1778595514909 1.9011581291759466e-05 8280
1778595520132 1.898485523385301e-05 8300
1778595525396 1.8958129175946548e-05 8320
1778595530548 1.893140311804009e-05 8340
1778595535791 1.8904677060133633e-05 8360
1778595541032 1.8877951002227172e-05 8380
1778595546118 1.8851224944320715e-05 8400
1778595551260 1.8824498886414254e-05 8420
1778595556428 1.8797772828507793e-05 8440
1778595561634 1.8771046770601335e-05 8460
1778595566884 1.8744320712694878e-05 8480
1778595572155 1.8717594654788417e-05 8500
1778595601010 1.869086859688196e-05 8520
1778595606283 1.8664142538975502e-05 8540
1778595611493 1.863741648106904e-05 8560
1778595616659 1.8610690423162584e-05 8580
1778595621919 1.8583964365256126e-05 8600
1778595627191 1.8557238307349665e-05 8620
1778595632362 1.8530512249443208e-05 8640
1778595637624 1.850378619153675e-05 8660
1778595642783 1.847706013363029e-05 8680
1778595647938 1.8450334075723832e-05 8700
1778595653138 1.8423608017817375e-05 8720
1778595658372 1.8396881959910914e-05 8740
1778595687215 1.8370155902004456e-05 8760
1778595692541 1.8343429844098e-05 8780
1778595697746 1.8316703786191538e-05 8800
1778595702972 1.8289977728285077e-05 8820
1778595708118 1.826325167037862e-05 8840
1778595713333 1.823652561247216e-05 8860
1778595718522 1.82097995545657e-05 8880
1778595723814 1.818307349665924e-05 8900
1778595729034 1.8156347438752783e-05 8920
1778595734312 1.8129621380846326e-05 8940
1778595739418 1.8102895322939865e-05 8960
1778595744581 1.8076169265033407e-05 8980
1778595749764 1.804944320712695e-05 9000
1778595778610 1.802271714922049e-05 9020
1778595783868 1.799599109131403e-05 9040
1778595789127 1.7969265033407574e-05 9060
1778595794332 1.7942538975501113e-05 9080
1778595799553 1.7915812917594656e-05 9100
1778595804762 1.78890868596882e-05 9120
1778595809929 1.7862360801781738e-05 9140
1778595815168 1.783563474387528e-05 9160
1778595820412 1.7808908685968823e-05 9180
1778595825548 1.778218262806236e-05 9200
1778595830824 1.77554565701559e-05 9220
1778595836064 1.7728730512249443e-05 9240
1778595864824 1.7702004454342983e-05 9260
1778595870094 1.7675278396436525e-05 9280
1778595875299 1.7648552338530068e-05 9300
1778595880521 1.7621826280623607e-05 9320
1778595885767 1.759510022271715e-05 9340
1778595891032 1.7568374164810692e-05 9360
1778595896262 1.754164810690423e-05 9380
1778595901451 1.7514922048997774e-05 9400
1778595906671 1.7488195991091316e-05 9420
1778595911851 1.7461469933184855e-05 9440
1778595917167 1.7434743875278398e-05 9460
1778595922387 1.740801781737194e-05 9480
1778595927608 1.738129175946548e-05 9500
1778595956438 1.7354565701559022e-05 9520
1778595961726 1.7327839643652565e-05 9540
1778595966869 1.7301113585746104e-05 9560
1778595972026 1.7274387527839643e-05 9580
1778595977228 1.7247661469933185e-05 9600
1778595982480 1.7220935412026725e-05 9620
1778595987697 1.7194209354120267e-05 9640
1778595992910 1.7167483296213806e-05 9660
1778595998227 1.714075723830735e-05 9680
1778596003393 1.711403118040089e-05 9700
1778596008665 1.708730512249443e-05 9720
1778596013892 1.7060579064587973e-05 9740
1778596042804 1.7033853006681516e-05 9760
1778596047992 1.7007126948775055e-05 9780
1778596053211 1.6980400890868597e-05 9800
1778596058401 1.695367483296214e-05 9820
1778596063664 1.692694877505568e-05 9840
1778596068802 1.690022271714922e-05 9860
1778596073915 1.6873496659242764e-05 9880
1778596079188 1.6846770601336303e-05 9900
1778596084424 1.6820044543429846e-05 9920
1778596089715 1.6793318485523388e-05 9940
1778596094930 1.6766592427616927e-05 9960
1778596100018 1.6739866369710467e-05 9980
1778596105310 1.671314031180401e-05 10000
1778596134246 1.6686414253897548e-05 10020
1778596139546 1.665968819599109e-05 10040
1778596144733 1.6632962138084633e-05 10060
1778596149915 1.6606236080178172e-05 10080
1778596155118 1.6579510022271715e-05 10100
1778596160344 1.6552783964365258e-05 10120
1778596165512 1.6526057906458797e-05 10140
1778596170768 1.649933184855234e-05 10160
1778596175990 1.6472605790645882e-05 10180
1778596181166 1.644587973273942e-05 10200
1778596186345 1.6419153674832963e-05 10220
1778596191529 1.6392427616926506e-05 10240
1778596220322 1.6365701559020045e-05 10260
1778596225522 1.6338975501113588e-05 10280
1778596230782 1.631224944320713e-05 10300
1778596236025 1.628552338530067e-05 10320
1778596241257 1.6258797327394212e-05 10340
1778596246545 1.6232071269487748e-05 10360
1778596251749 1.620534521158129e-05 10380
1778596256960 1.6178619153674833e-05 10400
1778596262193 1.6151893095768372e-05 10420
1778596267360 1.6125167037861914e-05 10440
1778596272708 1.6098440979955457e-05 10460
1778596277946 1.6071714922048996e-05 10480
1778596283076 1.604498886414254e-05 10500
1778596311934 1.601826280623608e-05 10520
1778596317197 1.599153674832962e-05 10540
1778596322429 1.5964810690423163e-05 10560
1778596327721 1.5938084632516705e-05 10580
1778596332989 1.5911358574610245e-05 10600
1778596338181 1.5884632516703787e-05 10620
1778596343456 1.585790645879733e-05 10640
1778596348667 1.583118040089087e-05 10660
1778596353988 1.580445434298441e-05 10680
1778596359200 1.5777728285077954e-05 10700
1778596364494 1.5751002227171493e-05 10720
1778596369690 1.5724276169265032e-05 10740
1778596398576 1.5697550111358575e-05 10760
1778596403862 1.5670824053452114e-05 10780
1778596409029 1.5644097995545656e-05 10800
1778596414186 1.56173719376392e-05 10820
1778596419402 1.5590645879732738e-05 10840
1778596424650 1.556391982182628e-05 10860
1778596429791 1.5537193763919823e-05 10880
1778596435076 1.5510467706013362e-05 10900
1778596440255 1.5483741648106905e-05 10920
1778596445539 1.5457015590200447e-05 10940
1778596450705 1.5430289532293987e-05 10960
1778596455955 1.540356347438753e-05 10980
1778596461272 1.537683741648107e-05 11000
1778596490206 1.535011135857461e-05 11020
1778596495490 1.5323385300668153e-05 11040
1778596500691 1.5296659242761696e-05 11060
1778596505966 1.5269933184855235e-05 11080
1778596511113 1.5243207126948776e-05 11100
1778596516351 1.5216481069042315e-05 11120
1778596521435 1.5189755011135858e-05 11140
1778596526745 1.51630289532294e-05 11160
1778596531961 1.513630289532294e-05 11180
1778596537230 1.5109576837416482e-05 11200
1778596542504 1.5082850779510024e-05 11220
1778596547662 1.5056124721603562e-05 11240
1778596576483 1.5029398663697104e-05 11260
1778596581681 1.5002672605790647e-05 11280
1778596586894 1.4975946547884188e-05 11300
1778596592109 1.4949220489977728e-05 11320
1778596597354 1.492249443207127e-05 11340
1778596602703 1.4895768374164812e-05 11360
1778596608002 1.4869042316258353e-05 11380
1778596613259 1.4842316258351894e-05 11400
1778596618491 1.4815590200445434e-05 11420
1778596623781 1.4788864142538975e-05 11440
1778596628924 1.4762138084632516e-05 11460
1778596634169 1.4735412026726059e-05 11480
1778596639349 1.47086859688196e-05 11500
1778596668210 1.468195991091314e-05 11520
1778596673435 1.4655233853006683e-05 11540
1778596678626 1.4628507795100224e-05 11560
1778596683868 1.4601781737193765e-05 11580
1778596689088 1.4575055679287307e-05 11600
1778596694340 1.4548329621380846e-05 11620
1778596699596 1.4521603563474387e-05 11640
1778596704879 1.4494877505567928e-05 11660
1778596710010 1.446815144766147e-05 11680
1778596715188 1.4441425389755011e-05 11700
1778596720349 1.4414699331848552e-05 11720
1778596725466 1.4387973273942095e-05 11740
1778596754348 1.4361247216035636e-05 11760
1778596759650 1.4334521158129176e-05 11780
1778596764808 1.4307795100222719e-05 11800
1778596770011 1.4281069042316258e-05 11820
1778596775207 1.4254342984409799e-05 11840
1778596780343 1.4227616926503341e-05 11860
1778596785600 1.4200890868596882e-05 11880
1778596790808 1.4174164810690423e-05 11900
1778596796049 1.4147438752783966e-05 11920
1778596801268 1.4120712694877506e-05 11940
1778596806441 1.4093986636971047e-05 11960
1778596811751 1.4067260579064588e-05 11980
1778596817008 1.4040534521158129e-05 12000
1778596845827 1.401380846325167e-05 12020
1778596851019 1.398708240534521e-05 12040
1778596856214 1.3960356347438753e-05 12060
1778596861438 1.3933630289532294e-05 12080
1778596866690 1.3906904231625835e-05 12100
1778596871957 1.3880178173719377e-05 12120
1778596877225 1.3853452115812918e-05 12140
1778596882409 1.382672605790646e-05 12160
1778596887669 1.3800000000000002e-05 12180
1778596892940 1.3773273942093541e-05 12200
1778596898176 1.3746547884187082e-05 12220
1778596903394 1.3719821826280624e-05 12240
1778596932381 1.3693095768374165e-05 12260
1778596937608 1.3666369710467706e-05 12280
1778596942844 1.3639643652561248e-05 12300
1778596948109 1.361291759465479e-05 12320
1778596953385 1.358619153674833e-05 12340
1778596958613 1.3559465478841871e-05 12360
1778596963943 1.3532739420935414e-05 12380
1778596969204 1.3506013363028953e-05 12400
1778596974489 1.3479287305122494e-05 12420
1778596980118 1.3452561247216036e-05 12440
1778596985437 1.3425835189309577e-05 12460
1778596990781 1.3399109131403118e-05 12480
1778596996046 1.337238307349666e-05 12500
1778597024880 1.3345657015590201e-05 12520
1778597030110 1.3318930957683742e-05 12540
1778597035352 1.3292204899777285e-05 12560
1778597040643 1.3265478841870824e-05 12580
1778597045783 1.3238752783964365e-05 12600
1778597050959 1.3212026726057907e-05 12620
1778597056185 1.3185300668151448e-05 12640
1778597061429 1.3158574610244989e-05 12660
1778597066678 1.3131848552338531e-05 12680
1778597071966 1.3105122494432072e-05 12700
1778597077142 1.3078396436525613e-05 12720
1778597082347 1.3051670378619154e-05 12740
1778597111170 1.3024944320712696e-05 12760
1778597116324 1.2998218262806235e-05 12780
1778597121471 1.2971492204899776e-05 12800
1778597126713 1.2944766146993319e-05 12820
1778597131964 1.291804008908686e-05 12840
1778597137245 1.28913140311804e-05 12860
1778597142482 1.2864587973273943e-05 12880
1778597147718 1.2837861915367484e-05 12900
1778597152986 1.2811135857461025e-05 12920
1778597158151 1.2784409799554567e-05 12940
1778597163320 1.2757683741648108e-05 12960
1778597168609 1.2730957683741647e-05 12980
1778597173793 1.270423162583519e-05 13000
1778597202590 1.267750556792873e-05 13020
1778597207739 1.2650779510022272e-05 13040
1778597212888 1.2624053452115812e-05 13060
1778597218029 1.2597327394209355e-05 13080
1778597223227 1.2570601336302896e-05 13100
1778597228522 1.2543875278396437e-05 13120
1778597233669 1.2517149220489979e-05 13140
1778597238802 1.2490423162583518e-05 13160
1778597244014 1.2463697104677059e-05 13180
1778597249218 1.2436971046770602e-05 13200
1778597254435 1.2410244988864143e-05 13220
1778597259638 1.2383518930957683e-05 13240
1778597288449 1.2356792873051226e-05 13260
1778597293666 1.2330066815144767e-05 13280
1778597298882 1.2303340757238308e-05 13300
1778597304111 1.227661469933185e-05 13320
1778597309297 1.2249888641425391e-05 13340
1778597314443 1.222316258351893e-05 13360
1778597319692 1.2196436525612473e-05 13380
1778597324958 1.2169710467706013e-05 13400
1778597330191 1.2142984409799554e-05 13420
1778597335417 1.2116258351893095e-05 13440
1778597340643 1.2089532293986638e-05 13460
1778597345876 1.2062806236080179e-05 13480
1778597351098 1.203608017817372e-05 13500
1778597379964 1.2009354120267262e-05 13520
1778597385162 1.1982628062360803e-05 13540
1778597390408 1.1955902004454342e-05 13560
1778597395618 1.1929175946547884e-05 13580
1778597400795 1.1902449888641425e-05 13600
1778597405946 1.1875723830734966e-05 13620
1778597411136 1.1848997772828509e-05 13640
1778597416327 1.182227171492205e-05 13660
1778597421444 1.179554565701559e-05 13680
1778597426648 1.1768819599109133e-05 13700
1778597431833 1.1742093541202674e-05 13720
1778597437108 1.1715367483296215e-05 13740
1778597465857 1.1688641425389755e-05 13760
1778597470961 1.1661915367483296e-05 13780
1778597476203 1.1635189309576837e-05 13800
1778597481377 1.1608463251670378e-05 13820
1778597486564 1.158173719376392e-05 13840
1778597491756 1.1555011135857461e-05 13860
1778597496933 1.1528285077951002e-05 13880
1778597502025 1.1501559020044545e-05 13900
1778597507200 1.1474832962138086e-05 13920
1778597512391 1.1448106904231625e-05 13940
1778597517515 1.1421380846325167e-05 13960
1778597522673 1.1394654788418708e-05 13980
1778597527824 1.1367928730512249e-05 14000
1778597556435 1.1341202672605791e-05 14020
1778597561651 1.1314476614699332e-05 14040
1778597566757 1.1287750556792873e-05 14060
1778597571931 1.1261024498886416e-05 14080
1778597577034 1.1234298440979957e-05 14100
1778597582194 1.1207572383073497e-05 14120
1778597587350 1.1180846325167038e-05 14140
1778597592487 1.1154120267260579e-05 14160
1778597597703 1.112739420935412e-05 14180
1778597602813 1.110066815144766e-05 14200
1778597607889 1.1073942093541203e-05 14220
1778597613035 1.1047216035634744e-05 14240
1778597641705 1.1020489977728285e-05 14260
1778597646866 1.0993763919821828e-05 14280
1778597651951 1.0967037861915368e-05 14300
1778597657209 1.094031180400891e-05 14320
1778597662309 1.091358574610245e-05 14340
1778597667418 1.0886859688195991e-05 14360
1778597672597 1.0860133630289532e-05 14380
1778597677734 1.0833407572383074e-05 14400
1778597682767 1.0806681514476615e-05 14420
1778597687965 1.0779955456570156e-05 14440
1778597693109 1.0753229398663699e-05 14460
1778597698300 1.072650334075724e-05 14480
1778597703448 1.069977728285078e-05 14500
1778597732159 1.067305122494432e-05 14520
1778597737319 1.0646325167037862e-05 14540
1778597742436 1.0619599109131403e-05 14560
1778597747757 1.0592873051224944e-05 14580
1778597752969 1.0566146993318486e-05 14600
1778597758162 1.0539420935412027e-05 14620
1778597763407 1.0512694877505568e-05 14640
1778597768554 1.048596881959911e-05 14660
1778597773715 1.0459242761692651e-05 14680
1778597778913 1.0432516703786192e-05 14700
1778597784075 1.0405790645879733e-05 14720
1778597789260 1.0379064587973274e-05 14740
1778597817998 1.0352338530066815e-05 14760
1778597823183 1.0325612472160357e-05 14780
1778597828294 1.0298886414253898e-05 14800
1778597833470 1.0272160356347439e-05 14820
1778597838605 1.0245434298440981e-05 14840
1778597843845 1.0218708240534522e-05 14860
1778597848927 1.0191982182628063e-05 14880
1778597854056 1.0165256124721604e-05 14900
1778597859218 1.0138530066815145e-05 14920
1778597864403 1.0111804008908686e-05 14940
1778597869634 1.0085077951002226e-05 14960
1778597874784 1.0058351893095769e-05 14980
1778597880073 1.003162583518931e-05 15000
1778597908784 1.000489977728285e-05 15020
1778597913960 9.978173719376393e-06 15040
1778597919103 9.951447661469934e-06 15060
1778597924134 9.924721603563475e-06 15080
1778597929301 9.897995545657016e-06 15100
1778597934439 9.871269487750557e-06 15120
1778597939646 9.844543429844097e-06 15140
1778597944843 9.81781737193764e-06 15160
1778597949935 9.79109131403118e-06 15180
1778597955106 9.764365256124722e-06 15200
1778597960245 9.737639198218264e-06 15220
1778597965459 9.710913140311805e-06 15240
1778597994133 9.684187082405346e-06 15260
1778597999215 9.657461024498887e-06 15280
1778598004414 9.630734966592428e-06 15300
1778598009581 9.604008908685968e-06 15320
1778598014839 9.57728285077951e-06 15340
1778598019973 9.550556792873052e-06 15360
1778598024980 9.523830734966593e-06 15380
1778598030074 9.497104677060133e-06 15400
1778598035276 9.470378619153676e-06 15420
1778598040459 9.443652561247217e-06 15440
1778598045650 9.416926503340758e-06 15460
1778598050742 9.3902004454343e-06 15480
1778598055937 9.36347438752784e-06 15500
1778598084692 9.33674832962138e-06 15520
1778598089909 9.310022271714923e-06 15540
1778598095037 9.283296213808464e-06 15560
1778598100240 9.256570155902004e-06 15580
1778598105416 9.229844097995545e-06 15600
1778598110580 9.203118040089088e-06 15620
1778598115748 9.176391982182629e-06 15640
1778598120977 9.14966592427617e-06 15660
1778598126190 9.12293986636971e-06 15680
1778598131355 9.096213808463251e-06 15700
1778598136586 9.069487750556792e-06 15720
1778598141812 9.042761692650335e-06 15740
1778598170576 9.016035634743875e-06 15760
1778598175702 8.989309576837416e-06 15780
1778598180821 8.962583518930959e-06 15800
1778598185888 8.9358574610245e-06 15820
1778598191098 8.90913140311804e-06 15840
1778598196232 8.882405345211583e-06 15860
1778598201358 8.855679287305122e-06 15880
1778598206455 8.828953229398663e-06 15900
1778598211600 8.802227171492206e-06 15920
1778598216682 8.775501113585746e-06 15940
1778598221865 8.748775055679287e-06 15960
1778598227048 8.722048997772828e-06 15980
1778598232276 8.69532293986637e-06 16000
1778598261055 8.668596881959911e-06 16020
1778598266199 8.641870824053452e-06 16040
1778598271332 8.615144766146995e-06 16060
1778598276438 8.588418708240534e-06 16080
1778598281628 8.561692650334075e-06 16100
1778598286887 8.534966592427617e-06 16120
1778598291976 8.508240534521158e-06 16140
1778598297126 8.481514476614699e-06 16160
1778598302283 8.454788418708242e-06 16180
1778598307436 8.428062360801782e-06 16200
1778598312625 8.401336302895323e-06 16220
1778598317730 8.374610244988866e-06 16240
1778598346433 8.347884187082405e-06 16260
1778598351620 8.321158129175946e-06 16280
1778598356644 8.294432071269488e-06 16300
1778598361789 8.26770601336303e-06 16320
1778598366945 8.24097995545657e-06 16340
1778598372176 8.214253897550111e-06 16360
1778598377286 8.187527839643653e-06 16380
1778598382459 8.160801781737194e-06 16400
1778598387675 8.135412026726057e-06 16420
1778598392854 8.108685968819598e-06 16440
1778598397991 8.08195991091314e-06 16460
1778598403116 8.055233853006682e-06 16480
1778598408241 8.028507795100223e-06 16500
1778598436945 8.001781737193765e-06 16520
1778598441958 7.975055679287306e-06 16540
1778598447021 7.948329621380847e-06 16560
1778598452205 7.921603563474388e-06 16580
1778598457389 7.894877505567928e-06 16600
1778598462512 7.86815144766147e-06 16620
1778598467701 7.841425389755012e-06 16640
1778598472778 7.814699331848553e-06 16660
1778598478020 7.787973273942093e-06 16680
1778598483225 7.761247216035636e-06 16700
1778598488346 7.734521158129177e-06 16720
1778598493491 7.707795100222718e-06 16740
1778598522074 7.681069042316259e-06 16760
1778598527207 7.6543429844098e-06 16780
1778598532337 7.627616926503341e-06 16800
1778598537478 7.600890868596881e-06 16820
1778598542661 7.574164810690424e-06 16840
1778598547865 7.5474387527839645e-06 16860
1778598552995 7.520712694877505e-06 16880
1778598558092 7.493986636971047e-06 16900
1778598563257 7.467260579064588e-06 16920
1778598568308 7.4405345211581295e-06 16940
1778598573453 7.41380846325167e-06 16960
1778598578633 7.387082405345212e-06 16980
1778598583802 7.360356347438754e-06 17000
1778598612581 7.333630289532294e-06 17020
1778598617701 7.3069042316258355e-06 17040
1778598622882 7.280178173719376e-06 17060
1778598628032 7.253452115812918e-06 17080
1778598633274 7.226726057906459e-06 17100
1778598638448 7.2e-06 17120
1778598643627 7.173273942093541e-06 17140
1778598648828 7.146547884187083e-06 17160
1778598654028 7.119821826280624e-06 17180
1778598659236 7.093095768374165e-06 17200
1778598664428 7.066369710467706e-06 17220
1778598669549 7.039643652561247e-06 17240
1778598698306 7.012917594654789e-06 17260
1778598703457 6.98619153674833e-06 17280
1778598708570 6.959465478841871e-06 17300
1778598713747 6.932739420935412e-06 17320
1778598718908 6.906013363028953e-06 17340
1778598724017 6.879287305122495e-06 17360
1778598729216 6.8525612472160366e-06 17380
1778598734344 6.8258351893095766e-06 17400
1778598739487 6.799109131403118e-06 17420
1778598744719 6.772383073496659e-06 17440
1778598749864 6.745657015590201e-06 17460
1778598755047 6.7189309576837425e-06 17480
1778598760175 6.6922048997772825e-06 17500
1778598788982 6.665478841870824e-06 17520
1778598794178 6.638752783964366e-06 17540
1778598799332 6.612026726057907e-06 17560
1778598804520 6.585300668151448e-06 17580
1778598809689 6.558574610244988e-06 17600
1778598814836 6.53184855233853e-06 17620
1778598820043 6.505122494432072e-06 17640
1778598825144 6.478396436525613e-06 17660
1778598830364 6.4516703786191535e-06 17680
1778598835505 6.424944320712695e-06 17700
1778598840689 6.398218262806236e-06 17720
1778598845855 6.371492204899778e-06 17740
1778598874612 6.3447661469933185e-06 17760
1778598879766 6.318040089086859e-06 17780
1778598884846 6.291314031180401e-06 17800
1778598889970 6.264587973273942e-06 17820
1778598895114 6.237861915367484e-06 17840
1778598900289 6.211135857461025e-06 17860
1778598905460 6.184409799554565e-06 17880
1778598910598 6.157683741648107e-06 17900
1778598915714 6.130957683741649e-06 17920
1778598920850 6.1042316258351895e-06 17940
1778598926042 6.077505567928731e-06 17960
1778598931230 6.050779510022271e-06 17980
1778598936341 6.024053452115813e-06 18000
1778598965128 5.9973273942093546e-06 18020
1778598970278 5.970601336302895e-06 18040
1778598975537 5.943875278396437e-06 18060
1778598980682 5.917149220489978e-06 18080
1778598985756 5.890423162583519e-06 18100
1778598990876 5.8636971046770605e-06 18120
1778598996103 5.836971046770601e-06 18140
1778599001306 5.810244988864143e-06 18160
1778599006421 5.783518930957684e-06 18180
1778599011649 5.756792873051225e-06 18200
1778599016911 5.730066815144766e-06 18220
1778599022155 5.703340757238308e-06 18240
1778599050930 5.676614699331849e-06 18260
1778599056127 5.64988864142539e-06 18280
1778599061275 5.623162583518931e-06 18300
1778599066447 5.596436525612472e-06 18320
1778599071619 5.569710467706014e-06 18340
1778599076820 5.542984409799554e-06 18360
1778599082034 5.516258351893096e-06 18380
1778599087236 5.489532293986637e-06 18400
1778599092361 5.462806236080178e-06 18420
1778599097593 5.43608017817372e-06 18440
1778599102769 5.409354120267261e-06 18460
1778599107985 5.383964365256125e-06 18480
1778599113183 5.357238307349666e-06 18500
1778599142026 5.330512249443207e-06 18520
1778599147154 5.303786191536749e-06 18540
1778599152286 5.27706013363029e-06 18560
1778599157614 5.250334075723831e-06 18580
1778599162778 5.2236080178173716e-06 18600
1778599167926 5.196881959910913e-06 18620
1778599173136 5.170155902004455e-06 18640
1778599178353 5.143429844097996e-06 18660
1778599183573 5.116703786191537e-06 18680
1778599188857 5.089977728285078e-06 18700
1778599193971 5.063251670378619e-06 18720
1778599199151 5.036525612472161e-06 18740
1778599227876 5.009799554565702e-06 18760
1778599233046 4.9830734966592425e-06 18780
1778599238222 4.956347438752784e-06 18800
1778599243467 4.929621380846325e-06 18820
1778599248724 4.902895322939867e-06 18840
1778599253963 4.8761692650334085e-06 18860
1778599259117 4.8494432071269485e-06 18880
1778599264267 4.82271714922049e-06 18900
1778599269463 4.795991091314031e-06 18920
1778599274696 4.769265033407573e-06 18940
1778599279899 4.7425389755011135e-06 18960
1778599285125 4.715812917594654e-06 18980
1778599290398 4.689086859688196e-06 19000
1778599319180 4.662360801781738e-06 19020
1778599324256 4.635634743875279e-06 19040
1778599329446 4.6089086859688194e-06 19060
1778599334586 4.582182628062361e-06 19080
1778599339684 4.555456570155902e-06 19100
1778599344873 4.528730512249444e-06 19120
1778599350015 4.5020044543429845e-06 19140
1778599355216 4.475278396436525e-06 19160
1778599360384 4.448552338530067e-06 19180
1778599365455 4.421826280623608e-06 19200
1778599370538 4.39510022271715e-06 19220
1778599375683 4.368374164810691e-06 19240
1778599404573 4.341648106904231e-06 19260
1778599409701 4.314922048997773e-06 19280
1778602229297 4.288195991091314e-06 19300
1778602234136 4.2614699331848555e-06 19320
1778602239086 4.234743875278397e-06 19340
1778602244018 4.208017817371937e-06 19360
1778602248994 4.181291759465479e-06 19380
1778602253978 4.1545657015590206e-06 19400
1778602259005 4.127839643652561e-06 19420
1778602263992 4.101113585746103e-06 19440
1778602269106 4.074387527839643e-06 19460
1778602274032 4.047661469933185e-06 19480
1778602279009 4.0209354120267265e-06 19500
1778602306975 3.994209354120267e-06 19520
1778602311964 3.967483296213808e-06 19540
1778602317014 3.94075723830735e-06 19560
1778602321928 3.914031180400891e-06 19580
1778602326983 3.887305122494432e-06 19600
1778602331993 3.860579064587974e-06 19620
1778602337065 3.833853006681514e-06 19640
1778602342073 3.8071269487750558e-06 19660
1778602347228 3.7804008908685966e-06 19680
1778602352275 3.7536748329621383e-06 19700
1778602357360 3.726948775055679e-06 19720
1778602362370 3.700222717149221e-06 19740
1778602390659 3.6734966592427617e-06 19760
1778602395796 3.646770601336303e-06 19780
1778602400830 3.620044543429844e-06 19800
1778602406025 3.5933184855233855e-06 19820
1778602411058 3.5665924276169267e-06 19840
1778602416174 3.5398663697104676e-06 19860
1778602421276 3.513140311804009e-06 19880
1778602426494 3.4864142538975505e-06 19900
1778602431604 3.4596881959910914e-06 19920
1778602436607 3.4329621380846327e-06 19940
1778602441689 3.4062360801781735e-06 19960
1778602446790 3.379510022271715e-06 19980
1778602451876 3.352783964365256e-06 20000
1778602480313 3.3260579064587973e-06 20020
1778602485465 3.2993318485523386e-06 20040
1778602490574 3.27260579064588e-06 20060
1778602495649 3.245879732739421e-06 20080
1778602500684 3.219153674832962e-06 20100
1778602505901 3.1924276169265036e-06 20120
1778602511083 3.165701559020045e-06 20140
1778602516213 3.1389755011135857e-06 20160
1778602521279 3.112249443207127e-06 20180
1778602526458 3.0855233853006683e-06 20200
1778602531627 3.0587973273942095e-06 20220
1778602536733 3.0320712694877504e-06 20240
1778602565359 3.0053452115812917e-06 20260
1778602570523 2.9786191536748333e-06 20280
1778602575638 2.951893095768374e-06 20300
1778602580725 2.9251670378619155e-06 20320
1778602585835 2.8984409799554563e-06 20340
1778602590933 2.871714922048998e-06 20360
1778602596116 2.8449888641425393e-06 20380
1778602601222 2.81826280623608e-06 20400
1778602606388 2.7915367483296214e-06 20420
1778602611597 2.7648106904231626e-06 20440
1778602616727 2.738084632516704e-06 20460
1778602621914 2.712694877505568e-06 20480
1778602627078 2.6859688195991092e-06 20500
1778602655821 2.6592427616926505e-06 20520
1778602660987 2.6325167037861918e-06 20540
1778602666024 2.6057906458797326e-06 20560
1778602671194 2.579064587973274e-06 20580
1778602676352 2.552338530066815e-06 20600
1778602681440 2.5256124721603564e-06 20620
1778602686611 2.4988864142538977e-06 20640
1778602691713 2.4721603563474385e-06 20660
1778602696921 2.44543429844098e-06 20680
1778602702078 2.418708240534521e-06 20700
1778602707140 2.3919821826280623e-06 20720
1778602712216 2.365256124721604e-06 20740
1778602740921 2.338530066815145e-06 20760
1778602746080 2.311804008908686e-06 20780
1778602751206 2.285077951002227e-06 20800
1778602756306 2.2583518930957686e-06 20820
1778602761497 2.23162583518931e-06 20840
1778602766774 2.2048997772828508e-06 20860
1778602771984 2.178173719376392e-06 20880
1778602777154 2.1514476614699333e-06 20900
1778602782329 2.1247216035634746e-06 20920
1778602787541 2.0979955456570154e-06 20940
1778602792770 2.0712694877505567e-06 20960
1778602797925 2.0445434298440984e-06 20980
1778602803104 2.017817371937639e-06 21000
1778602831778 1.9910913140311805e-06 21020
1778602836995 1.9643652561247213e-06 21040
1778602842205 1.937639198218263e-06 21060
1778602847291 1.9109131403118043e-06 21080
1778602852443 1.8841870824053451e-06 21100
1778602857570 1.8574610244988864e-06 21120
1778602862691 1.8307349665924277e-06 21140
1778602867820 1.804008908685969e-06 21160
1778602873039 1.77728285077951e-06 21180
1778602878247 1.7505567928730512e-06 21200
1778602883349 1.7238307349665925e-06 21220
1778602888510 1.6971046770601336e-06 21240
1778602917160 1.670378619153675e-06 21260
1778602922342 1.643652561247216e-06 21280
1778602927477 1.6169265033407574e-06 21300
1778602932578 1.5902004454342984e-06 21320
1778602937771 1.5634743875278397e-06 21340
1778602943017 1.536748329621381e-06 21360
1778602948281 1.5100222717149222e-06 21380
1778602953387 1.4832962138084633e-06 21400
1778602958541 1.4565701559020045e-06 21420
1778602963734 1.4298440979955456e-06 21440
1778602968847 1.4031180400890869e-06 21460
1778602973985 1.3763919821826281e-06 21480
1778602979203 1.3496659242761694e-06 21500
1778603008084 1.3229398663697105e-06 21520
1778603013235 1.2962138084632517e-06 21540
1778603018518 1.2694877505567928e-06 21560
1778603023731 1.242761692650334e-06 21580
1778603028926 1.2160356347438753e-06 21600
1778603034156 1.1893095768374166e-06 21620
1778603039353 1.1625835189309576e-06 21640
1778603044432 1.135857461024499e-06 21660
1778603049599 1.10913140311804e-06 21680
1778603054761 1.0824053452115812e-06 21700
1778603059915 1.0556792873051225e-06 21720
1778603065008 1.0289532293986638e-06 21740
1778603093833 1.002227171492205e-06 21760
1778603099116 9.75501113585746e-07 21780
1778603104241 9.487750556792875e-07 21800
1778603109363 9.220489977728285e-07 21820
1778603114505 8.953229398663697e-07 21840
1778603119599 8.685968819599109e-07 21860
1778603124760 8.418708240534521e-07 21880
1778603129834 8.151447661469933e-07 21900
1778603135016 7.884187082405345e-07 21920
1778603140158 7.616926503340757e-07 21940
1778603145351 7.349665924276168e-07 21960
1778603150572 7.082405345211581e-07 21980
1778603155755 6.815144766146994e-07 22000
1778603184474 6.547884187082407e-07 22020
1778603189567 6.280623608017818e-07 22040
1778603194706 6.01336302895323e-07 22060
1778603199856 5.746102449888642e-07 22080
1778603205105 5.478841870824054e-07 22100
1778603210306 5.211581291759466e-07 22120
1778603215474 4.944320712694878e-07 22140
1778603220603 4.67706013363029e-07 22160
1778603225785 4.409799554565702e-07 22180
1778603231010 4.1425389755011137e-07 22200
1778603236115 3.875278396436526e-07 22220
1778603241285 3.608017817371938e-07 22240
1778603270095 3.3407572383073496e-07 22260
1778603275341 3.0734966592427617e-07 22280
1778603280461 2.806236080178174e-07 22300
1778603285602 2.5389755011135855e-07 22320
1778603290781 2.2717149220489979e-07 22340
1778603295993 2.00445434298441e-07 22360
1778603301179 1.737193763919822e-07 22380
1778603306265 1.4699331848552338e-07 22400
1778603311475 1.202672605790646e-07 22420
1778603316734 9.354120267260579e-08 22440
1778603321877 6.681514476614699e-08 22460
1778603327072 4.00890868596882e-08 22480
1778603332174 1.33630289532294e-08 22500
