1779078344051 0.056100981767180924 20
1779078363896 0.11220196353436185 40
1779078383501 0.16830294530154277 60
1779078399866 0.2244039270687237 80
1779078420479 0.2805049088359046 100
1779078441160 0.33660589060308554 120
1779078461833 0.39270687237026647 140
1779078482494 0.4488078541374474 160
1779078503432 0.5049088359046283 180
1779078524097 0.5610098176718092 200
1779078544721 0.6171107994389902 220
1779078565343 0.6732117812061711 240
1779078589454 0.7012622720897616 250
1779078600900 0.729312762973352 260
1779078621576 0.7854137447405329 280
1779078642276 0.8415147265077139 300
1779078663187 0.8976157082748948 320
1779078683825 0.9537166900420757 340
1779078703841 1.008415147265077 360
1779078724478 1.064516129032258 380
1779078745124 1.120617110799439 400
1779078765798 1.1767180925666199 420
1779078786417 1.2328190743338008 440
1779078807079 1.2889200561009817 460
1779078827757 1.3450210378681626 480
1779078848128 1.4011220196353436 500
1779078861658 1.4011220196353436 500
1779078882885 1.4572230014025245 520
1779078902993 1.5133239831697054 540
1779078923108 1.5694249649368865 560
1779078941980 1.6255259467040672 580
1779078962634 1.6816269284712484 600
1779078983325 1.737727910238429 620
1779079003969 1.7938288920056102 640
1779079024827 1.849929873772791 660
1779079045447 1.906030855539972 680
1779079066053 1.9621318373071528 700
1779079086124 2.016830294530154 720
1779079106807 2.0729312762973353 740
1779079131258 2.100981767180926 750
1779079142740 2.129032258064516 760
1779079163267 2.185133239831697 780
1779079183764 2.241234221598878 800
1779079204814 2.297335203366059 820
1779079225552 2.3534361851332397 840
1779079246289 2.409537166900421 860
1779079267021 2.4656381486676016 880
1779079287715 2.5217391304347827 900
1779079308353 2.5778401122019634 920
1779079329074 2.6339410939691446 940
1779079349685 2.6900420757363253 960
1779079370611 2.7461430575035064 980
1779079390871 2.802244039270687 1000
1779079404713 2.802244039270687 1000
1779079426233 2.8583450210378682 1020
1779079446507 2.914446002805049 1040
1779079466701 2.97054698457223 1060
1779079484808 3.0252454417952315 1080
1779079505581 3.081346423562412 1100
1779079526292 3.1374474053295933 1120
1779079547305 3.193548387096774 1140
1779079567986 3.249649368863955 1160
1779079588703 3.305750350631136 1180
1779079609379 3.361851332398317 1200
1779079630049 3.4179523141654977 1220
1779079650728 3.474053295932679 1240
1779079674980 3.5021037868162694 1250
1779079686522 3.53015427769986 1260
1779079707176 3.5862552594670407 1280
1779079728276 3.6423562412342214 1300
1779079749019 3.6984572230014026 1320
1779079769701 3.7545582047685837 1340
1779079790391 3.8106591865357644 1360
1779079811006 3.866760168302945 1380
1779079831612 3.9228611500701263 1400
1779079852372 3.9789621318373074 1420
1779079872551 4.033660589060308 1440
1779079893645 4.0897615708274895 1460
1779079914268 4.145862552594671 1480
1779079934599 4.201963534361852 1500
1779079948394 4.201963534361852 1500
1779079970450 4.258064516129032 1520
1779079990648 4.314165497896213 1540
1779080010746 4.370266479663394 1560
1779080029569 4.426367461430575 1580
1779080050230 4.482468443197756 1600
1779080071219 4.538569424964937 1620
1779080091976 4.594670406732118 1640
1779080112736 4.650771388499299 1660
1779080133409 4.706872370266479 1680
1779080154021 4.762973352033661 1700
1779080174735 4.819074333800842 1720
1779080195446 4.875175315568022 1740
1779080220009 4.903225806451613 1750
1779080232297 4.931276297335203 1760
1779080253046 4.987377279102384 1780
1779080259078 5.0 1785
1779080273547 5.0 1785
1779080291085 5.0 1785
1779080309357 5.0 0
