1779078344051 3.942617416381836 20
1779078363896 3.674724578857422 40
1779078383501 4.731125354766846 60
1779078399866 6.701633453369141 80
1779078420479 2.2393174171447754 100
1779078441160 2.768766164779663 120
1779078461833 2.4108076095581055 140
1779078482494 2.631965398788452 160
1779078503432 1.0786837339401245 180
1779078524097 1.679916262626648 200
1779078544721 1.234189510345459 220
1779078565343 1.1888469457626343 240
1779078600900 0.8236997723579407 260
1779078621576 1.3390806913375854 280
1779078642276 0.9290284514427185 300
1779078663187 1.977555751800537 320
1779078683825 2.5343761444091797 340
1779078703841 2.0962131023406982 360
1779078724478 3.8061792850494385 380
1779078745124 3.753967523574829 400
1779078765798 2.7963993549346924 420
1779078786417 1.2500760555267334 440
1779078807079 3.694756031036377 460
1779078827757 4.543799877166748 480
1779078848128 2.2312912940979004 500
1779078882885 6.4155778884887695 520
1779078902993 3.291590690612793 540
1779078923108 3.871107816696167 560
1779078941980 3.281296491622925 580
1779078962634 3.0536649227142334 600
1779078983325 1.2344125509262085 620
1779079003969 1.9372235536575317 640
1779079024827 6.730926036834717 660
1779079045447 0.9245263934135437 680
1779079066053 4.733587265014648 700
1779079086124 7.096869945526123 720
1779079106807 2.647881031036377 740
1779079142740 3.29618763923645 760
1779079163267 3.8622615337371826 780
1779079183764 2.493516206741333 800
1779079204814 3.321150302886963 820
1779079225552 1.514432668685913 840
1779079246289 3.1911542415618896 860
1779079267021 0.9713633060455322 880
1779079287715 2.282158613204956 900
1779079308353 2.5898826122283936 920
1779079329074 3.0433592796325684 940
1779079349685 2.750729560852051 960
1779079370611 2.275730848312378 980
1779079390871 1.807398796081543 1000
1779079426233 1.7914410829544067 1020
1779079446507 2.978386640548706 1040
1779079466701 1.9551361799240112 1060
1779079484808 4.205136775970459 1080
1779079505581 3.915046215057373 1100
1779079526292 2.254558563232422 1120
1779079547305 1.774112343788147 1140
1779079567986 4.235877990722656 1160
1779079588703 3.1153810024261475 1180
1779079609379 8.876084327697754 1200
1779079630049 2.9764938354492188 1220
1779079650728 1.7400766611099243 1240
1779079686522 4.536766529083252 1260
1779079707176 4.015000343322754 1280
1779079728276 2.177624225616455 1300
1779079749019 5.937203884124756 1320
1779079769701 7.082311153411865 1340
1779079790391 3.3612568378448486 1360
1779079811006 3.792926073074341 1380
1779079831612 3.4717907905578613 1400
1779079852372 3.8878841400146484 1420
1779079872551 5.813309669494629 1440
1779079893645 3.2931559085845947 1460
1779079914268 2.8740131855010986 1480
1779079934599 2.807493209838867 1500
1779079970450 4.430891036987305 1520
1779079990648 3.492279052734375 1540
1779080010746 2.4542391300201416 1560
1779080029569 3.4172067642211914 1580
1779080050230 5.99486780166626 1600
1779080071219 2.443310260772705 1620
1779080091976 2.664752244949341 1640
1779080112736 3.315765380859375 1660
1779080133409 3.3533718585968018 1680
1779080154021 4.428032875061035 1700
1779080174735 2.2310049533843994 1720
1779080195446 3.558835029602051 1740
1779080232297 2.7062058448791504 1760
1779080253046 5.360659122467041 1780
