1779078344051 0.696 20
1779078363896 0.6962 40
1779078383501 0.7112 60
1779078399866 0.6971 80
1779078420479 0.7012 100
1779078441160 0.7068 120
1779078461833 0.701 140
1779078482494 0.6856 160
1779078503432 0.6979 180
1779078524097 0.6984 200
1779078544721 0.6926 220
1779078565343 0.693 240
1779078600900 0.6913 260
1779078621576 0.6957 280
1779078642276 0.6906 300
1779078663187 0.6894 320
1779078683825 0.6864 340
1779078703841 0.691 360
1779078724478 0.6851 380
1779078745124 0.6938 400
1779078765798 0.6629 420
1779078786417 0.6992 440
1779078807079 0.6832 460
1779078827757 0.6855 480
1779078848128 0.6835 500
1779078882885 0.6799 520
1779078902993 0.664 540
1779078923108 0.6774 560
1779078941980 0.6827 580
1779078962634 0.6664 600
1779078983325 0.6763 620
1779079003969 0.6759 640
1779079024827 0.6734 660
1779079045447 0.6754 680
1779079066053 0.6667 700
1779079086124 0.6597 720
1779079106807 0.6667 740
1779079142740 0.6599 760
1779079163267 0.6603 780
1779079183764 0.6651 800
1779079204814 0.6457 820
1779079225552 0.6559 840
1779079246289 0.6481 860
1779079267021 0.649 880
1779079287715 0.6434 900
1779079308353 0.6569 920
1779079329074 0.658 940
1779079349685 0.6353 960
1779079370611 0.639 980
1779079390871 0.6382 1000
1779079426233 0.6373 1020
1779079446507 0.6329 1040
1779079466701 0.6449 1060
1779079484808 0.6041 1080
1779079505581 0.6201 1100
1779079526292 0.6285 1120
1779079547305 0.6351 1140
1779079567986 0.6264 1160
1779079588703 0.6192 1180
1779079609379 0.6089 1200
1779079630049 0.6059 1220
1779079650728 0.64 1240
1779079686522 0.6187 1260
1779079707176 0.6247 1280
1779079728276 0.6286 1300
1779079749019 0.6403 1320
1779079769701 0.6087 1340
1779079790391 0.6094 1360
1779079811006 0.6025 1380
1779079831612 0.6043 1400
1779079852372 0.6158 1420
1779079872551 0.6123 1440
1779079893645 0.6134 1460
1779079914268 0.5754 1480
1779079934599 0.5992 1500
1779079970450 0.5884 1520
1779079990648 0.6086 1540
1779080010746 0.6089 1560
1779080029569 0.5932 1580
1779080050230 0.6004 1600
1779080071219 0.6081 1620
1779080091976 0.6071 1640
1779080112736 0.604 1660
1779080133409 0.5939 1680
1779080154021 0.5923 1700
1779080174735 0.5831 1720
1779080195446 0.5918 1740
1779080232297 0.5873 1760
1779080253046 0.5973 1780
