1779342265732 0.41396787762641907 20
1779342289327 0.98688143491745 40
1779342312943 5.836359977722168 60
1779342336551 5.734044551849365 80
1779342360186 1.8681987524032593 100
1779342383785 13.285175323486328 120
1779342407461 4.564115524291992 140
1779342431068 4.050182819366455 160
1779342454680 2.780083656311035 180
1779342478358 5.599006652832031 200
1779342501919 5.219070911407471 220
1779342525250 3.6793644428253174 240
1779342596180 18.867660522460938 260
1779342619889 5.784194469451904 280
1779342643537 5.766839981079102 300
1779342667150 6.729029655456543 320
1779342690679 2.1057403087615967 340
1779342714315 3.570128917694092 360
1779342737951 4.099175930023193 380
1779342761691 4.112096309661865 400
1779342785259 2.6002197265625 420
1779342808702 2.379646062850952 440
1779342832233 2.879755735397339 460
1779342855801 3.552257776260376 480
1779342879458 3.0876834392547607 500
1779342950810 6.195416450500488 520
1779342974378 5.020627975463867 540
1779342997970 2.4560530185699463 560
1779343021524 3.466146945953369 580
1779343045161 3.0265913009643555 600
1779343068736 3.7455263137817383 620
1779343092211 5.135746955871582 640
1779343115680 2.9918372631073 660
1779343139298 4.99247932434082 680
1779343162775 4.908182144165039 700
1779343185926 8.559338569641113 720
1779343209540 4.323406219482422 740
1779343280683 11.730581283569336 760
1779343304323 5.069849967956543 780
1779343327931 3.9532413482666016 800
1779343351598 4.887723922729492 820
1779343375217 5.671099662780762 840
1779343398838 5.007503986358643 860
1779343422504 4.8966755867004395 880
1779343446228 5.550421714782715 900
1779343469895 5.08720588684082 920
1779343493596 9.204505920410156 940
1779343517296 3.7815847396850586 960
1779343541048 4.454483509063721 980
1779343564701 4.798364639282227 1000
1779343636261 6.6448798179626465 1020
1779343659949 5.238743782043457 1040
1779343683589 5.038261890411377 1060
1779343707152 5.5835442543029785 1080
1779343730640 7.037176132202148 1100
1779343754111 4.3935370445251465 1120
1779343777600 5.714874744415283 1140
1779343800972 4.93997049331665 1160
1779343824523 5.9198408126831055 1180
1779343847969 5.270874500274658 1200
1779343871528 4.2777533531188965 1220
1779343894994 5.117188453674316 1240
1779343965750 4.095060348510742 1260
1779343989387 5.4618916511535645 1280
1779344013067 9.866471290588379 1300
1779344036694 5.105637073516846 1320
1779344060113 4.772417068481445 1340
1779344083380 4.254754066467285 1360
1779344107197 5.840976238250732 1380
1779344130941 7.280892848968506 1400
1779344154689 5.688721179962158 1420
1779344178266 4.92256498336792 1440
1779344202153 5.083611488342285 1460
1779344225657 9.492036819458008 1480
1779344249568 8.165306091308594 1500
1779344321808 7.94040060043335 1520
1779344345868 12.577851295471191 1540
1779344370028 5.637201309204102 1560
1779344393746 7.687135219573975 1580
1779344417134 6.72474479675293 1600
1779344440577 10.498553276062012 1620
1779344464116 13.875828742980957 1640
1779344487743 8.81061840057373 1660
1779344511389 12.23183822631836 1680
1779344535025 5.162369251251221 1700
1779344558681 7.480653762817383 1720
1779344582105 12.598647117614746 1740
1779344652577 8.37297248840332 1760
1779344676152 8.057827949523926 1780
1779344699684 16.300762176513672 1800
1779344723167 7.505123138427734 1820
1779344746647 12.571638107299805 1840
1779344770176 9.497030258178711 1860
1779344793695 7.34044885635376 1880
1779344817180 9.103254318237305 1900
1779344840710 10.712910652160645 1920
1779344864198 8.887256622314453 1940
1779344887603 14.898765563964844 1960
1779344911159 10.190767288208008 1980
1779344934651 12.335570335388184 2000
1779345005880 14.729718208312988 2020
1779345029514 10.1987943649292 2040
1779345053073 9.468208312988281 2060
1779345076756 15.857287406921387 2080
1779345100384 11.340445518493652 2100
1779345123961 12.1405029296875 2120
1779345147045 8.8934326171875 2140
1779345170498 15.861563682556152 2160
1779345193955 12.17351245880127 2180
1779345217438 14.996950149536133 2200
1779345240924 15.720937728881836 2220
1779345264421 19.73781394958496 2240
1779345335678 6.382326126098633 2260
1779345359085 14.536216735839844 2280
1779345382480 13.658868789672852 2300
1779345405996 20.051464080810547 2320
1779345429410 10.062675476074219 2340
1779345452923 30.085975646972656 2360
1779345476482 22.34947967529297 2380
1779345500066 17.116710662841797 2400
1779345523533 11.657977104187012 2420
1779345547036 10.278143882751465 2440
1779345570597 10.93908977508545 2460
1779345593966 18.521610260009766 2480
1779345617472 13.366800308227539 2500
1779345688643 21.538646697998047 2520
1779345712091 12.015641212463379 2540
1779345735526 16.575685501098633 2560
1779345759007 16.697057723999023 2580
1779345782284 13.5463285446167 2600
1779345805610 15.946459770202637 2620
1779345828965 19.352916717529297 2640
1779345852301 8.749077796936035 2660
1779345875678 7.719117641448975 2680
1779345899116 15.764384269714355 2700
1779345922668 12.22619915008545 2720
1779345946132 23.96236801147461 2740
1779346016982 15.564620018005371 2760
1779346040416 14.095184326171875 2780
1779346063811 16.389598846435547 2800
1779346087331 11.304603576660156 2820
1779346110753 12.291807174682617 2840
1779346133639 12.211671829223633 2860
1779346157053 17.430418014526367 2880
1779346180545 32.591339111328125 2900
1779346204178 18.09444236755371 2920
1779346227707 20.2861270904541 2940
1779346251237 23.687828063964844 2960
1779346274682 13.650604248046875 2980
1779346298216 34.70588684082031 3000
1779346369424 16.802358627319336 3020
1779346392955 17.19550132751465 3040
1779346416491 11.303487777709961 3060
1779346440063 9.933295249938965 3080
1779346463653 11.919829368591309 3100
1779346487301 12.572644233703613 3120
1779346510943 31.48317527770996 3140
1779346534510 13.325671195983887 3160
1779346558171 20.63107681274414 3180
1779346581814 11.528717041015625 3200
1779346605281 21.042470932006836 3220
1779346628839 21.710844039916992 3240
1779346700155 12.764350891113281 3260
1779346723618 17.832679748535156 3280
1779346747158 15.63709831237793 3300
1779346770688 12.878173828125 3320
1779346794208 20.417064666748047 3340
1779346817786 13.227542877197266 3360
1779346841339 28.7233943939209 3380
1779346864767 17.624202728271484 3400
1779346888396 14.912056922912598 3420
1779346912128 12.70588493347168 3440
1779346935911 15.124795913696289 3460
1779346959499 23.06014633178711 3480
1779346983030 21.40224838256836 3500
1779347054503 28.4127254486084 3520
1779347078122 13.881402969360352 3540
1779347101477 17.420576095581055 3560
