1778362046310 9.352758407592773 20
1778362064713 8.443888664245605 40
1778362083049 8.652239799499512 60
1778362101478 9.286728858947754 80
1778362119643 8.2056303024292 100
1778362138128 9.187070846557617 120
1778362156458 9.311755180358887 140
1778362175155 13.10220718383789 160
1778362193408 9.792457580566406 180
1778362211962 12.752817153930664 200
1778362230145 5.09034538269043 220
1778362248947 13.315449714660645 240
1778362448650 5.777157783508301 260
1778362467281 26.346668243408203 280
1778362485653 14.980951309204102 300
1778362504038 18.33633804321289 320
1778362522381 2.0281589031219482 340
1778362540866 25.820682525634766 360
1778362559169 1.6342099905014038 380
1778362577473 29.749963760375977 400
1778362595719 2.8988211154937744 420
1778362614110 12.608183860778809 440
1778362632273 1.9710617065429688 460
1778362650774 6.717953205108643 480
1778362669267 43.96582794189453 500
1778362870034 1.8431466817855835 520
1778362888199 12.317480087280273 540
1778362906697 26.46761131286621 560
1778362924815 37.07379150390625 580
1778362943300 13.57072925567627 600
1778362961700 6.773282051086426 620
1778362980350 15.779882431030273 640
1778362998695 1.286744236946106 660
1778363017157 6.171716690063477 680
1778363035186 0.09833469986915588 700
1778363053885 3.2733418941497803 720
1778363072258 0.026842502877116203 740
1778363272953 7.392170429229736 760
1778363291142 0.03668193519115448 780
1778363309525 42.1858024597168 800
1778363327705 0.23714405298233032 820
1778363346235 5.789423942565918 840
1778363364553 3.4890646934509277 860
1778363383145 15.953582763671875 880
1778363401274 2.2268338203430176 900
1778363419539 62.49547576904297 920
1778363437834 0.6816614866256714 940
1778363456359 50.16590118408203 960
1778363474678 0.6082806587219238 980
1778363493377 85.20435333251953 1000
1778363693773 44.26936340332031 1020
1778363712163 1.6119338274002075 1040
1778363730746 8.221261024475098 1060
1778363748848 0.009675360284745693 1080
1778363767296 10.569162368774414 1100
1778363785438 1.011247158050537 1120
1778363803953 13.37546443939209 1140
1778363822386 5.093563079833984 1160
1778363840755 2.4766221046447754 1180
1778363859086 23.943504333496094 1200
1778363877989 0.04757598415017128 1220
1778363896422 0.00950004905462265 1240
1778364096908 31.67591667175293 1260
1778364114980 4.682611465454102 1280
1778364133807 2.023358106613159 1300
1778364152089 0.13752231001853943 1320
1778364170638 0.018319133669137955 1340
1778364188928 0.25529104471206665 1360
1778364207435 0.626824676990509 1380
1778364225821 0.019943587481975555 1400
1778364244409 0.005634381901472807 1420
1778364262673 7.15380334854126 1440
1778364281276 42.57963180541992 1460
1778364299898 0.04687166586518288 1480
1778364318448 59.506935119628906 1500
1778364518287 11.856619834899902 1520
1778364537066 51.02857971191406 1540
1778364555223 32.032894134521484 1560
1778364573438 0.012328498996794224 1580
1778364591457 0.25924932956695557 1600
1778364609715 0.06626623123884201 1620
1778364627871 26.297536849975586 1640
1778364646167 0.00562328053638339 1660
1778364664514 15.526345252990723 1680
1778364683323 19.346681594848633 1700
1778364701596 19.601842880249023 1720
1778364720069 0.0019327751360833645 1740
1778364919261 0.1742049604654312 1760
1778364938020 0.9682822227478027 1780
1778364956163 0.0008123227744363248 1800
1778364974527 54.23876190185547 1820
1778364993038 0.005302637815475464 1840
1778365011634 0.003758990438655019 1860
1778365029762 0.76099693775177 1880
1778365047906 1.1392390727996826 1900
1778365066081 91.36537170410156 1920
1778365084499 0.005821506027132273 1940
1778365102724 0.016073768958449364 1960
1778365121167 47.118690490722656 1980
1778365139518 16.106142044067383 2000
1778365338803 5.087253093719482 2020
1778365357117 0.0033777442295104265 2040
1778365375347 0.13003796339035034 2060
1778365394015 29.660400390625 2080
1778365412329 4.663392066955566 2100
1778365431057 58.0639533996582 2120
1778365449194 0.1066204234957695 2140
1778365467778 56.6483154296875 2160
1778365486123 0.004652660805732012 2180
1778365504506 6.758662223815918 2200
1778365522752 0.8267990350723267 2220
1778365541032 3.066575050354004 2240
1778365740824 0.010825328528881073 2260
1778365759255 0.0008283390779979527 2280
1778365777377 9.55034065246582 2300
1778365795771 0.2666916847229004 2320
1778365814055 15.968504905700684 2340
1778365832456 94.50198364257812 2360
1778365850591 13.685057640075684 2380
1778365868945 0.0059860399924218655 2400
1778365887078 11.0850830078125 2420
1778365905787 0.005048766732215881 2440
1778365924079 0.004090260714292526 2460
1778365942645 0.6837284564971924 2480
1778365960886 0.04645508527755737 2500
1778366160063 0.010973588563501835 2520
1778366178282 13.88991641998291 2540
1778366196536 0.0015820462722331285 2560
1778366214850 9.217859268188477 2580
1778366233365 2.900115966796875 2600
1778366251719 134.12510681152344 2620
1778366270014 1.1406618356704712 2640
1778366288130 0.41418877243995667 2660
1778366306334 0.004391873255372047 2680
1778366324534 0.003958203364163637 2700
1778366342700 1.12125563621521 2720
1778366360871 0.16094505786895752 2740
1778366556526 2.807986259460449 2760
1778366574404 0.12969855964183807 2780
1778366592428 0.045937832444906235 2800
1778366610325 0.004005829803645611 2820
1778366628301 39.369503021240234 2840
1778366646199 0.014276048168540001 2860
1778366664221 0.001264846185222268 2880
1778366682142 0.0007648100727237761 2900
1778366700184 0.06990005075931549 2920
1778366718121 7.352262020111084 2940
1778366736390 0.006337203085422516 2960
1778366754327 0.0026988647878170013 2980
1778366772321 47.65083312988281 3000
1778366968823 0.16320696473121643 3020
1778366986966 0.5527771711349487 3040
1778367005286 49.463134765625 3060
1778367023403 61.85569763183594 3080
1778367041690 1.0843161344528198 3100
1778367059872 0.0007576618809252977 3120
1778367078185 0.014377538114786148 3140
1778367096278 0.000807699398137629 3160
1778367114275 65.0361328125 3180
1778367132576 97.84891510009766 3200
1778367150711 80.03266906738281 3220
1778367169035 0.6035438179969788 3240
1778367365812 0.0008662176551297307 3260
1778367383859 0.00017573573859408498 3280
1778367401907 0.006375826895236969 3300
1778367420007 0.10425902158021927 3320
1778367438222 0.008883951231837273 3340
1778367456193 0.0018923257011920214 3360
1778367474177 17.08927345275879 3380
1778367492234 6.288778781890869 3400
1778367510244 18.364933013916016 3420
1778367528385 12.734817504882812 3440
1778367546567 104.18669128417969 3460
1778367564672 0.3000537157058716 3480
1778367582654 90.85685729980469 3500
1778367777015 12.899372100830078 3520
1778367795252 0.007106451783329248 3540
1778367813115 0.038870394229888916 3560
1778367831082 15.927342414855957 3580
1778367848973 7.310144424438477 3600
1778367866975 0.008523093536496162 3620
1778367884869 9.389618873596191 3640
1778367903046 0.09069522470235825 3660
1778367920923 0.0003519613528624177 3680
1778367938859 115.22701263427734 3700
1778367956746 4.404393621371128e-05 3720
1778367974905 0.00037940964102745056 3740
