1778362046310 1.1400000000000001e-05 20
1778362064713 2.3400000000000003e-05 40
1778362083049 2.999248956884562e-05 60
1778362101478 2.9975799721835883e-05 80
1778362119643 2.995910987482615e-05 100
1778362138128 2.994242002781641e-05 120
1778362156458 2.9925730180806676e-05 140
1778362175155 2.990904033379694e-05 160
1778362193408 2.9892350486787204e-05 180
1778362211962 2.9875660639777466e-05 200
1778362230145 2.9858970792767735e-05 220
1778362248947 2.9842280945758e-05 240
1778362448650 2.9825591098748263e-05 260
1778362467281 2.980890125173853e-05 280
1778362485653 2.979221140472879e-05 300
1778362504038 2.9775521557719056e-05 320
1778362522381 2.975883171070932e-05 340
1778362540866 2.9742141863699584e-05 360
1778362559169 2.972545201668985e-05 380
1778362577473 2.9708762169680112e-05 400
1778362595719 2.9692072322670377e-05 420
1778362614110 2.967538247566064e-05 440
1778362632273 2.9658692628650905e-05 460
1778362650774 2.9642002781641167e-05 480
1778362669267 2.9625312934631433e-05 500
1778362870034 2.96086230876217e-05 520
1778362888199 2.959193324061196e-05 540
1778362906697 2.9575243393602226e-05 560
1778362924815 2.955855354659249e-05 580
1778362943300 2.9541863699582754e-05 600
1778362961700 2.9525173852573016e-05 620
1778362980350 2.9508484005563282e-05 640
1778362998695 2.9491794158553548e-05 660
1778363017157 2.947510431154381e-05 680
1778363035186 2.9458414464534075e-05 700
1778363053885 2.944172461752434e-05 720
1778363072258 2.9425034770514606e-05 740
1778363272953 2.940834492350487e-05 760
1778363291142 2.9391655076495134e-05 780
1778363309525 2.93749652294854e-05 800
1778363327705 2.9358275382475662e-05 820
1778363346235 2.9341585535465928e-05 840
1778363364553 2.932489568845619e-05 860
1778363383145 2.9308205841446455e-05 880
1778363401274 2.9291515994436718e-05 900
1778363419539 2.9274826147426983e-05 920
1778363437834 2.9258136300417245e-05 940
1778363456359 2.924144645340751e-05 960
1778363474678 2.9224756606397776e-05 980
1778363493377 2.920806675938804e-05 1000
1778363693773 2.9191376912378304e-05 1020
1778363712163 2.9174687065368566e-05 1040
1778363730746 2.9157997218358832e-05 1060
1778363748848 2.9141307371349094e-05 1080
1778363767296 2.912461752433936e-05 1100
1778363785438 2.9107927677329625e-05 1120
1778363803953 2.9091237830319888e-05 1140
1778363822386 2.9074547983310153e-05 1160
1778363840755 2.9057858136300415e-05 1180
1778363859086 2.9041168289290684e-05 1200
1778363877989 2.9024478442280946e-05 1220
1778363896422 2.9007788595271212e-05 1240
1778364096908 2.8991098748261478e-05 1260
1778364114980 2.897440890125174e-05 1280
1778364133807 2.8957719054242005e-05 1300
1778364152089 2.8941029207232268e-05 1320
1778364170638 2.8924339360222533e-05 1340
1778364188928 2.8907649513212795e-05 1360
1778364207435 2.889095966620306e-05 1380
1778364225821 2.8874269819193327e-05 1400
1778364244409 2.885757997218359e-05 1420
1778364262673 2.8840890125173854e-05 1440
1778364281276 2.8824200278164116e-05 1460
1778364299898 2.8807510431154382e-05 1480
1778364318448 2.8790820584144644e-05 1500
1778364518287 2.877413073713491e-05 1520
1778364537066 2.8757440890125175e-05 1540
1778364555223 2.8740751043115438e-05 1560
1778364573438 2.8724061196105703e-05 1580
1778364591457 2.8707371349095965e-05 1600
1778364609715 2.869068150208623e-05 1620
1778364627871 2.8673991655076493e-05 1640
1778364646167 2.865730180806676e-05 1660
1778364664514 2.8640611961057024e-05 1680
1778364683323 2.862392211404729e-05 1700
1778364701596 2.8607232267037555e-05 1720
1778364720069 2.8590542420027818e-05 1740
1778364919261 2.8573852573018083e-05 1760
1778364938020 2.8557162726008345e-05 1780
1778364956163 2.854047287899861e-05 1800
1778364974527 2.8523783031988873e-05 1820
1778364993038 2.850709318497914e-05 1840
1778365011634 2.8490403337969404e-05 1860
1778365029762 2.8473713490959667e-05 1880
1778365047906 2.8457023643949932e-05 1900
1778365066081 2.8440333796940194e-05 1920
1778365084499 2.842364394993046e-05 1940
1778365102724 2.8406954102920722e-05 1960
1778365121167 2.8390264255910988e-05 1980
1778365139518 2.8373574408901253e-05 2000
1778365338803 2.8356884561891515e-05 2020
1778365357117 2.834019471488178e-05 2040
1778365375347 2.8323504867872043e-05 2060
1778365394015 2.830681502086231e-05 2080
1778365412329 2.829012517385257e-05 2100
1778365431057 2.8273435326842837e-05 2120
1778365449194 2.8256745479833102e-05 2140
1778365467778 2.8240055632823368e-05 2160
1778365486123 2.8223365785813633e-05 2180
1778365504506 2.8206675938803895e-05 2200
1778365522752 2.818998609179416e-05 2220
1778365541032 2.8173296244784423e-05 2240
1778365740824 2.815660639777469e-05 2260
1778365759255 2.8139916550764954e-05 2280
1778365777377 2.8123226703755217e-05 2300
1778365795771 2.8106536856745482e-05 2320
1778365814055 2.8089847009735744e-05 2340
1778365832456 2.807315716272601e-05 2360
1778365850591 2.8056467315716272e-05 2380
1778365868945 2.8039777468706538e-05 2400
1778365887078 2.80230876216968e-05 2420
1778365905787 2.8006397774687066e-05 2440
1778365924079 2.798970792767733e-05 2460
1778365942645 2.7973018080667593e-05 2480
1778365960886 2.795632823365786e-05 2500
1778366160063 2.793963838664812e-05 2520
1778366178282 2.7922948539638387e-05 2540
1778366196536 2.790625869262865e-05 2560
1778366214850 2.7889568845618914e-05 2580
1778366233365 2.787287899860918e-05 2600
1778366251719 2.7856189151599442e-05 2620
1778366270014 2.783949930458971e-05 2640
1778366288130 2.7822809457579973e-05 2660
1778366306334 2.780611961057024e-05 2680
1778366324534 2.77894297635605e-05 2700
1778366342700 2.7772739916550767e-05 2720
1778366360871 2.7756050069541032e-05 2740
1778366556526 2.7739360222531294e-05 2760
1778366574404 2.772267037552156e-05 2780
1778366592428 2.7705980528511822e-05 2800
1778366610325 2.7689290681502088e-05 2820
1778366628301 2.767260083449235e-05 2840
1778366646199 2.7655910987482616e-05 2860
1778366664221 2.763922114047288e-05 2880
1778366682142 2.7622531293463143e-05 2900
1778366700184 2.760584144645341e-05 2920
1778366718121 2.758915159944367e-05 2940
1778366736390 2.7572461752433937e-05 2960
1778366754327 2.75557719054242e-05 2980
1778366772321 2.7539082058414464e-05 3000
1778366968823 2.752239221140473e-05 3020
1778366986966 2.7505702364394992e-05 3040
1778367005286 2.7489012517385258e-05 3060
1778367023403 2.747232267037552e-05 3080
1778367041690 2.7455632823365786e-05 3100
1778367059872 2.743894297635605e-05 3120
1778367078185 2.7422253129346317e-05 3140
1778367096278 2.7405563282336582e-05 3160
1778367114275 2.7388873435326845e-05 3180
1778367132576 2.737218358831711e-05 3200
1778367150711 2.7355493741307372e-05 3220
1778367169035 2.7338803894297638e-05 3240
1778367365812 2.73221140472879e-05 3260
1778367383859 2.7305424200278166e-05 3280
1778367401907 2.7288734353268428e-05 3300
1778367420007 2.7272044506258693e-05 3320
1778367438222 2.725535465924896e-05 3340
1778367456193 2.723866481223922e-05 3360
1778367474177 2.7221974965229487e-05 3380
1778367492234 2.720528511821975e-05 3400
1778367510244 2.7188595271210015e-05 3420
1778367528385 2.7171905424200277e-05 3440
1778367546567 2.7155215577190542e-05 3460
1778367564672 2.7138525730180808e-05 3480
1778367582654 2.712183588317107e-05 3500
1778367777015 2.7105146036161336e-05 3520
1778367795252 2.7088456189151598e-05 3540
1778367813115 2.7071766342141863e-05 3560
1778367831082 2.7055076495132126e-05 3580
1778367848973 2.7038386648122395e-05 3600
1778367866975 2.702169680111266e-05 3620
1778367884869 2.7005006954102922e-05 3640
1778367903046 2.6988317107093188e-05 3660
1778367920923 2.697162726008345e-05 3680
1778367938859 2.6954937413073716e-05 3700
1778367956746 2.6938247566063978e-05 3720
1778367974905 2.6921557719054243e-05 3740
