1778598861813 2.094785213470459 20
1778598862422 2.438422203063965 40
1778598863021 1.6261398792266846 60
1778598863603 2.0776941776275635 80
1778598864205 3.1036083698272705 100
1778598864813 2.5959043502807617 120
1778598865423 3.5330541133880615 140
1778598866023 12.221772193908691 160
1778598866621 5.987764358520508 180
1778598867213 4.64433479309082 200
1778598867803 7.344742298126221 220
1778598868392 3.717064380645752 240
1778598870326 7.384514808654785 260
1778598870918 4.61190938949585 280
1778598871514 7.018535137176514 300
1778598872110 4.809915542602539 320
1778598872706 5.953915119171143 340
1778598873294 5.496737957000732 360
1778598873883 3.326137065887451 380
1778598874472 2.527397871017456 400
1778598875060 8.514253616333008 420
1778598875649 4.983227252960205 440
1778598876237 6.611939907073975 460
1778598876826 10.960519790649414 480
1778598877422 4.593748569488525 500
1778598879350 5.045672416687012 520
1778598879937 4.325265884399414 540
1778598880525 3.48160457611084 560
1778598881113 1.8022184371948242 580
1778598881700 9.732908248901367 600
1778598882288 5.360560894012451 620
1778598882876 3.9754104614257812 640
1778598883465 7.770786762237549 660
1778598884052 7.625203609466553 680
1778598884641 5.5365777015686035 700
1778598885237 14.261873245239258 720
1778598885826 19.922544479370117 740
1778598887938 3.5954666137695312 760
1778598888526 5.585738658905029 780
1778598889114 7.195033550262451 800
1778598889704 2.363090991973877 820
1778598890294 0.8641655445098877 840
1778598890892 12.443821907043457 860
1778598891482 20.87291717529297 880
1778598892071 2.6967074871063232 900
1778598892659 3.8798916339874268 920
1778598893262 0.28969594836235046 940
1778598893878 8.320605278015137 960
1778598894489 21.805572509765625 980
1778598895102 0.30007851123809814 1000
1778598897408 20.399829864501953 1020
1778598898015 0.09564944356679916 1040
1778598898610 4.951880931854248 1060
1778598899199 17.565340042114258 1080
1778598899787 0.6052828431129456 1100
1778598900379 0.14491793513298035 1120
1778598900984 0.12037570029497147 1140
1778598901588 0.31351378560066223 1160
1778598902196 0.09273091703653336 1180
1778598902805 25.08572769165039 1200
1778598903419 46.13688659667969 1220
1778598904021 28.155319213867188 1240
1778598906175 0.4126532971858978 1260
1778598906779 0.05252911522984505 1280
1778598907369 0.03692367672920227 1300
1778598907958 0.1365838646888733 1320
1778598908546 43.55552673339844 1340
1778598909135 23.92336654663086 1360
1778598909723 0.3666768968105316 1380
1778598910312 0.04355430230498314 1400
1778598910901 11.529666900634766 1420
1778598911490 0.040471479296684265 1440
1778598912078 4.031870365142822 1460
1778598912666 0.5188707113265991 1480
1778598913255 6.904385566711426 1500
1778598915177 0.041591495275497437 1520
1778598915765 2.822134017944336 1540
1778598916359 0.03986891731619835 1560
1778598916949 14.391518592834473 1580
1778598917539 0.06485041230916977 1600
1778598918128 0.05467656999826431 1620
1778598918717 3.517092227935791 1640
1778598919324 0.04890218377113342 1660
1778598919912 0.036534711718559265 1680
1778598920508 0.07148392498493195 1700
1778598921117 0.04494421184062958 1720
1778598921741 0.10845080763101578 1740
1778598924050 0.033919014036655426 1760
1778598924658 0.46915826201438904 1780
1778598925263 0.045877303928136826 1800
1778598925861 1.7959915399551392 1820
