1778598861813 0.6971 20
1778598862422 0.6898 40
1778598863021 0.6931 60
1778598863603 0.6908 80
1778598864205 0.6839 100
1778598864813 0.6715 120
1778598865423 0.6454 140
1778598866023 0.5805 160
1778598866621 0.5306 180
1778598867213 0.485 200
1778598867803 0.4533 220
1778598868392 0.4213 240
1778598870326 0.4287 260
1778598870918 0.4262 280
1778598871514 0.3947 300
1778598872110 0.431 320
1778598872706 0.4442 340
1778598873294 0.4537 360
1778598873883 0.3487 380
1778598874472 0.2806 400
1778598875060 0.305 420
1778598875649 0.3018 440
1778598876237 0.2505 460
1778598876826 0.2299 480
1778598877422 0.3341 500
1778598879350 0.2738 520
1778598879937 0.3265 540
1778598880525 0.2279 560
1778598881113 0.1283 580
1778598881700 0.214 600
1778598882288 0.1626 620
1778598882876 0.2207 640
1778598883465 0.2035 660
1778598884052 0.1879 680
1778598884641 0.1613 700
1778598885237 0.1959 720
1778598885826 0.1447 740
1778598887938 0.1167 760
1778598888526 0.1404 780
1778598889114 0.1188 800
1778598889704 0.1109 820
1778598890294 0.0878 840
1778598890892 0.1021 860
1778598891482 0.104 880
1778598892071 0.1261 900
1778598892659 0.0775 920
1778598893262 0.1005 940
1778598893878 0.0706 960
1778598894489 0.0752 980
1778598895102 0.091 1000
1778598897408 0.056 1020
1778598898015 0.0533 1040
1778598898610 0.0881 1060
1778598899199 0.0898 1080
1778598899787 0.0567 1100
1778598900379 0.0705 1120
1778598900984 0.0507 1140
1778598901588 0.0131 1160
1778598902196 0.0409 1180
1778598902805 0.0625 1200
1778598903419 0.0521 1220
1778598904021 0.032 1240
1778598906175 0.0136 1260
1778598906779 0.05 1280
1778598907369 0.031 1300
1778598907958 0.0053 1320
1778598908546 0.0528 1340
1778598909135 0.026 1360
1778598909723 0.0205 1380
1778598910312 0.0385 1400
1778598910901 0.0288 1420
1778598911490 0.0598 1440
1778598912078 0.0515 1460
1778598912666 0.0341 1480
1778598913255 0.0559 1500
1778598915177 0.0135 1520
1778598915765 0.0147 1540
1778598916359 0.011 1560
1778598916949 0.0213 1580
1778598917539 0.0172 1600
1778598918128 0.0221 1620
1778598918717 0.0044 1640
1778598919324 0.0354 1660
1778598919912 0.0121 1680
1778598920508 0.0143 1700
1778598921117 0.0216 1720
1778598921741 0.0298 1740
1778598924050 0.0323 1760
1778598924658 0.0026 1780
1778598925263 0.0237 1800
1778598925861 0.0184 1820
