1778840582195 0.019474196689386564 20
1778840589027 0.03894839337877313 40
1778840595871 0.05842259006815969 60
1778840602719 0.07789678675754626 80
1778840609559 0.09737098344693282 100
1778840616401 0.11684518013631938 120
1778840623243 0.13631937682570594 140
1778840630087 0.15579357351509251 160
1778840636928 0.17526777020447906 180
1778840643769 0.19474196689386564 200
1778840650612 0.21421616358325218 220
1778840657454 0.23369036027263876 240
1778840702860 0.24342745861733203 250
1778840707816 0.25316455696202533 260
1778840714657 0.2726387536514119 280
1778840721492 0.2921129503407984 300
1778840728327 0.31158714703018503 320
1778840735161 0.3310613437195716 340
1778840741996 0.3505355404089581 360
1778840748831 0.37000973709834467 380
1778840755667 0.3894839337877313 400
1778840762501 0.4089581304771178 420
1778840769336 0.42843232716650437 440
1778840776172 0.44790652385589097 460
1778840783008 0.4673807205452775 480
1778840789843 0.48685491723466406 500
1778840831679 0.48685491723466406 500
1778840840052 0.5063291139240507 520
1778840846896 0.5258033106134372 540
1778840853735 0.5452775073028238 560
1778840860575 0.5647517039922103 580
1778840867415 0.5842259006815969 600
1778840874255 0.6037000973709834 620
1778840881096 0.6231742940603701 640
1778840887936 0.6426484907497566 660
1778840894778 0.6621226874391432 680
1778840901619 0.6815968841285297 700
1778840908460 0.7010710808179162 720
1778840915301 0.7205452775073028 740
1778840960584 0.7302823758519961 750
1778840965754 0.7400194741966893 760
1778840972601 0.759493670886076 780
1778840979443 0.7789678675754625 800
1778840986283 0.7984420642648491 820
1778840993124 0.8179162609542356 840
1778840999966 0.8373904576436222 860
1778841006807 0.8568646543330087 880
1778841013649 0.8763388510223953 900
1778841020491 0.8958130477117819 920
1778841027334 0.9152872444011685 940
1778841034175 0.934761441090555 960
1778841041018 0.9542356377799416 980
1778841047860 0.9737098344693281 1000
1778841089729 0.9737098344693281 1000
1778841098333 0.9931840311587147 1020
1778841104984 1.0126582278481013 1040
1778841111825 1.0321324245374879 1060
1778841118666 1.0516066212268744 1080
1778841125507 1.071080817916261 1100
1778841132348 1.0905550146056475 1120
1778841139188 1.110029211295034 1140
1778841146028 1.1295034079844206 1160
1778841152869 1.1489776046738072 1180
1778841159710 1.1684518013631937 1200
1778841166551 1.1879259980525803 1220
1778841173392 1.2074001947419668 1240
1778841218695 1.2171372930866602 1250
1778841223863 1.2268743914313536 1260
1778841230702 1.24634858812074 1280
1778841237538 1.2658227848101267 1300
1778841244373 1.2852969814995132 1320
1778841251208 1.3047711781888998 1340
1778841258043 1.3242453748782863 1360
1778841264878 1.3437195715676729 1380
1778841271714 1.3631937682570594 1400
1778841278549 1.382667964946446 1420
1778841285386 1.4021421616358325 1440
1778841292222 1.421616358325219 1460
1778841299057 1.4410905550146056 1480
1778841305893 1.4605647517039921 1500
1778841347722 1.4605647517039921 1500
1778841356320 1.480038948393379 1520
1778841363158 1.4995131450827652 1540
1778841369992 1.518987341772152 1560
1778841376826 1.5384615384615383 1580
1778841383660 1.557935735150925 1600
1778841390494 1.5774099318403116 1620
1778841397328 1.5968841285296982 1640
1778841404163 1.6163583252190847 1660
1778841410997 1.6358325219084713 1680
1778841417833 1.6553067185978578 1700
1778841424668 1.6747809152872444 1720
1778841431502 1.694255111976631 1740
1778841476749 1.7039922103213243 1750
1778841481918 1.7137293086660175 1760
1778841488757 1.7332035053554042 1780
1778841495593 1.7526777020447906 1800
1778841502428 1.7721518987341773 1820
1778841509262 1.7916260954235637 1840
1778841516096 1.8111002921129504 1860
1778841522930 1.8305744888023368 1880
1778841529765 1.8500486854917235 1900
1778841536600 1.86952288218111 1920
1778841543435 1.8889970788704966 1940
1778841550270 1.9084712755598832 1960
1778841557104 1.9279454722492697 1980
1778841563938 1.9474196689386563 2000
1778841605773 1.9474196689386563 2000
1778841614375 1.9668938656280428 2020
1778841621214 1.9863680623174296 2040
1778841627853 2.005842259006816 2060
1778841634688 2.0253164556962027 2080
1778841641523 2.044790652385589 2100
1778841648357 2.0642648490749758 2120
1778841655192 2.083739045764362 2140
1778841662027 2.103213242453749 2160
1778841668861 2.122687439143135 2180
1778841675696 2.142161635832522 2200
1778841682531 2.1616358325219083 2220
1778841689366 2.181110029211295 2240
1778841734612 2.190847127555988 2250
1778841739784 2.2005842259006814 2260
1778841746623 2.220058422590068 2280
1778841753457 2.239532619279455 2300
1778841760290 2.2590068159688412 2320
1778841767125 2.278481012658228 2340
1778841773959 2.2979552093476143 2360
1778841780793 2.317429406037001 2380
1778841787627 2.3369036027263874 2400
1778841794462 2.356377799415774 2420
1778841801296 2.3758519961051605 2440
1778841808131 2.3953261927945473 2460
1778841814967 2.4148003894839336 2480
1778841821803 2.4342745861733204 2500
1778841863636 2.4342745861733204 2500
1778841872228 2.453748782862707 2520
1778841879067 2.4732229795520935 2540
1778841885901 2.49269717624148 2560
1778841892737 2.5121713729308666 2580
1778841899572 2.5316455696202533 2600
1778841906408 2.5511197663096397 2620
1778841913245 2.5705939629990264 2640
1778841920084 2.5900681596884128 2660
1778841926922 2.6095423563777995 2680
1778841933760 2.629016553067186 2700
1778841940599 2.6484907497565726 2720
1778841947436 2.667964946445959 2740
1778841992694 2.6777020447906525 2750
1778841997869 2.6874391431353457 2760
1778842004710 2.706913339824732 2780
1778842011547 2.726387536514119 2800
1778842018383 2.7458617332035056 2820
1778842025219 2.765335929892892 2840
1778842032055 2.7848101265822782 2860
1778842038892 2.804284323271665 2880
1778842045732 2.8237585199610518 2900
1778842052569 2.843232716650438 2920
1778842059406 2.862706913339825 2940
1778842066243 2.882181110029211 2960
1778842073081 2.901655306718598 2980
1778842079919 2.9211295034079843 3000
1778842121758 2.9211295034079843 3000
1778842130355 2.940603700097371 3020
1778842137199 2.960077896786758 3040
1778842144041 2.979552093476144 3060
1778842150880 2.9990262901655305 3080
1778842157527 3.0185004868549172 3100
1778842164368 3.037974683544304 3120
1778842171209 3.0574488802336903 3140
1778842178052 3.076923076923077 3160
1778842184893 3.0963972736124634 3180
1778842191734 3.11587147030185 3200
1778842198576 3.1353456669912365 3220
1778842205418 3.1548198636806233 3240
1778842250694 3.1645569620253164 3250
1778842255870 3.1742940603700096 3260
1778842262710 3.1937682570593964 3280
1778842269545 3.2132424537487827 3300
1778842276380 3.2327166504381695 3320
1778842283218 3.252190847127556 3340
1778842290061 3.2716650438169426 3360
1778842296904 3.291139240506329 3380
1778842303747 3.3106134371957157 3400
1778842310589 3.3300876338851024 3420
1778842317431 3.3495618305744888 3440
1778842324291 3.3690360272638755 3460
1778842331133 3.388510223953262 3480
1778842337975 3.4079844206426486 3500
1778842379829 3.4079844206426486 3500
1778842388433 3.427458617332035 3520
1778842395272 3.4469328140214217 3540
1778842402107 3.466407010710808 3560
1778842408943 3.485881207400195 3580
1778842415779 3.505355404089581 3600
1778842422616 3.524829600778968 3620
1778842429459 3.5443037974683547 3640
1778842436301 3.563777994157741 3660
1778842443144 3.5832521908471273 3680
1778842449986 3.602726387536514 3700
1778842456828 3.622200584225901 3720
1778842463671 3.641674780915287 3740
1778842508946 3.651411879259981 3750
1778842514124 3.661148977604674 3760
1778842520963 3.6806231742940603 3780
1778842527799 3.700097370983447 3800
1778842534634 3.7195715676728334 3820
1778842541470 3.73904576436222 3840
1778842548305 3.7585199610516065 3860
1778842555141 3.7779941577409932 3880
1778842561977 3.7974683544303796 3900
1778842568813 3.8169425511197663 3920
1778842575650 3.836416747809153 3940
1778842582487 3.8558909444985394 3960
1778842589323 3.8753651411879257 3980
1778842596159 3.8948393378773125 4000
1778842637987 3.8948393378773125 4000
1778842646581 3.9143135345666993 4020
1778842653421 3.9337877312560856 4040
1778842660260 3.9532619279454724 4060
1778842667097 3.9727361246348587 4080
1778842673935 3.9922103213242455 4100
1778842680576 4.011684518013632 4120
1778842687412 4.031158714703018 4140
1778842694249 4.050632911392405 4160
1778842701088 4.070107108081792 4180
1778842707924 4.089581304771178 4200
1778842714763 4.109055501460565 4220
1778842721599 4.1285296981499515 4240
1778842766849 4.138266796494644 4250
1778842772031 4.148003894839338 4260
1778842778873 4.167478091528724 4280
1778842785711 4.186952288218111 4300
1778842792548 4.206426484907498 4320
1778842799385 4.225900681596884 4340
1778842806224 4.24537487828627 4360
1778842813061 4.264849074975658 4380
1778842819899 4.284323271665044 4400
1778842826737 4.30379746835443 4420
1778842833575 4.3232716650438165 4440
1778842840412 4.342745861733204 4460
1778842847250 4.36222005842259 4480
1778842854088 4.381694255111976 4500
1778842895927 4.381694255111976 4500
1778842904534 4.401168451801363 4520
1778842911381 4.42064264849075 4540
1778842918224 4.440116845180136 4560
1778842925067 4.459591041869523 4580
1778842931910 4.47906523855891 4600
1778842938752 4.498539435248296 4620
1778842945595 4.5180136319376825 4640
1778842952439 4.537487828627069 4660
1778842959282 4.556962025316456 4680
1778842966125 4.576436222005842 4700
1778842972968 4.595910418695229 4720
1778842979811 4.615384615384615 4740
1778843025091 4.625121713729309 4750
1778843030268 4.634858812074002 4760
1778843037112 4.6543330087633885 4780
1778843043955 4.673807205452775 4800
1778843050798 4.693281402142162 4820
1778843057642 4.712755598831548 4840
1778843064486 4.732229795520935 4860
1778843071328 4.751703992210321 4880
1778843078171 4.771178188899708 4900
1778843085013 4.790652385589095 4920
1778843091855 4.810126582278481 4940
1778843098697 4.829600778967867 4960
1778843105540 4.849074975657254 4980
1778843112383 4.868549172346641 5000
1778843154234 4.868549172346641 5000
1778843162833 4.888023369036027 5020
1778843169673 4.907497565725414 5040
1778843176509 4.926971762414801 5060
1778843183349 4.946445959104187 5080
1778843190186 4.965920155793573 5100
1778843197025 4.98539435248296 5120
1778843243784 5.0 5135
1778843245535 5.0 5135
