1778840582195 1.0996246337890625 20
1778840589027 1.0967529296875 40
1778840595871 1.0940536499023437 60
1778840602719 1.0890365600585938 80
1778840609559 1.0836441040039062 100
1778840616401 1.081744384765625 120
1778840623243 1.08009033203125 140
1778840630087 1.0763290405273438 160
1778840636928 1.068364715576172 180
1778840643769 1.070635986328125 200
1778840650612 1.063011932373047 220
1778840657454 1.0642265319824218 240
1778840707816 1.0576927185058593 260
1778840714657 1.0541839599609375 280
1778840721492 1.0469528198242188 300
1778840728327 1.0413230895996093 320
1778840735161 1.0431297302246094 340
1778840741996 1.0417167663574218 360
1778840748831 1.0429542541503907 380
1778840755667 1.0312477111816407 400
1778840762501 1.0353103637695313 420
1778840769336 1.0453361511230468 440
1778840776172 1.0338211059570312 460
1778840783008 1.0282806396484374 480
1778840789843 1.026372528076172 500
1778840840052 1.0275962829589844 520
1778840846896 1.0139884948730469 540
1778840853735 1.0159591674804687 560
1778840860575 1.0203102111816407 580
1778840867415 1.0243942260742187 600
1778840874255 1.0168380737304688 620
1778840881096 0.9999221801757813 640
1778840887936 1.0091133117675781 660
1778840894778 1.010991668701172 680
1778840901619 1.0085777282714843 700
1778840908460 1.0190902709960938 720
1778840915301 0.9864280700683594 740
1778840965754 1.0063652038574218 760
1778840972601 0.9968193054199219 780
1778840979443 0.9784576416015625 800
1778840986283 0.9932357788085937 820
1778840993124 0.9842483520507812 840
1778840999966 1.0033546447753907 860
1778841006807 0.9991111755371094 880
1778841013649 0.9906578063964844 900
1778841020491 0.9935920715332032 920
1778841027334 0.9875778198242188 940
1778841034175 0.975616455078125 960
1778841041018 0.9985305786132812 980
1778841047860 0.9865100860595704 1000
1778841098333 0.9930221557617187 1020
1778841104984 0.9951930046081543 1040
1778841111825 0.9825328826904297 1060
1778841118666 0.9653511047363281 1080
1778841125507 0.9636371612548829 1100
1778841132348 0.9694442749023438 1120
1778841139188 0.9687076568603515 1140
1778841146028 0.9763584136962891 1160
1778841152869 0.9702388763427734 1180
1778841159710 0.9573795318603515 1200
1778841166551 0.9746547698974609 1220
1778841173392 0.9898014068603516 1240
1778841223863 0.9588626861572266 1260
1778841230702 0.9667049407958984 1280
1778841237538 0.9895523071289063 1300
1778841244373 0.9459869384765625 1320
1778841251208 1.002456283569336 1340
1778841258043 0.9635307312011718 1360
1778841264878 0.9537643432617188 1380
1778841271714 0.9507774353027344 1400
1778841278549 0.9624767303466797 1420
1778841285386 0.9595840454101563 1440
1778841292222 0.9618080139160157 1460
1778841299057 0.9676670074462891 1480
1778841305893 0.9637996673583984 1500
1778841356320 0.9610435485839843 1520
1778841363158 0.9505020141601562 1540
1778841369992 0.967319107055664 1560
1778841376826 0.9538986206054687 1580
1778841383660 0.9637699127197266 1600
1778841390494 0.9634555816650391 1620
1778841397328 0.96650390625 1640
1778841404163 0.9823917388916016 1660
1778841410997 0.9683658599853515 1680
1778841417833 0.9632328033447266 1700
1778841424668 0.941098403930664 1720
1778841431502 0.9721904754638672 1740
1778841481918 0.9851116180419922 1760
1778841488757 0.95750732421875 1780
1778841495593 0.932696533203125 1800
1778841502428 0.9436733245849609 1820
1778841509262 0.9608600616455079 1840
1778841516096 0.9322681427001953 1860
1778841522930 0.9567220687866211 1880
1778841529765 0.9688854217529297 1900
1778841536600 0.9172679901123046 1920
1778841543435 0.9570571899414062 1940
1778841550270 0.9687427520751953 1960
1778841557104 0.9406978607177734 1980
1778841563938 0.9243682861328125 2000
1778841614375 0.9257648468017579 2020
1778841621214 0.9703830718994141 2040
1778841627853 0.9577228546142578 2060
1778841634688 0.9389778137207031 2080
1778841641523 0.9355915069580079 2100
1778841648357 0.9694026947021485 2120
1778841655192 0.9289600372314453 2140
1778841662027 0.9631595611572266 2160
1778841668861 0.9577865600585938 2180
1778841675696 0.9365188598632812 2200
1778841682531 0.9690700531005859 2220
1778841689366 0.9449827194213867 2240
1778841739784 0.9149923324584961 2260
1778841746623 0.9434951782226563 2280
1778841753457 0.9260786056518555 2300
1778841760290 0.9763385772705078 2320
1778841767125 0.9570625305175782 2340
1778841773959 0.959414291381836 2360
1778841780793 0.941500473022461 2380
1778841787627 0.9681768417358398 2400
1778841794462 0.9371963500976562 2420
1778841801296 0.9474693298339844 2440
1778841808131 0.9380414962768555 2460
1778841814967 0.9448223114013672 2480
1778841821803 0.9421058654785156 2500
1778841872228 0.9353591918945312 2520
1778841879067 0.9402172088623046 2540
1778841885901 0.9419429779052735 2560
1778841892737 0.9327125549316406 2580
1778841899572 0.9499078750610351 2600
1778841906408 0.9478845596313477 2620
1778841913245 0.9295125961303711 2640
1778841920084 0.9418140411376953 2660
1778841926922 0.9550827026367188 2680
1778841933760 0.9131397247314453 2700
1778841940599 0.9464183807373047 2720
1778841947436 0.9442003250122071 2740
1778841997869 0.9089385986328125 2760
1778842004710 0.9263971328735352 2780
1778842011547 0.9557855606079102 2800
1778842018383 0.9612144470214844 2820
1778842025219 0.9433391571044922 2840
1778842032055 0.9258914947509765 2860
1778842038892 0.9447004318237304 2880
1778842045732 0.9279516220092774 2900
1778842052569 0.9497360229492188 2920
1778842059406 0.9432693481445312 2940
1778842066243 0.9408758163452149 2960
1778842073081 0.928922462463379 2980
1778842079919 0.9367156982421875 3000
1778842130355 0.9605915069580078 3020
1778842137199 0.9195091247558593 3040
1778842144041 0.9392704010009766 3060
1778842150880 0.9336833953857422 3080
1778842157527 0.951082706451416 3100
1778842164368 0.9581354141235352 3120
1778842171209 0.9296100616455079 3140
1778842178052 0.9242498397827148 3160
1778842184893 0.9552419662475586 3180
1778842191734 0.9418493270874023 3200
1778842198576 0.9377470016479492 3220
1778842205418 0.9582361221313477 3240
1778842255870 0.9440130233764649 3260
1778842262710 0.9319049835205078 3280
1778842269545 0.9355268478393555 3300
1778842276380 0.9515756607055664 3320
1778842283218 0.9092693328857422 3340
1778842290061 0.91436767578125 3360
1778842296904 0.9358367919921875 3380
1778842303747 0.9342889785766602 3400
1778842310589 0.9456409454345703 3420
1778842317431 0.9774557113647461 3440
1778842324291 0.9321941375732422 3460
1778842331133 0.9269598007202149 3480
1778842337975 0.926548957824707 3500
1778842388433 0.9345178604125977 3520
1778842395272 0.9418649673461914 3540
1778842402107 0.927430534362793 3560
1778842408943 0.9627212524414063 3580
1778842415779 0.9405895233154297 3600
1778842422616 0.9228130340576172 3620
1778842429459 0.9490303039550781 3640
1778842436301 0.9420679092407227 3660
1778842443144 0.9310977935791016 3680
1778842449986 0.9336572647094726 3700
1778842456828 0.9276390075683594 3720
1778842463671 0.9575462341308594 3740
1778842514124 0.9256366729736328 3760
1778842520963 0.9687877655029297 3780
1778842527799 0.914362907409668 3800
1778842534634 0.9211349487304688 3820
1778842541470 0.9103702545166016 3840
1778842548305 0.9129951477050782 3860
1778842555141 0.9238264083862304 3880
1778842561977 0.9207448959350586 3900
1778842568813 0.9356292724609375 3920
1778842575650 0.9162399291992187 3940
1778842582487 0.9462530136108398 3960
1778842589323 0.9413608551025391 3980
1778842596159 0.9240760803222656 4000
1778842646581 0.9111831665039063 4020
1778842653421 0.9436334609985352 4040
1778842660260 0.9306841850280761 4060
1778842667097 0.9406639099121094 4080
1778842673935 0.9435426712036132 4100
1778842680576 0.9195558547973632 4120
1778842687412 0.9520868301391602 4140
1778842694249 0.9366556167602539 4160
1778842701088 0.9222024917602539 4180
1778842707924 0.947712516784668 4200
1778842714763 0.925320053100586 4220
1778842721599 0.9415412902832031 4240
1778842772031 0.9545743942260743 4260
1778842778873 0.9312551498413086 4280
1778842785711 0.9129734039306641 4300
1778842792548 0.9036388397216797 4320
1778842799385 0.8997566223144531 4340
1778842806224 0.943470573425293 4360
1778842813061 0.9598587036132813 4380
1778842819899 0.9286894798278809 4400
1778842826737 0.9292041778564453 4420
1778842833575 0.9491317749023438 4440
1778842840412 0.9306449890136719 4460
1778842847250 0.939938735961914 4480
1778842854088 0.9105731964111328 4500
1778842904534 0.9113447189331054 4520
1778842911381 0.9295373916625976 4540
1778842918224 0.9238063812255859 4560
1778842925067 0.9363725662231446 4580
1778842931910 0.9230535507202149 4600
1778842938752 0.9137371063232422 4620
1778842945595 0.9266195297241211 4640
1778842952439 0.9369945526123047 4660
1778842959282 0.8931186676025391 4680
1778842966125 0.9231689453125 4700
1778842972968 0.9546333312988281 4720
1778842979811 0.9255182266235351 4740
1778843030268 0.9387609481811523 4760
1778843037112 0.935264778137207 4780
1778843043955 0.9293167114257812 4800
1778843050798 0.9591764450073242 4820
1778843057642 0.9069664001464843 4840
1778843064486 0.9735359191894531 4860
1778843071328 0.90516357421875 4880
1778843078171 0.9314727783203125 4900
1778843085013 0.931129264831543 4920
1778843091855 0.9718217849731445 4940
1778843098697 0.9518152236938476 4960
1778843105540 0.9292295455932618 4980
1778843112383 0.94873046875 5000
1778843162833 0.926568603515625 5020
1778843169673 0.918364143371582 5040
1778843176509 0.9479513168334961 5060
1778843183349 0.9326202392578125 5080
1778843190186 0.9580860137939453 5100
1778843197025 0.9439825057983399 5120
