1777481565801 0.009694619486185167 20
1777481575391 0.019389238972370333 40
1777481584955 0.029083858458555503 60
1777481594606 0.038778477944740666 80
1777481604182 0.048473097430925836 100
1777481613834 0.058167716917111006 120
1777481623412 0.06786233640329617 140
1777481633192 0.07755695588948133 160
1777481642916 0.08725157537566651 180
1777481652668 0.09694619486185167 200
1777481662433 0.10664081434803684 220
1777481672220 0.11633543383422201 240
1777481682061 0.12603005332040718 260
1777481691755 0.13572467280659234 280
1777481701469 0.1454192922927775 300
1777481711329 0.15511391177896267 320
1777481721107 0.16480853126514786 340
1777481730812 0.17450315075133302 360
1777481740675 0.18419777023751818 380
1777481750526 0.19389238972370335 400
1777481760375 0.2035870092098885 420
1777481770112 0.21328162869607367 440
1777481780009 0.22297624818225883 460
1777481789807 0.23267086766844403 480
1777481799590 0.2423654871546292 500
1777481809399 0.25206010664081435 520
1777481819224 0.2617547261269995 540
1777481829092 0.2714493456131847 560
1777481839021 0.28114396509936984 580
1777481848835 0.290838584585555 600
1777481858616 0.30053320407174017 620
1777481868479 0.31022782355792533 640
1777481878406 0.3199224430441105 660
1777481888296 0.3296170625302957 680
1777481898208 0.3393116820164809 700
1777481908089 0.34900630150266604 720
1777481918011 0.3587009209888512 740
1777481927928 0.36839554047503636 760
1777481937764 0.37809015996122153 780
1777481947632 0.3877847794474067 800
1777481957465 0.39747939893359185 820
1777481967321 0.407174018419777 840
1777481977241 0.4168686379059622 860
1777481987113 0.42656325739214734 880
1777481997070 0.4362578768783325 900
