1777481565801 1.1400000000000001e-05 20
1777481575391 2.3400000000000003e-05 40
1777481584955 2.997369702873843e-05 60
1777481594606 2.9915245981490504e-05 80
1777481604182 2.985679493424257e-05 100
1777481613834 2.9798343886994644e-05 120
1777481623412 2.9739892839746713e-05 140
1777481633192 2.9681441792498783e-05 160
1777481642916 2.9622990745250853e-05 180
1777481652668 2.9564539698002923e-05 200
1777481662433 2.9506088650754992e-05 220
1777481672220 2.9447637603507065e-05 240
1777481682061 2.938918655625913e-05 260
1777481691755 2.9330735509011205e-05 280
1777481701469 2.9272284461763274e-05 300
1777481711329 2.9213833414515344e-05 320
1777481721107 2.9155382367267417e-05 340
1777481730812 2.9096931320019484e-05 360
1777481740675 2.9038480272771557e-05 380
1777481750526 2.8980029225523623e-05 400
1777481760375 2.8921578178275696e-05 420
1777481770112 2.8863127131027766e-05 440
1777481780009 2.8804676083779836e-05 460
1777481789807 2.8746225036531905e-05 480
1777481799590 2.8687773989283975e-05 500
1777481809399 2.8629322942036045e-05 520
1777481819224 2.8570871894788118e-05 540
1777481829092 2.8512420847540184e-05 560
1777481839021 2.8453969800292257e-05 580
1777481848835 2.8395518753044324e-05 600
1777481858616 2.8337067705796397e-05 620
1777481868479 2.8278616658548466e-05 640
1777481878406 2.8220165611300536e-05 660
1777481888296 2.8161714564052606e-05 680
1777481898208 2.8103263516804676e-05 700
1777481908089 2.8044812469556745e-05 720
1777481918011 2.798636142230882e-05 740
1777481927928 2.7927910375060888e-05 760
1777481937764 2.7869459327812958e-05 780
1777481947632 2.7811008280565027e-05 800
1777481957465 2.7752557233317097e-05 820
1777481967321 2.769410618606917e-05 840
1777481977241 2.7635655138821237e-05 860
1777481987113 2.757720409157331e-05 880
1777481997070 2.7518753044325376e-05 900
