1779323697016 0.021953896816684963 20
1779323697564 0.043907793633369926 40
1779323698198 0.06586169045005488 60
1779323698811 0.08781558726673985 80
1779323699365 0.10976948408342481 100
1779323699900 0.13172338090010977 120
1779323700440 0.15367727771679474 140
1779323701010 0.1756311745334797 160
1779323701615 0.19758507135016465 180
1779323702221 0.21953896816684962 200
1779323702771 0.2414928649835346 220
1779323703350 0.26344676180021953 240
1779323705006 0.27442371020856204 250
1779323707617 0.2854006586169045 260
1779323708198 0.30735455543358947 280
1779323708759 0.32930845225027444 300
1779323709333 0.3512623490669594 320
1779323709938 0.3732162458836443 340
1779323710536 0.3951701427003293 360
1779323711081 0.41712403951701427 380
1779323711630 0.43907793633369924 400
1779323712215 0.4610318331503842 420
1779323712805 0.4829857299670692 440
1779323713391 0.5049396267837541 460
1779323713988 0.5268935236004391 480
1779323714611 0.5488474204171241 500
1779323716093 0.5488474204171241 500
1779323719566 0.570801317233809 520
1779323720163 0.5927552140504939 540
1779323720754 0.6147091108671789 560
1779323721375 0.6366630076838639 580
1779323721980 0.6586169045005489 600
1779323722591 0.6805708013172338 620
1779323723202 0.7025246981339188 640
1779323723818 0.7244785949506037 660
1779323724521 0.7464324917672887 680
1779323725130 0.7683863885839737 700
1779323725744 0.7903402854006586 720
1779323726351 0.8122941822173436 740
1779323728089 0.823271130625686 750
1779323731221 0.8342480790340285 760
1779323731833 0.8562019758507134 780
1779323732495 0.8781558726673985 800
1779323733113 0.9001097694840834 820
1779323733803 0.9220636663007684 840
1779323734408 0.9440175631174533 860
1779323735153 0.9659714599341384 880
1779323735819 0.9879253567508233 900
1779323736468 1.0098792535675083 920
1779323737004 1.031833150384193 940
1779323737489 1.0537870472008781 960
1779323737990 1.0757409440175631 980
1779323738472 1.0976948408342482 1000
1779323739737 1.0976948408342482 1000
1779323742608 1.119648737650933 1020
1779323743070 1.141602634467618 1040
1779323743530 1.163556531284303 1060
1779323744010 1.1855104281009878 1080
1779323744431 1.2074643249176729 1100
1779323744875 1.2294182217343579 1120
1779323745361 1.2513721185510427 1140
1779323745870 1.2733260153677277 1160
1779323746394 1.2952799121844127 1180
1779323746960 1.3172338090010978 1200
1779323747530 1.3391877058177828 1220
1779323748101 1.3611416026344676 1240
1779323749660 1.37211855104281 1250
1779323752432 1.3830954994511526 1260
1779323753119 1.4050493962678376 1280
1779323753657 1.4270032930845225 1300
1779323754298 1.4489571899012075 1320
1779323754886 1.4709110867178925 1340
1779323755516 1.4928649835345773 1360
1779323756085 1.5148188803512623 1380
1779323756639 1.5367727771679474 1400
1779323757215 1.5587266739846322 1420
1779323757769 1.5806805708013172 1440
1779323758346 1.6026344676180022 1460
1779323758886 1.624588364434687 1480
1779323759375 1.6465422612513723 1500
1779323760755 1.6465422612513723 1500
1779323764362 1.668496158068057 1520
1779323764968 1.690450054884742 1540
1779323765524 1.7124039517014271 1560
1779323766041 1.734357848518112 1580
1779323766563 1.756311745334797 1600
1779323767120 1.778265642151482 1620
1779323767684 1.8002195389681668 1640
1779323768271 1.8221734357848518 1660
1779323768896 1.8441273326015368 1680
1779323769602 1.8660812294182216 1700
1779323770235 1.8880351262349067 1720
1779323770862 1.9099890230515917 1740
1779323772644 1.920965971459934 1750
1779323775188 1.9319429198682765 1760
1779323775739 1.9538968166849617 1780
1779323776311 1.9758507135016465 1800
1779323776921 1.9978046103183313 1820
1779323777527 2.0197585071350166 1840
1779323778111 2.0417124039517014 1860
1779323778743 2.063666300768386 1880
1779323779407 2.0856201975850714 1900
1779323780011 2.1075740944017562 1920
1779323780656 2.129527991218441 1940
1779323781384 2.1514818880351263 1960
1779323782022 2.173435784851811 1980
1779323782672 2.1953896816684964 2000
1779323784249 2.1953896816684964 2000
1779323787642 2.217343578485181 2020
1779323788151 2.239297475301866 2040
1779323788683 2.261251372118551 2060
1779323789225 2.283205268935236 2080
1779323789807 2.305159165751921 2100
1779323790309 2.327113062568606 2120
1779323790777 2.349066959385291 2140
1779323791302 2.3710208562019757 2160
1779323791893 2.392974753018661 2180
1779323792496 2.4149286498353457 2200
1779323793039 2.436882546652031 2220
1779323793568 2.4588364434687158 2240
1779323795205 2.469813391877058 2250
1779323798229 2.4807903402854006 2260
1779323798767 2.5027442371020854 2280
1779323799363 2.5246981339187706 2300
1779323799982 2.5466520307354554 2320
1779323800547 2.5686059275521407 2340
1779323801139 2.5905598243688255 2360
1779323801712 2.6125137211855103 2380
1779323802271 2.6344676180021955 2400
1779323802884 2.6564215148188803 2420
1779323803448 2.6783754116355656 2440
1779323803999 2.7003293084522504 2460
1779323804581 2.722283205268935 2480
1779323805169 2.74423710208562 2500
1779323806594 2.74423710208562 2500
1779323809820 2.7661909989023052 2520
1779323810372 2.78814489571899 2540
1779323810891 2.8100987925356753 2560
1779323811485 2.83205268935236 2580
1779323812077 2.854006586169045 2600
1779323812671 2.8759604829857297 2620
1779323813258 2.897914379802415 2640
1779323813859 2.9198682766190998 2660
1779323814411 2.941822173435785 2680
1779323814981 2.96377607025247 2700
1779323815505 2.9857299670691546 2720
1779323816118 3.00768386388584 2740
1779323817784 3.0186608122941823 2750
1779323820925 3.0296377607025247 2760
1779323821466 3.0515916575192095 2780
1779323822039 3.0735455543358947 2800
1779323822591 3.0954994511525795 2820
1779323823213 3.1174533479692643 2840
1779323823791 3.1394072447859496 2860
1779323824283 3.1613611416026344 2880
1779323824764 3.1833150384193196 2900
1779323825269 3.2052689352360044 2920
1779323825787 3.2272228320526892 2940
1779323826329 3.2491767288693745 2960
1779323826868 3.2711306256860593 2980
1779323827361 3.293084522502744 3000
1779323828660 3.293084522502744 3000
1779323831540 3.3150384193194293 3020
1779323832126 3.336992316136114 3040
1779323832642 3.358946212952799 3060
1779323833250 3.380900109769484 3080
1779323833850 3.402854006586169 3100
1779323834396 3.4248079034028542 3120
1779323834967 3.446761800219539 3140
1779323835548 3.468715697036224 3160
1779323836146 3.4906695938529086 3180
1779323836832 3.512623490669594 3200
1779323837349 3.5345773874862787 3220
1779323837889 3.556531284302964 3240
1779323839479 3.5675082327113063 3250
1779323842488 3.5784851811196488 3260
1779323843089 3.6004390779363336 3280
1779323843624 3.622392974753019 3300
1779323844150 3.6443468715697036 3320
1779323844645 3.666300768386389 3340
1779323845157 3.6882546652030737 3360
1779323845694 3.7102085620197585 3380
1779323846245 3.7321624588364433 3400
1779323846852 3.7541163556531285 3420
1779323847434 3.7760702524698133 3440
1779323848066 3.7980241492864986 3460
1779323848715 3.8199780461031834 3480
1779323849297 3.841931942919868 3500
1779323850625 3.841931942919868 3500
1779323853367 3.863885839736553 3520
1779323853917 3.885839736553238 3540
1779323854441 3.907793633369923 3560
1779323854994 3.9297475301866083 3580
1779323855693 3.951701427003293 3600
1779323856282 3.973655323819978 3620
1779323856908 3.995609220636663 3640
1779323857598 4.017563117453348 3660
1779323858151 4.039517014270033 3680
1779323858741 4.061470911086718 3700
1779323859431 4.083424807903403 3720
1779323860099 4.105378704720088 3740
1779323861866 4.11635565312843 3750
1779323864817 4.127332601536772 3760
1779323865337 4.149286498353458 3780
1779323865868 4.171240395170143 3800
1779323866442 4.193194291986828 3820
1779323867154 4.2151481888035125 3840
1779323867696 4.237102085620197 3860
1779323868346 4.259055982436882 3880
1779323869000 4.281009879253568 3900
1779323869599 4.302963776070253 3920
1779323870205 4.324917672886937 3940
1779323870754 4.346871569703622 3960
1779323871295 4.368825466520307 3980
1779323871843 4.390779363336993 4000
1779323873142 4.390779363336993 4000
1779323876682 4.4127332601536775 4020
1779323877229 4.434687156970362 4040
1779323877778 4.456641053787047 4060
1779323878280 4.478594950603732 4080
1779323878767 4.500548847420417 4100
1779323879294 4.522502744237102 4120
1779323879797 4.544456641053787 4140
1779323880317 4.566410537870472 4160
1779323880874 4.588364434687157 4180
1779323881433 4.610318331503842 4200
1779323881974 4.632272228320527 4220
1779323882598 4.654226125137212 4240
1779323884486 4.6652030735455545 4250
1779323887067 4.676180021953897 4260
1779323887600 4.698133918770582 4280
1779323888127 4.7200878155872665 4300
1779323888650 4.742041712403951 4320
1779323889283 4.763995609220637 4340
1779323889847 4.785949506037322 4360
1779323890364 4.807903402854007 4380
1779323890892 4.829857299670691 4400
1779323891404 4.851811196487376 4420
1779323891913 4.873765093304062 4440
1779323892452 4.895718990120747 4460
1779323892990 4.9176728869374315 4480
1779323893532 4.939626783754116 4500
1779323894869 4.939626783754116 4500
1779323897839 4.961580680570801 4520
1779323898322 4.983534577387486 4540
1779323905070 5.0 4555
1779323906776 5.0 4555
1779323907211 5.0 4555
1779323910123 5.0 0
