1778846546955 0.19469863176345825 20
1778846548652 0.12723408639431 40
1778846550349 0.11266564577817917 60
1778846552046 0.15577079355716705 80
1778846553743 0.1141568198800087 100
1778846555441 0.21423330903053284 120
1778846557138 0.28264790773391724 140
1778846558835 0.337961882352829 160
1778846560532 0.24699267745018005 180
1778846562229 0.09862940013408661 200
1778846563927 0.05973760411143303 220
1778846565627 0.1870746612548828 240
1778846579073 0.11139219254255295 260
1778846580770 0.05039159208536148 280
1778846582468 0.1906767040491104 300
1778846584166 0.10878228396177292 320
1778846585864 0.29712003469467163 340
1778846587561 0.14564664661884308 360
1778846589259 0.03831392899155617 380
1778846590956 0.1408109962940216 400
1778846592654 0.10552210360765457 420
1778846594352 0.1421276181936264 440
1778846596049 0.199973002076149 460
1778846597747 0.3727944791316986 480
1778846599444 0.16139891743659973 500
1778846612653 0.14924636483192444 520
1778846614351 0.18618954718112946 540
1778846616049 0.06300218403339386 560
1778846617747 0.12338411808013916 580
1778846619446 0.050600435584783554 600
1778846621144 0.38210371136665344 620
1778846622842 0.0687342956662178 640
1778846624540 0.15927565097808838 660
1778846626239 0.06638829410076141 680
1778846627937 0.04390733316540718 700
1778846629650 0.13692864775657654 720
1778846631386 0.2617321312427521 740
1778846644441 0.24472275376319885 760
1778846646139 0.06782087683677673 780
1778846647838 0.09852851927280426 800
1778846649537 0.2429099678993225 820
1778846651240 0.15459869801998138 840
1778846652938 0.16126231849193573 860
1778846654637 0.2319941371679306 880
1778846656335 0.1399817317724228 900
1778846658004 0.11179766803979874 920
1778846659703 0.0580182820558548 940
1778846661401 0.10739610344171524 960
1778846663100 0.0929003357887268 980
1778846664799 0.06160100921988487 1000
1778846677941 0.038460202515125275 1020
1778846679640 0.11062062531709671 1040
1778846681338 0.18016599118709564 1060
1778846683036 0.09381911903619766 1080
1778846684734 0.03496791422367096 1100
1778846686433 0.06633579730987549 1120
1778846688132 0.14084380865097046 1140
1778846689829 0.0662139356136322 1160
1778846691529 0.16876696050167084 1180
1778846693230 0.14392784237861633 1200
1778846694928 0.1491764932870865 1220
1778846696626 0.13295041024684906 1240
1778846709787 0.09202557802200317 1260
1778846711485 0.04471074417233467 1280
1778846713184 0.16634580492973328 1300
1778846714882 0.2046486735343933 1320
1778846716580 0.20072022080421448 1340
1778846718278 0.09407234936952591 1360
1778846719976 0.18542489409446716 1380
1778846721674 0.042029958218336105 1400
1778846723372 0.14446453750133514 1420
1778846725070 0.3302249610424042 1440
1778846726767 0.06628955155611038 1460
1778846728468 0.1131473258137703 1480
1778846730166 0.06015801057219505 1500
1778846743309 0.3465234041213989 1520
1778846745006 0.07921674847602844 1540
1778846746705 0.0624445378780365 1560
1778846748403 0.13531051576137543 1580
1778846750100 0.08094017207622528 1600
1778846751797 0.04689577966928482 1620
1778846753495 0.06955613195896149 1640
1778846755194 0.04072735831141472 1660
1778846756892 0.08866295963525772 1680
1778846758590 0.12831826508045197 1700
1778846760287 0.08353137224912643 1720
1778846761985 0.08707445114850998 1740
1778846775437 0.23397640883922577 1760
1778846777165 0.24401623010635376 1780
1778846778866 0.11484996229410172 1800
1778846780564 0.26008838415145874 1820
1778846782235 0.07449586689472198 1840
1778846783934 0.07660529762506485 1860
1778846785633 0.06590736657381058 1880
1778846787332 0.21111826598644257 1900
1778846789030 0.19474947452545166 1920
1778846790728 0.12329155951738358 1940
1778846792427 0.11045563966035843 1960
1778846794126 0.13296978175640106 1980
1778846795825 0.10214175283908844 2000
1778846809072 0.1984756588935852 2020
1778846810771 0.18282966315746307 2040
1778846812471 0.0874461680650711 2060
1778846814171 0.2726859450340271 2080
1778846815871 0.08317076414823532 2100
1778846817570 0.14868852496147156 2120
1778846819275 0.19941917061805725 2140
1778846820975 0.046603452414274216 2160
1778846822673 0.042629994451999664 2180
1778846824373 0.056376196444034576 2200
1778846826072 0.16317115724086761 2220
1778846827771 0.07917366921901703 2240
1778846840992 0.18927845358848572 2260
1778846842690 0.13578097522258759 2280
1778846844389 0.059025075286626816 2300
1778846846087 0.04803929477930069 2320
1778846847786 0.06881099939346313 2340
1778846849485 0.10914531350135803 2360
1778846851184 0.20341356098651886 2380
1778846852883 0.06084075942635536 2400
1778846854581 0.05117566138505936 2420
1778846856282 0.09907945245504379 2440
1778846857980 0.06630077958106995 2460
1778846859679 0.307348370552063 2480
1778846861382 0.041198015213012695 2500
1778846874577 0.14755456149578094 2520
1778846876275 0.14991049468517303 2540
1778846877973 0.050430044531822205 2560
1778846879671 0.2008446604013443 2580
1778846881370 0.11637052148580551 2600
1778846883068 0.17651648819446564 2620
1778846884767 0.0659153088927269 2640
1778846886466 0.09749044477939606 2660
1778846888164 0.10290292650461197 2680
1778846889863 0.0781765878200531 2700
1778846891561 0.047023314982652664 2720
1778846893230 0.13043427467346191 2740
1778846906562 0.18151630461215973 2760
1778846908299 0.13016793131828308 2780
1778846910033 0.10508304834365845 2800
1778846911747 0.05465789884328842 2820
1778846913446 0.10179207473993301 2840
1778846915147 0.10768646001815796 2860
1778846916846 0.19165149331092834 2880
1778846918544 0.22767476737499237 2900
1778846920243 0.13294759392738342 2920
1778846921941 0.13061250746250153 2940
1778846923640 0.25048843026161194 2960
1778846925338 0.036373816430568695 2980
1778846927037 0.146340012550354 3000
1778846940286 0.18020454049110413 3020
1778846941986 0.1045491099357605 3040
1778846943684 0.07699563354253769 3060
1778846945382 0.06137329339981079 3080
1778846947080 0.06767120957374573 3100
1778846948783 0.037592366337776184 3120
1778846950481 0.21560078859329224 3140
1778846952179 0.046086765825748444 3160
1778846953878 0.0515083372592926 3180
1778846955576 0.09496590495109558 3200
1778846957274 0.06304387003183365 3220
1778846958972 0.06703513860702515 3240
1778846972149 0.0590437687933445 3260
1778846973847 0.1909390091896057 3280
1778846975545 0.05550140514969826 3300
1778846977243 0.05103588104248047 3320
1778846978941 0.08823367208242416 3340
1778846980639 0.07389902323484421 3360
1778846982338 0.24391229450702667 3380
1778846984036 0.09560346603393555 3400
1778846985736 0.04465574398636818 3420
1778846987435 0.27994823455810547 3440
1778846989133 0.11329806596040726 3460
1778846990835 0.07244112342596054 3480
1778846992533 0.12429662048816681 3500
1778847005796 0.1788904219865799 3520
1778847007494 0.0536886528134346 3540
1778847009192 0.05286369472742081 3560
1778847010889 0.1577972173690796 3580
1778847012588 0.15795579552650452 3600
1778847014286 0.0512445792555809 3620
1778847015984 0.11033740639686584 3640
1778847017652 0.15036854147911072 3660
1778847019352 0.1404273509979248 3680
1778847021051 0.26119670271873474 3700
1778847022751 0.08082199096679688 3720
1778847024449 0.20986148715019226 3740
1778847037708 0.06477361917495728 3760
1778847039442 0.044617850333452225 3780
1778847041176 0.05331708863377571 3800
1778847042908 0.047328703105449677 3820
1778847044644 0.23640049993991852 3840
1778847046350 0.20345433056354523 3860
1778847048048 0.2768542468547821 3880
1778847049746 0.04564042389392853 3900
1778847051444 0.07248258590698242 3920
1778847053142 0.13464798033237457 3940
1778847054840 0.0520760677754879 3960
1778847056538 0.09408785402774811 3980
1778847058236 0.039608459919691086 4000
1778847071440 0.06541865319013596 4020
1778847073138 0.08849531412124634 4040
1778847074836 0.07612276077270508 4060
1778847076538 0.052214380353689194 4080
1778847078238 0.06979392468929291 4100
1778847079935 0.14853982627391815 4120
1778847081633 0.14381267130374908 4140
1778847083331 0.14240550994873047 4160
1778847085029 0.21018095314502716 4180
1778847086727 0.06442772597074509 4200
1778847088425 0.06216244399547577 4220
1778847090123 0.09108205139636993 4240
1778847103332 0.0420948825776577 4260
1778847105030 0.14386960864067078 4280
1778847106728 0.07547511905431747 4300
1778847108426 0.06899012625217438 4320
1778847110123 0.04813147336244583 4340
1778847111821 0.04547089710831642 4360
1778847113522 0.23788554966449738 4380
1778847115219 0.07911334186792374 4400
1778847116918 0.0900532603263855 4420
1778847118617 0.033197496086359024 4440
1778847120319 0.10244355350732803 4460
1778847122017 0.22920562326908112 4480
1778847123716 0.1093384325504303 4500
1778847136951 0.15120653808116913 4520
1778847138647 0.15277263522148132 4540
