1778846546955 3.8e-05 20
1778846548652 7.800000000000001e-05 40
1778846550349 9.980022197558269e-05 60
1778846552046 9.935627081021089e-05 80
1778846553743 9.891231964483907e-05 100
1778846555441 9.846836847946727e-05 120
1778846557138 9.802441731409545e-05 140
1778846558835 9.758046614872365e-05 160
1778846560532 9.713651498335183e-05 180
1778846562229 9.669256381798003e-05 200
1778846563927 9.624861265260821e-05 220
1778846565627 9.580466148723641e-05 240
1778846579073 9.53607103218646e-05 260
1778846580770 9.491675915649278e-05 280
1778846582468 9.447280799112098e-05 300
1778846584166 9.402885682574917e-05 320
1778846585864 9.358490566037736e-05 340
1778846587561 9.314095449500556e-05 360
1778846589259 9.269700332963375e-05 380
1778846590956 9.225305216426194e-05 400
1778846592654 9.180910099889013e-05 420
1778846594352 9.136514983351832e-05 440
1778846596049 9.092119866814651e-05 460
1778846597747 9.04772475027747e-05 480
1778846599444 9.00332963374029e-05 500
1778846612653 8.958934517203108e-05 520
1778846614351 8.914539400665926e-05 540
1778846616049 8.870144284128746e-05 560
1778846617747 8.825749167591564e-05 580
1778846619446 8.781354051054384e-05 600
1778846621144 8.736958934517203e-05 620
1778846622842 8.692563817980022e-05 640
1778846624540 8.648168701442842e-05 660
1778846626239 8.603773584905662e-05 680
1778846627937 8.55937846836848e-05 700
1778846629650 8.5149833518313e-05 720
1778846631386 8.470588235294118e-05 740
1778846644441 8.426193118756938e-05 760
1778846646139 8.381798002219756e-05 780
1778846647838 8.337402885682575e-05 800
1778846649537 8.293007769145394e-05 820
1778846651240 8.248612652608213e-05 840
1778846652938 8.204217536071033e-05 860
1778846654637 8.159822419533851e-05 880
1778846656335 8.115427302996671e-05 900
1778846658004 8.071032186459489e-05 920
1778846659703 8.026637069922309e-05 940
1778846661401 7.982241953385127e-05 960
1778846663100 7.937846836847947e-05 980
1778846664799 7.893451720310767e-05 1000
1778846677941 7.849056603773586e-05 1020
1778846679640 7.804661487236405e-05 1040
1778846681338 7.760266370699223e-05 1060
1778846683036 7.715871254162043e-05 1080
1778846684734 7.671476137624861e-05 1100
1778846686433 7.627081021087681e-05 1120
1778846688132 7.5826859045505e-05 1140
1778846689829 7.538290788013319e-05 1160
1778846691529 7.493895671476137e-05 1180
1778846693230 7.449500554938957e-05 1200
1778846694928 7.405105438401776e-05 1220
1778846696626 7.360710321864595e-05 1240
1778846709787 7.316315205327414e-05 1260
1778846711485 7.271920088790233e-05 1280
1778846713184 7.227524972253052e-05 1300
1778846714882 7.183129855715872e-05 1320
1778846716580 7.138734739178691e-05 1340
1778846718278 7.09433962264151e-05 1360
1778846719976 7.04994450610433e-05 1380
1778846721674 7.005549389567148e-05 1400
1778846723372 6.961154273029968e-05 1420
1778846725070 6.916759156492786e-05 1440
1778846726767 6.872364039955606e-05 1460
1778846728468 6.827968923418424e-05 1480
1778846730166 6.783573806881244e-05 1500
1778846743309 6.739178690344062e-05 1520
1778846745006 6.694783573806882e-05 1540
1778846746705 6.6503884572697e-05 1560
1778846748403 6.605993340732519e-05 1580
1778846750100 6.561598224195338e-05 1600
1778846751797 6.517203107658158e-05 1620
1778846753495 6.472807991120978e-05 1640
1778846755194 6.428412874583796e-05 1660
1778846756892 6.384017758046616e-05 1680
1778846758590 6.339622641509434e-05 1700
1778846760287 6.295227524972254e-05 1720
1778846761985 6.250832408435072e-05 1740
1778846775437 6.206437291897892e-05 1760
1778846777165 6.16204217536071e-05 1780
1778846778866 6.11764705882353e-05 1800
1778846780564 6.0732519422863486e-05 1820
1778846782235 6.028856825749167e-05 1840
1778846783934 5.984461709211987e-05 1860
1778846785633 5.940066592674806e-05 1880
1778846787332 5.8956714761376255e-05 1900
1778846789030 5.851276359600444e-05 1920
1778846790728 5.8068812430632636e-05 1940
1778846792427 5.762486126526082e-05 1960
1778846794126 5.718091009988902e-05 1980
1778846795825 5.67369589345172e-05 2000
1778846809072 5.62930077691454e-05 2020
1778846810771 5.584905660377359e-05 2040
1778846812471 5.5405105438401786e-05 2060
1778846814171 5.496115427302997e-05 2080
1778846815871 5.451720310765817e-05 2100
1778846817570 5.407325194228635e-05 2120
1778846819275 5.3629300776914535e-05 2140
1778846820975 5.318534961154273e-05 2160
1778846822673 5.274139844617092e-05 2180
1778846824373 5.2297447280799113e-05 2200
1778846826072 5.1853496115427304e-05 2220
1778846827771 5.14095449500555e-05 2240
1778846840992 5.0965593784683685e-05 2260
1778846842690 5.052164261931188e-05 2280
1778846844389 5.0077691453940066e-05 2300
1778846846087 4.963374028856826e-05 2320
1778846847786 4.918978912319645e-05 2340
1778846849485 4.8745837957824645e-05 2360
1778846851184 4.8301886792452835e-05 2380
1778846852883 4.7857935627081026e-05 2400
1778846854581 4.7413984461709216e-05 2420
1778846856282 4.697003329633741e-05 2440
1778846857980 4.65260821309656e-05 2460
1778846859679 4.608213096559379e-05 2480
1778846861382 4.563817980022198e-05 2500
1778846874577 4.519422863485017e-05 2520
1778846876275 4.475027746947836e-05 2540
1778846877973 4.430632630410655e-05 2560
1778846879671 4.386237513873474e-05 2580
1778846881370 4.341842397336293e-05 2600
1778846883068 4.297447280799112e-05 2620
1778846884767 4.253052164261931e-05 2640
1778846886466 4.20865704772475e-05 2660
1778846888164 4.16426193118757e-05 2680
1778846889863 4.119866814650389e-05 2700
1778846891561 4.075471698113208e-05 2720
1778846893230 4.031076581576027e-05 2740
1778846906562 3.9866814650388456e-05 2760
1778846908299 3.9422863485016646e-05 2780
1778846910033 3.897891231964484e-05 2800
1778846911747 3.853496115427303e-05 2820
1778846913446 3.8091009988901225e-05 2840
1778846915147 3.7647058823529415e-05 2860
1778846916846 3.7203107658157606e-05 2880
1778846918544 3.6759156492785796e-05 2900
1778846920243 3.631520532741399e-05 2920
1778846921941 3.587125416204218e-05 2940
1778846923640 3.542730299667037e-05 2960
1778846925338 3.498335183129856e-05 2980
1778846927037 3.453940066592675e-05 3000
1778846940286 3.409544950055494e-05 3020
1778846941986 3.365149833518313e-05 3040
1778846943684 3.320754716981132e-05 3060
1778846945382 3.276359600443951e-05 3080
1778846947080 3.23196448390677e-05 3100
1778846948783 3.187569367369589e-05 3120
1778846950481 3.143174250832408e-05 3140
1778846952179 3.098779134295228e-05 3160
1778846953878 3.054384017758047e-05 3180
1778846955576 3.0099889012208658e-05 3200
1778846957274 2.9655937846836852e-05 3220
1778846958972 2.9211986681465043e-05 3240
1778846972149 2.8768035516093233e-05 3260
1778846973847 2.832408435072142e-05 3280
1778846975545 2.788013318534961e-05 3300
1778846977243 2.74361820199778e-05 3320
1778846978941 2.6992230854605992e-05 3340
1778846980639 2.6548279689234186e-05 3360
1778846982338 2.6104328523862376e-05 3380
1778846984036 2.5660377358490567e-05 3400
1778846985736 2.5216426193118758e-05 3420
1778846987435 2.4772475027746948e-05 3440
1778846989133 2.4328523862375142e-05 3460
1778846990835 2.388457269700333e-05 3480
1778846992533 2.344062153163152e-05 3500
1778847005796 2.2996670366259714e-05 3520
1778847007494 2.2552719200887904e-05 3540
1778847009192 2.2108768035516095e-05 3560
1778847010889 2.1664816870144285e-05 3580
1778847012588 2.1220865704772476e-05 3600
1778847014286 2.0776914539400666e-05 3620
1778847015984 2.0332963374028857e-05 3640
1778847017652 1.9889012208657048e-05 3660
1778847019352 1.9445061043285238e-05 3680
1778847021051 1.9001109877913432e-05 3700
1778847022751 1.8557158712541623e-05 3720
1778847024449 1.811320754716981e-05 3740
1778847037708 1.7669256381798004e-05 3760
1778847039442 1.7225305216426194e-05 3780
1778847041176 1.6781354051054385e-05 3800
1778847042908 1.6337402885682575e-05 3820
1778847044644 1.5893451720310766e-05 3840
1778847046350 1.544950055493896e-05 3860
1778847048048 1.5005549389567147e-05 3880
1778847049746 1.456159822419534e-05 3900
1778847051444 1.411764705882353e-05 3920
1778847053142 1.367369589345172e-05 3940
1778847054840 1.3229744728079913e-05 3960
1778847056538 1.2785793562708103e-05 3980
1778847058236 1.2341842397336294e-05 4000
1778847071440 1.1897891231964484e-05 4020
1778847073138 1.1453940066592675e-05 4040
1778847074836 1.1009988901220865e-05 4060
1778847076538 1.0566037735849058e-05 4080
1778847078238 1.0122086570477248e-05 4100
1778847079935 9.678135405105439e-06 4120
1778847081633 9.23418423973363e-06 4140
1778847083331 8.79023307436182e-06 4160
1778847085029 8.34628190899001e-06 4180
1778847086727 7.902330743618203e-06 4200
1778847088425 7.458379578246394e-06 4220
1778847090123 7.014428412874584e-06 4240
1778847103332 6.570477247502775e-06 4260
1778847105030 6.126526082130966e-06 4280
1778847106728 5.682574916759157e-06 4300
1778847108426 5.238623751387348e-06 4320
1778847110123 4.794672586015538e-06 4340
1778847111821 4.35072142064373e-06 4360
1778847113522 3.90677025527192e-06 4380
1778847115219 3.4628190899001116e-06 4400
1778847116918 3.018867924528302e-06 4420
1778847118617 2.574916759156493e-06 4440
1778847120319 2.1309655937846837e-06 4460
1778847122017 1.6870144284128745e-06 4480
1778847123716 1.2430632630410655e-06 4500
1778847136951 7.991120976692565e-07 4520
1778847138647 3.551609322974473e-07 4540
