1778846546955 0.6937507629394531 20
1778846548652 0.6940574645996094 40
1778846550349 0.6929718017578125 60
1778846552046 0.6919097900390625 80
1778846553743 0.6915748596191407 100
1778846555441 0.6902374267578125 120
1778846557138 0.691461181640625 140
1778846558835 0.6885726928710938 160
1778846560532 0.6895675659179688 180
1778846562229 0.6877876281738281 200
1778846563927 0.6877006530761719 220
1778846565627 0.6870826721191406 240
1778846579073 0.6861892700195312 260
1778846580770 0.6842987060546875 280
1778846582468 0.6872901916503906 300
1778846584166 0.684832763671875 320
1778846585864 0.6844772338867188 340
1778846587561 0.6838050842285156 360
1778846589259 0.6847625732421875 380
1778846590956 0.6845382690429688 400
1778846592654 0.682440185546875 420
1778846594352 0.6816177368164062 440
1778846596049 0.6838386535644532 460
1778846597747 0.6794891357421875 480
1778846599444 0.6822250366210938 500
1778846612653 0.6791763305664062 520
1778846614351 0.6819370269775391 540
1778846616049 0.6808113098144531 560
1778846617747 0.6776950836181641 580
1778846619446 0.6817665100097656 600
1778846621144 0.6805675506591797 620
1778846622842 0.6772670745849609 640
1778846624540 0.6782318115234375 660
1778846626239 0.6768650054931641 680
1778846627937 0.6750354766845703 700
1778846629650 0.6765113830566406 720
1778846631386 0.6755367279052734 740
1778846644441 0.6737495422363281 760
1778846646139 0.6762287139892578 780
1778846647838 0.6723850250244141 800
1778846649537 0.6749313354492188 820
1778846651240 0.672665786743164 840
1778846652938 0.676318359375 860
1778846654637 0.6732452392578125 880
1778846656335 0.6731338500976562 900
1778846658004 0.6718453884124755 920
1778846659703 0.6729251861572265 940
1778846661401 0.6770030975341796 960
1778846663100 0.668942642211914 980
1778846664799 0.6667263031005859 1000
1778846677941 0.6719818115234375 1020
1778846679640 0.6695415496826171 1040
1778846681338 0.6711940765380859 1060
1778846683036 0.6712974548339844 1080
1778846684734 0.6728473663330078 1100
1778846686433 0.6691261291503906 1120
1778846688132 0.6702152252197265 1140
1778846689829 0.6689567565917969 1160
1778846691529 0.6673065185546875 1180
1778846693230 0.6642478942871094 1200
1778846694928 0.6709785461425781 1220
1778846696626 0.665249252319336 1240
1778846709787 0.6632122039794922 1260
1778846711485 0.6684009552001953 1280
1778846713184 0.6657581329345703 1300
1778846714882 0.663604736328125 1320
1778846716580 0.6646278381347657 1340
1778846718278 0.6599685668945312 1360
1778846719976 0.6633834838867188 1380
1778846721674 0.6621070861816406 1400
1778846723372 0.6616554260253906 1420
1778846725070 0.662503433227539 1440
1778846726767 0.6675003051757813 1460
1778846728468 0.6690441131591797 1480
1778846730166 0.6626983642578125 1500
1778846743309 0.6594047546386719 1520
1778846745006 0.6627365112304687 1540
1778846746705 0.6596061706542968 1560
1778846748403 0.6600593566894531 1580
1778846750100 0.6654094696044922 1600
1778846751797 0.6634212493896484 1620
1778846753495 0.6618888854980469 1640
1778846755194 0.6627101898193359 1660
1778846756892 0.6600170135498047 1680
1778846758590 0.6626461029052735 1700
1778846760287 0.6619634628295898 1720
1778846761985 0.6639717102050782 1740
1778846775437 0.6564563751220703 1760
1778846777165 0.6624465942382812 1780
1778846778866 0.663763427734375 1800
1778846780564 0.6590484619140625 1820
1778846782235 0.6645581722259521 1840
1778846783934 0.663821792602539 1860
1778846785633 0.6633777618408203 1880
1778846787332 0.6568202972412109 1900
1778846789030 0.6477664947509766 1920
1778846790728 0.6553215026855469 1940
1778846792427 0.6598472595214844 1960
1778846794126 0.6633041381835938 1980
1778846795825 0.6587688446044921 2000
1778846809072 0.6584423065185547 2020
1778846810771 0.6632501602172851 2040
1778846812471 0.6563514709472656 2060
1778846814171 0.6613298416137695 2080
1778846815871 0.6558908462524414 2100
1778846817570 0.6549562454223633 2120
1778846819275 0.6583723068237305 2140
1778846820975 0.6620527267456054 2160
1778846822673 0.6638618469238281 2180
1778846824373 0.6517724990844727 2200
1778846826072 0.6568000793457032 2220
1778846827771 0.6465753555297852 2240
1778846840992 0.6484066009521484 2260
1778846842690 0.6541690826416016 2280
1778846844389 0.6531782150268555 2300
1778846846087 0.6610530853271485 2320
1778846847786 0.665074348449707 2340
1778846849485 0.6568092346191406 2360
1778846851184 0.6495393753051758 2380
1778846852883 0.6482549667358398 2400
1778846854581 0.6497631072998047 2420
1778846856282 0.657258415222168 2440
1778846857980 0.6499107360839844 2460
1778846859679 0.6609304428100586 2480
1778846861382 0.6564723968505859 2500
1778846874577 0.6535560607910156 2520
1778846876275 0.6492599487304688 2540
1778846877973 0.6519842147827148 2560
1778846879671 0.6531558990478515 2580
1778846881370 0.6623132705688477 2600
1778846883068 0.6563804626464844 2620
1778846884767 0.6543272018432618 2640
1778846886466 0.6494258880615235 2660
1778846888164 0.6531997680664062 2680
1778846889863 0.6494146347045898 2700
1778846891561 0.648143196105957 2720
1778846893230 0.6526555061340332 2740
1778846906562 0.656939697265625 2760
1778846908299 0.6517667770385742 2780
1778846910033 0.6527835845947265 2800
1778846911747 0.6551820755004882 2820
1778846913446 0.6533388137817383 2840
1778846915147 0.651911735534668 2860
1778846916846 0.655337905883789 2880
1778846918544 0.6586854934692383 2900
1778846920243 0.6515098571777344 2920
1778846921941 0.6455926895141602 2940
1778846923640 0.6531496047973633 2960
1778846925338 0.6514219284057617 2980
1778846927037 0.6523454666137696 3000
1778846940286 0.6474819183349609 3020
1778846941986 0.6464336395263672 3040
1778846943684 0.6478445053100585 3060
1778846945382 0.6565485000610352 3080
1778846947080 0.6471263885498046 3100
1778846948783 0.6478771209716797 3120
1778846950481 0.6454780578613282 3140
1778846952179 0.6526575088500977 3160
1778846953878 0.6517974853515625 3180
1778846955576 0.6420452117919921 3200
1778846957274 0.6595575332641601 3220
1778846958972 0.6479494094848632 3240
1778846972149 0.6545196533203125 3260
1778846973847 0.6491615295410156 3280
1778846975545 0.657320785522461 3300
1778846977243 0.6510757446289063 3320
1778846978941 0.6459180831909179 3340
1778846980639 0.6450630187988281 3360
1778846982338 0.6551681518554687 3380
1778846984036 0.6474245071411133 3400
1778846985736 0.6557168960571289 3420
1778846987435 0.644229507446289 3440
1778846989133 0.6506404876708984 3460
1778846990835 0.6520051956176758 3480
1778846992533 0.6500308990478516 3500
1778847005796 0.6406883239746094 3520
1778847007494 0.6462026596069336 3540
1778847009192 0.654818344116211 3560
1778847010889 0.6470298767089844 3580
1778847012588 0.6425840377807617 3600
1778847014286 0.6483129501342774 3620
1778847015984 0.6478948593139648 3640
1778847017652 0.6458832740783691 3660
1778847019352 0.652607536315918 3680
1778847021051 0.6469146728515625 3700
1778847022751 0.6416973114013672 3720
1778847024449 0.6422319412231445 3740
1778847037708 0.6484931945800781 3760
1778847039442 0.6429088592529297 3780
1778847041176 0.6527095794677734 3800
1778847042908 0.6495615005493164 3820
1778847044644 0.6524667739868164 3840
1778847046350 0.6453775405883789 3860
1778847048048 0.6429250717163086 3880
1778847049746 0.646092414855957 3900
1778847051444 0.6547941207885742 3920
1778847053142 0.6417301177978516 3940
1778847054840 0.6408573150634765 3960
1778847056538 0.6485481262207031 3980
1778847058236 0.6515830993652344 4000
1778847071440 0.652066993713379 4020
1778847073138 0.6524682998657226 4040
1778847074836 0.6455408096313476 4060
1778847076538 0.6477756500244141 4080
1778847078238 0.6496417999267579 4100
1778847079935 0.6502141952514648 4120
1778847081633 0.6462644577026367 4140
1778847083331 0.65023193359375 4160
1778847085029 0.6544340133666993 4180
1778847086727 0.6472644805908203 4200
1778847088425 0.6430122375488281 4220
1778847090123 0.6494041442871094 4240
1778847103332 0.6489751815795899 4260
1778847105030 0.6474061965942383 4280
1778847106728 0.6439559936523438 4300
1778847108426 0.6430530548095703 4320
1778847110123 0.6526727676391602 4340
1778847111821 0.646265983581543 4360
1778847113522 0.6480876922607421 4380
1778847115219 0.6455581665039063 4400
1778847116918 0.6467679977416992 4420
1778847118617 0.6453996658325195 4440
1778847120319 0.6521219253540039 4460
1778847122017 0.6501850128173828 4480
1778847123716 0.6430227279663085 4500
1778847136951 0.6499404907226562 4520
1778847138647 0.6564725875854492 4540
