1777988659719 0.1092896174863388 20
1777988663768 0.2185792349726776 40
1777988667823 0.32786885245901637 60
1777988671880 0.4371584699453552 80
1777988675954 0.546448087431694 100
1777988680005 0.6557377049180327 120
1777988684049 0.7650273224043715 140
1777988688138 0.8743169398907104 160
1777988692206 0.9836065573770492 180
1777988696265 1.092896174863388 200
1777988700320 1.2021857923497268 220
1777988704391 1.3114754098360657 240
1777988708180 1.366120218579235 250
1777988710699 1.4207650273224044 260
1777988714770 1.530054644808743 280
1777988718838 1.639344262295082 300
1777988722896 1.748633879781421 320
1777988726989 1.8579234972677594 340
1777988731068 1.9672131147540983 360
1777988735117 2.0765027322404372 380
1777988739182 2.185792349726776 400
1777988743245 2.2950819672131146 420
1777988747304 2.4043715846994536 440
1777988751360 2.5136612021857925 460
1777988755421 2.6229508196721314 480
1777988759485 2.73224043715847 500
1777988761233 2.73224043715847 500
1777988765792 2.841530054644809 520
1777988769858 2.9508196721311473 540
1777988773913 3.060109289617486 560
1777988777969 3.169398907103825 580
1777988782029 3.278688524590164 600
1777988786084 3.387978142076503 620
1777988790150 3.4972677595628414 640
1777988794202 3.6065573770491803 660
1777988798301 3.7158469945355193 680
1777988802358 3.8251366120218577 700
1777988806434 3.9344262295081966 720
1777988810479 4.043715846994536 740
1777988814256 4.098360655737705 750
1777988816783 4.1530054644808745 760
1777988820874 4.262295081967213 780
1777988824932 4.371584699453552 800
1777988828974 4.48087431693989 820
1777988833018 4.590163934426229 840
1777988837086 4.699453551912568 860
1777988841143 4.808743169398907 880
1777988845195 4.918032786885246 900
1777988849248 5.027322404371585 920
1777988853321 5.136612021857924 940
1777988857369 5.245901639344262 960
1777988861418 5.355191256830601 980
1777988865476 5.46448087431694 1000
1777988867228 5.46448087431694 1000
1777988871757 5.573770491803279 1020
1777988875799 5.683060109289618 1040
1777988879855 5.7923497267759565 1060
1777988883905 5.901639344262295 1080
1777988887938 6.0109289617486334 1100
1777988891983 6.120218579234972 1120
1777988896014 6.229508196721311 1140
1777988900094 6.33879781420765 1160
1777988904162 6.448087431693989 1180
1777988908240 6.557377049180328 1200
1777988912301 6.666666666666667 1220
1777988916363 6.775956284153006 1240
1777988920148 6.830601092896175 1250
1777988922711 6.885245901639344 1260
1777988926748 6.994535519125683 1280
1777988930787 7.103825136612022 1300
1777988934829 7.213114754098361 1320
1777988938887 7.3224043715847 1340
1777988942930 7.4316939890710385 1360
1777988946994 7.540983606557377 1380
1777988951043 7.6502732240437155 1400
1777988955092 7.759562841530054 1420
1777988959142 7.868852459016393 1440
1777988963182 7.978142076502732 1460
1777988967217 8.087431693989071 1480
1777988971278 8.19672131147541 1500
1777988973035 8.19672131147541 1500
1777988977546 8.306010928961749 1520
1777988981597 8.415300546448087 1540
1777988985640 8.524590163934427 1560
1777988989694 8.633879781420765 1580
1777988993738 8.743169398907105 1600
1777988997773 8.852459016393443 1620
1777989001813 8.96174863387978 1640
1777989005853 9.07103825136612 1660
1777989009895 9.180327868852459 1680
1777989013925 9.289617486338798 1700
1777989018005 9.398907103825136 1720
1777989022048 9.508196721311476 1740
1777989025821 9.562841530054644 1750
1777989028346 9.617486338797814 1760
1777989032395 9.726775956284152 1780
1777989036433 9.836065573770492 1800
1777989040477 9.94535519125683 1820
1777989043045 10.0 1830
1777989044818 10.0 1830
1777989046993 10.0 1830
1777989047657 10.0 0
