1777988659719 3.8e-05 20
1777988663768 7.800000000000001e-05 40
1777988667823 9.94943820224719e-05 60
1777988671880 9.837078651685395e-05 80
1777988675954 9.724719101123596e-05 100
1777988680005 9.612359550561798e-05 120
1777988684049 9.5e-05 140
1777988688138 9.387640449438203e-05 160
1777988692206 9.275280898876405e-05 180
1777988696265 9.162921348314606e-05 200
1777988700320 9.050561797752809e-05 220
1777988704391 8.938202247191012e-05 240
1777988710699 8.825842696629214e-05 260
1777988714770 8.713483146067417e-05 280
1777988718838 8.601123595505618e-05 300
1777988722896 8.488764044943821e-05 320
1777988726989 8.376404494382022e-05 340
1777988731068 8.264044943820225e-05 360
1777988735117 8.151685393258427e-05 380
1777988739182 8.03932584269663e-05 400
1777988743245 7.926966292134833e-05 420
1777988747304 7.814606741573034e-05 440
1777988751360 7.702247191011236e-05 460
1777988755421 7.589887640449438e-05 480
1777988759485 7.477528089887641e-05 500
1777988765792 7.365168539325843e-05 520
1777988769858 7.252808988764044e-05 540
1777988773913 7.140449438202249e-05 560
1777988777969 7.02808988764045e-05 580
1777988782029 6.915730337078652e-05 600
1777988786084 6.803370786516854e-05 620
1777988790150 6.691011235955057e-05 640
1777988794202 6.578651685393259e-05 660
1777988798301 6.46629213483146e-05 680
1777988802358 6.353932584269663e-05 700
1777988806434 6.241573033707866e-05 720
1777988810479 6.129213483146068e-05 740
1777988816783 6.01685393258427e-05 760
1777988820874 5.904494382022472e-05 780
1777988824932 5.792134831460675e-05 800
1777988828974 5.679775280898877e-05 820
1777988833018 5.567415730337079e-05 840
1777988837086 5.455056179775281e-05 860
1777988841143 5.342696629213484e-05 880
1777988845195 5.230337078651686e-05 900
1777988849248 5.117977528089888e-05 920
1777988853321 5.00561797752809e-05 940
1777988857369 4.893258426966292e-05 960
1777988861418 4.780898876404495e-05 980
1777988865476 4.668539325842697e-05 1000
1777988871757 4.5561797752808995e-05 1020
1777988875799 4.443820224719101e-05 1040
1777988879855 4.331460674157304e-05 1060
1777988883905 4.219101123595506e-05 1080
1777988887938 4.106741573033708e-05 1100
1777988891983 3.9943820224719105e-05 1120
1777988896014 3.8820224719101127e-05 1140
1777988900094 3.769662921348315e-05 1160
1777988904162 3.657303370786517e-05 1180
1777988908240 3.544943820224719e-05 1200
1777988912301 3.4325842696629214e-05 1220
1777988916363 3.3202247191011236e-05 1240
1777988922711 3.207865168539326e-05 1260
1777988926748 3.095505617977528e-05 1280
1777988930787 2.98314606741573e-05 1300
1777988934829 2.8707865168539327e-05 1320
1777988938887 2.7584269662921345e-05 1340
1777988942930 2.646067415730337e-05 1360
1777988946994 2.5337078651685393e-05 1380
1777988951043 2.4213483146067418e-05 1400
1777988955092 2.308988764044944e-05 1420
1777988959142 2.196629213483146e-05 1440
1777988963182 2.0842696629213484e-05 1460
1777988967217 1.9719101123595505e-05 1480
1777988971278 1.859550561797753e-05 1500
1777988977546 1.7471910112359553e-05 1520
1777988981597 1.6348314606741574e-05 1540
1777988985640 1.5224719101123596e-05 1560
1777988989694 1.410112359550562e-05 1580
1777988993738 1.2977528089887642e-05 1600
1777988997773 1.1853932584269664e-05 1620
1777989001813 1.0730337078651687e-05 1640
1777989005853 9.606741573033707e-06 1660
1777989009895 8.48314606741573e-06 1680
1777989013925 7.359550561797753e-06 1700
1777989018005 6.235955056179776e-06 1720
1777989022048 5.112359550561798e-06 1740
1777989028346 3.98876404494382e-06 1760
1777989032395 2.8651685393258426e-06 1780
1777989036433 1.741573033707865e-06 1800
1777989040477 6.179775280898876e-07 1820
